10 100
K 1.279504 -9.506235 1.578706
K 5.320095 -9.337811 3.984863
Z 2 9.121735 -8.143377 8.821992 -7.189357
K 8.288759 9.035250 1.661448
K -2.190329 -7.058406 1.395404
Z 3 5.450949 5.173828 5.914830 2.152989
K -0.512583 -5.290615 3.282149
Z 6 12.923374 -6.948944 13.259632 -6.007174
K 2.834712 -0.748550 4.805890
K 2.492003 2.221311 3.123148
3 5.320095 -9.337811
9 2.834712 -0.748550
9 2.834712 -0.748550
1 1.279504 -9.506235
10 2.492003 2.221311
5 -2.190329 -7.058406
8 1.960196 -8.632453
9 1.127476 3.320215
9 9.249780 -6.431823
9 1.854108 9.860932
7 -0.512583 -5.290615
4 -1.124093 1.789659
10 9.232587 -5.916199
10 2.492003 2.221311
3 5.320095 -9.337811
4 8.288759 9.035250
9 -8.168685 -5.145363
3 3.445185 -9.786256
4 8.288759 9.035250
10 2.492003 2.221311
5 -8.808579 5.585357
5 -4.393737 9.569683
3 5.320095 -9.337811
4 8.288759 9.035250
2 5.320095 -9.337811
10 2.492003 2.221311
2 5.320095 -9.337811
8 14.175234 -10.145708
8 12.923374 -6.948944
4 -2.821611 -3.483464
1 1.279504 -9.506235
10 2.492003 2.221311
10 4.894415 5.961468
8 12.923374 -6.948944
5 -2.190329 -7.058406
5 -2.190329 -7.058406
8 12.923374 -6.948944
5 -2.190329 -7.058406
5 -2.190329 -7.058406
9 2.834712 -0.748550
10 2.492003 2.221311
4 2.588591 -6.868063
3 -7.672574 -2.624861
7 4.052967 -5.460592
1 -3.405662 -0.750841
10 -2.869168 -5.273730
7 7.714482 -8.105848
3 -2.659890 -3.353822
7 -0.512583 -5.290615
3 5.320095 -9.337811
7 -7.991751 0.000830
10 2.492003 2.221311
9 2.834712 -0.748550
8 14.175234 -10.145708
7 -0.512583 -5.290615
9 3.654739 2.829420
3 4.297330 4.692671
9 2.834712 -0.748550
8 12.923374 -6.948944
9 9.320193 5.981846
2 5.320095 -9.337811
5 -2.190329 -7.058406
3 12.923374 -6.948944
10 -3.964344 5.666557
2 5.320095 -9.337811
5 -2.190329 -7.058406
6 -2.464872 -5.535232
7 -0.512583 -5.290615
6 1.960196 -8.632453
10 2.492003 2.221311
4 -5.119280 -7.902463
9 2.834712 -0.748550
10 2.492003 2.221311
1 1.279504 -9.506235
1 1.279504 -9.506235
6 1.960196 -8.632453
9 2.834712 -0.748550
5 -7.158569 -2.080759
3 5.320095 -9.337811
2 0.948331 -6.742513
9 2.834712 -0.748550
3 5.557083 2.818666
5 8.760426 -0.696031
7 -0.512583 -5.290615
7 -0.512583 -5.290615
10 -4.224625 6.587955
5 -2.190329 -7.058406
2 5.320095 -9.337811
8 9.929922 -8.629924
3 12.923374 -6.948944
1 1.199096 -9.087770
6 -4.983680 9.916243
1 1.279504 -9.506235
8 17.294258 -13.613170
7 9.368871 -5.337200
10 2.492003 2.221311
7 -0.512583 -5.290615
5 -2.190329 -7.058406
5 -1.391634 2.710565
1 1.279504 -9.506235
