10 100
K -5.180886 -6.529893 4.560658
Z 1 -9.665149 -5.698635 -9.847416 -6.681884
Z 2 -7.752480 -2.763394 -8.578347 -3.327258
Z 2 -5.180886 -6.529893 -4.773967 -7.443357
Z 2 7.980549 -8.699137 -1.382198 -7.014486
P 1.044548 -1.643977 4.182227 0.313640
Z 6 7.803099 9.545539 -1.763034 -4.506259
P -8.642732 -9.113505 -5.072683 -7.666107
Z 1 -2.049156 -3.214494 -2.776112 -2.527810
Z 9 5.183055 2.097318 4.745308 2.996416
2 -5.1809 -6.5299
5 -5.1809 -6.5299
5 -8.5583 2.6085
4 -5.1809 -6.5299
3 -10.3241 1.0031
9 -5.1809 -6.5299
5 9.8272 -9.9149
10 -5.1809 -6.5299
9 1.0826 0.1009
6 1.0445 -1.6440
1 -7.7813 -9.9242
5 8.7992 -9.1975
1 -5.1809 -6.5299
6 -2.2165 -5.1932
2 -14.1494 -4.8674
8 -5.0727 -9.1135
7 -0.1294 -0.8448
4 -0.4184 1.2494
1 6.2963 -7.1072
5 3.8114 5.5603
3 -2.4965 8.7282
9 -5.1809 -6.5299
9 -5.1809 -6.5299
6 4.8814 3.3350
8 -8.6427 -9.1135
3 -5.1809 -6.5299
1 -5.1809 -6.5299
8 -5.0727 -7.6661
7 -1.9187 4.1928
3 -12.0412 -7.9551
7 7.0602 2.3516
2 -14.1494 -4.8674
3 -5.1809 -6.5299
4 -5.1809 -6.5299
9 -5.1809 -6.5299
5 -5.1116 -6.1446
8 -7.3901 -0.7964
4 -9.0091 -9.6589
10 1.0826 0.1009
6 4.1822 0.3136
1 -5.1809 -6.5299
7 -9.5103 3.0474
1 -5.1809 -6.5299
4 -8.1182 -5.2204
9 1.0826 0.1009
5 -14.0971 -4.5766
2 -5.1809 -6.5299
2 -1.5072 -6.4991
7 1.6919 -0.1271
9 -5.1809 -6.5299
2 -14.1494 -4.8674
8 7.1432 -7.4299
5 -14.1494 -4.8674
3 0.8887 6.6074
7 1.0445 0.3136
10 -5.1809 -6.5299
6 1.5013 6.2946
7 -1.2798 2.0744
6 4.1822 -1.6440
5 -14.1494 -4.8674
6 -6.9619 6.7308
5 -5.1116 -6.1446
2 -9.1241 -4.4112
9 -5.1809 -6.5299
8 4.5332 3.1040
5 -5.1116 -6.1446
1 -5.1809 -6.5299
7 -0.1847 0.5696
7 -1.2798 2.0744
1 -5.1809 -6.5299
9 1.0826 0.1009
9 8.6062 -1.7098
5 -14.0971 -4.5766
8 -8.6427 -9.1135
1 -5.1809 -6.5299
2 7.5513 -1.7436
3 -3.7928 -3.5688
5 -14.1494 -4.8674
3 -4.7066 1.1331
3 -6.0632 9.8342
3 -5.1809 -6.5299
2 8.4869 4.7368
8 -8.6427 -7.6661
8 4.5942 -3.0696
7 1.0445 0.3136
6 -5.0754 7.1277
2 -14.1494 -4.8674
10 18.3660 4.9345
2 -6.1157 5.4654
8 -6.3287 -4.5299
10 -1.7388 -8.0463
1 -8.5711 0.1046
9 -7.2349 -5.7732
8 -5.2008 8.4586
9 -5.1809 -6.5299
1 -8.2810 6.2943
10 1.0826 0.1009
6 5.4366 -1.2867
1 -5.1809 -6.5299
10 18.3660 4.9345
