10 100
P -6.750297 3.894267 -4.684051 5.272886
Z 1 4.957352 -8.811372 -8.893845 -6.878965
Z 1 3.094398 2.188750 9.386716 -4.195194
K -8.284888 8.228518 3.735990
Z 2 -10.158068 -19.153493 -9.818460 -20.094061
P -9.060896 0.380952 -4.458938 5.025492
P 1.882596 2.229268 5.749288 7.133429
K -6.844929 -0.566481 2.555049
K -4.551267 -8.018532 2.942165
K -8.900335 2.771183 2.729995
5 -6.7503 3.8943
1 -6.7503 3.8943
6 -9.0609 5.0255
7 5.7493 7.1334
8 -6.8449 -0.5665
1 -4.6841 5.2729
3 -6.7503 3.8943
6 -4.4589 0.3810
10 2.2489 -1.7400
2 4.5771 3.1506
8 -3.5839 4.5645
10 -1.8389 -4.3423
3 -6.7503 3.8943
7 5.7493 2.2293
10 -6.5291 -0.7763
2 -9.7807 -17.8275
10 -8.9003 2.7712
9 -4.5513 -8.0185
3 -4.6841 5.2729
4 -8.2849 8.2285
5 -9.7470 -5.5564
5 -4.6841 5.2729
3 -6.7503 3.8943
2 -6.7503 5.2729
3 1.5314 12.0571
6 -7.0610 6.1871
3 -7.6921 -5.1123
2 -4.6841 3.8943
8 -6.8449 -0.5665
9 -4.5513 -8.0185
10 -8.9003 2.7712
7 1.8826 2.2293
9 1.1870 -3.0861
10 -8.9003 2.7712
3 1.5015 9.9910
8 -6.8449 -0.5665
4 1.5873 2.4767
4 -3.9191 7.2520
5 -29.9741 -3.8585
4 -8.2849 8.2285
1 -2.5217 9.6880
7 1.8826 7.1334
7 1.8826 7.1334
1 -4.6841 3.8943
5 -8.1707 -19.7190
9 -6.8549 6.1086
5 -5.8022 -4.2235
8 -6.8449 -0.5665
3 -9.0067 0.8421
10 6.9199 0.6355
4 -8.2849 8.2285
5 7.5151 1.8022
6 -2.4730 -2.6812
2 -6.7503 5.2729
1 -6.7503 5.2729
1 -6.7503 5.2729
10 -8.9003 2.7712
2 -4.6841 5.2729
8 -6.8449 -0.5665
7 2.9591 -7.3868
10 -8.9003 2.7712
10 -8.9003 2.7712
1 -6.7503 5.2729
3 -2.6361 6.3804
9 -4.5513 -8.0185
10 -8.9003 2.7712
7 -3.7566 -5.0359
4 0.1849 -2.2803
4 -8.2849 8.2285
4 -0.0778 -4.5173
8 -3.2187 0.7388
1 8.1356 -7.9809
5 -27.5038 -3.5991
2 -8.1707 -19.7190
9 -4.5513 -8.0185
10 -8.9003 2.7712
5 -8.1707 -19.7190
1 -4.6841 3.8943
5 -11.3257 -20.8582
7 5.7493 7.1334
9 -4.5513 -8.0185
3 -4.6841 5.2729
10 -8.9003 2.7712
8 -6.8449 -0.5665
8 -6.8449 -0.5665
2 -6.7503 3.8943
7 -8.9254 -7.7279
8 -6.8449 -0.5665
1 -6.7503 5.2729
7 5.7493 7.1334
2 -5.4629 -9.1514
2 -6.7503 5.2729
4 -8.2849 8.2285
5 -27.5038 -3.5991
10 -8.9003 2.7712
4 -0.4620 3.3623
4 -8.2849 8.2285
6 -0.0376 -4.6871
1 -4.6841 3.8943
5 2.3342 3.0399
