10 100
P 7.169718 4.041958 11.451982 8.331972
P 6.453035 -9.793118 8.853156 -6.319848
K -0.907100 -3.786775 1.033092
P 5.617068 3.159916 9.830939 5.615164
P 2.076984 -2.529599 5.242188 1.405852
K 6.757273 5.395770 1.950192
Z 5 5.242188 1.405852 5.473176 0.432895
K -7.163013 7.895438 4.935723
K 1.250866 -8.368579 1.324816
Z 9 1.250866 -8.368579 0.336841 -8.774237
6 6.7573 5.3958
2 6.4530 -9.7931
7 5.2422 1.4059
5 5.2422 -2.5296
1 -3.0153 -1.6582
6 6.7573 5.3958
7 9.8385 -0.6869
4 5.6171 3.1599
2 8.8532 -9.7931
2 9.1033 7.8298
9 -1.5321 0.7347
8 1.6746 3.6527
2 6.4530 -9.7931
3 -0.7996 1.1549
2 8.8532 -9.7931
2 9.5368 8.6657
4 9.8309 5.6152
10 1.2509 -8.3686
2 8.8532 -9.7931
2 -3.4574 9.2694
3 0.8296 5.4646
2 6.2109 7.0079
5 5.2422 1.4059
4 5.6171 3.1599
7 -6.4990 9.0351
10 9.0947 4.4595
7 5.2422 -2.5296
8 -7.1630 7.8954
2 6.4530 -9.7931
1 -8.6351 -7.1853
5 2.0770 1.4059
5 -9.5589 -2.7590
7 2.0770 -2.5296
6 6.7573 5.3958
6 6.7573 5.3958
4 2.9967 1.4352
9 1.2509 -8.3686
6 6.7573 5.3958
9 1.2509 -8.3686
5 5.2422 -2.5296
3 -0.9071 -3.7868
10 1.2509 -8.3686
10 0.1102 6.8712
1 7.0643 -1.0679
10 1.2509 -8.3686
6 6.7573 5.3958
3 -1.6740 5.0786
6 6.7573 5.3958
7 5.2422 1.4059
7 5.2422 1.4059
9 -6.8179 2.4712
4 5.6171 5.6152
7 0.8965 -8.4206
5 2.0162 0.5121
8 -7.1630 7.8954
4 -4.7896 -0.9749
5 2.0770 1.4059
3 -0.9071 -3.7868
1 -9.3348 8.8783
9 1.2509 -8.3686
9 1.2509 -8.3686
9 1.2509 -8.3686
7 8.1802 -9.6362
9 1.2509 -8.3686
3 6.3663 1.5745
2 6.4530 -6.3198
10 1.2509 -8.3686
6 6.7573 5.3958
4 9.8309 3.1599
7 8.0696 2.8286
1 7.1697 4.0420
7 -4.2896 7.1848
7 5.2422 1.4059
1 11.4520 4.0420
4 1.5882 -8.5079
5 5.2422 1.4059
8 -7.1630 7.8954
4 5.6171 3.1599
10 9.0024 -9.9023
8 -0.6067 -8.3853
7 5.2422 -2.5296
5 2.0770 1.4059
4 5.6171 5.6152
5 2.0770 -2.5296
6 6.7573 5.3958
9 1.2509 -8.3686
4 9.8309 3.1599
1 11.4520 8.3320
7 5.2422 -2.5296
2 8.8532 -6.3198
1 7.1697 4.0420
4 5.6171 5.6152
8 3.6062 -8.3816
10 1.2509 -8.3686
4 2.5208 4.4430
2 6.4530 -9.7931
3 -0.9071 -3.7868
3 -0.9071 -3.7868
5 5.2422 1.4059
7 5.2422 1.4059
