10 100
P -3.277538 5.042724 -1.141063 7.051076
P 5.343934 -9.083656 9.858742 -6.429491
P 2.642555 -1.917712 3.946388 2.409407
Z 1 9.138406 -3.204257 -3.340893 8.183280
P 6.785914 6.804767 10.871269 10.499258
Z 5 6.785914 6.804767 6.869801 5.808292
K -2.677139 -8.663618 1.937180
P -7.337309 -5.006368 -6.090822 -0.864333
K -4.151186 5.612320 3.147302
K -8.905104 9.242434 2.634001
5 10.8713 6.8048
2 9.8587 -9.0837
4 3.4658 -7.2682
1 -1.1411 7.0511
4 -1.1411 5.0427
7 -2.6771 -8.6636
8 -6.0908 -0.8643
8 -7.3373 -5.0064
10 -1.7706 -0.2851
1 -1.1411 7.0511
8 -1.6943 0.0497
8 -6.0908 -0.8643
5 10.8713 6.8048
9 -7.5327 0.4696
4 -3.2775 7.0511
6 2.7581 6.1218
4 -2.2076 8.2236
8 -6.0908 -5.0064
6 10.8713 6.8048
3 -2.9892 -4.9076
4 6.9462 5.4526
3 3.9464 -1.9177
6 6.7859 6.8048
4 -3.2775 5.0427
8 -7.3373 -5.0064
10 -8.9051 9.2424
3 0.1207 9.1533
10 4.2601 -8.7102
6 6.7859 6.8048
4 -2.2076 8.2236
6 2.7581 6.1218
6 6.7859 6.8048
8 -6.4378 -4.3376
8 -6.0908 -5.0064
3 2.6426 2.4094
8 -7.3373 -5.0064
2 5.3439 -9.0837
8 -7.3373 -0.8643
3 3.9464 -1.9177
7 4.3208 -3.2596
1 -1.1411 7.0511
7 -2.6771 -8.6636
2 -0.6492 9.4202
4 -1.1411 7.0511
9 -4.1512 5.6123
6 10.8713 6.8048
7 -1.4820 8.6685
7 -2.6771 -8.6636
6 7.7114 -7.1775
1 -6.2590 -5.7577
3 2.6426 -1.9177
8 -6.0908 -5.0064
6 10.8713 6.8048
9 -4.1512 5.6123
1 -1.1411 5.0427
3 2.6426 2.4094
2 5.3439 -6.4295
9 1.5832 -9.1251
3 2.6426 -1.9177
5 10.8713 6.8048
2 -7.5255 -9.7762
8 6.0188 5.6967
5 10.8713 6.8048
7 -2.6771 -8.6636
3 2.6426 -1.9177
6 6.7859 6.8048
5 0.9056 -1.0004
10 -8.9051 9.2424
7 6.3292 6.5741
9 -5.7907 -4.4273
1 -3.2775 5.0427
1 -3.2775 7.0511
8 -7.3373 -5.0064
8 -4.8952 7.9505
3 -4.7627 -2.8880
9 -4.1512 5.6123
2 9.8587 -9.0837
3 3.9464 -1.9177
7 -2.6771 -8.6636
2 5.3439 -6.4295
3 -1.8190 -4.6523
10 -8.9051 9.2424
6 10.8713 10.4993
2 -5.1919 6.9236
4 -2.1113 4.1061
4 -1.1411 7.0511
6 6.7859 6.8048
6 -8.7480 -4.3302
9 -4.1512 5.6123
7 -2.6771 -8.6636
7 -2.6771 -8.6636
9 5.5714 -2.9091
3 3.9464 -1.9177
4 0.8622 -4.7017
6 2.1404 9.7643
1 -3.2775 5.0427
1 -3.2775 7.0511
7 -2.6771 -8.6636
4 -2.0126 6.0960
4 -2.0126 6.0960
