10 100
K -7.220619 7.512130 2.266790
P -7.415925 -0.983558 -4.274713 1.574192
P 7.097791 -7.525987 10.446393 -4.217532
Z 3 2.243975 -6.290333 3.074752 1.607701
Z 2 -3.768802 8.820825 2.188368 -8.734672
P 9.176501 -7.977086 13.905983 -4.895391
P 8.583738 -2.481652 10.436263 1.910092
P 2.878351 9.658876 6.276976 11.808999
Z 8 -2.490822 -2.094768 6.254828 -8.424675
P 4.789358 -7.774999 7.109333 -4.328998
3 2.5712 -3.9577
8 2.8784 11.8090
2 1.7991 -7.1182
6 13.9060 -7.9771
4 10.4464 -7.5260
6 9.1765 -7.9771
8 2.8784 9.6589
6 13.9060 -4.8954
6 6.4769 4.1566
4 10.4464 -4.2175
1 -7.2206 7.5121
4 10.4464 -4.2175
5 -7.4159 1.5742
1 -7.2206 7.5121
7 10.4363 1.9101
3 7.0978 -7.5260
1 6.5707 8.5116
5 -9.1801 2.8542
6 3.3077 1.7151
1 -7.2206 7.5121
6 13.9060 -7.9771
9 0.3414 6.9032
3 7.0978 -7.5260
4 7.0978 -4.2175
8 8.4821 9.8454
2 -7.4159 -0.9836
9 2.8784 9.6589
3 7.0978 -4.2175
2 -3.5822 7.5294
3 7.0978 -4.2175
4 7.0978 -4.2175
3 -1.9183 -2.1107
3 -3.2065 -6.9991
9 -10.9164 -14.0961
3 10.4464 -7.5260
7 -8.5302 -4.4950
4 10.4464 -4.2175
5 3.5354 5.2903
9 4.3529 -6.6153
3 7.8550 -3.5770
10 7.1093 -7.7750
7 8.5837 1.9101
7 10.4363 -2.4817
1 5.0944 -1.6037
5 5.0920 3.2608
9 -8.9277 -3.5763
4 -2.5445 -6.0967
7 8.5837 1.9101
2 8.3753 5.1991
10 7.1093 -7.7750
8 6.2770 11.8090
10 4.7894 -4.3290
3 10.4464 -4.2175
10 -1.4045 0.5597
10 4.7894 -7.7750
4 10.4464 -7.5260
10 7.1093 -4.3290
7 8.5837 -2.4817
2 -4.2747 -0.9836
1 -7.2206 7.5121
5 3.5354 5.2903
10 9.8290 -7.1476
9 -11.9783 -10.8677
5 2.5995 1.3491
7 10.4363 -2.4817
5 3.5354 5.2903
4 -2.7607 -6.4890
8 6.2770 11.8090
5 5.0920 3.2608
9 8.1440 0.2583
10 4.7894 -7.7750
10 4.7894 -4.3290
8 6.2770 9.6589
1 -7.2206 7.5121
9 2.8784 11.8090
1 -7.2206 7.5121
4 -7.8953 2.9776
8 2.8784 9.6589
9 2.8784 9.6589
5 -7.4159 1.5742
10 7.1093 -4.3290
4 5.7589 2.0966
4 5.1213 -7.5768
6 -9.7185 -6.4754
2 6.3633 -8.5930
10 4.7894 -7.7750
4 7.0978 -7.5260
3 -0.8435 -2.8967
6 5.7740 3.0140
10 7.1093 -4.3290
1 -7.2206 7.5121
9 2.8784 9.6589
7 8.2058 -3.8866
6 9.1765 -7.9771
9 2.8784 11.8090
2 5.9475 1.8326
1 7.5255 8.7539
5 9.5007 0.5533
4 7.0978 -4.2175
7 10.4363 -2.4817
