10 100
P 8.914156 3.062659 11.280191 5.684041
P 8.654736 -9.465365 10.348775 -7.687511
Z 1 -6.620808 -6.115920 -1.766116 0.461568
K -7.812252 -4.528815 1.860352
K 6.857324 -8.294520 3.107740
Z 2 0.651113 5.989347 -9.841378 -8.198797
P 4.931512 -4.315349 6.452891 -2.636938
Z 6 -9.150198 3.669569 0.016667 2.496070
Z 2 -2.362424 -4.664090 3.409718 -4.846155
P -7.114185 -8.368026 -3.618389 -5.085017
5 -0.560954 -0.699684
4 2.279706 -7.216040
3 8.914156 3.062659
2 -0.960596 -8.029672
9 6.027975 -5.971973
8 -1.516064 -4.728976
4 -7.812252 -4.528815
1 8.914156 5.684041
4 4.106724 -5.162868
1 11.280191 5.684041
10 -2.917784 -2.656741
1 -1.532711 1.123837
5 1.056066 -0.499801
5 6.857324 -8.294520
2 -7.052951 9.803713
4 -7.812252 -4.528815
10 -3.618389 -8.368026
1 11.280191 5.684041
9 8.654736 -7.687511
7 6.452891 -4.315349
10 -3.618389 -5.085017
10 1.295393 -6.117679
7 0.590128 6.268460
9 10.514048 -2.447755
3 11.280191 3.062659
8 8.654736 -9.465365
10 -7.114185 -8.368026
3 -0.620342 14.467550
8 13.028706 11.469096
10 -7.114185 -8.368026
2 8.654736 -9.465365
8 -1.248711 -4.052947
10 -3.618389 -5.085017
2 10.348775 -9.465365
1 9.434912 -9.261736
3 11.280191 5.684041
7 4.931512 -2.636938
5 6.857324 -8.294520
8 4.550357 -5.311641
1 11.280191 5.684041
4 -7.812252 -4.528815
4 -7.812252 -4.528815
2 8.654736 -7.687511
9 -5.221671 5.281877
10 -3.618389 -5.085017
3 11.280191 3.062659
10 -7.114185 -5.085017
2 1.198729 -9.583074
9 -2.656372 -4.120768
3 -0.620342 14.467550
3 -2.428033 11.434067
5 -1.113548 0.691278
5 6.857324 -8.294520
8 8.654736 -9.465365
5 6.857324 -8.294520
9 8.823376 -2.340995
5 6.857324 -8.294520
9 8.281975 -3.141176
5 6.857324 -8.294520
9 8.935419 -0.566676
6 2.817416 -7.287386
9 8.654736 -9.465365
2 1.866861 8.982316
2 8.654736 -9.465365
10 9.553561 5.410786
5 6.857324 -8.294520
1 -6.281688 -7.331524
10 -3.618389 -8.368026
2 10.348775 -9.465365
6 0.111315 -9.700570
3 -0.620342 14.467550
8 13.028706 11.469096
6 -15.266422 11.255575
9 10.626090 -0.673436
6 8.654736 -7.687511
1 8.914156 5.684041
4 -7.812252 -4.528815
6 -16.470097 9.115085
8 -16.091907 -0.688605
1 8.914156 5.684041
4 -7.812252 -4.528815
9 -0.383193 1.349784
9 -6.220122 -6.762861
9 10.348775 -7.687511
8 8.654736 -9.465365
7 6.452891 -4.315349
2 10.348775 -9.465365
5 6.857324 -8.294520
4 -7.812252 -4.528815
4 -7.812252 -4.528815
10 -7.114185 -8.368026
6 0.760719 -0.621470
8 10.348775 -7.687511
10 -3.618389 -8.368026
6 -16.966298 10.734823
6 8.654736 -9.465365
6 -16.470097 9.115085
6 -4.641231 7.918145
7 0.611924 6.936124
6 -14.770220 9.635836
