10 100
K -8.182798 -3.186152 4.264650
K -5.956497 -6.024584 2.247464
Z 1 7.742238 -8.510380 1.341726 -1.075560
K -9.040474 9.332521 3.044970
Z 1 -4.793429 -5.774473 -4.186504 -4.979714
Z 1 -2.979405 1.293261 2.737729 0.933264
P -1.601760 4.682555 0.375483 6.081222
K 4.834023 7.961813 4.282947
Z 3 4.845020 8.029279 4.541789 7.076361
K -1.907762 6.822775 2.540734
8 4.8340 7.9618
7 0.3755 6.0812
2 -5.9565 -6.0246
9 4.8450 8.0293
2 -5.9565 -6.0246
5 8.8685 9.7360
8 4.8340 7.9618
4 1.0410 7.2776
1 -8.1828 -3.1862
9 -5.6904 8.4796
6 -7.5798 6.3900
10 -1.9078 6.8228
6 -7.5798 6.3900
1 -6.2840 3.8041
4 -9.0405 9.3325
7 -1.6018 4.6826
4 -9.0405 9.3325
2 -5.9565 -6.0246
6 -4.8414 4.8012
3 4.8450 8.0293
10 -1.9078 6.8228
7 -1.6018 4.6826
7 3.9675 3.3706
2 -5.9565 -6.0246
5 -1.4041 -8.3628
8 5.2867 -2.6094
10 -1.9078 6.8228
6 -8.1828 -3.1862
4 -9.0405 9.3325
5 -0.2072 8.9097
4 -5.6060 3.8143
1 -8.1828 -3.1862
4 -9.0405 9.3325
1 -4.6788 -6.7934
3 -5.9008 5.7472
6 -8.1828 -3.1862
1 -8.1828 -3.1862
3 -8.1828 -3.1862
3 -8.1828 -3.1862
5 -9.6555 7.3245
2 8.4726 -8.1339
7 0.3755 6.0812
2 -5.9565 -6.0246
3 4.8450 8.0293
6 -8.1828 -3.1862
1 -8.1828 -3.1862
6 1.0382 -0.6055
9 4.8450 8.0293
7 -7.3807 -5.0997
4 -9.0405 9.3325
1 -8.1828 -3.1862
9 4.8450 8.0293
5 -1.4041 -8.3628
1 -8.1828 -3.1862
4 -9.0405 9.3325
10 -2.5173 5.4165
7 -1.6018 4.6826
2 -7.3562 -7.6247
1 1.8723 -1.2107
2 -5.9565 -6.0246
6 -8.1828 -3.1862
8 4.8340 7.9618
6 -7.5798 6.3900
6 -7.5798 6.3900
3 4.8450 8.0293
1 9.5801 -4.1404
1 -8.1828 -3.1862
2 -1.0210 5.9701
7 0.3755 4.6826
2 -1.3628 1.6066
7 -1.6018 4.6826
8 4.8340 7.9618
2 -5.9565 -6.0246
4 -9.0405 9.3325
7 -0.6812 6.8973
3 4.8450 8.0293
8 4.8340 7.9618
6 -8.1828 -3.1862
7 0.3755 4.6826
7 -1.6018 4.6826
3 -3.4316 4.2974
7 0.3755 4.6826
10 3.0033 -3.4259
6 -8.1828 -3.1862
1 -8.1828 -3.1862
4 -9.0405 9.3325
9 8.9956 -8.6525
4 2.5191 4.4047
10 -1.9078 6.8228
5 -8.1828 -3.1862
5 -8.1828 -3.1862
5 8.0421 3.6133
1 -8.1828 -3.1862
5 -1.4041 -8.3628
9 4.8450 8.0293
8 4.8340 7.9618
3 2.2523 9.4080
8 4.8340 7.9618
3 2.6357 6.5209
10 -1.9078 6.8228
