10 100
K -6.196282 -6.089110 4.422244
P 6.538433 7.118323 8.546215 10.583945
K -2.345766 2.068096 1.083822
P -4.474310 0.242413 0.168127 2.940725
Z 2 -4.839203 -4.892863 -7.692518 7.483128
Z 5 5.672845 -3.908982 7.242429 6.869910
Z 2 3.750039 6.309381 -9.555319 -1.763203
Z 3 -2.345766 2.068096 -1.797215 2.904213
K 4.106109 -9.256027 1.309559
K -1.925702 3.265553 3.101816
5 -20.3272 0.9244
8 4.5738 -5.9018
4 0.1681 2.9407
5 -9.5599 -9.7282
3 -2.3458 2.0681
10 4.5179 4.8548
7 9.7566 8.5890
8 -2.3458 2.0681
1 -5.8448 8.5247
4 -0.8855 0.3644
8 2.8651 9.1345
2 6.5384 10.5839
10 -9.7747 8.4348
9 -0.3863 -4.2996
4 0.1681 0.2424
4 -4.4743 2.9407
7 6.6828 10.1897
1 -2.4331 2.4464
1 -6.1963 -6.0891
5 8.7131 -1.3708
6 9.2075 -7.5128
8 -2.3458 2.0681
8 2.7730 2.9004
8 -2.3458 2.0681
4 -4.4743 2.9407
9 4.1061 -9.2560
5 8.5462 7.1183
2 8.5462 10.5839
7 6.5384 7.1183
1 -6.3313 9.6768
2 8.5462 10.5839
1 3.4819 -8.2565
5 -22.1323 0.0453
6 35.7940 -5.4949
10 -1.9257 3.2656
8 -2.3458 2.0681
9 4.1061 -9.2560
4 -4.4743 0.2424
4 0.1681 2.9407
6 9.1611 -5.2872
8 7.2713 -6.2335
7 8.1421 5.0695
8 -2.3458 2.0681
9 1.9999 2.0715
2 6.5384 10.5839
4 0.1681 0.2424
3 -2.3458 2.0681
9 4.1061 -9.2560
8 -2.3458 2.0681
2 8.5462 7.1183
5 -20.3272 0.9244
7 -2.2601 -0.9199
9 1.1089 9.7941
5 8.5462 7.1183
7 8.5462 7.1183
5 6.5384 7.1183
9 9.0632 1.1737
4 0.1681 2.9407
7 -7.2891 0.2681
10 2.0865 -6.3825
5 -6.7604 -2.5779
4 -4.4743 2.9407
6 35.7940 -5.4949
2 -5.9200 -9.7441
9 4.1061 -9.2560
4 0.1681 0.2424
3 -2.3458 2.0681
9 -0.1336 7.6066
2 6.5384 7.1183
10 -9.4817 0.3950
9 5.9513 4.5530
9 4.5513 3.0100
5 1.3858 7.4180
2 8.7540 -8.2144
10 -1.9257 3.2656
6 -9.1228 3.4059
4 0.1681 0.2424
4 -2.6720 2.1058
4 -4.4743 0.2424
2 6.5384 7.1183
6 -22.1323 0.0453
9 4.1061 -9.2560
10 -1.9257 3.2656
9 4.1061 -9.2560
4 0.1681 2.9407
9 4.1061 -9.2560
7 6.5384 10.5839
6 -9.2219 2.5674
5 -23.6497 3.1611
8 -2.3458 2.0681
10 -1.9257 3.2656
1 -6.1963 -6.0891
7 9.7566 8.5890
2 6.5384 10.5839
6 33.4510 -8.0485
7 6.5384 10.5839
4 0.1681 0.2424
7 8.9696 -9.9464
1 -6.1963 -6.0891
9 -0.4668 -7.1997
