10 100
P -1.007615 7.665644 2.628128 9.673438
K 3.509951 -7.341901 3.551160
Z 2 3.509951 -7.341901 2.713890 -6.736685
Z 2 3.509951 -7.341901 3.543594 -6.342467
Z 3 -6.646512 1.173746 0.197524 -2.059930
P 1.746611 9.757030 6.369248 14.756728
P -4.398555 0.946456 -3.321565 4.860541
Z 2 -0.323161 7.761272 0.625027 6.778322
P -7.555522 0.880012 -4.960523 5.657452
K -7.527773 4.111525 4.062830
4 3.5100 -7.3419
8 4.6181 0.7258
5 4.9953 3.0512
3 3.5100 -7.3419
9 -4.9605 5.6575
7 -4.3986 4.8605
3 3.5100 -7.3419
10 -9.5530 -0.2682
4 3.5100 -7.3419
7 -3.3216 0.9465
1 -9.9645 -1.9808
8 2.0011 -6.4248
5 1.5385 2.8720
1 -1.0076 9.6734
4 6.1974 2.9764
8 0.7648 6.9266
10 -7.5278 4.1115
2 3.5100 -7.3419
8 3.5100 -7.3419
9 -7.5555 0.8800
8 2.4214 4.6525
10 -9.2088 -2.2384
1 -1.0076 9.6734
7 -3.3216 4.8605
4 3.5100 -7.3419
10 -7.5278 4.1115
3 3.5100 -7.3419
1 -1.0076 7.6656
5 4.0040 3.9186
9 -4.9605 5.6575
2 3.5100 -7.3419
2 3.5100 -7.3419
3 5.6583 8.2489
7 -4.3986 4.8605
5 6.3813 -1.2647
5 6.3813 -1.2647
3 3.9705 0.1420
10 -7.7249 -1.5488
3 3.5100 -7.3419
3 -4.8712 -4.1325
3 0.9284 5.5056
7 -2.3118 -9.3760
3 3.5100 -7.3419
3 9.7239 -3.3076
7 -3.3216 4.8605
8 3.5100 -7.3419
1 -1.0076 9.6734
6 2.6499 9.1609
9 -4.9605 5.6575
2 1.9384 6.3198
8 14.6323 3.3871
9 -8.8294 -1.7949
2 3.5100 -7.3419
5 3.5100 -7.3419
3 -9.4309 -2.6010
2 1.0193 9.7072
7 -4.3986 0.9465
10 -7.5278 4.1115
10 8.5522 4.6930
8 -1.1410 -6.1247
7 -4.3986 4.8605
10 -7.5278 4.1115
8 3.5100 -7.3419
3 3.5100 -7.3419
7 0.0770 4.6843
3 3.5100 -7.3419
4 3.5100 -7.3419
7 -3.3216 0.9465
3 3.5100 -7.3419
5 -2.1828 5.6549
7 -3.3216 4.8605
5 6.3813 -1.2647
7 -3.3216 4.8605
6 6.3692 9.7570
7 -3.3216 4.8605
7 -3.3216 0.9465
10 -1.1142 -1.7832
3 3.5100 -7.3419
2 3.3882 -3.7141
2 -0.2606 -1.3709
1 4.4816 6.2217
2 3.5100 -7.3419
7 -6.8647 2.5233
10 -7.5278 4.1115
3 3.5100 -7.3419
9 -7.5555 5.6575
7 -2.0145 9.1562
8 3.5100 -7.3419
8 9.1662 -7.2965
10 -1.0597 -2.6057
7 -4.3178 -3.2741
2 -8.0541 1.3806
10 -7.5278 4.1115
3 -1.2298 9.7225
10 -7.5278 4.1115
4 3.5100 -7.3419
10 -3.1305 -0.5058
8 14.6323 3.3871
3 3.5100 -7.3419
6 -3.9216 2.6951
