10 100
K -6.808565 -5.129232 2.796699
K 3.641837 2.098301 1.311525
K -7.823046 -8.197552 3.183122
Z 3 -8.841497 -4.351018 9.130693 -5.284693
Z 4 -5.241895 -2.942590 -4.515607 -2.255200
K -2.492248 8.118525 1.044717
K -7.036091 4.811211 1.337209
Z 7 -7.036091 4.811211 -8.034830 4.761009
K 7.105499 5.977027 3.787018
K -1.852307 8.266898 4.986288
9 7.105499 5.977027
5 -10.630845 -5.230862
1 3.763369 -4.231838
6 -2.492248 8.118525
1 -6.808565 -5.129232
10 -1.852307 8.266898
5 1.642043 -3.697653
2 -1.891147 9.691804
1 -6.808565 -5.129232
7 4.179358 -2.455200
5 -10.630845 -5.230862
6 -2.492248 8.118525
1 -6.808565 -5.129232
9 7.105499 5.977027
10 -1.852307 8.266898
4 -7.823046 -8.197552
7 8.637632 -4.032870
9 -4.390013 -5.959567
4 -7.429941 -0.630725
5 -7.429941 -0.630725
7 -7.036091 4.811211
4 -7.429941 -0.630725
9 7.105499 5.977027
5 -3.053850 -5.254456
7 -7.036091 4.811211
2 3.641837 2.098301
4 -7.429941 -0.630725
2 3.641837 2.098301
3 -7.823046 -8.197552
7 -7.036091 4.811211
9 7.105499 5.977027
1 -6.808565 -5.129232
3 9.099506 -1.890158
6 -2.559810 -0.865667
7 -1.587491 -1.718982
10 -1.852307 8.266898
6 -2.492248 8.118525
8 -7.036091 4.811211
5 -10.630845 -5.230862
1 -4.710339 -8.227827
3 -2.307847 -6.659153
6 -2.492248 8.118525
8 -7.036091 4.811211
7 -7.036091 4.811211
9 -5.016350 -5.906434
1 0.258105 -5.147315
10 -7.444130 7.292520
10 -1.852307 8.266898
7 -7.036091 4.811211
5 7.943405 1.069805
7 -7.036091 4.811211
3 -7.823046 -8.197552
9 7.105499 5.977027
6 2.457996 4.739514
10 0.171770 -5.939296
5 0.797014 -2.914878
8 -7.036091 4.811211
4 -7.429941 -0.630725
6 -2.492248 8.118525
3 -7.823046 -8.197552
2 3.641837 2.098301
1 -6.808565 -5.129232
10 0.751509 2.590108
3 -7.823046 -8.197552
10 -1.852307 8.266898
6 -2.492248 8.118525
4 -7.823046 -8.197552
4 7.075722 3.100539
10 -1.852307 8.266898
10 -1.852307 8.266898
6 -2.492248 8.118525
2 3.641837 2.098301
8 -7.036091 4.811211
8 -7.036091 4.811211
1 -6.808565 -5.129232
2 3.641837 2.098301
10 -6.280992 8.947341
6 -2.492248 8.118525
3 -7.823046 -8.197552
1 -3.633885 -2.176045
1 -6.808565 -5.129232
6 -2.492248 8.118525
7 -0.316032 7.840118
5 -1.072935 -8.547641
8 -7.036091 4.811211
8 -7.036091 4.811211
5 -4.296031 -8.572592
3 -7.823046 -8.197552
8 0.111913 -6.995028
3 -7.823046 -8.197552
2 -1.944357 -5.783008
4 -1.247284 -0.111855
2 3.641837 2.098301
4 2.155934 -2.562318
7 -7.036091 4.811211
2 3.641837 2.098301
6 -2.492248 8.118525
10 6.158261 -0.226316
8 -7.036091 4.811211
10 -1.852307 8.266898
