10 100
K -6.602497 -9.182883 4.186223
K 3.265197 6.289853 3.835541
Z 2 -2.490152 2.412054 4.178056 -1.245740
P -7.583725 8.248144 -4.567910 10.853030
P 4.138796 -1.456507 7.615318 1.367538
P -8.019880 7.203818 -4.646973 10.646597
P 3.377754 1.883230 6.325241 5.289218
K -5.992903 -5.864162 4.243416
P -9.626972 -4.696335 -7.040328 -3.185261
K -3.357919 9.991399 3.819970
4 -4.567910 10.853030
3 3.265197 6.289853
1 -4.107930 -3.721640
4 -1.069989 8.157928
4 -7.583725 10.853030
3 -2.667491 -4.525519
10 -3.357919 9.991399
7 3.377754 5.289218
6 -4.646973 7.203818
2 3.265197 6.289853
2 3.265197 6.289853
6 -4.646973 7.203818
2 -3.809710 3.503497
9 -7.040328 -4.696335
5 -0.710400 -6.237977
10 3.791075 4.225670
2 3.265197 6.289853
1 -5.799707 5.702240
7 6.325241 5.289218
7 3.377754 5.289218
3 5.413094 0.231152
10 9.347855 0.099286
2 3.265197 6.289853
6 -4.646973 7.203818
6 -8.019880 10.646597
10 -3.357919 9.991399
5 6.189815 -4.814275
5 -3.213429 5.090005
8 -5.992903 -5.864162
6 -2.805215 -0.763108
6 -8.019880 10.646597
8 -9.635986 -4.865363
1 -6.602497 -9.182883
3 -2.667491 -4.525519
8 -5.992903 -5.864162
2 -7.942696 2.888760
6 -8.019880 7.203818
7 3.377754 5.289218
10 -3.357919 9.991399
2 -8.779493 7.462193
6 -9.840565 -4.428967
10 -3.357919 9.991399
3 -2.667491 -4.525519
8 -3.901729 -0.224274
5 2.799666 -1.097425
4 -4.567910 10.853030
4 -4.567910 8.248144
7 6.325241 5.289218
9 -7.040328 -4.696335
3 -2.667491 -4.525519
10 -3.357919 9.991399
5 0.492181 3.700470
10 -3.357919 9.991399
8 2.494724 -1.439627
6 -4.646973 7.203818
5 7.615318 1.367538
7 6.325241 1.883230
10 -3.357919 9.991399
4 -4.567910 8.248144
3 -2.667491 -4.525519
9 -9.626972 -4.696335
10 -3.357919 9.991399
8 -5.992903 -5.864162
10 2.971842 -0.769571
8 -3.204775 -8.256981
7 3.377754 5.289218
5 7.615318 1.367538
2 3.265197 6.289853
7 3.377754 1.883230
9 -1.933297 6.371037
8 2.761047 6.250404
1 -6.602497 -9.182883
6 -8.019880 10.646597
10 -3.357919 9.991399
1 -6.602497 -9.182883
10 -3.357919 9.991399
4 -4.567910 8.248144
1 -6.602497 -9.182883
3 5.836925 -3.919394
5 4.138796 -1.456507
9 -7.040328 -3.185261
3 4.312141 6.900941
2 3.265197 6.289853
3 -2.667491 -4.525519
2 0.456935 4.974071
10 6.770664 -3.833466
9 -7.870029 4.105981
9 -8.348468 6.442359
7 3.377754 5.289218
8 -5.992903 -5.864162
3 -2.667491 -4.525519
1 -6.602497 -9.182883
10 -3.357919 9.991399
1 -6.602497 -9.182883
5 4.138796 1.367538
9 -9.626972 -3.185261
2 3.265197 6.289853
4 4.192880 4.270528
4 -4.778176 -0.129482
4 3.691993 -2.045819
