10 100
P 0.645767 -7.933431 3.243687 -3.409547
Z 1 6.454498 -1.835075 8.683838 -1.494612
K -6.177468 7.824656 4.052912
P 1.957797 -2.435359 5.314149 1.309858
P 5.114945 2.153830 6.682108 3.565670
P -7.220281 -5.498695 -3.719455 -1.995219
K 9.326504 -7.151059 2.717168
P -0.821569 -9.099308 3.002467 -6.821276
Z 7 11.953043 -7.846969 12.209159 -6.880323
P -1.738220 -9.962553 -0.273418 -4.962779
7 9.326504 -7.151059
6 -3.719455 -1.995219
5 5.114945 2.153830
8 -0.821569 -6.821276
4 -2.157798 -3.622467
8 3.002467 -6.821276
8 3.002467 -9.099308
3 -6.177468 7.824656
7 9.326504 -7.151059
7 9.326504 -7.151059
7 9.326504 -7.151059
3 1.627260 -4.399569
7 -6.172879 -6.559323
10 -1.738220 -9.962553
8 3.002467 -6.821276
5 6.682108 3.565670
1 6.249385 3.420049
5 5.114945 2.153830
8 -0.821569 -6.821276
1 3.243687 -3.409547
4 6.453004 8.450257
9 9.326504 -7.151059
3 -6.177468 7.824656
9 14.579583 -8.542879
9 14.579583 -8.542879
7 -4.363555 -4.767414
7 9.326504 -7.151059
3 -6.177468 7.824656
6 6.739865 9.812329
1 -2.252456 -2.714225
5 5.114945 2.153830
1 3.243687 -3.409547
6 9.829586 -3.479010
10 -5.611116 -1.335621
1 0.645767 -3.409547
4 5.314149 -2.435359
8 3.002467 -9.099308
6 -3.719455 -5.498695
2 0.645767 -7.933431
3 5.667822 6.923282
8 -9.535506 4.344223
7 9.326504 -7.151059
4 -2.981451 -6.388400
3 -6.177468 7.824656
3 0.471362 4.108513
6 -3.719455 -5.498695
4 5.314149 -2.435359
9 9.326504 -7.151059
4 7.277102 1.830646
2 -0.875493 8.737928
10 -0.273418 -4.962779
7 9.326504 -7.151059
4 2.799841 1.140848
4 -3.864787 8.779379
4 5.314149 -2.435359
5 5.114945 2.153830
6 3.863898 -0.056018
10 -3.587274 9.074579
7 9.326504 -7.151059
7 9.326504 -7.151059
5 5.114945 2.153830
9 9.326504 -7.151059
2 1.569827 3.026946
2 0.645767 -7.933431
5 8.736854 -0.404869
1 3.243687 -7.933431
9 9.326504 -7.151059
1 3.243687 -7.933431
8 1.366756 5.610420
9 -8.507350 -0.474768
8 -0.821569 -6.821276
10 7.749829 8.049702
5 6.682108 2.153830
9 14.579583 -8.542879
5 -4.854821 7.334738
10 -1.738220 -4.962779
9 -6.476254 -0.923722
3 -6.177468 7.824656
6 -9.646902 -1.796056
3 -7.930111 2.942128
1 3.243687 -7.933431
4 5.314149 -2.435359
6 9.645732 -1.621876
6 -7.220281 -5.498695
9 -2.807508 2.003096
9 -0.016510 -9.446102
10 -0.273418 -9.962553
6 -3.719455 -5.498695
10 -2.113497 -2.973218
5 6.682108 3.565670
9 14.579583 -8.542879
3 -6.177468 7.824656
8 3.002467 -9.099308
5 5.114945 2.153830
6 -7.220281 -5.498695
3 -6.177468 7.824656
3 -6.177468 7.824656
2 -2.219379 -4.686315
8 3.002467 -6.821276
3 8.764209 -9.315021
