10 100
K 8.342758 7.543737 2.279940
K -8.450617 -6.820491 1.400356
Z 1 8.342758 7.543737 8.576600 8.516012
K 7.854443 2.746295 1.856753
K -1.480759 -0.900964 4.229431
P 4.359879 -7.445335 5.517736 -4.580338
P -0.422544 -9.334898 3.082947 -5.675754
P 9.845589 8.088994 11.101177 9.755074
Z 3 6.099787 7.134828 6.279138 6.151043
P -1.385711 -7.124272 0.756031 -3.759526
7 3.0829 -5.6758
4 7.8544 2.7463
1 8.3428 7.5437
6 4.3599 -7.4453
3 -6.4180 -1.5797
7 6.1058 -3.6243
3 7.8742 2.2533
8 5.1156 9.4783
5 -1.4808 -0.9010
8 -8.7244 -6.4987
4 7.8544 2.7463
10 -1.3857 -3.7595
10 2.4354 6.4592
5 -1.4808 -0.9010
6 4.3599 -4.5803
7 8.1714 -9.7102
1 8.3428 7.5437
2 6.6481 7.0419
10 -2.0975 -2.3628
1 8.3428 7.5437
6 4.3599 -7.4453
6 4.3599 -4.5803
5 -1.4808 -0.9010
8 11.1012 9.7551
5 -1.4808 -0.9010
6 5.5177 -7.4453
6 4.3599 -4.5803
1 8.3428 7.5437
1 8.3428 7.5437
3 1.6873 -4.3759
6 5.5177 -4.5803
8 9.8456 9.7551
10 -1.3857 -7.1243
4 7.8544 2.7463
9 9.9805 1.2012
5 -1.4808 -0.9010
1 -8.6400 -7.6067
1 8.3428 7.5437
10 0.7560 -3.7595
2 -8.4506 -6.8205
2 -7.6800 -8.7199
8 11.1012 8.0890
1 8.3428 7.5437
1 -8.3130 9.0492
7 3.0829 -9.3349
2 -8.4506 -6.8205
10 -1.3857 -7.1243
3 6.4075 1.2163
7 3.0829 -9.3349
1 8.3428 7.5437
1 8.3428 7.5437
7 -6.5908 -8.2940
8 0.8120 4.1497
5 -1.4808 -0.9010
9 8.3428 7.5437
4 7.8544 2.7463
7 3.0829 -5.6758
8 -3.0755 7.6254
6 4.3599 -7.4453
6 -1.7354 -7.7127
9 9.2480 -2.2407
8 1.6169 -5.5655
8 9.8456 9.7551
9 8.3428 7.5437
3 8.3428 7.5437
6 4.3599 -7.4453
4 7.8544 2.7463
9 3.8568 6.7259
3 8.3428 7.5437
6 5.5177 -4.5803
10 8.4540 -9.2087
9 8.3428 7.5437
1 8.3428 7.5437
9 3.8568 6.7259
6 4.3599 -4.5803
6 4.3599 -4.5803
9 3.8568 6.7259
5 -5.3642 7.6987
3 2.0295 9.2520
9 8.3428 7.5437
9 3.8568 6.7259
8 0.0076 -8.3348
1 8.3428 7.5437
4 -5.9695 -7.4082
2 -8.4506 -6.8205
2 -8.4506 -6.8205
1 -2.9576 -8.4217
6 5.5177 -7.4453
7 -0.4225 -5.6758
2 7.1003 4.5302
4 -6.7378 -1.5572
3 8.3428 7.5437
3 4.7891 0.4801
10 -1.3857 -7.1243
10 -1.3857 -7.1243
9 3.8568 6.7259
1 8.3428 7.5437
7 -2.2297 5.9798
2 -8.4506 -6.8205
3 8.3428 7.5437
