10 100
P 4.089449 -4.442351 5.195853 0.460720
Z 1 -1.440434 -6.338794 5.520136 2.551579
K 7.682333 3.407480 1.033538
P -9.138827 -6.336593 -4.614407 -2.845995
P -7.456496 -8.840348 -4.850488 -7.598232
K 0.740657 8.488937 3.311473
K 7.895560 9.168876 2.499424
Z 2 -0.464728 -7.787171 2.585665 -6.838539
P 9.289402 1.876982 14.059224 3.668194
Z 3 8.581752 3.916642 8.089113 4.786875
8 -0.926214 -0.515421
5 -7.456496 -8.840348
10 9.481171 4.425803
9 9.289402 1.876982
2 -1.569109 2.463683
7 7.895560 9.168876
10 9.481171 4.425803
3 7.682333 3.407480
4 -4.614407 -2.845995
2 4.741292 -7.814608
4 -1.503998 -2.389203
2 4.089449 0.460720
1 5.195853 -4.442351
9 14.059224 1.876982
2 4.089449 0.460720
4 -4.614407 -6.336593
1 5.195853 -4.442351
4 -4.614407 -2.845995
1 4.089449 0.460720
7 7.895560 9.168876
8 8.257205 -13.342853
9 14.059224 1.876982
10 7.682333 3.407480
7 7.895560 9.168876
1 -7.012252 0.924263
8 0.270958 -9.049458
3 7.147106 9.468012
9 14.059224 1.876982
2 5.195853 0.460720
7 9.121544 3.336749
3 7.682333 3.407480
9 9.289402 3.668194
6 0.740657 8.488937
6 0.740657 8.488937
9 -4.823431 5.431745
10 7.682333 3.407480
4 -4.614407 -6.336593
6 0.740657 8.488937
9 14.059224 3.668194
2 4.089449 0.460720
5 -4.850488 -7.598232
6 -1.599396 -7.716210
6 0.740657 8.488937
10 7.682333 3.407480
6 -3.545121 5.025514
9 14.059224 1.876982
7 6.876933 8.235119
10 9.481171 4.425803
8 4.577646 -0.092668
7 7.895560 9.168876
9 -8.112411 -9.748274
4 -4.614407 -2.845995
9 -4.609110 -9.383244
9 14.059224 1.876982
10 7.682333 3.407480
4 -0.312309 -1.250125
9 9.289402 3.668194
6 0.740657 8.488937
3 7.682333 3.407480
10 9.342481 -3.855454
4 -9.138827 -2.845995
7 7.895560 9.168876
10 9.481171 4.425803
1 -4.238946 5.393405
3 2.041278 -6.727306
8 8.875093 -11.370133
4 -9.138827 -6.336593
9 14.059224 3.668194
9 2.140212 4.665533
10 7.682333 3.407480
7 7.895560 9.168876
3 7.682333 3.407480
3 7.682333 3.407480
6 0.740657 8.488937
7 7.895560 9.168876
4 -9.138827 -6.336593
7 0.589306 8.238377
5 -7.456496 -7.598232
4 -8.022161 7.627518
4 -9.138827 -6.336593
8 8.875093 -11.370133
2 -0.926214 -0.515421
8 6.641894 8.009764
3 7.682333 3.407480
3 -1.051028 -7.240158
1 5.195853 0.460720
4 -4.614407 -2.845995
4 -9.138827 -2.845995
10 7.682333 3.407480
3 4.975751 3.396654
8 2.183270 4.908058
9 9.289402 1.876982
7 -3.302059 -3.905263
3 7.682333 3.407480
1 -5.261450 1.973414
2 -4.238836 -0.747306
4 -2.027019 9.676923
10 9.481171 4.425803
9 -5.440851 1.429813
10 7.682333 3.407480
