10 100
K 4.332135 6.977107 2.294186
Z 1 7.490320 8.659757 2.333299 -6.569434
P 1.752822 -4.975573 5.225431 -0.023335
P 6.767381 0.999313 9.687923 3.093439
Z 2 11.265134 5.246738 11.333873 6.244373
P -8.187654 -0.345259 -5.190504 3.484362
Z 4 6.767381 0.999313 6.743038 1.999017
P -6.071984 8.988985 -5.048264 10.904615
P 3.765957 -5.396021 5.505428 -2.452368
P -5.465793 6.024882 -2.765647 10.904309
2 -9.5016 5.3999
10 -7.9285 5.8663
3 5.2254 -4.9756
6 -8.1877 -0.3453
10 -2.7656 6.0249
10 -2.7656 10.9043
6 -8.1877 3.4844
9 5.5054 -2.4524
8 3.2835 -6.3917
3 5.2254 -0.0233
2 4.3321 6.9771
3 1.7528 -0.0233
3 1.7528 -0.0233
9 5.5054 -2.4524
3 -0.3081 -6.7899
4 9.6879 3.0934
10 -2.7656 10.9043
10 -2.7656 10.9043
6 5.6555 -6.7288
6 -8.1877 3.4844
9 2.6598 3.4265
4 6.7674 3.0934
9 3.7660 -5.3960
10 -5.4658 10.9043
8 -5.0483 10.9046
9 5.5054 -5.3960
4 6.7674 0.9993
7 9.6879 3.0934
7 6.7674 0.9993
5 5.3553 8.5622
3 5.2254 -4.9756
7 6.7674 0.9993
5 -6.5684 3.5901
6 -5.1905 -0.3453
3 1.7528 -4.9756
4 -1.2825 1.4278
10 -2.7656 6.0249
9 3.5446 0.0210
3 3.7878 2.3515
6 -5.1905 3.4844
1 -0.0502 2.6870
1 2.0810 5.0658
7 9.6879 0.9993
10 -5.4658 6.0249
8 -5.0483 8.9890
10 -5.5457 -3.9366
3 7.5529 5.0400
4 8.3051 -4.3935
7 9.6879 0.9993
1 -8.5572 2.9957
10 6.1958 -4.7623
9 5.5054 -2.4524
6 7.9511 -9.0513
6 -5.1905 3.4844
10 1.6531 -3.7221
3 -9.4201 0.6417
3 5.2254 -0.0233
6 -8.1877 -0.3453
8 -5.0483 10.9046
9 5.5054 -5.3960
7 -0.5616 0.0660
10 -2.7656 10.9043
10 -5.4658 10.9043
5 13.5539 5.0890
2 8.9764 5.4044
10 6.5471 4.7996
10 -2.7656 6.0249
8 -5.0483 10.9046
6 -5.1905 3.4844
10 -5.4658 10.9043
2 8.9764 5.4044
4 1.2438 -2.1490
8 -5.0483 8.9890
4 6.3330 5.4184
5 18.3699 6.0099
1 4.3321 6.9771
1 4.3321 6.9771
7 9.6879 3.0934
1 4.3321 6.9771
9 -4.9327 -6.9824
3 5.2254 -0.0233
9 5.5054 -5.3960
5 8.9764 5.4044
6 1.7633 -8.1717
10 -4.8058 7.2396
7 9.6879 0.9993
7 2.4338 -2.3393
3 -0.5889 -8.9676
10 -2.7656 6.0249
2 4.3321 6.9771
2 8.9764 5.4044
9 3.7660 -5.3960
7 9.6879 0.9993
9 3.7660 -2.4524
8 -6.0720 10.9046
4 4.0101 0.3514
1 4.3321 6.9771
2 9.9331 -6.6152
4 -7.9087 7.0857
1 4.3321 6.9771
