10 100
K -6.206831 6.951320 2.859927
P -2.945780 0.619902 -1.907750 2.998662
Z 2 -2.525430 0.538784 3.434832 -7.381279
Z 2 -4.188945 -5.178639 9.894189 7.097644
Z 4 4.081504 -5.062913 3.491310 -5.870174
P -0.578660 0.070947 2.347906 1.717437
P -2.073452 7.898775 0.874801 9.377093
P 2.920500 8.888394 3.975332 10.246678
K -7.063009 4.687974 4.693277
Z 2 -7.644046 -7.335846 -8.115284 1.418250
9 -7.0630 4.6880
8 3.9753 10.2467
6 -0.5787 1.7174
6 2.3479 1.7174
5 -2.9458 2.9987
4 -1.9078 0.6199
4 -8.1742 1.3317
3 -2.9458 0.6199
10 -2.9458 2.9987
10 -6.7096 0.4509
3 -2.9458 2.9987
3 -2.7744 -0.0323
9 0.4290 7.1088
6 6.0381 -6.8596
2 -1.3155 7.0021
7 0.8748 9.3771
3 -2.7744 -0.0323
4 4.2231 -4.0346
7 -2.0735 7.8988
10 3.4357 -1.2612
5 1.7250 -4.7383
6 -0.5787 1.7174
5 5.1056 -7.2099
4 -1.9078 0.6199
1 -6.2068 6.9513
1 3.7400 -6.4429
9 3.0774 1.9961
10 -2.9458 0.6199
2 2.8066 3.0595
4 4.2231 -4.0346
4 -2.4474 -3.7466
2 -1.9078 2.9987
8 2.9205 10.2467
4 -1.2322 8.1452
7 0.8748 9.3771
7 0.8748 9.3771
6 2.3479 0.0709
10 -2.9458 2.9987
2 3.4308 1.0991
8 2.9205 10.2467
3 -4.7728 1.6238
8 7.0876 -3.3504
4 -1.9078 0.6199
1 -6.2068 6.9513
9 -7.0630 4.6880
2 -2.9458 2.9987
2 -1.9078 0.6199
6 2.3479 1.7174
2 -1.9078 0.6199
10 -13.4246 2.4346
2 -1.9078 2.9987
8 9.0366 -9.4707
7 0.8748 9.3771
2 -1.9078 0.6199
2 -1.9078 2.9987
2 -1.9078 2.9987
1 -6.2068 6.9513
10 -13.4246 2.4346
3 -1.9078 0.6199
6 -0.5787 0.0709
8 2.9205 10.2467
5 1.7250 -4.7383
10 -9.4098 5.9499
8 3.9753 8.8884
4 -0.6579 -2.8252
8 2.9205 8.8884
7 0.8748 7.8988
5 4.0815 -5.0629
6 1.4606 1.4863
10 -7.6051 -6.9066
1 8.9227 9.2730
4 -2.9458 2.9987
1 1.0363 9.7270
5 5.1056 -7.2099
6 4.2962 8.2036
6 2.3479 0.0709
8 3.9753 8.8884
4 -2.9458 0.6199
1 -6.2068 6.9513
1 -6.2068 6.9513
4 4.0815 -5.0629
5 13.5800 -8.3245
2 -1.9078 2.9987
5 5.1056 -7.2099
6 0.1931 7.7698
5 4.0815 -5.0629
3 -4.7728 1.6238
1 -6.2068 6.9513
8 1.7126 -9.2437
8 -3.2850 2.4453
6 -0.5787 1.7174
8 3.9753 10.2467
4 -1.9078 0.6199
9 -8.0706 -7.7457
6 8.0917 4.7871
10 9.8532 -1.3486
3 -1.8271 -9.8832
8 3.9753 10.2467
4 2.8109 -4.6716
5 5.0184 -4.6160
