10 100
P -7.863643 -1.867201 -4.389369 2.386794
Z 1 -4.389369 2.386794 -5.062856 1.647594
K -7.852808 0.838393 2.793200
P 5.858033 -5.161435 6.962338 -4.158438
P -2.881875 4.178567 -0.112171 8.911555
P -8.176234 -5.978903 -5.242785 -1.713051
P 2.783978 -8.300687 7.572838 -6.502681
Z 6 3.110716 -6.199516 1.070822 9.482220
K -9.936505 6.561963 3.688870
K 3.948394 6.485437 1.697456
2 -4.3894 -1.8672
3 -8.2403 5.2509
4 5.8580 -4.1584
5 -0.1122 8.9116
4 6.9623 -4.1584
10 3.9484 6.4854
10 3.9484 6.4854
8 12.8743 1.0252
2 -4.3894 2.3868
3 7.8066 9.8894
1 -4.3894 2.3868
9 -1.8851 8.2146
9 -9.9365 6.5620
3 -7.8528 0.8384
8 -8.1762 -5.9789
7 2.7840 -8.3007
6 -8.1762 -1.7131
8 -8.1762 -5.9789
6 -8.1762 -1.7131
5 -2.8819 8.9116
9 5.3791 2.7821
4 5.8580 -4.1584
1 -7.8636 -1.8672
6 -8.1762 -5.9789
8 -8.1762 -5.9789
10 5.8496 9.3327
4 8.9926 1.7750
5 -3.0827 2.7130
5 -0.1122 8.9116
4 6.9623 -4.1584
10 4.4833 4.9363
3 -7.8528 0.8384
1 -7.8636 -1.8672
8 10.0384 0.2747
1 -4.3894 -1.8672
3 2.7509 -6.5727
2 -3.5715 3.6191
4 6.9623 -4.1584
5 -2.8819 4.1786
9 -4.2452 -5.4834
5 3.2970 -2.8423
4 6.9623 -4.1584
7 2.7840 -8.3007
1 -4.3894 2.3868
3 2.2081 -5.5167
1 -7.8636 2.3868
8 0.5523 5.2813
8 12.8743 1.0252
6 -3.7341 -4.2329
6 -8.1762 -1.7131
6 -5.1253 0.1037
2 -8.3025 -1.4674
3 -7.8528 0.8384
8 10.0384 0.2747
8 11.1298 -3.8491
5 -2.4960 9.1237
8 7.4034 -5.1827
5 -2.8819 8.9116
3 -7.8528 0.8384
5 -2.8819 4.1786
6 -8.1762 -1.7131
8 1.3295 -8.5908
8 6.6395 9.9548
3 -7.8528 0.8384
1 -4.3894 2.3868
4 6.9623 -4.1584
10 3.9484 6.4854
9 -9.9365 6.5620
10 7.5826 3.2544
7 7.5728 -8.3007
7 2.7840 -8.3007
3 -7.8528 0.8384
8 3.7498 6.0993
4 6.9623 -4.1584
5 -0.1122 4.1786
6 1.7554 2.0316
2 -7.8636 -1.8672
1 -7.8636 2.3868
2 -4.3894 -1.8672
4 -5.7579 2.3744
6 -8.1762 -5.9789
6 -5.2428 -1.7131
5 -0.1122 8.9116
10 3.9484 6.4854
4 6.9623 -5.1614
1 -0.6150 -5.9009
10 -7.2163 4.9660
6 -8.1762 -5.9789
10 3.9484 6.4854
3 8.0741 3.4069
4 0.0124 -1.9452
8 -8.1762 -5.9789
6 5.9208 3.5967
6 -5.2428 -1.7131
7 2.7840 -6.5027
8 2.0458 5.2987
3 -7.8528 0.8384
10 3.9484 6.4854
3 -7.8528 0.8384
4 6.9623 -5.1614
