10 100
K -3.435648 1.861631 1.439509
P 9.490004 4.422158 14.205083 7.748304
P 6.821249 0.765376 11.008635 3.269701
Z 3 -4.172675 -4.655243 -4.615300 2.771973
P 2.764166 6.617577 5.513015 9.297331
K -3.600273 7.479077 2.944386
K 9.150355 5.359307 3.069480
K -4.409304 -0.786910 1.908512
Z 5 -1.180860 -0.136257 -9.671946 -8.447718
Z 4 -3.679283 6.883200 -9.577955 -5.823840
1 -3.4356 1.8616
7 9.1504 5.3593
2 9.4900 7.7483
2 9.4900 7.7483
8 -4.4093 -0.7869
2 14.2051 7.7483
3 11.0086 0.7654
1 -3.4356 1.8616
10 11.0086 3.2697
5 2.7642 9.2973
1 -7.8022 -3.8171
10 -16.0300 1.9079
5 2.7642 9.2973
1 -8.8219 1.8684
4 7.8118 -7.6407
9 5.7145 6.4117
5 -4.0792 -9.1851
9 2.7642 9.2973
7 0.3958 -0.3657
5 3.6203 1.4389
8 -4.4093 -0.7869
5 0.6666 6.5512
2 14.2051 4.4222
10 -0.8847 -3.5359
6 -3.6003 7.4791
10 -5.9513 -1.9008
5 -7.2002 -4.4514
3 -6.5065 -7.4980
6 7.7099 -7.2939
3 6.8212 3.2697
9 8.3937 6.3544
7 9.1504 5.3593
2 9.4900 7.7483
3 6.8212 3.2697
4 11.0086 0.7654
3 11.0086 0.7654
4 -20.1878 1.4106
3 5.8913 9.1232
8 -4.4093 -0.7869
5 -7.1846 1.5269
7 9.1504 5.3593
4 -20.1878 1.4106
7 9.1504 5.3593
10 8.7364 -1.5830
6 7.6476 0.8104
3 4.1186 -1.1617
10 6.8212 0.7654
6 -3.6003 7.4791
4 6.8212 3.2697
9 5.6558 3.6635
2 9.4900 4.4222
4 -16.0300 1.9079
3 11.0086 3.2697
3 -4.6229 -8.6139
9 4.5490 6.2695
6 -3.6003 7.4791
1 -3.4356 1.8616
8 -4.4093 -0.7869
7 -9.1898 7.4639
8 7.1505 -7.9724
6 -3.6003 7.4791
8 -4.4093 -0.7869
9 0.7723 -0.5205
9 8.3937 6.3544
4 -15.7326 -0.5787
1 -3.4356 1.8616
9 8.4557 0.8959
8 -4.4093 -0.7869
9 8.3937 6.3544
4 -16.0300 1.9079
9 8.3937 6.3544
3 -5.6201 6.0613
10 -4.2375 -5.3529
2 -4.6718 -1.4190
8 6.9430 3.1064
7 8.5137 -2.6972
1 -3.4356 1.8616
8 -4.4093 -0.7869
10 4.8891 0.5005
10 -13.2167 12.5714
1 -9.7810 -7.0038
9 2.7642 6.6176
9 2.7642 9.2973
5 2.7642 9.2973
6 -3.6003 7.4791
10 -19.8903 -1.0760
4 9.1595 -3.6123
1 -3.4356 1.8616
9 2.5467 -5.3001
7 9.1504 5.3593
10 -13.2167 12.5714
3 11.0086 0.7654
1 -3.4356 1.8616
2 14.2051 7.7483
9 2.7642 6.6176
7 8.8571 4.4566
8 6.4600 6.2844
8 -4.4093 -0.7869
6 -3.6003 7.4791
10 0.7044 -10.6362
