10 100
P -1.530424 5.945730 1.946431 8.047863
P 6.962988 -6.154537 9.070548 -4.823753
K -8.279378 2.505608 1.163154
K 7.496728 -7.918062 2.605103
K -2.052344 -3.791973 4.604352
K 4.183008 1.204481 3.751410
Z 5 -6.075917 -6.030481 -5.589745 -6.904344
K 0.668357 -4.498089 4.426640
P -5.282203 6.894784 -1.636113 11.148255
K 6.202845 7.480683 1.986497
6 4.183008 1.204481
7 -2.052344 -3.791973
3 -8.279378 2.505608
10 6.202845 7.480683
7 -2.052344 -3.791973
4 7.496728 -7.918062
10 6.202845 7.480683
2 9.070548 -4.823753
10 6.202845 7.480683
7 -10.099491 -8.268989
4 7.496728 -7.918062
8 -1.365211 -8.219898
1 -5.586628 -1.908568
5 -2.052344 -3.791973
2 6.962988 -4.823753
1 7.213518 -2.931340
1 -1.530424 8.047863
4 2.220203 -7.341103
8 -7.438706 -2.202259
8 0.668357 -4.498089
4 7.496728 -7.918062
1 -1.530424 8.047863
4 7.496728 -7.918062
10 4.620466 -2.258688
8 0.668357 -4.498089
1 1.946431 8.047863
5 -2.052344 -3.791973
4 -7.224299 4.891634
3 -8.279378 2.505608
10 6.202845 7.480683
10 -1.133722 0.618571
9 -1.636113 6.894784
6 5.902562 1.891717
5 -2.052344 -3.791973
4 -1.838380 8.234796
6 4.183008 1.204481
8 0.668357 -4.498089
1 1.946431 5.945730
2 9.070548 -4.823753
8 0.668357 -4.498089
1 1.946431 8.047863
6 -7.767038 -5.316176
7 -10.099491 -8.268989
5 -2.052344 -3.791973
2 -6.085331 6.922514
8 0.668357 -4.498089
5 -2.052344 -3.791973
8 0.668357 -4.498089
2 6.962988 -4.823753
1 1.946431 8.047863
1 -4.407461 0.070094
1 1.946431 5.945730
4 7.496728 -7.918062
7 -2.052344 -3.791973
6 4.183008 1.204481
4 7.496728 -7.918062
7 -2.052344 -3.791973
3 -8.279378 2.505608
5 -2.052344 -3.791973
10 8.599439 -3.084210
3 -8.279378 2.505608
6 -6.247027 -6.339793
5 -2.052344 -3.791973
8 0.668357 -4.498089
3 5.170566 -5.177127
2 9.070548 -6.154537
3 -8.279378 2.505608
8 -6.198528 2.373909
1 -1.530424 8.047863
10 -4.638716 -1.866212
7 -2.052344 -3.791973
2 9.070548 -4.823753
8 -4.811730 4.720097
9 4.204988 5.058018
3 -8.279378 2.505608
2 -5.779539 -6.723675
5 0.202414 0.370075
10 6.202845 7.480683
7 -2.052344 -3.791973
9 -1.636113 11.148255
5 4.687342 4.055888
4 7.496728 -7.918062
7 -5.278400 4.182712
2 0.394785 -3.941182
8 7.593838 8.143874
9 -1.636113 6.894784
3 -8.279378 2.505608
7 -2.052344 -3.791973
1 1.946431 5.945730
5 -2.052344 -3.791973
6 4.183008 1.204481
6 -1.818656 -7.577102
5 -4.353090 7.480198
5 -2.052344 -3.791973
9 1.172768 -7.460422
7 6.672843 2.499420
8 0.668357 -4.498089
4 7.496728 -7.918062
1 -1.530424 8.047863
5 -2.052344 -3.791973
