10 100
P 2.547093 -9.481262 3.665468 -4.521292
P 4.250297 -7.883733 8.979360 -3.506531
K -8.383949 -5.375024 3.142405
P -2.157662 8.951388 -0.115876 10.434320
Z 4 1.041292 8.044035 -4.566597 0.313868
Z 4 6.538522 7.053934 6.932797 -1.850182
Z 3 -8.383949 -5.375024 -9.339852 -5.668705
Z 2 -5.535769 9.537291 -1.731115 -8.473299
K -7.466698 -8.250888 4.218068
P -7.115318 0.001704 -4.144363 2.997408
3 -8.3839 -5.3750
9 -7.4667 -8.2509
6 -0.1159 10.4343
3 -0.1017 -0.0970
10 -4.9863 -2.8849
10 -7.1153 2.9974
10 -7.1153 0.0017
9 -7.4667 -8.2509
6 14.9019 11.1897
2 8.9794 -3.5065
8 8.9794 -3.5065
1 2.5471 -9.4813
1 2.5471 -9.4813
5 -9.5660 -4.9381
4 -2.1577 10.4343
3 -5.0882 -1.1948
9 7.6021 5.1141
2 8.7938 -8.9936
7 -6.3861 -0.8261
6 12.8681 11.0093
9 -7.4667 -8.2509
5 -0.1159 10.4343
1 -3.2268 6.8478
6 12.9992 9.5321
2 4.2503 -7.8837
7 -8.3839 -5.3750
7 -8.3839 -5.3750
6 14.9019 11.1897
8 4.2503 -7.8837
3 -8.3839 -5.3750
9 -7.4667 -8.2509
4 2.2136 2.3234
5 2.8967 5.2847
8 -7.4399 -10.3532
4 -2.1577 10.4343
9 -7.4667 -8.2509
3 -8.3839 -5.3750
1 2.5471 -9.4813
10 -4.1444 0.0017
7 -5.1054 9.8206
4 -0.1159 10.4343
7 -8.3839 -5.3750
9 -7.4667 -8.2509
7 1.1562 8.7454
8 -9.2103 -6.3500
7 -8.3839 -5.3750
10 -0.4821 -8.6590
5 2.8967 5.2847
3 -8.3839 -5.3750
6 12.8681 11.0093
2 4.2503 -7.8837
6 12.8681 11.0093
6 14.9019 11.1897
10 -7.1153 0.0017
9 -7.4667 -8.2509
6 -0.1159 10.4343
5 -9.5238 -0.8900
5 -6.2589 5.3488
9 7.6718 5.0325
2 8.9794 -7.8837
6 12.8681 11.0093
5 3.6727 7.6859
1 3.6655 -4.5213
5 -2.1577 8.9514
10 -7.1153 0.0017
1 2.5471 -9.4813
1 3.6655 -9.4813
2 -1.0696 4.7587
3 -8.3839 -5.3750
10 -2.0997 3.4338
10 -0.9940 -0.3963
5 3.6727 7.6859
7 -9.8164 2.0463
1 9.3388 6.7548
9 -7.4667 -8.2509
10 -3.5881 -4.4965
6 12.8681 11.0093
5 -2.1577 8.9514
9 -6.0928 -6.4443
2 4.2503 -7.8837
8 -13.5353 -8.2626
4 -2.1577 10.4343
9 1.9920 2.6776
8 4.9412 7.2475
1 7.3861 9.3040
6 9.1110 8.1769
4 -9.6553 -3.5989
4 -2.1577 10.4343
1 3.6655 -9.4813
6 14.9019 11.1897
2 -2.8291 6.1616
8 -7.4399 -10.3532
6 -2.1577 10.4343
7 -8.3839 -5.3750
6 -9.2889 -0.7440
7 -2.9107 3.0941
6 12.9992 9.5321
9 -7.4667 -8.2509
2 4.2503 -3.5065
8 -7.4399 -10.3532
