10 100
K 5.950720 1.720999 4.450587
K -0.820919 -1.873702 3.889867
P -3.482185 5.543329 1.196527 8.909159
Z 1 -8.983434 6.235937 4.135668 -0.650057
K 8.087708 -5.413900 1.495650
P -4.132619 4.422406 -1.203308 7.173877
Z 1 5.950720 1.720999 5.297410 2.478089
P -4.268150 -3.846646 -2.760669 -0.839711
K -1.585843 3.991632 2.690184
Z 2 -1.157321 -5.748995 -0.161068 -5.835476
10 6.5059 -4.4189
5 8.0877 -5.4139
2 -0.8209 -1.8737
1 5.9507 1.7210
2 -7.2038 2.8143
3 -8.9337 -0.1836
9 -1.5858 3.9916
2 -0.8209 -1.8737
9 7.6226 -5.5814
5 8.6063 7.0225
2 7.1669 0.2027
10 -1.4937 -9.6243
3 -8.0830 -5.9896
2 -0.8209 -1.8737
4 0.4146 -1.4473
4 -8.2517 8.2219
7 5.9507 1.7210
6 -4.1326 4.4224
6 -1.2033 4.4224
10 -7.2484 -4.7531
4 5.9507 1.7210
3 1.1965 5.5433
7 5.9507 1.7210
7 5.9507 1.7210
7 5.9507 1.7210
8 -2.7607 -3.8466
8 -2.7607 -3.8466
2 -0.8209 -1.8737
2 -3.6706 8.5400
7 5.9507 1.7210
7 5.9507 1.7210
1 5.8159 -6.4740
6 -4.1326 4.4224
9 -6.4466 -4.3349
10 -0.8209 -1.8737
1 5.9507 1.7210
9 -1.5858 3.9916
1 8.3511 8.3013
7 5.9507 1.7210
2 2.8484 -8.8205
10 -1.4937 -9.6243
1 5.9507 1.7210
5 -9.6333 -4.3586
10 -1.4937 -9.6243
3 -6.2114 -5.9891
3 1.1965 5.5433
1 8.8764 5.7534
10 0.2932 3.1275
8 -6.9076 3.7708
9 1.0126 -2.9922
5 8.0877 -5.4139
7 5.9507 1.7210
8 -5.3330 -8.5115
8 -4.2681 -0.8397
2 -0.8209 -1.8737
10 -0.8209 -1.8737
9 -1.5858 3.9916
5 8.0877 -5.4139
3 -3.4822 8.9092
8 -4.2681 -3.8466
3 1.1965 8.9092
6 -4.1326 7.1739
7 5.9507 1.7210
7 5.9507 1.7210
9 -1.5858 3.9916
2 -0.8209 -1.8737
10 -0.8209 -1.8737
1 -5.6063 -0.7497
5 8.0877 -5.4139
1 5.9507 1.7210
7 5.9507 1.7210
9 -1.5858 3.9916
8 3.5167 0.9722
2 -0.8209 -1.8737
1 5.9507 1.7210
7 5.9507 1.7210
3 -6.3805 -2.1900
6 -5.5958 2.0311
1 5.9507 1.7210
5 8.0877 -5.4139
2 -5.8635 -4.2552
9 -1.5858 3.9916
4 0.0108 1.9986
2 -0.8209 -1.8737
10 -1.4937 -9.6243
3 1.1965 5.5433
5 2.6710 4.3734
4 3.2152 -3.4907
2 -0.8209 -1.8737
6 -1.2033 4.4224
4 3.2152 -3.4907
9 -1.5858 3.9916
10 -1.4937 -9.6243
7 5.9507 1.7210
2 -0.8209 -1.8737
6 8.9602 -5.1543
2 -0.8209 -1.8737
8 -2.7607 -0.8397
1 3.0894 0.2937
3 -3.7964 -1.9436
