10 100
P -8.054691 5.366495 -5.291131 8.641387
K -6.923118 7.979312 4.356939
K -8.565123 -3.376556 1.979956
P -2.879807 -9.936336 1.971694 -6.275901
K 9.287178 -7.057082 2.107935
P -7.914325 -3.085468 -6.770918 -1.658980
Z 2 -6.923118 7.979312 -7.364796 7.082138
P -9.893379 -1.420791 -8.037361 1.678115
P 2.175052 9.295226 5.070891 12.455906
P -8.057564 6.314898 -5.484105 7.663413
7 -5.662760 -0.499664
6 -6.770918 -3.085468
9 2.175052 9.295226
2 -6.923118 7.979312
2 -6.923118 7.979312
6 -7.914325 -1.658980
4 1.971694 -9.936336
3 -8.565123 -3.376556
3 -8.565123 -3.376556
9 2.175052 9.295226
8 -3.330310 4.427000
6 -6.770918 -3.085468
6 -7.914325 -3.085468
6 -7.914325 -1.658980
6 -6.770918 -3.085468
6 7.519763 6.146712
5 -0.877087 -3.398010
7 -6.923118 7.979312
7 -6.923118 7.979312
7 -6.923118 7.979312
5 9.287178 -7.057082
10 -5.484105 6.314898
8 -9.893379 -1.420791
7 0.142273 -7.735778
9 5.070891 12.455906
2 -6.923118 7.979312
8 -9.893379 1.678115
4 1.971694 -6.275901
9 2.175052 9.295226
1 -7.634912 4.794663
7 -8.878350 -3.905434
10 -5.484105 7.663413
3 -8.565123 -3.376556
4 -2.879807 -6.275901
3 -8.565123 -3.376556
5 0.586497 -6.394284
4 -2.879807 -9.936336
6 -6.770918 -1.658980
10 -8.057564 7.663413
10 -9.002657 7.915458
10 -5.484105 7.663413
9 5.070891 9.295226
4 -2.879807 -9.936336
3 -8.565123 -3.376556
9 2.175052 9.295226
5 9.287178 -7.057082
2 4.864767 8.734958
9 5.070891 12.455906
7 -6.923118 7.979312
6 -7.914325 -3.085468
1 8.718095 -7.900985
3 -8.565123 -3.376556
2 -6.923118 7.979312
9 2.175052 12.455906
7 -6.923118 7.979312
8 -8.037361 1.678115
1 -8.054691 5.366495
1 -5.291131 5.366495
3 -8.565123 -3.376556
7 -6.923118 7.979312
8 6.656678 6.331651
6 -9.147292 2.848988
3 -3.446551 8.580962
4 -2.879807 -6.275901
7 -6.923118 7.979312
7 -6.923118 7.979312
6 5.276771 -2.548201
4 1.971694 -9.936336
7 -6.923118 7.979312
2 -6.923118 7.979312
1 -8.054691 5.366495
1 -2.505442 -1.327678
4 -1.309650 4.117921
4 -2.879807 -6.275901
10 3.192523 -4.745716
6 -0.737517 -3.269955
5 9.287178 -7.057082
4 2.635841 9.649266
9 5.070891 9.295226
8 -8.037361 1.678115
9 5.070891 12.455906
9 5.070891 9.295226
2 -6.923118 7.979312
8 -9.893379 1.678115
8 1.629033 -7.481757
9 2.175052 9.295226
3 -8.565123 -3.376556
7 -8.937347 -8.739223
3 7.988518 7.615532
5 7.788384 8.724960
1 -8.054691 8.641387
3 8.125520 -5.954540
1 -5.291131 8.641387
4 -2.879807 -9.936336
7 -6.923118 7.979312
4 1.971694 -6.275901
10 -5.484105 7.663413
7 -6.923118 7.979312
7 -6.923118 7.979312
3 -8.565123 -3.376556
