10 100
K 8.863421 5.174549 4.763797
P -6.320303 -2.040043 -2.599071 2.305469
Z 1 12.723787 2.383253 13.309727 3.193607
P -7.867213 -3.768506 -3.689425 -1.555712
Z 4 -0.684350 -0.839858 -9.170556 3.586002
P 5.271936 6.588650 6.597390 8.045856
K -6.225924 -0.226681 3.659973
Z 1 -9.521328 -6.006425 5.482872 5.521263
P 1.465134 -5.300413 4.020154 -2.537628
P 8.625129 7.727831 11.803608 10.333937
6 6.5974 8.0459
9 0.0149 -3.3607
9 1.4651 -5.3004
7 -6.2259 -0.2267
6 6.5974 8.0459
8 6.0188 8.8770
6 8.1839 1.4693
10 -2.0282 -7.0851
1 8.8634 5.1745
3 8.8634 5.1745
1 8.8634 5.1745
6 0.5512 8.3044
7 -6.2259 -0.2267
5 -7.4929 -5.8296
2 -6.3203 -2.0400
3 16.5842 -0.4080
7 -6.2259 -0.2267
8 8.8634 5.1745
3 8.8634 5.1745
4 -7.8672 -3.7685
3 16.5842 -0.4080
1 8.8634 5.1745
7 -6.2259 -0.2267
10 -0.2147 -3.5636
9 -3.5878 -0.3096
2 -6.3203 2.3055
6 6.5974 6.5887
4 -7.8672 -3.7685
7 -6.2259 -0.2267
4 -7.8672 -1.5557
1 -4.1490 -4.1072
9 1.4651 -2.5376
4 9.4379 -3.3624
7 -6.2259 -0.2267
6 6.5974 8.0459
4 -6.7318 5.6968
8 -5.6516 -3.1254
5 7.2014 -9.9325
5 -6.0916 7.4088
8 8.8634 5.1745
7 -6.2259 -0.2267
8 6.0188 8.8770
2 -5.4656 6.2705
10 -4.4242 -4.3737
8 6.0188 8.8770
5 -3.6894 -1.5557
7 -6.2259 -0.2267
1 8.8634 5.1745
7 -6.2259 -0.2267
1 -2.7043 7.2592
10 8.6251 10.3339
5 -2.3937 6.7264
9 4.0202 -2.5376
9 4.0202 -2.5376
4 -0.0052 -6.0478
9 1.4651 -2.5376
7 -9.3148 -8.7608
7 6.1036 6.5601
8 8.8634 5.1745
10 3.0287 -8.8918
10 8.6251 7.7278
7 -6.2259 -0.2267
2 5.5337 -8.0275
9 1.4651 -5.3004
9 1.4651 -2.5376
5 -4.2083 5.4600
10 11.8036 10.3339
3 16.5842 -0.4080
4 -6.9029 5.5338
8 6.0188 8.8770
7 -7.9988 -6.4148
4 -3.6894 -3.7685
2 -6.3203 2.3055
9 -1.6826 0.1500
4 -7.8672 -3.7685
10 8.6251 10.3339
9 1.4651 -5.3004
10 0.3355 0.0321
4 -3.6894 -1.5557
4 6.8177 -5.9664
8 -3.8955 -7.8377
9 4.0202 -5.3004
9 1.4651 -5.3004
7 -6.2259 -0.2267
5 -3.6894 -1.5557
8 8.8634 5.1745
7 -6.2259 -0.2267
7 -6.2259 -0.2267
6 7.9737 6.1135
8 -7.4487 -9.1072
7 -8.3453 -9.5434
5 -0.0027 3.3005
4 -3.6894 -1.5557
8 6.0188 8.8770
5 -7.8672 -3.7685
2 -2.5991 -2.0400
5 -4.2083 5.4600
8 8.8634 5.1745
7 0.7972 -8.7399
5 -4.1121 -6.9700
