10 100
P 6.819211 6.133846 11.671878 9.521202
K 0.972605 8.415140 2.584223
K 2.793460 2.730061 2.842520
Z 3 2.793460 2.730061 2.202142 3.536500
K -7.413450 3.516253 4.149812
P -1.866236 2.643892 0.889413 5.910186
K -5.733874 -6.456538 3.439450
P 2.173889 0.442380 5.994233 3.537180
K -3.363533 -0.367804 3.790336
Z 9 -1.123443 -3.425360 -0.316771 -2.834359
3 2.7935 2.7301
5 -0.4253 6.5437
10 -5.1188 -4.9549
7 -2.3767 -0.2298
1 6.8192 9.5212
7 -8.2958 9.3954
5 -7.4135 3.5163
7 -5.7339 -6.4565
5 -7.4135 3.5163
2 -1.4993 -0.2969
10 -3.3635 -0.3678
6 -4.9833 4.0676
3 -9.9008 -9.0714
2 0.9726 8.4151
3 2.7935 2.7301
3 2.7935 2.7301
5 -7.4135 3.5163
9 -3.3635 -0.3678
6 0.8894 5.9102
7 9.4808 4.2033
3 -3.0101 6.6222
3 -8.6453 2.8018
3 2.7935 2.7301
1 11.6719 9.5212
2 -6.6175 -3.9565
5 5.4024 -7.7125
10 -3.3635 -0.3678
8 -0.6587 -3.3477
5 -7.4135 3.5163
8 5.9942 0.4424
6 1.9712 -8.2298
4 1.4888 -7.3682
5 -7.4135 3.5163
4 2.7935 2.7301
1 6.8192 9.5212
10 -3.3635 -0.3678
7 -5.7339 -6.4565
3 -9.5343 -7.1237
7 -5.7339 -6.4565
4 2.7935 2.7301
4 2.7935 2.7301
8 5.9942 3.5372
5 -5.8155 -6.4657
4 2.7935 2.7301
5 3.4444 -5.4273
9 -3.3635 -0.3678
8 5.9942 0.4424
5 -6.8535 4.4912
10 -3.3635 -0.3678
10 1.1166 -6.4829
9 -3.3635 -0.3678
3 -5.0667 -6.5652
6 9.4073 -9.0083
9 6.2757 -8.0329
5 -7.4135 3.5163
9 4.5651 -5.5203
5 -7.4135 3.5163
1 -7.2260 -5.8909
5 6.0971 6.1054
3 2.7935 2.7301
4 2.7935 2.7301
3 4.2473 1.7650
1 11.6719 6.1338
3 2.7935 2.7301
9 -3.3635 -0.3678
5 -7.4135 3.5163
9 -3.3635 -0.3678
6 0.8894 2.6439
10 -3.3635 -0.3678
8 2.1739 3.5372
2 0.9726 8.4151
6 -6.9979 -2.6085
10 5.9472 8.5914
1 6.1490 -2.3761
1 6.8192 9.5212
6 -1.8662 2.6439
6 -1.8662 2.6439
10 1.1166 -6.4829
2 4.7680 5.7136
9 -3.3635 -0.3678
2 0.9726 8.4151
8 2.1739 0.4424
1 0.5564 -1.0517
5 -7.4135 3.5163
2 0.9726 8.4151
10 4.9248 -1.1977
1 6.8192 9.5212
1 11.6719 9.5212
6 0.8894 2.6439
10 -3.3635 -0.3678
4 2.7935 2.7301
9 -3.3635 -0.3678
2 0.9726 8.4151
9 -3.3635 -0.3678
7 -5.7339 -6.4565
3 2.7935 2.7301
10 -3.3635 -0.3678
3 8.4362 -0.1669
4 2.7935 2.7301
2 -4.6439 5.0044
