10 100
K 2.031975 -2.986688 2.659151
P -4.960006 6.091375 -0.685577 10.679225
K -8.912695 -3.869092 2.006626
K -8.546647 6.492360 1.857709
K -4.489048 -3.755367 1.170919
Z 2 9.107502 -8.981351 -9.815548 8.931631
K -4.221424 -2.827230 2.317546
K 2.706594 7.530053 1.278926
Z 2 -4.960006 10.679225 -4.628727 9.735692
K 6.478383 6.085424 1.815421
3 -8.912695 -3.869092
8 2.706594 7.530053
9 -4.960006 10.679225
2 -0.685577 6.091375
10 6.478383 6.085424
9 3.330461 -8.112184
1 2.031975 -2.986688
4 -8.546647 6.492360
4 -8.546647 6.492360
4 2.495925 -3.834930
5 -4.489048 -3.755367
3 -8.912695 -3.869092
2 -4.960006 6.091375
9 -4.960006 10.679225
9 -0.685577 6.091375
9 -4.341690 5.642114
3 -4.204949 8.583657
1 0.082390 9.427714
3 -1.145468 2.715861
1 2.031975 -2.986688
8 2.706594 7.530053
5 -4.489048 -3.755367
1 -7.241680 9.915343
3 -8.912695 -3.869092
8 2.706594 7.530053
2 -2.357945 7.277917
9 -4.960006 6.091375
6 5.906647 -5.605604
3 3.614764 2.753133
3 -8.912695 -3.869092
2 -5.956760 5.687670
7 -4.221424 -2.827230
10 6.478383 6.085424
6 -4.960006 6.091375
10 6.478383 6.085424
4 -8.546647 6.492360
2 -0.685577 10.679225
6 -4.960006 6.091375
8 2.706594 7.530053
8 -3.502667 -1.156789
4 -8.546647 6.492360
6 -4.960006 6.091375
8 2.706594 7.530053
2 -4.960006 10.679225
6 -0.685577 6.091375
5 9.168286 -1.934788
7 -4.129381 -0.374532
7 8.059201 0.967731
2 -5.545261 5.531771
3 -8.912695 -3.869092
3 5.824492 -3.199298
1 2.031975 -2.986688
4 -8.546647 6.492360
9 -9.104436 -8.802230
3 -8.912695 -3.869092
7 -4.221424 -2.827230
8 -6.078010 -1.779889
6 -4.960006 6.091375
3 6.861555 5.311091
1 2.031975 -2.986688
10 6.478383 6.085424
1 2.031975 -2.986688
3 -8.912695 -3.869092
10 -6.528092 -3.237248
4 -8.546647 6.492360
4 -8.546647 6.492360
6 -6.713476 4.239031
1 -4.347694 -4.347363
5 -4.489048 -3.755367
9 4.153844 -4.709319
8 8.670963 5.415770
10 -2.034480 -2.801308
1 2.031975 -2.986688
1 2.031975 -2.986688
2 -0.685577 10.679225
7 -4.221424 -2.827230
1 2.031975 -2.986688
1 7.895011 -9.553013
2 -4.960006 6.091375
10 6.478383 6.085424
4 -7.952158 1.504340
2 -4.960006 10.679225
1 2.031975 -2.986688
5 -4.489048 -3.755367
3 7.354658 -7.678909
5 -4.489048 -3.755367
10 6.478383 6.085424
4 -8.546647 6.492360
9 -8.296236 8.007089
4 -8.546647 6.492360
3 -8.912695 -3.869092
8 2.706594 7.530053
7 -4.221424 -2.827230
2 -0.685577 6.091375
7 -5.458581 -0.643264
3 -8.912695 -3.869092
10 6.478383 6.085424
3 -8.912695 -3.869092
7 -4.221424 -2.827230
6 -11.294432 3.987616
