10 100
P -0.335746 1.632006 3.924596 6.069964
P 7.463073 -4.478357 11.224711 -1.593118
Z 2 -4.517969 7.765277 7.508785 -3.256360
Z 3 -0.852863 -9.822482 -4.680992 7.844778
P 4.152301 -2.214848 5.507319 -0.426027
K 1.580797 3.569904 3.305671
Z 4 -1.108295 2.981172 9.912625 4.360711
Z 6 1.580797 3.569904 0.624035 3.279030
Z 4 -1.938749 6.064362 -9.823243 7.020524
Z 8 0.762850 6.772781 -0.206054 6.525344
10 1.5808 3.5699
3 -6.8708 4.5667
9 -11.8293 -5.7734
3 9.0496 -6.8518
4 11.2247 -4.4784
10 -1.5333 -3.5695
8 1.5808 3.5699
1 3.9246 6.0700
7 2.5106 6.7195
9 9.0496 -6.8518
5 5.4323 -8.2127
6 1.5808 3.5699
1 6.6526 -8.1082
6 -7.0340 7.9785
10 1.5808 3.5699
4 -5.7644 1.5073
4 -12.3499 -7.6703
7 -2.9599 2.2284
2 7.4631 -4.4784
3 7.5140 -6.8904
7 11.2247 -1.5931
8 0.2596 2.4062
5 -8.2684 -3.4558
6 1.5808 3.5699
5 2.1408 -8.4080
10 -1.8001 6.5098
3 11.2247 -1.5931
7 7.4631 -1.5931
2 -3.9719 -7.5516
2 9.4308 7.0480
10 -1.4295 -0.9490
4 -10.6350 -8.3998
10 1.5808 3.5699
4 8.7222 -3.1044
10 1.5808 3.5699
3 9.6101 8.1301
8 1.5808 3.5699
2 4.2822 9.7769
10 1.5808 3.5699
9 9.0209 11.2526
4 -4.5136 1.6382
10 1.5808 3.5699
9 -9.8784 24.5183
2 4.0598 -2.8676
5 -8.9982 7.2246
7 11.2247 -4.4784
6 1.5808 3.5699
9 -6.3533 20.3060
2 11.2247 -4.4784
3 7.4631 -1.5931
5 4.1523 -0.4260
5 -1.1415 4.3725
7 9.0496 -6.8518
6 1.5808 3.5699
2 -3.4242 6.2323
2 -1.7053 3.3379
9 -1.5800 -7.2967
7 -1.0487 -7.1278
4 11.2247 -1.5931
9 11.8184 15.9796
3 5.8479 -3.3556
3 9.0496 -6.8518
3 7.4631 -1.5931
9 -6.3533 20.3060
9 -2.6443 3.7423
8 1.5808 3.5699
3 5.8479 -3.3556
8 -6.7775 4.3093
4 -8.6686 -8.3427
8 5.1295 -2.3750
2 -1.5167 -9.6549
4 -15.2536 -7.3304
4 -2.0375 -8.3612
1 3.9246 6.0700
10 1.5808 3.5699
9 -11.8293 -5.7734
9 -10.6350 -8.3998
8 4.3804 4.9416
2 7.4631 -4.4784
4 8.6932 1.7540
8 -1.7278 1.2169
10 4.5245 -7.0128
1 3.9246 6.0700
3 5.8479 -3.3556
9 9.0496 -6.8518
4 5.8479 -3.3556
4 7.4631 -1.5931
5 5.5073 -0.4260
3 7.4631 -1.5931
2 -1.0563 -5.8869
1 -0.3357 6.0700
1 3.9246 1.6320
4 -3.6194 4.8101
9 7.4631 -1.5931
7 -10.6350 -8.3998
7 -17.3588 9.4880
6 -6.5103 -1.9758
2 7.4631 -4.4784
6 1.5808 3.5699
3 7.4631 -4.4784
