10 100
P -0.726714 -2.872855 0.569595 -0.002648
P -3.272194 -2.822516 0.794352 0.929419
K -2.489551 -0.278388 2.360509
Z 3 -0.230733 0.406993 -0.521086 1.363913
K -0.993212 1.679991 1.801732
K -7.826109 -7.534209 3.244284
P -8.872628 8.198584 -7.852338 13.093783
Z 3 -2.489551 -0.278388 -1.918059 -1.098996
Z 4 4.829630 3.665381 -1.852108 -7.944847
P -1.408783 5.783604 0.124671 9.673302
6 -7.826109 -7.534209
10 8.841098 -6.065792
6 5.679858 -4.553713
4 -3.683570 8.968016
5 -0.993212 1.679991
6 -7.826109 -7.534209
7 -8.872628 13.093783
3 -9.467950 2.159666
3 -2.489551 -0.278388
3 1.271061 -6.484174
9 -2.489551 -0.278388
5 4.932225 -5.196392
2 -3.272194 0.929419
10 5.959595 4.316462
10 -1.408783 9.673302
6 -7.826109 -7.534209
2 3.556776 -7.969776
7 0.038919 -5.434431
9 -2.489551 -0.278388
7 -7.852338 13.093783
6 -7.826109 -7.534209
9 -0.714502 4.841958
8 -2.489551 -0.278388
2 -3.272194 0.929419
9 9.927404 -6.374900
4 5.743031 -8.582909
7 -2.653376 3.644590
3 -1.085587 7.774937
8 -2.489551 -0.278388
7 -6.088786 6.538338
4 2.028084 1.092374
7 -7.852338 8.198584
8 -2.489551 -0.278388
7 5.228410 -7.801405
8 -2.489551 -0.278388
4 -5.607678 6.872250
8 -2.489551 -0.278388
10 0.124671 5.783604
2 3.302840 -0.351754
1 0.569595 -2.872855
1 0.569595 -2.872855
7 -2.641389 -4.439794
8 -2.489551 -0.278388
1 -8.306268 -9.820513
5 7.546912 -5.145422
2 -3.272194 -2.822516
3 -2.489551 -0.278388
1 -0.726714 -2.872855
7 -0.148936 -7.673637
4 2.028084 1.092374
8 -2.489551 -0.278388
4 -9.132755 -7.341735
8 -2.489551 -0.278388
10 -1.408783 9.673302
3 -0.377750 -0.574598
8 -2.489551 -0.278388
4 -2.489551 -0.278388
2 0.794352 0.929419
3 -2.489551 -0.278388
6 4.620299 -5.383303
2 -0.143204 2.199013
8 -2.489551 -0.278388
1 0.569595 -2.872855
9 4.253873 -2.736980
10 -1.408783 5.783604
3 5.852289 -8.134715
9 5.096843 -4.644392
7 -8.872628 8.198584
10 0.124671 9.673302
9 2.028084 1.092374
5 -0.993212 1.679991
8 -2.489551 -0.278388
7 -8.872628 8.198584
7 -7.852338 8.198584
5 -2.706066 -8.916779
9 -6.384350 9.245020
8 -5.311299 -8.839559
3 8.156951 -6.567780
10 -1.408783 9.673302
5 -0.993212 1.679991
5 -0.993212 1.679991
10 0.124671 9.673302
8 -2.489551 -0.278388
6 7.944029 -3.596445
4 0.298122 -1.002529
7 1.514954 7.476509
3 -2.489551 -0.278388
4 -2.489551 -0.278388
5 1.622422 -3.376166
7 -7.852338 8.198584
1 0.569595 -2.872855
5 -0.993212 1.679991
8 -2.489551 -0.278388
5 -0.993212 1.679991
8 -2.489551 -0.278388
4 -2.489551 -0.278388
3 -4.602154 8.601515
8 5.368058 -2.186544
2 -3.272194 0.929419
4 -2.489551 -0.278388
