10 100
P 9.283672 7.845099 12.741052 12.186558
P 3.046734 3.143728 4.630600 6.892492
K -3.767533 1.299577 1.064976
K -1.459242 -5.344149 2.426824
P 8.363935 -3.454484 11.365089 1.406625
K -1.645002 1.808848 2.824948
P -6.222402 -2.164138 -1.668007 -0.719899
K -4.178427 5.371921 1.457676
Z 1 8.555333 1.844267 -3.203790 1.157206
P 0.781792 -3.509897 4.225018 -0.017008
4 -1.459242 -5.344149
6 -5.352435 -1.911352
1 -7.262142 -2.583814
10 0.781792 -3.509897
1 0.135067 7.763349
8 -4.178427 5.371921
7 -6.222402 -2.164138
6 -3.584881 6.605981
9 12.741052 7.845099
2 3.046734 6.892492
10 0.781792 -3.509897
1 12.741052 12.186558
6 -8.425523 4.931627
9 9.283672 12.186558
5 11.365089 -3.454484
1 9.283672 7.845099
9 12.741052 7.845099
1 12.741052 12.186558
5 8.363935 1.406625
4 -0.429715 4.324683
5 2.349054 9.979443
2 3.046734 3.143728
8 -4.017014 6.478119
1 9.283672 12.186558
8 -4.178427 5.371921
1 9.283672 7.845099
2 4.630600 3.143728
4 -1.459242 -5.344149
8 6.605910 8.860812
6 -4.111813 5.262529
5 8.363935 1.406625
6 4.775736 9.631583
8 -4.178427 5.371921
9 3.660263 -7.367109
2 3.046734 6.892492
10 4.225018 -0.017008
7 -6.222402 -2.164138
6 3.934591 9.975831
10 7.740152 7.087816
2 3.046734 3.143728
9 -1.074984 4.003284
4 -1.459242 -5.344149
9 13.917017 -7.940188
6 -1.645002 1.808848
7 -6.222402 -2.164138
1 9.283672 7.845099
6 -7.581972 5.586356
5 -1.101884 1.948171
4 6.809568 -7.434005
8 -4.178427 5.371921
6 3.885230 -1.250224
3 -3.767533 1.299577
10 8.012022 -4.580662
10 4.225018 -3.509897
7 9.181587 2.042452
7 -2.531335 -2.221719
10 0.781792 -3.509897
6 2.886479 -5.876489
1 9.283672 7.845099
7 -1.668007 -2.164138
2 4.893050 -6.483667
9 12.741052 12.186558
2 3.046734 6.892492
3 -3.767533 1.299577
3 -3.767533 1.299577
1 0.260664 -0.829605
5 11.365089 1.406625
3 3.969809 -4.449345
4 -1.459242 -5.344149
3 -3.767533 1.299577
5 11.365089 1.406625
9 0.614250 -3.765088
9 5.891818 -3.822088
10 0.781792 -0.017008
5 11.365089 -3.454484
1 12.741052 7.845099
4 -1.459242 -5.344149
6 -1.645002 1.808848
4 -1.459242 -5.344149
7 -6.222402 -2.164138
1 12.741052 7.845099
2 4.630600 3.143728
4 6.428193 6.955378
5 3.238263 7.032794
4 -1.459242 -5.344149
3 -3.767533 1.299577
6 -1.645002 1.808848
10 4.225018 -0.017008
9 9.977563 -4.030911
10 4.225018 -3.509897
6 4.325165 -7.229596
5 11.365089 1.406625
1 9.283672 7.845099
2 5.621583 3.073126
8 -4.178427 5.371921
5 -6.158343 -8.356277
5 11.365089 -3.454484
7 -6.222402 -0.719899
6 -1.645002 1.808848
8 -4.178427 5.371921
