10 100
P -1.216450 -4.479828 2.536013 0.403196
P 3.594595 -8.749275 7.086887 -7.578712
K -3.333301 4.029711 2.851210
Z 1 2.536013 0.403196 1.762143 1.036541
K -9.848454 -7.040070 2.805532
P -2.863161 -6.831019 0.670163 -2.285767
P -9.376768 -9.819148 -7.851680 -6.857025
K -8.954252 -9.244205 3.936699
Z 6 -2.863161 -2.285767 -3.244755 -1.361437
P 5.700694 -7.931910 8.893477 -5.205970
6 -2.8632 -6.8310
1 2.1308 2.1363
10 8.8935 -5.2060
9 -2.8632 -6.8310
10 5.7007 -7.9319
10 -1.6630 0.3159
2 -2.1849 -7.1471
6 9.9356 5.1919
2 7.0869 -7.5787
1 -1.2164 0.4032
5 1.4854 2.9920
6 -6.3327 3.2971
6 -2.8632 -2.2858
7 -9.3768 -9.8191
7 -9.3768 -9.8191
9 -9.7599 1.2714
10 5.7007 -7.9319
2 9.1367 -9.5808
9 8.6441 -0.4124
2 7.0869 -7.5787
3 -3.3333 4.0297
8 -8.9543 -9.2442
10 5.7007 -5.2060
10 5.7007 -7.9319
7 -9.3768 -9.8191
1 -1.2164 0.4032
2 -4.2514 1.4126
10 8.8935 -7.9319
1 -3.1183 8.9046
9 0.6702 -2.2858
1 6.5904 6.1559
4 7.3226 1.3688
3 -3.3333 4.0297
5 5.1160 6.8674
6 0.6702 -2.2858
5 9.4483 2.5214
9 0.3432 -5.5073
6 0.6702 -2.2858
3 4.7621 -3.7897
5 4.5828 -6.9168
4 6.8031 -6.2121
5 -9.8485 -7.0401
4 -1.2164 0.4032
5 -7.6104 -6.9966
5 -9.8485 -7.0401
10 9.4845 1.4480
4 -1.2164 -4.4798
6 0.6702 -6.8310
4 2.5360 -4.4798
4 2.5360 0.4032
10 5.7007 -7.9319
10 5.7007 -5.2060
7 -7.8517 -6.8570
9 -2.8632 -2.2858
9 -2.8632 -2.2858
1 -8.9274 -1.9848
2 3.5946 -7.5787
2 3.5946 -8.7493
5 -6.1129 9.1439
2 7.0869 -7.5787
4 6.5806 5.0472
1 2.5360 -4.4798
4 -6.4120 6.8374
7 9.7639 -6.3661
3 -3.3333 4.0297
5 -9.8485 -7.0401
6 -1.2760 5.9279
6 -3.9736 -1.2251
5 3.7675 -3.6014
5 -9.8485 -7.0401
3 -3.3333 4.0297
5 -6.8792 -0.3328
3 -7.6133 -3.3965
10 8.8935 -5.2060
3 -3.3333 4.0297
4 -1.2164 0.4032
9 0.6702 -6.8310
8 1.7585 -2.5805
5 -9.8485 -7.0401
3 -3.3333 4.0297
3 -3.3333 4.0297
2 7.0869 -8.7493
2 7.0869 -7.5787
4 1.7940 4.0816
10 8.8935 -7.9319
6 -2.8632 -6.8310
4 -9.2284 -4.2895
10 -5.2271 -9.9606
2 3.5946 -8.7493
1 5.0120 -8.4198
3 -3.3333 4.0297
3 -3.3333 4.0297
8 -8.9543 -9.2442
7 -1.1710 0.6742
5 -9.8485 -7.0401
3 3.5014 -0.4000
5 -9.8485 -7.0401
1 2.5360 -4.4798
8 -8.9543 -9.2442
3 -0.5122 4.8311
