10 100
P -1.922877 2.312294 0.834596 4.548827
K 4.804934 1.248840 3.274449
Z 2 4.804934 1.248840 3.820140 1.075117
P 0.203868 -4.269295 2.766725 -2.702683
Z 2 4.804934 1.248840 4.132837 0.508377
K 8.280489 -4.922913 1.813956
Z 2 -2.977132 9.349896 -8.949723 4.000842
K 1.192579 -4.563498 3.005852
K 7.657001 -4.186704 2.900654
Z 7 4.804934 1.248840 3.931463 0.761964
3 5.9953 3.1569
10 11.1531 -20.2880
5 4.8049 1.2488
5 4.8049 1.2488
7 -0.1874 3.5511
8 8.9790 8.1249
6 8.2805 -4.9229
7 4.8049 1.2488
10 11.1531 -20.2880
7 4.8049 1.2488
4 -4.4580 8.9408
10 -10.1746 17.9745
7 7.0752 -8.3074
3 -4.5052 -6.3470
4 -7.5661 -3.2587
1 9.3463 -1.1290
4 2.7667 -4.2693
8 -1.7823 0.9884
2 4.8049 1.2488
4 0.4430 2.0372
4 -5.4794 -6.7066
7 4.8049 1.2488
9 -4.7116 -5.0247
5 4.8049 1.2488
7 -10.1746 17.9745
1 0.8346 4.5488
1 0.8346 4.5488
8 1.1926 -4.5635
4 2.7667 -4.2693
3 5.2957 5.3840
7 4.8049 1.2488
10 11.1531 -20.2880
7 -1.2431 5.1258
1 0.8346 2.3123
1 -1.9229 2.3123
8 1.1926 -4.5635
4 8.6204 5.0455
5 4.8049 1.2488
8 1.1926 -4.5635
2 4.8049 1.2488
8 -7.8971 0.7653
6 8.2805 -4.9229
8 1.1926 -4.5635
5 4.8049 1.2488
7 4.8049 1.2488
5 -4.8575 -5.4450
6 8.2805 -4.9229
4 0.2039 -4.2693
10 -4.0822 1.0543
1 -6.1821 -2.5523
7 -10.1746 17.9745
6 8.2805 -4.9229
4 2.7667 -2.7027
5 4.8049 1.2488
7 -10.1746 17.9745
4 2.7667 -2.7027
8 5.8968 -5.7908
5 4.8049 1.2488
10 4.8049 1.2488
9 7.6570 -4.1867
5 4.8049 1.2488
7 -9.6613 6.4393
4 2.7667 -4.2693
3 4.8049 1.2488
1 0.8346 2.3123
9 6.2490 -5.8678
7 4.8049 1.2488
8 6.7484 5.1946
2 4.8049 1.2488
9 7.6570 -4.1867
9 7.6570 -4.1867
5 4.8049 1.2488
2 4.8049 1.2488
8 -4.9071 2.5201
6 8.2805 -4.9229
5 -1.1392 1.7640
7 -8.8796 4.8004
8 1.1926 -4.5635
5 4.8049 1.2488
1 -1.9229 4.5488
4 2.7667 -2.7027
4 0.2039 -2.7027
6 9.3846 -2.8514
8 5.6817 -4.9647
9 7.6570 -4.1867
9 7.6570 -4.1867
3 -8.1915 -2.7748
4 0.2039 -4.2693
9 7.6570 -4.1867
5 4.8049 1.2488
3 1.3111 7.4948
1 0.8346 2.3123
3 4.8049 1.2488
4 6.5584 -2.0953
5 4.8049 1.2488
3 4.8049 1.2488
7 4.5277 0.2492
6 8.2805 -4.9229
9 7.6570 -4.1867
1 -1.9229 2.3123
