10 100
K 9.789157 5.484416 3.560876
Z 1 9.789157 5.484416 10.782586 5.598862
K 6.884952 -8.775634 4.427283
P -5.734547 -4.741180 -3.225167 -2.558908
P 0.366400 -2.056692 2.382843 1.954796
P -2.451563 4.921067 2.532457 6.441506
K -1.231131 -7.445070 1.140521
Z 2 7.210388 -9.407189 3.519249 5.282452
P -4.951482 7.536227 -2.543785 11.743838
Z 5 6.632208 -3.357433 6.407661 6.156762
9 0.4056 3.5470
4 -3.2252 -2.5589
5 4.2075 -5.9534
4 -5.7345 -4.7412
8 9.2734 4.1218
3 6.8850 -8.7756
9 -4.9515 11.7438
10 2.3828 -2.0567
6 2.5325 6.4415
10 10.6262 2.1494
8 -2.1014 2.4966
10 0.3664 1.9548
2 9.7892 5.4844
1 -1.4292 8.3112
8 -0.5274 -2.8455
5 0.3664 1.9548
9 -2.5438 7.5362
3 6.8850 -8.7756
2 9.7892 5.4844
7 8.8114 -9.4909
1 9.7892 5.4844
6 -0.4692 -5.1290
3 6.8850 -8.7756
10 5.2709 -9.1820
8 9.7892 5.4844
8 -6.8191 4.5737
1 -1.2887 -8.8320
10 0.3664 -2.0567
5 0.3664 -2.0567
1 0.0061 -4.6266
9 -7.8144 9.6159
2 9.7892 5.4844
8 -2.1014 2.4966
10 2.3828 1.9548
7 4.2282 5.1452
10 9.7079 8.7432
2 9.7892 5.4844
1 9.7892 5.4844
3 6.8850 -8.7756
4 -7.8078 -1.8802
8 9.7892 5.4844
3 2.8002 4.7733
2 9.9051 0.7598
6 -4.3503 9.1438
1 -6.4818 8.9044
2 9.7892 5.4844
8 -2.1014 2.4966
4 -8.2438 -8.7895
1 9.7892 5.4844
2 -2.0278 8.4108
8 8.2214 5.1479
1 9.7892 5.4844
3 6.8850 -8.7756
9 -2.5438 7.5362
8 9.7892 5.4844
9 -2.5438 7.5362
2 9.7892 5.4844
8 9.7892 5.4844
6 -2.4516 4.9211
5 9.9522 0.8211
9 -2.5438 11.7438
10 0.3664 -2.0567
10 12.6404 2.2445
5 2.3828 -2.0567
9 -2.5438 7.5362
4 8.1083 9.4469
4 -3.2252 -2.5589
7 -1.2311 -7.4451
8 -2.1014 2.4966
5 0.3664 1.9548
6 -2.4516 4.9211
8 9.7892 5.4844
7 -1.2311 -7.4451
1 9.7892 5.4844
5 5.6836 3.0736
7 -1.2311 -7.4451
3 -3.6403 -6.6292
7 -1.2311 -7.4451
3 -8.7686 5.4289
10 2.3828 -2.0567
9 -2.5438 7.5362
5 2.3828 -2.0567
8 -0.8396 -7.2409
1 9.7892 5.4844
6 -2.4516 4.9211
10 2.3828 1.9548
4 -5.7345 -4.7412
9 -1.7561 -1.5101
1 9.7892 5.4844
10 2.3828 -2.0567
2 -7.1222 -1.7903
6 5.0574 -8.3253
2 9.7892 5.4844
6 2.5325 6.4415
6 2.5325 4.9211
2 9.7892 5.4844
4 -3.2252 -4.7412
3 6.8850 -8.7756
5 8.7926 -7.2229
2 4.6194 -2.7053
