10 100
K 3.034138 -4.793778 3.448312
P 6.293825 -2.904126 10.495153 -1.129142
Z 1 3.034138 -4.793778 2.841775 -5.775102
Z 1 3.034138 -4.793778 3.451632 -5.702457
Z 4 5.884220 4.613755 7.329270 -3.391387
P -4.829417 5.673124 -1.283447 6.682889
P 7.641713 -9.950151 9.500223 -8.719833
K 1.622837 6.216183 3.931060
Z 1 6.907267 8.431713 5.971614 -5.641973
Z 5 14.464273 -0.962288 13.814320 -0.202314
5 3.034138 -4.793778
3 3.034138 -4.793778
2 10.495153 -1.129142
10 -5.152363 9.975931
7 9.500223 -8.719833
4 3.034138 -4.793778
3 0.104831 -6.194304
7 7.641713 -8.719833
1 3.034138 -4.793778
3 3.034138 -4.793778
2 6.369053 7.395519
5 11.843643 -3.203528
6 -1.283447 6.682889
10 11.843643 -3.203528
4 3.034138 -4.793778
4 3.034138 -4.793778
3 9.414363 -4.320782
4 6.768423 3.232237
7 -1.634059 4.129564
4 3.034138 -4.793778
6 -4.829417 6.682889
4 3.034138 -4.793778
6 -1.283447 6.682889
5 3.034138 -4.793778
1 3.034138 -4.793778
4 3.034138 -4.793778
2 -5.356201 -6.496265
10 17.084902 1.278952
1 3.034138 -4.793778
2 6.131427 -2.566574
1 3.034138 -4.793778
3 3.034138 -4.793778
6 3.162938 -6.091433
5 -3.375886 4.718577
9 3.034138 -4.793778
6 -4.829417 5.673124
8 1.622837 6.216183
6 -1.283447 5.673124
3 3.034138 -4.793778
9 4.642872 -3.252626
4 3.034138 -4.793778
10 20.022456 9.735136
5 3.034138 -4.793778
9 -4.341717 -0.796997
2 4.108367 -5.547285
6 5.640223 -2.282800
1 3.034138 -4.793778
1 3.034138 -4.793778
2 3.247784 4.116485
6 -4.829417 6.682889
6 3.858105 3.097964
1 3.034138 -4.793778
1 3.034138 -4.793778
5 -1.260028 6.255757
6 -4.829417 5.673124
8 1.622837 6.216183
2 -8.549602 -1.305065
7 7.641713 -9.950151
10 -0.696214 -4.810915
2 -0.681795 3.481875
2 -8.749622 -3.337018
5 3.034138 -4.793778
8 1.622837 6.216183
4 3.034138 -4.793778
7 4.369716 9.798755
10 7.628968 6.352959
5 11.843643 -3.203528
9 3.034138 -4.793778
6 -1.283447 6.682889
1 -0.611727 2.843802
7 7.641713 -9.950151
10 20.022456 9.735136
2 6.293825 -1.129142
5 -1.311714 -0.106146
2 6.293825 -2.904126
1 3.034138 -4.793778
5 3.034138 -4.793778
9 8.995522 -5.190106
6 -2.300972 -0.110620
9 -5.800859 -1.836562
4 3.034138 -4.793778
2 -9.427144 3.485176
6 -4.829417 5.673124
6 -1.283447 5.673124
8 1.622837 6.216183
7 7.641713 -8.719833
6 -7.598630 -5.498701
4 3.034138 -4.793778
4 -8.902464 4.709694
5 7.139075 6.109270
1 3.034138 -4.793778
7 7.641713 -9.950151
1 3.034138 -4.793778
2 10.495153 -2.904126
5 3.034138 -4.793778
8 1.622837 6.216183
8 1.622837 6.216183
7 7.641713 -9.950151
7 7.641713 -8.719833
9 8.995522 -5.190106
