10 100
P -4.628145 8.054306 -0.409871 12.442325
Z 1 -5.581518 9.244155 -6.970872 3.719589
Z 1 -4.030766 -3.030178 6.001362 7.548096
P -8.340715 -4.417067 -6.764844 0.287502
K -7.614805 -4.674488 3.920537
P -2.758819 -3.475885 -1.556717 -0.257858
Z 4 -8.340715 -4.417067 -7.913916 -3.512721
P 7.406471 2.275827 10.621078 4.904727
K -0.615680 1.390742 4.090710
P -8.739744 5.972385 -4.558526 7.154342
2 -1.2261 -1.9946
8 10.6211 4.9047
9 -0.6157 1.3907
3 -2.4582 4.5689
5 -5.2850 9.2522
1 -4.6281 8.0543
5 -7.6148 -4.6745
9 -0.6157 1.3907
3 6.8464 1.1727
9 9.8864 -4.1590
5 -7.6148 -4.6745
1 -0.4099 8.0543
5 -7.6148 -4.6745
4 -8.3407 -4.4171
6 -2.7588 -3.4759
5 -6.3281 -6.1905
10 7.2471 -8.2145
5 -7.6148 -4.6745
4 -6.9889 8.5326
8 10.6211 4.9047
4 -6.2581 6.5083
10 -4.5585 7.1543
6 -1.5567 -3.4759
1 -0.4099 8.0543
4 -8.3407 0.2875
10 -4.5585 7.1543
8 7.4065 2.2758
2 6.2197 -6.7308
3 11.4517 -2.8073
10 -4.5585 7.1543
9 -0.6157 1.3907
4 -6.7648 0.2875
5 -7.6148 -4.6745
4 -8.3407 -4.4171
4 -6.7648 -4.4171
7 -1.5834 8.9756
8 7.1147 7.6814
10 -4.5585 5.9724
8 10.6211 2.2758
10 -8.7397 7.1543
9 -0.6157 1.3907
1 -4.6281 12.4423
1 -4.6281 8.0543
2 -8.6250 14.5083
2 -4.9955 -7.1750
4 -8.3407 0.2875
4 -6.7648 0.2875
10 -8.7397 5.9724
1 -0.4099 8.0543
7 -5.7108 -0.2100
4 -6.7648 0.2875
7 -5.7108 -0.2100
6 9.2324 7.0703
9 -0.6157 1.3907
8 4.2498 -6.7452
3 -0.4099 12.4423
5 -7.6148 -4.6745
3 6.3106 -2.2863
8 7.4065 2.2758
6 3.3575 2.2395
1 -0.4099 12.4423
2 -0.4099 8.0543
2 -1.2024 -2.1130
10 -4.5585 7.1543
10 -4.5585 5.9724
4 -8.3407 -4.4171
10 -4.5585 5.9724
10 -4.5585 5.9724
8 -8.6865 -4.4425
1 -9.9321 8.2202
3 6.8934 -2.6291
5 -4.4057 -0.9279
8 10.6211 2.2758
1 -0.4099 8.0543
8 10.6211 4.9047
7 -9.3425 -3.2006
2 -4.6281 8.0543
5 -7.6148 -4.6745
9 6.8954 -8.3731
3 -0.4099 8.0543
6 -1.5567 -0.2579
8 7.4065 4.9047
2 -8.6250 14.5083
8 10.6211 4.9047
9 -0.6157 1.3907
4 -6.7648 -4.4171
5 3.5896 -3.0212
9 -0.6157 1.3907
1 -0.4099 8.0543
3 -4.6281 8.0543
5 -7.6148 -4.6745
6 7.6734 9.9922
10 -4.5585 7.1543
2 -10.7008 10.6423
7 0.0103 9.0073
10 -8.7397 7.1543
7 8.6845 -7.7550
8 5.7196 8.8997
2 -6.9843 8.6469
9 -0.6157 1.3907
