10 100
P 4.410500 3.911319 7.513473 5.463233
Z 1 6.482933 -9.915359 5.625017 -6.937348
Z 1 4.410500 3.911319 4.183086 2.937520
Z 3 1.390089 -6.880940 -1.995793 -2.672567
Z 3 4.410500 3.911319 3.824712 3.100854
K -9.684048 1.889686 2.724509
K 2.096000 3.660126 1.567606
Z 2 -0.611093 6.893623 3.488468 2.499580
P 0.939213 -8.209011 1.949965 -6.330579
K -2.965183 0.562612 2.351467
8 0.253164 -1.310501
2 -2.571289 2.557978
6 -9.684048 1.889686
1 7.513473 5.463233
5 4.410500 3.911319
1 4.410500 5.463233
1 4.410500 3.911319
8 3.849902 8.548831
10 -2.965183 0.562612
4 4.410500 3.911319
3 4.410500 3.911319
9 0.939213 -8.209011
10 6.465144 -3.836567
8 7.513473 5.463233
8 0.253164 -1.310501
4 1.628480 5.285659
3 4.410500 3.911319
1 5.215705 8.661258
2 7.513473 3.911319
4 3.114642 3.505870
9 1.949965 -8.209011
10 -2.965183 0.562612
6 -2.124488 -6.789601
6 6.290477 -5.308312
9 -2.469761 8.565067
4 -0.861879 3.332800
2 -2.571289 2.557978
7 8.583285 -6.673988
4 7.513473 5.463233
6 1.295723 9.053497
7 2.096000 3.660126
3 4.700002 -5.246663
2 0.056108 4.208804
5 -2.136119 7.509869
2 7.513473 3.911319
6 -9.684048 1.889686
3 4.410500 3.911319
9 1.949965 -8.209011
1 4.410500 5.463233
8 4.410500 5.463233
9 1.949965 -8.209011
8 0.881748 2.894743
2 0.881748 2.894743
10 -2.965183 0.562612
8 -3.829105 8.291400
1 -1.461148 -0.027006
6 -9.684048 1.889686
7 4.889030 -3.205281
9 0.939213 -8.209011
10 -2.965183 0.562612
1 -4.970208 -8.276798
7 2.096000 3.660126
3 -8.886178 -5.564361
10 -2.965183 0.562612
5 5.884073 4.398163
10 -2.965183 0.562612
2 7.513473 3.911319
4 4.410500 5.463233
1 1.769219 -3.958873
3 -1.556665 9.969615
4 5.771367 -1.748480
7 2.216009 -7.357011
7 -3.311317 4.793137
10 -2.965183 0.562612
2 -3.549264 -1.292097
7 2.096000 3.660126
8 1.510679 -7.654991
5 4.410500 3.911319
2 -1.745649 1.243918
9 1.949965 -8.209011
5 4.410500 3.911319
8 -1.096435 6.254076
7 2.096000 3.660126
5 7.568019 8.825808
1 7.513473 5.463233
1 4.410500 3.911319
7 -8.662233 5.897317
6 -9.684048 1.889686
4 4.410500 3.911319
6 -4.427621 9.630237
2 -6.893824 -2.484046
4 -9.798584 -7.520722
10 -2.965183 0.562612
7 2.096000 3.660126
5 4.910652 7.344499
1 -2.336429 4.118294
5 4.410500 3.911319
7 3.369897 3.936216
3 4.410500 3.911319
8 3.274792 5.127409
10 2.628774 -8.953942
6 -9.684048 1.889686
9 0.939213 -8.209011
6 -8.162268 2.173285
7 2.096000 3.660126
6 -9.684048 1.889686
10 -2.965183 0.562612
2 7.513473 5.463233
6 7.840696 -2.559647
1 7.513473 5.463233
