10 100
P -0.730556 -6.947016 2.064067 -3.236273
K 3.957149 3.255793 1.397905
K 2.925344 -6.291879 2.577755
P 8.264553 1.912493 9.999176 6.525273
K -3.169833 -7.267344 4.953470
P 0.976492 -7.677970 2.447468 -2.820878
K -7.846046 9.943645 1.588679
P -9.667704 7.484860 -6.831365 10.902508
K -0.973495 -8.764778 2.803610
K -7.901339 -3.489411 2.250735
9 3.012737 -1.966658
4 9.999176 6.525273
3 2.925344 -6.291879
6 0.976492 -2.820878
2 3.957149 3.255793
1 -0.730556 -3.236273
3 3.686544 -3.157773
8 -9.667704 10.902508
1 -0.730556 -6.947016
1 2.064067 -3.236273
1 -0.730556 -3.236273
9 -0.973495 -8.764778
1 -0.730556 -6.947016
10 -7.901339 -3.489411
7 -7.846046 9.943645
8 -3.199383 5.535537
4 0.634316 7.216011
9 -0.973495 -8.764778
2 3.957149 3.255793
4 9.999176 1.912493
9 -0.973495 -8.764778
7 -7.846046 9.943645
2 1.456936 6.412815
1 -9.228494 0.370012
3 2.925344 -6.291879
7 -7.846046 9.943645
7 -7.846046 9.943645
8 -7.527607 7.595654
5 -3.169833 -7.267344
3 2.925344 -6.291879
6 0.976492 -2.820878
6 2.447468 -2.820878
3 2.925344 -6.291879
6 2.447468 -7.677970
2 5.910786 -0.775815
10 -9.769205 7.420472
8 -9.667704 10.902508
8 -9.667704 10.902508
5 -3.169833 -7.267344
10 7.808580 4.884140
3 2.925344 -6.291879
3 2.925344 -6.291879
7 -7.846046 9.943645
6 2.447468 -2.820878
3 -6.110125 3.802999
4 9.999176 1.912493
9 -5.649818 -9.836357
3 -9.332899 4.010831
3 -3.861643 -5.033343
8 3.270920 -7.597939
3 -0.970420 -0.126536
6 2.447468 -2.820878
1 -0.730556 -6.947016
3 2.925344 -6.291879
9 -0.973495 -8.764778
6 2.447468 -7.677970
5 3.031852 9.516089
7 -7.846046 9.943645
8 -6.831365 10.902508
10 -7.901339 -3.489411
1 4.461218 7.878545
7 2.880496 -9.545582
10 -7.901339 -3.489411
10 -7.901339 -3.489411
5 -3.169833 -7.267344
4 8.264553 1.912493
5 -3.169833 -7.267344
7 -7.846046 9.943645
1 -0.730556 -6.947016
8 -6.831365 10.902508
3 2.925344 -6.291879
10 -7.233104 9.518778
3 2.925344 -6.291879
9 -0.973495 -8.764778
6 2.447468 -2.820878
9 -0.973495 -8.764778
8 -6.831365 7.484860
5 -3.169833 -7.267344
10 -7.901339 -3.489411
2 5.029194 -2.761454
6 2.447468 -7.677970
1 6.479833 3.995497
5 0.573585 -5.610739
6 2.447468 -7.677970
8 -6.831365 10.902508
2 3.957149 3.255793
9 -9.705608 -8.149587
4 9.999176 6.525273
4 -1.355697 -5.778372
5 3.913533 4.191525
1 -0.730556 -3.236273
3 -3.951342 -1.961750
5 5.967622 3.282583
8 -9.667704 10.902508
10 -7.901339 -3.489411
10 -7.901339 -3.489411
2 -2.056245 -4.676227
10 -7.901339 -3.489411
5 -3.169833 -7.267344
5 -3.169833 -7.267344
