10 100
P -8.354235 7.243532 -6.234079 11.924339
Z 1 3.819457 -3.786398 5.149815 -2.418261
Z 1 3.805466 -4.079273 -2.834889 -6.313771
Z 3 -0.947255 3.886703 4.227952 -8.430053
P 4.899295 -5.951294 7.449952 -2.175060
K -7.104371 -7.775569 2.271207
P -8.209490 4.534592 -6.023061 8.639966
K -2.153651 -7.705230 3.206861
Z 8 -1.708762 1.759762 -9.433404 1.989293
K 8.270891 -9.113263 4.336756
2 -8.3542 7.2435
10 8.2709 -9.1133
10 8.2709 -9.1133
2 -6.2341 11.9243
6 -7.1044 -7.7756
10 9.5158 -7.8969
5 5.0988 5.6755
2 -8.2944 8.5160
2 -8.3542 7.2435
10 8.2709 -9.1133
6 -7.1044 -7.7756
1 -7.3460 -5.6550
10 8.2709 -9.1133
6 -7.1044 -7.7756
2 19.8648 -15.5155
4 5.2343 9.0836
8 4.4420 6.1816
8 -2.1537 -7.7052
3 -4.6985 9.2967
7 -3.4627 -7.2340
9 -1.5909 11.2345
1 -6.2341 7.2435
7 -8.2095 4.5346
3 0.9646 -20.4498
5 7.4500 -5.9513
8 -2.1537 -7.7052
10 8.2709 -9.1133
5 4.8993 -5.9513
6 1.0586 -5.5613
6 9.9077 7.1058
10 8.2709 -9.1133
1 -6.2341 11.9243
9 -2.1537 -7.7052
2 19.8648 -15.5155
8 -2.1537 -7.7052
8 -8.4596 9.1823
3 5.4833 -22.8966
3 2.6535 -19.1681
10 8.2709 -9.1133
7 -8.2095 8.6400
2 -6.2341 7.2435
2 19.8055 -13.3962
1 -8.3542 7.2435
10 8.2709 -9.1133
10 8.2709 -9.1133
7 -8.2095 4.5346
9 -2.1537 -7.7052
7 -6.0231 8.6400
1 -8.3542 11.9243
4 0.9646 -20.4498
5 2.3141 1.3502
1 -6.2341 11.9243
2 15.1859 -15.6465
9 7.1915 -7.1044
6 8.0233 -5.6908
5 7.4500 -2.1751
2 -6.2341 11.9243
8 -5.4721 0.2089
1 -6.2341 11.9243
1 -8.3542 7.2435
2 15.1265 -13.5272
10 8.2709 -9.1133
6 -7.1044 -7.7756
8 -0.1429 9.8006
6 -7.1044 -7.7756
9 3.9721 3.6059
1 -8.3542 11.9243
9 -2.1537 -7.7052
2 6.7184 5.9228
9 0.2903 2.2078
8 6.3003 7.8642
5 7.4500 -5.9513
9 1.6216 6.0266
8 -2.1537 -7.7052
6 -6.5075 -7.6252
4 -4.4709 -8.6984
4 2.6535 -19.1681
3 8.9923 -6.8822
6 -7.1044 -7.7756
10 8.2709 -9.1133
10 8.2709 -9.1133
7 -8.2095 8.6400
5 4.8993 -5.9513
10 8.2709 -9.1133
5 7.4500 -5.9513
6 1.2330 -7.6171
9 8.9012 -0.3502
7 5.8968 6.6405
3 2.6535 -19.1681
3 -6.2341 7.2435
8 -2.4175 7.2161
5 7.4500 -2.1751
8 -8.4663 6.1730
2 -5.3902 8.8733
6 -7.1044 -7.7756
7 -6.0231 8.6400
2 -8.3542 11.9243
4 0.3553 10.0122
9 -1.5909 11.2345
6 -7.1044 -7.7756
