10 100
K -3.123677 -0.870422 4.536480
P 0.399467 -6.411413 5.149419 -4.478674
P -0.071370 -4.676326 4.160737 -1.932576
Z 3 -7.500018 7.472380 0.347453 5.188196
K -3.938739 5.518353 1.272011
P 4.831896 -6.933799 7.385793 -5.693503
Z 4 -0.071370 -1.932576 -0.396556 -0.986925
K 3.460271 -7.787533 1.161120
Z 1 1.412681 -0.837207 1.405360 0.162766
K -5.602046 -3.984759 2.135446
3 1.882363 -3.071359
1 -3.123677 -0.870422
5 -3.938739 5.518353
4 -0.071370 -1.932576
3 -0.071370 -4.676326
3 4.160737 -1.932576
1 -2.392491 0.519166
1 -3.123677 -0.870422
10 -5.602046 -3.984759
10 -8.815621 -1.835349
5 -3.938739 5.518353
9 5.949040 -0.803993
7 4.160737 -1.932576
1 -3.123677 -0.870422
7 3.815604 11.421392
10 -5.602046 -3.984759
2 5.149419 -4.478674
6 4.831896 -6.933799
2 5.149419 -6.411413
10 -5.602046 -3.984759
7 -8.492655 -3.168171
1 1.134442 9.593049
2 5.246282 -9.642723
6 4.831896 -5.693503
8 3.460271 -7.787533
9 -3.123677 -0.870422
7 -0.071370 -1.932576
9 5.949040 -0.803993
8 3.460271 -7.787533
10 -5.602046 -3.984759
2 0.399467 -6.411413
5 -3.938739 5.518353
5 -3.938739 5.518353
9 -3.123677 -0.870422
9 -7.137271 0.545306
2 0.399467 -4.478674
3 9.912598 -7.462861
9 -3.123677 -0.870422
10 -5.602046 -3.984759
10 -5.602046 -3.984759
1 -3.123677 -0.870422
3 4.160737 -4.676326
8 3.460271 -7.787533
8 -2.732499 7.813391
3 9.508959 -2.059621
3 4.160737 -4.676326
10 -5.602046 -3.984759
2 5.149419 -6.411413
10 -5.602046 -3.984759
6 7.385793 -6.933799
2 8.596021 2.282574
7 4.682200 -2.747277
2 -0.756872 2.978591
3 4.160737 -1.932576
6 7.385793 -5.693503
6 7.385793 -5.693503
10 -5.602046 -3.984759
2 0.399467 -6.411413
4 8.859112 11.465266
7 -11.349288 6.206564
6 7.385793 -5.693503
3 -0.071370 -1.932576
8 3.460271 -7.787533
5 0.979087 7.456004
5 -3.938739 5.518353
6 7.385793 -5.693503
6 7.385793 -5.693503
5 -3.938739 5.518353
1 -3.123677 -0.870422
10 -5.602046 -3.984759
5 -3.938739 5.518353
3 -0.071370 -4.676326
4 9.006047 4.391284
10 -5.602046 -3.984759
4 4.160737 -1.932576
10 -5.602046 -3.984759
3 -9.400815 9.853402
8 3.460271 -7.787533
3 -0.071370 -1.932576
7 -15.353121 3.139282
2 5.149419 -6.411413
10 -5.602046 -3.984759
9 -4.041313 -9.258760
3 4.160737 -1.932576
5 -3.938739 5.518353
2 -0.048636 1.827153
1 -3.123677 -0.870422
3 -0.071370 -1.932576
10 7.213449 7.175485
7 8.859112 11.465266
6 7.385793 -6.933799
5 3.224237 -6.392920
2 -9.403584 5.949153
2 0.399467 -4.478674
7 7.386606 9.150121
3 4.160737 -4.676326
6 -2.545214 -0.525658
5 -3.938739 5.518353
6 4.831896 -6.933799
9 5.949040 -0.803993
