10 100
K 8.304826 -0.304992 2.062199
Z 1 9.601429 1.298594 8.823820 1.927342
K -1.542871 -8.225381 2.001379
Z 3 -7.610333 6.755975 -4.977851 9.817918
P 5.950519 3.030100 8.641604 7.155638
P 5.288686 -6.579273 6.365420 -4.074492
K -5.735672 0.412416 1.035606
P 3.465137 -0.004048 6.392797 3.535650
Z 6 6.365420 -4.074492 6.995736 -3.298154
K -1.945531 0.016077 3.749675
3 -1.542871 -8.225381
10 -1.945531 0.016077
6 6.365420 -4.074492
3 -1.542871 -8.225381
1 8.304826 -0.304992
8 6.392797 3.535650
8 3.465137 -0.004048
1 8.304826 -0.304992
1 3.177089 -4.686054
1 8.304826 -0.304992
10 1.015449 3.912821
1 8.304826 -0.304992
7 -5.735672 0.412416
3 -1.542871 -8.225381
8 6.392797 -0.004048
5 8.641604 3.030100
6 -5.240381 -1.807537
7 -3.192765 1.330112
1 1.985877 5.800110
10 4.864487 -5.623020
4 -1.542871 -8.225381
1 8.304826 -0.304992
10 -1.945531 0.016077
9 6.365420 -6.579273
8 3.465137 -0.004048
5 3.146137 -9.160769
3 4.158830 -9.221637
10 -7.810930 -1.558686
3 -1.542871 -8.225381
4 -1.542871 -8.225381
4 -23.332242 10.507864
2 10.898032 2.902179
2 8.304826 -0.304992
7 -5.735672 0.412416
9 6.365420 -4.074492
5 -2.752067 -4.214957
5 5.950519 3.030100
10 -1.945531 0.016077
2 6.277389 -6.337179
9 -3.104024 2.811873
8 6.392797 3.535650
2 8.304826 -0.304992
5 5.950519 7.155638
2 8.304826 -0.304992
10 -2.117286 9.287517
8 6.392797 3.535650
8 6.392797 3.535650
7 -5.735672 0.412416
7 -5.735672 0.412416
3 -1.542871 -8.225381
4 -23.332242 10.507864
8 5.405337 3.729598
2 10.898032 2.902179
6 5.288686 -6.579273
6 5.288686 -4.074492
6 6.365420 -4.074492
7 -5.735672 0.412416
6 0.585875 7.413254
5 -9.161681 4.983462
2 10.898032 2.902179
2 10.898032 2.902179
9 6.365420 -4.074492
7 -5.735672 0.412416
3 -1.542871 -8.225381
1 8.304826 -0.304992
10 -1.945531 0.016077
8 6.392797 -0.004048
9 6.365420 -6.579273
5 5.950519 7.155638
5 5.950519 7.155638
10 7.818937 5.402731
7 -5.735672 0.412416
5 -0.970958 0.824596
3 -0.909650 -6.044761
8 6.392797 3.535650
1 8.304826 -0.304992
6 6.365420 -4.074492
8 6.392797 3.535650
7 -5.735672 0.412416
3 -1.542871 -8.225381
4 -9.058045 -4.332007
8 3.465137 3.535650
6 9.855163 5.304692
7 -6.795859 -7.914106
2 10.898032 2.902179
8 5.675344 -1.481689
6 6.365420 -6.579273
2 -6.187281 0.847094
10 -1.945531 0.016077
3 -9.361099 -0.416561
3 3.322116 4.830899
10 -1.945531 0.016077
6 5.288686 -6.579273
2 8.304826 -0.304992
2 8.304826 -0.304992
8 3.465137 3.535650
10 -7.662752 -4.719845
8 2.332821 -5.888075
3 -1.542871 -8.225381
4 -1.542871 -8.225381
