10 100
P -0.632963 -5.662331 2.943592 -2.569990
K -4.695530 5.657355 3.476918
P 4.218184 9.314983 8.389645 14.117808
K 6.680124 6.158763 4.165856
Z 4 6.541330 10.322306 5.541885 10.288989
P 6.050431 2.506253 8.731873 5.656949
K 5.430353 5.024304 1.387583
Z 6 8.731873 5.656949 8.288589 6.553331
P 2.457203 -7.358730 4.666202 -4.408513
P 7.482278 9.645009 10.960791 11.562373
9 4.6662 -4.4085
1 -0.6330 -2.5700
10 7.4823 9.6450
5 6.6801 6.1588
5 6.6801 6.1588
6 7.6415 -6.3837
8 1.7300 -5.5943
7 5.4304 5.0243
3 -9.3125 7.4967
5 0.8105 5.8377
3 4.2182 14.1178
9 2.4572 -4.4085
9 4.6662 -7.3587
6 8.7319 2.5063
5 3.6738 6.3066
8 8.7319 5.6569
1 -0.6330 -5.6623
5 6.4025 14.4858
9 2.4572 -7.3587
10 -0.2329 3.5542
9 2.4572 -7.3587
9 2.4572 -7.3587
10 -8.0485 -3.8583
3 4.2182 9.3150
2 -2.6024 -3.8273
1 -0.6330 -2.5700
3 -4.8141 4.5039
3 4.2182 9.3150
2 -4.6955 5.6574
10 7.4823 9.6450
7 5.4304 5.0243
7 5.4304 5.0243
6 6.0504 2.5063
1 -6.3311 0.2031
3 8.3896 14.1178
3 8.3896 9.3150
10 10.9608 9.6450
4 1.5610 -9.8531
8 6.0504 2.5063
3 8.3896 14.1178
7 3.6732 7.4359
5 6.4025 14.4858
3 4.2182 9.3150
10 -9.8899 8.0029
1 2.9436 -5.6623
3 4.2182 14.1178
6 6.0504 5.6569
3 4.2182 14.1178
10 10.9608 11.5624
10 7.4823 9.6450
6 6.0504 2.5063
10 10.9608 9.6450
5 6.4025 14.4858
10 10.9608 11.5624
4 6.6801 6.1588
8 6.0504 5.6569
5 3.9915 -2.3635
6 9.0766 9.9469
4 6.6801 6.1588
4 6.6801 6.1588
5 6.6801 6.1588
4 6.6801 6.1588
2 -3.0735 -5.0209
7 4.2134 -5.6764
6 8.7319 2.5063
3 -9.7060 -7.4782
7 5.4304 5.0243
10 -0.6296 -1.0523
9 2.4572 -7.3587
10 10.9608 11.5624
7 5.4304 5.0243
9 2.4572 -4.4085
5 9.8147 3.5352
10 10.9608 11.5624
7 5.4304 5.0243
1 2.7892 -7.4956
4 6.6801 6.1588
7 5.4304 5.0243
1 2.8520 -3.4253
8 11.2357 3.7445
3 -9.8126 6.1813
2 -4.6955 5.6574
4 -6.2772 -4.3876
10 10.9608 11.5624
9 2.4572 -4.4085
1 -0.6330 -2.5700
10 7.4823 9.6450
5 6.4025 14.4858
6 4.9025 3.1602
3 8.3896 14.1178
3 1.7905 -2.2325
3 8.3896 14.1178
9 2.4572 -4.4085
1 2.9436 -5.6623
1 -0.6330 -2.5700
8 11.2357 3.7445
4 8.0823 -1.7330
4 -9.0824 5.4608
10 7.4823 11.5624
2 -4.6955 5.6574
