10 100
P -2.510496 9.751466 2.130288 13.464646
K -9.474048 1.478256 4.453201
P 1.867962 -6.266235 6.484638 -4.892002
Z 3 6.393286 -7.105715 -3.529248 4.068469
Z 3 -3.813765 1.411600 2.883041 -5.483929
Z 2 -9.474048 1.478256 -10.106314 0.703505
P -9.302111 8.745016 -6.101373 9.795958
K -6.650238 -9.679300 4.079962
P -5.215657 -2.639304 -4.133297 -1.262932
Z 3 -1.586610 1.071377 -1.845934 -2.231570
5 -3.4111 5.2700
9 -5.2157 -1.2629
6 4.8381 3.3792
2 -9.4740 1.4783
9 7.5315 -0.8614
7 -9.3021 8.7450
2 -9.4740 1.4783
1 4.5338 5.1575
4 5.6211 4.6478
8 -5.0684 -5.6977
8 9.6594 -4.6922
8 -1.6705 1.6325
6 -9.4740 1.4783
10 1.8680 -6.2662
9 -5.2157 -1.2629
6 -9.4740 1.4783
2 -4.5656 9.5945
8 -6.6502 -9.6793
8 -6.6502 -9.6793
4 1.8680 -6.2662
5 1.8680 -6.2662
3 1.8680 -4.8920
7 0.4606 8.8100
6 -9.4740 1.4783
8 -6.6502 -9.6793
10 -9.6509 -6.9127
1 0.8301 4.6961
7 7.5828 -8.6158
2 -9.0298 -3.2439
1 8.8989 -3.5356
9 -4.1333 -2.6393
3 6.4846 -6.2662
7 -0.7855 1.2734
7 5.1199 1.4879
5 2.3210 -4.4520
3 6.4846 -6.2662
4 3.8787 4.4459
7 -9.3021 8.7450
7 0.4136 -9.7477
3 -4.1018 7.5799
8 -1.7041 2.3795
8 -6.6502 -9.6793
2 -9.4740 1.4783
10 1.8680 -6.2662
5 -2.8347 0.4965
7 -1.8744 -5.5657
8 -6.6502 -9.6793
7 -9.3021 9.7960
2 -9.4740 1.4783
7 2.2499 0.7506
4 1.8680 -4.8920
2 -7.5062 7.8358
7 -6.1014 9.7960
2 -9.4740 1.4783
4 5.5489 -7.0972
3 0.7733 -4.1115
3 1.8680 -4.8920
4 1.0926 -4.0055
6 -9.4740 1.4783
2 0.6874 1.3826
3 6.4846 -4.8920
1 -2.5105 13.4646
6 -9.4740 1.4783
8 -6.2300 0.4866
2 -9.4740 1.4783
3 -4.9130 3.0482
8 -6.6502 -9.6793
2 -4.2543 -3.4267
8 -6.6502 -9.6793
2 6.7757 9.7345
8 8.7874 7.7082
1 2.1303 13.4646
1 -2.5105 13.4646
3 1.8680 -6.2662
7 -6.1014 8.7450
7 -9.3021 9.7960
3 -4.2122 -6.5776
8 -6.6502 -9.6793
8 -6.6502 -9.6793
6 -9.4740 1.4783
3 2.6393 4.6389
2 -9.4740 1.4783
4 6.4846 -6.2662
6 6.5916 5.3550
4 7.7292 8.2177
3 -9.2875 5.7320
5 1.8680 -4.8920
5 1.8680 -6.2662
6 6.8879 -7.8387
5 2.1861 -9.0667
10 -10.4896 -3.5593
1 -2.5105 13.4646
10 1.8680 -6.2662
9 -4.1333 -1.2629
2 -9.1889 -7.1712
6 -9.4740 1.4783
2 -9.4740 1.4783
7 -6.1014 8.7450
1 -2.5105 13.4646
4 6.4846 -6.2662
