10 100
P 5.427173 -4.831564 6.499774 -3.728805
P 6.693759 3.817682 10.665213 6.753402
Z 2 -7.921447 8.280491 4.503256 5.374812
P 6.698577 -3.450633 10.850664 -2.159629
K 8.321928 7.227855 3.752728
K -9.182663 5.721843 1.267918
Z 3 10.665213 6.753402 9.970176 6.034428
P 0.524538 3.635544 2.517919 6.881410
P -0.666597 -9.611932 2.945180 -7.540734
K -6.233582 8.519427 3.773392
10 -6.2336 8.5194
6 -9.1827 5.7218
10 7.0169 -9.5783
1 6.4998 -3.7288
2 -5.8177 -7.5354
3 6.6938 6.7534
5 2.3997 -9.4467
9 -0.6666 -9.6119
8 -3.2978 -9.2025
9 -6.1135 4.4083
1 8.3381 1.4373
8 2.0606 -8.1144
7 4.6065 -4.6211
8 2.5179 3.6355
9 -0.6666 -7.5407
3 10.7167 4.0378
4 6.6986 -3.4506
9 -7.4390 -7.9821
7 9.8301 3.2150
7 10.6652 6.7534
3 10.6652 6.7534
3 6.6938 6.7534
4 6.6986 -3.4506
9 -0.6666 -9.6119
7 9.4148 1.4065
6 -6.4637 -1.8338
7 10.6652 6.7534
2 4.0056 -3.2391
10 -6.2336 8.5194
2 -5.5418 -9.8254
2 -9.5071 -3.9906
7 2.4635 8.3003
6 6.1931 -5.5567
3 10.7167 4.0378
10 0.0156 0.8898
9 -0.6666 -9.6119
4 6.6986 -3.4506
5 8.3219 7.2279
8 -9.9190 -4.7800
4 6.6986 -3.4506
1 6.4998 -4.8316
9 -7.5056 5.5193
2 10.6652 6.7534
8 2.5179 3.6355
1 5.4272 -4.8316
4 6.6986 -3.4506
10 -6.2336 8.5194
8 0.5245 6.8814
2 -4.8686 7.0116
7 -5.2009 8.5241
3 10.6652 6.7534
6 -9.1827 5.7218
9 -6.8934 1.8519
10 -6.2336 8.5194
10 6.8955 -4.7721
4 10.8507 -2.1596
4 6.6986 -2.1596
7 6.6938 3.8177
6 -9.1827 5.7218
10 6.9810 -9.5702
5 8.3219 7.2279
8 0.5245 3.6355
5 1.1256 -4.3615
8 0.5245 3.6355
6 -9.1827 5.7218
8 0.5245 6.8814
5 -4.4233 9.1609
4 8.4635 -5.5581
6 -0.8505 -9.0855
4 6.6986 -3.4506
8 2.5179 3.6355
1 5.4272 -3.7288
5 8.3219 7.2279
2 10.6652 3.8177
6 -9.1827 5.7218
4 10.8507 -3.4506
10 5.7088 -9.3391
7 1.5413 -0.5819
4 10.8507 -3.4506
3 10.7167 4.0378
9 2.9452 -9.6119
8 0.5245 3.6355
6 2.0041 -2.8814
8 -1.5512 -5.2639
2 10.6652 3.8177
10 -6.2336 8.5194
6 -6.6938 -6.3694
10 -1.8560 1.4478
5 -8.5302 5.0353
3 -5.2064 0.0765
7 6.6938 3.8177
8 2.5179 6.8814
8 2.5179 3.6355
7 6.6938 3.8177
5 5.5430 -8.8102
2 6.6938 6.7534
5 -6.9821 7.1889
2 10.6652 3.8177
1 9.0044 -5.1528
5 8.3219 7.2279
