10 100
P -5.250444 -2.054006 -1.989965 1.896262
P -6.779912 -8.202104 -4.816545 -7.168746
K 0.577971 6.060916 4.677772
K 2.550789 5.991713 1.932597
K -9.194784 1.269070 3.232267
Z 2 -9.381655 0.835767 5.115511 5.206539
Z 2 9.410291 2.713043 -5.469218 2.044673
P -7.504857 9.086091 -2.658873 11.284043
P -2.955644 7.625449 0.567792 9.812849
P -2.790786 1.220249 0.586970 4.196437
4 -4.548313 4.291963
4 2.550789 5.991713
10 -2.790786 1.220249
6 -11.637902 8.944444
2 -6.779912 -8.202104
9 -2.955644 7.625449
8 9.280912 -4.842219
1 -1.989965 1.896262
5 -9.194784 1.269070
5 -9.194784 1.269070
3 0.577971 6.060916
8 -3.270308 9.900500
1 -0.077598 2.152015
2 -6.779912 -7.168746
10 -2.790786 4.196437
6 -6.779912 -7.168746
10 -3.455405 1.108337
4 -5.107317 -7.322499
2 -4.816545 -7.168746
2 -4.816545 -7.168746
1 6.913114 -8.780487
3 -3.743556 0.644631
9 0.567792 7.625449
1 -5.250444 1.896262
5 -9.194784 1.269070
7 4.734698 -3.639092
3 0.577971 6.060916
4 2.550789 5.991713
7 -6.942566 -5.200137
2 -4.816545 -7.168746
2 -9.420959 6.616748
10 -2.790786 1.220249
8 -4.523248 -4.984654
2 -6.779912 -7.168746
4 5.620223 -9.272720
4 2.550789 5.991713
2 -6.779912 -8.202104
9 0.567792 7.625449
6 -6.779912 -7.168746
8 -7.504857 11.284043
9 -2.955644 9.812849
4 2.550789 5.991713
2 -6.779912 -7.168746
1 -1.989965 1.896262
3 0.577971 6.060916
1 -7.123669 8.731184
8 -7.504857 11.284043
9 0.567792 7.625449
3 0.577971 6.060916
3 0.577971 6.060916
6 0.937707 0.112177
7 -5.645218 11.279504
2 2.192469 5.257119
2 -8.682716 2.559908
6 9.972980 0.420806
5 -4.763745 -4.433560
8 -7.504857 9.086091
10 0.586970 4.196437
1 -1.989965 1.896262
4 2.550789 5.991713
1 7.183722 0.620560
5 -9.194784 1.269070
1 3.772097 2.572777
1 -1.989965 1.896262
2 -6.779912 -8.202104
5 -3.665547 1.856776
9 0.567792 7.625449
3 0.577971 6.060916
8 -2.658873 11.284043
9 0.567792 7.625449
9 -9.175500 1.779436
5 5.177566 -1.029561
2 -6.779912 -8.202104
9 8.714195 -7.483309
4 2.550789 5.991713
4 2.550789 5.991713
2 -4.816545 -8.202104
7 -4.207023 9.832761
8 -2.658873 11.284043
10 0.586970 4.196437
7 -7.693326 12.132671
1 -0.122728 6.554850
10 0.586970 4.196437
4 2.550789 5.991713
7 -4.816545 -7.168746
9 -9.207374 -5.441837
6 7.696903 -6.536363
2 -6.779912 -7.168746
8 1.787886 3.592001
10 -2.790786 1.220249
1 -1.989965 -2.054006
9 -3.740605 5.064520
7 -5.737866 12.308700
3 0.577971 6.060916
5 -9.194784 1.269070
2 -9.239202 -8.031130
9 -3.916706 -8.640286
6 -6.779912 -8.202104
9 0.567792 9.812849
8 -7.504857 11.284043
