10 100
K -8.340660 9.326231 4.124193
K 8.223966 2.992590 2.837787
Z 1 -10.031275 5.564478 -9.119156 5.154552
K -1.481990 5.548416 2.604636
Z 1 -4.229772 9.657232 -4.310030 10.654006
K 6.194344 -7.603376 2.662959
Z 4 -1.481990 5.548416 -0.858199 6.330007
K -8.437189 -1.623406 4.993011
K 3.739754 -8.652588 2.383120
K 4.165589 1.748005 1.307701
1 -8.340660 9.326231
4 7.020174 -3.835569
1 -8.340660 9.326231
4 -1.481990 5.548416
1 -8.340660 9.326231
4 -7.576142 9.817322
9 3.739754 -8.652588
1 -8.340660 9.326231
7 -1.481990 5.548416
7 -1.481990 5.548416
7 -1.481990 5.548416
8 -8.437189 -1.623406
10 0.763976 7.188909
1 -7.845989 -4.613295
4 4.752533 1.733998
7 8.759115 -2.012869
2 8.223966 2.992590
5 -6.940941 -5.040783
10 4.165589 1.748005
8 -2.782630 -3.316921
6 6.194344 -7.603376
5 -4.766611 3.991360
2 8.223966 2.992590
6 9.648358 -9.770059
8 -8.437189 -1.623406
6 -8.233459 6.061155
5 -8.340660 9.326231
6 9.962860 -3.743295
1 -6.276839 -0.716591
2 8.223966 2.992590
9 -5.184083 0.400630
1 -8.340660 9.326231
10 4.165589 1.748005
8 -8.437189 -1.623406
1 7.394500 -3.887701
7 -1.481990 5.548416
2 8.223966 2.992590
6 6.194344 -7.603376
2 1.020343 6.527303
4 -1.481990 5.548416
7 -1.481990 5.548416
4 6.690194 0.371693
6 4.796979 -9.350526
3 -11.721889 1.802725
9 0.199162 2.824787
6 6.194344 -7.603376
3 9.599296 -2.266029
1 -8.340660 9.326231
3 3.001501 -5.771984
1 -3.134938 3.097833
1 -4.493686 -7.388595
7 -1.481990 5.548416
2 8.223966 2.992590
3 5.264897 5.001650
1 -8.340660 9.326231
4 -1.481990 5.548416
1 -8.340660 9.326231
10 2.324401 -2.070225
9 3.739754 -8.652588
5 -0.118884 9.988233
1 -8.340660 9.326231
6 -7.508460 7.116376
5 -8.340660 9.326231
10 -0.874352 -0.793367
7 9.805057 1.361362
4 -1.481990 5.548416
9 3.739754 -8.652588
9 3.739754 -8.652588
6 6.194344 -7.603376
2 -2.785086 9.487383
10 -8.623215 -1.474910
10 4.165589 1.748005
2 5.599138 -8.078850
6 2.404196 5.860798
6 6.194344 -7.603376
7 -1.481990 5.548416
3 0.296720 -5.721911
9 -0.972778 -7.383569
3 -8.340660 9.326231
7 -1.481990 5.548416
7 -1.481990 5.548416
10 9.891599 -7.607812
8 -8.437189 -1.623406
6 3.855423 -9.244434
1 -2.999906 0.737631
2 -1.616613 -9.441267
6 6.194344 -7.603376
4 -1.481990 5.548416
3 -0.956195 -5.519082
4 -1.481990 5.548416
8 6.088732 -0.900237
6 6.285941 -9.238956
9 3.739754 -8.652588
10 2.738069 9.621514
7 8.454911 -3.017353
1 -8.340660 9.326231
1 7.423726 8.185575
6 6.194344 -7.603376
6 6.194344 -7.603376
3 -9.878391 0.541245
