10 100
P -8.075997 2.235098 -3.492008 6.373524
Z 1 0.343463 2.338284 2.365322 -3.889408
P -2.541591 -6.452395 2.403076 -3.491430
K 5.535142 -0.457794 3.355067
K -1.217524 -8.664589 2.864867
K 8.765453 7.881732 4.582328
P -0.009813 -0.360952 3.446470 2.956041
P 0.450059 -3.528162 1.745144 0.338193
K 4.884462 -5.211723 2.433710
P -4.270278 6.533709 -2.882318 10.665204
6 8.7655 7.8817
9 4.8845 -5.2117
2 -6.6974 -4.9778
10 -7.2564 -8.5957
3 2.4031 -3.4914
3 -2.5416 -6.4524
10 -4.2703 6.5337
7 3.4465 2.9560
1 -3.4920 2.2351
7 7.1199 -7.3839
6 8.7655 7.8817
6 8.7655 7.8817
5 -1.2175 -8.6646
3 -2.5416 -3.4914
6 8.7655 7.8817
5 -0.1576 -6.0592
2 9.9776 8.9846
6 -9.3777 -5.6572
8 0.4501 -3.5282
4 5.5351 -0.4578
6 8.7655 7.8817
7 1.3409 9.7251
2 -3.4920 2.2351
10 4.5192 -0.5344
4 5.5351 -0.4578
6 8.7655 7.8817
9 4.8845 -5.2117
6 8.7655 7.8817
1 -8.0760 6.3735
6 8.7655 7.8817
10 4.2048 -2.7911
4 5.5351 -0.4578
6 -7.0468 -2.0022
1 0.0354 -4.1870
2 7.5807 -7.4568
10 -4.2703 6.5337
1 -3.4920 2.2351
10 -2.8823 6.5337
1 -3.4920 6.3735
10 -2.8823 10.6652
10 -4.2703 6.5337
3 -2.5416 -3.4914
4 5.5351 -0.4578
5 -1.2175 -8.6646
4 5.5351 -0.4578
8 0.4501 -3.5282
1 -3.4920 6.3735
6 8.7655 7.8817
8 0.4501 0.3382
9 4.8845 -5.2117
7 -5.5066 9.5422
6 8.7655 7.8817
7 -2.3304 8.6007
2 -8.0760 6.3735
1 -3.4920 6.3735
9 9.7273 -4.5875
1 -3.4920 6.3735
6 5.0970 6.5604
1 -3.4920 2.2351
2 1.0772 7.8569
6 8.7655 7.8817
1 -3.4920 2.2351
10 -4.2703 6.5337
3 2.4031 -3.4914
5 -1.2175 -8.6646
7 4.7169 -6.2426
8 1.7451 -3.5282
10 -4.6229 -5.3740
10 -4.2703 6.5337
10 -2.8823 6.5337
3 -2.5416 -6.4524
5 -1.2175 -8.6646
9 4.8845 -5.2117
3 2.4031 -6.4524
2 -4.8754 -1.7769
4 5.5351 -0.4578
4 2.6307 -2.7042
10 3.8813 -3.4213
10 -4.2703 6.5337
9 4.8845 -5.2117
8 0.4501 -3.5282
5 -1.2175 -8.6646
6 8.7655 7.8817
8 1.7451 0.3382
1 -3.4920 2.2351
4 -7.2300 3.3958
4 -8.4915 8.9513
10 -2.8823 10.6652
3 2.4031 -6.4524
10 -4.2703 6.5337
10 -2.8823 6.5337
4 5.5351 -0.4578
10 -2.8823 10.6652
6 1.3987 7.3172
8 -8.6881 5.0933
1 6.0732 2.5857
7 3.4465 -0.3610
10 -2.8823 10.6652
1 -8.0760 2.2351
4 5.5351 -0.4578
