10 100
K 5.683343 9.508694 4.093288
K -1.359621 -8.280215 1.958098
Z 2 -1.359621 -8.280215 -0.486773 -8.768206
K -3.659044 8.179610 3.487187
Z 4 -3.659044 8.179610 -2.660986 8.241900
K 7.258080 -0.996086 1.889458
Z 6 -0.963372 6.654689 1.910574 1.647809
K -9.342540 -2.439510 4.597604
K 5.444801 -2.354136 3.775274
P -4.601846 -3.925106 -0.635651 -0.766882
10 -4.601846 -3.925106
2 -1.359621 -8.280215
7 6.448818 -5.423342
6 -1.664258 -4.346577
5 -3.659044 8.179610
2 -4.079217 -1.176600
8 -9.342540 -2.439510
3 -1.359621 -8.280215
4 -3.659044 8.179610
8 -9.342540 -2.439510
9 -9.613368 7.270747
10 -0.635651 -0.766882
10 -0.635651 -0.766882
8 -9.342540 -2.439510
5 -3.659044 8.179610
1 5.683343 9.508694
5 9.746178 6.204474
5 -3.659044 8.179610
6 7.258080 -0.996086
8 -9.342540 -2.439510
9 -1.571224 -7.480816
5 -6.233227 -8.309901
6 7.258080 -0.996086
3 -3.019722 -4.989519
9 5.444801 -2.354136
9 5.390272 -1.050349
3 -1.359621 -8.280215
1 5.683343 9.508694
1 5.683343 9.508694
4 -3.659044 8.179610
10 -1.410437 6.594731
7 1.496539 -4.303206
1 5.683343 9.508694
1 5.640439 2.458013
1 2.431716 4.810872
2 -1.359621 -8.280215
6 7.258080 -0.996086
8 -9.342540 -2.439510
8 -9.342540 -2.439510
9 5.444801 -2.354136
10 7.030508 -8.012613
8 -9.342540 -2.439510
6 7.258080 -0.996086
10 -4.601846 -3.925106
4 -3.659044 8.179610
2 -1.359621 -8.280215
2 -1.359621 -8.280215
9 5.444801 -2.354136
6 -2.373824 1.125988
7 1.496539 -4.303206
3 -1.359621 -8.280215
7 7.258080 -0.996086
3 -1.359621 -8.280215
5 -3.659044 8.179610
6 7.258080 -0.996086
3 -1.359621 -8.280215
10 -0.635651 -0.766882
3 -1.359621 -8.280215
10 -4.601846 -0.766882
8 5.795183 -4.365355
8 -9.342540 -2.439510
8 -3.014949 2.835757
7 1.496539 -4.303206
1 0.303624 5.450727
6 7.258080 -0.996086
9 -6.897476 1.031233
6 7.258080 -0.996086
6 7.258080 -0.996086
8 -0.683856 6.687753
1 -6.466735 9.202550
8 -9.342540 -2.439510
9 5.444801 -2.354136
3 -8.104722 2.985523
4 -2.004495 3.913008
5 -3.659044 8.179610
4 -3.659044 8.179610
7 7.258080 -0.996086
9 5.444801 -2.354136
6 6.292889 2.946365
9 5.444801 -2.354136
7 7.258080 -0.996086
7 7.258080 -0.996086
1 5.683343 9.508694
5 -0.491095 5.894820
1 5.683343 9.508694
3 -1.359621 -8.280215
7 1.496539 -4.303206
4 5.684924 -8.332758
3 -1.359621 -8.280215
9 5.444801 -2.354136
5 -3.659044 8.179610
10 -0.635651 -0.766882
7 0.133535 9.335244
4 -3.659044 8.179610
2 3.695029 5.032956
9 5.444801 -2.354136
5 -7.438234 -4.761285
5 5.407129 -6.144798
1 5.683343 9.508694
1 5.683343 9.508694
