10 100
P -2.532783 -9.173707 -0.506594 -7.685716
K 0.056520 9.739091 3.587540
P 7.177592 -1.811466 11.933372 0.095231
P -2.633135 -5.382881 -0.065609 -0.539396
K -0.431818 -1.785724 1.614866
P -3.556598 1.942297 0.737114 6.673723
Z 6 0.737114 6.673723 1.390671 7.430600
P -0.051805 7.211238 4.917696 10.272429
Z 4 -2.633135 -5.382881 -1.771139 -5.889797
Z 6 -9.472195 -2.052139 -7.301779 9.208811
9 5.646839 -7.196007
5 -0.431818 -1.785724
6 0.737114 6.673723
9 3.485763 -1.486655
10 -3.556598 1.942297
10 3.724636 -0.610955
6 0.737114 1.942297
1 -2.532783 -7.685716
4 -0.065609 -5.382881
6 -3.556598 1.942297
3 7.177592 0.095231
2 0.056520 9.739091
3 5.097246 6.500453
1 -0.506594 -9.173707
1 -5.795891 -9.894452
9 5.022749 9.790555
1 -4.394371 -3.207220
3 -6.860102 7.470571
5 -0.431818 -1.785724
7 4.395971 -9.999005
6 -3.556598 6.673723
9 -1.385130 -7.626689
7 -3.556598 6.673723
4 -2.633135 -5.382881
10 -11.720890 8.247294
4 3.463436 9.157784
7 -0.321758 -3.546447
4 -0.065609 -5.382881
5 -0.431818 -1.785724
4 -1.973685 -1.565781
5 -0.431818 -1.785724
2 6.963796 -4.827173
5 -0.431818 -1.785724
9 -0.065609 -5.382881
3 -0.455365 6.684894
5 -5.224635 -3.329311
3 2.876379 3.675895
10 -11.720890 8.247294
7 0.737114 6.673723
5 -0.431818 -1.785724
9 -4.434660 -4.528256
8 4.917696 7.211238
2 -7.076014 -2.350032
7 0.737114 6.673723
3 -2.518319 -6.316668
4 -0.065609 -5.382881
2 5.814589 -3.363216
7 0.737114 6.673723
4 -2.633135 -5.382881
10 -3.556598 1.942297
7 -3.943804 5.984233
6 0.737114 6.673723
2 0.056520 9.739091
1 3.484976 6.986046
3 11.933372 -1.811466
4 -0.065609 -0.539396
8 0.322798 8.704124
1 1.856701 9.432095
5 -0.431818 -1.785724
8 2.190520 -3.409863
3 11.933372 -1.811466
3 11.933372 0.095231
5 -0.431818 -1.785724
1 -2.532783 -9.173707
7 7.497162 9.513113
8 -0.051805 10.272429
10 -17.465550 5.450646
1 0.751802 9.258309
10 -9.930561 0.848568
10 -3.556598 1.942297
7 -9.055266 -9.415309
9 -2.633135 -5.382881
1 -0.506594 -7.685716
7 -8.774109 8.841317
9 0.944329 -3.959888
9 -6.865945 -7.737168
6 -3.556598 6.673723
3 -7.527468 -7.274343
3 -7.152868 -6.312922
4 -2.633135 -0.539396
2 0.056520 9.739091
6 0.737114 1.942297
1 2.515763 7.597227
1 -2.532783 -9.173707
7 0.737114 1.942297
7 -5.828377 4.981822
10 -6.037137 -4.969014
4 -0.065609 -5.382881
6 0.737114 6.673723
2 0.056520 9.739091
10 0.737114 1.942297
5 4.169275 -6.224227
5 8.959652 2.716211
6 -5.040255 7.510088
1 -2.532783 -9.173707
3 7.177592 -1.811466
8 4.917696 7.211238
2 0.056520 9.739091
6 0.737114 1.942297
1 -0.506594 -7.685716
