10 100
K -2.860174 -0.029682 2.726022
P 6.836069 -1.729185 10.051696 0.811588
Z 1 -1.448799 2.302531 -2.304337 2.820272
Z 2 6.836069 0.811588 7.821458 0.981908
Z 4 5.983224 3.204949 6.974000 3.340456
P -5.359933 -6.117543 -4.137462 -3.124184
P -5.606229 -0.663656 -0.938049 1.210411
K -3.781644 8.184373 1.524924
Z 4 5.523890 9.566153 1.923662 8.196917
Z 1 -2.354617 2.649051 -3.337270 2.834507
8 -3.781644 8.184373
6 -4.137462 -3.124184
3 -0.037425 4.634744
4 9.865131 1.890958
10 -1.849060 5.327783
2 10.051696 0.811588
8 -3.781644 8.184373
7 -4.111887 -7.116978
10 2.210280 -7.370705
9 3.089795 19.116998
7 7.370628 8.266888
10 -4.394170 -8.198948
7 1.307419 0.994947
10 -2.860174 -0.029682
3 -0.037425 4.634744
1 -7.285160 -3.486382
4 -4.110587 2.945275
8 -3.781644 8.184373
2 10.051696 0.811588
8 9.887863 2.418088
1 -6.863682 -3.713696
1 -2.860174 -0.029682
7 -5.606229 -0.663656
5 3.504146 -7.595299
5 -6.558381 -0.148318
2 6.836069 0.811588
7 -8.237524 8.593189
5 9.259634 6.602857
4 9.012286 4.284319
6 -1.450523 2.085332
6 -4.137462 -3.124184
1 -2.860174 -0.029682
2 10.051696 0.811588
5 5.531252 2.732761
1 3.706967 -5.144334
8 0.337908 4.494922
10 4.590629 -8.687777
1 -2.860174 -0.029682
9 0.686854 16.980148
3 -0.037425 4.634744
6 -5.359933 -6.117543
6 3.272896 9.825475
6 -5.359933 -6.117543
4 9.865131 1.890958
3 -6.157395 -5.042626
7 -5.606229 1.210411
8 -3.781644 8.184373
5 9.012286 4.284319
7 -0.938049 1.210411
1 -2.860174 -0.029682
8 -3.781644 8.184373
4 9.865131 1.890958
4 9.865131 1.890958
1 -2.860174 -0.029682
10 -1.849060 5.327783
6 1.298443 -8.362895
2 10.051696 0.811588
4 5.471497 -2.889234
2 10.051696 -1.729185
6 -5.359933 -6.117543
8 -3.781644 8.184373
9 6.836069 0.811588
1 -2.860174 -0.029682
6 3.103386 -3.942878
9 -9.202760 -9.842182
5 9.369747 5.513031
9 9.865131 1.890958
10 -1.849060 5.327783
1 -2.860174 -0.029682
7 -5.606229 -0.663656
3 -0.037425 4.634744
9 1.639986 14.624927
2 6.836069 -1.729185
2 6.836069 0.811588
9 10.051696 0.811588
6 -4.137462 -3.124184
3 -0.037425 4.634744
5 10.051696 -1.729185
2 -8.517142 -0.412641
9 0.686854 16.980148
7 -5.606229 1.210411
5 8.577402 9.050322
4 10.051696 0.811588
8 -8.294335 2.303262
1 -2.860174 -0.029682
6 -4.137462 -6.117543
9 9.012286 4.284319
4 10.051696 -1.729185
8 -3.781644 8.184373
8 6.606651 -1.317016
2 -3.915169 2.655727
1 -2.860174 -0.029682
3 -2.860174 -0.029682
3 -0.037425 4.634744
9 8.026942 3.365219
7 -5.606229 -0.663656
8 -3.781644 8.184373
6 -5.359933 -6.117543
9 10.051696 0.811588
4 9.012286 4.284319
