10 100
P 6.038271 2.702588 7.779913 4.428922
K 8.368669 -3.130773 3.727078
K -3.443805 0.265999 2.851668
K -1.980821 0.377509 2.114333
K 7.029593 -5.506884 1.724530
K 4.904614 3.483870 3.747333
K -6.780971 -3.037419 1.370491
P 5.346646 -9.993918 7.492852 -8.465332
Z 2 -6.169697 5.057587 8.172612 0.266166
P 8.324259 -4.344900 9.853645 -1.355679
8 5.892353 4.480371
7 -2.989005 2.301927
1 6.038271 4.428922
9 1.077234 -2.281630
10 -5.648172 -8.977024
2 -0.390950 -8.962580
5 -8.825891 -8.014991
2 8.368669 -3.130773
7 -6.780971 -3.037419
7 3.123425 -1.206797
9 0.987930 -2.611188
1 7.779913 2.702588
7 -6.780971 -3.037419
3 -3.443805 0.265999
7 -6.780971 -3.037419
2 8.368669 -3.130773
3 -3.443805 0.265999
5 9.145353 -7.794824
1 7.779913 4.428922
4 -3.708782 2.227166
6 4.904614 3.483870
10 8.324259 -1.355679
10 9.853645 -1.355679
7 -6.780971 -3.037419
10 9.853645 -4.344900
1 -5.262696 7.270231
5 7.029593 -5.506884
8 7.492852 -9.993918
7 -6.780971 -3.037419
8 1.215517 -6.786015
9 10.371094 2.863147
5 5.751138 -6.355186
4 -1.980821 0.377509
5 7.522175 -5.517521
5 -9.615699 1.575790
1 7.779913 2.702588
4 -1.980821 0.377509
7 -6.780971 -3.037419
1 2.543056 -8.404432
7 -4.797127 9.234320
5 -6.319657 1.904741
10 -5.738719 -1.618975
2 8.368669 -3.130773
1 6.038271 2.702588
8 7.492852 -9.993918
9 10.371094 2.863147
10 9.853645 -1.355679
5 7.029593 -5.506884
6 4.904614 3.483870
8 7.492852 -9.993918
6 4.904614 3.483870
2 9.284917 8.572456
10 -8.994957 -3.174329
9 -9.523341 6.776386
10 -1.442705 -8.125492
6 4.904614 3.483870
7 -6.780971 -3.037419
6 4.904614 3.483870
3 -3.443805 0.265999
6 4.904614 3.483870
2 8.368669 -3.130773
1 -9.728874 -5.130359
4 -1.980821 0.377509
9 3.679775 8.260055
6 -5.105766 1.424539
1 5.116546 5.865247
9 10.371094 2.863147
7 -6.780971 -3.037419
2 8.368669 -3.130773
2 -0.799559 2.559077
5 7.029593 -5.506884
8 5.346646 -8.465332
6 4.904614 3.483870
1 6.038271 4.428922
1 6.038271 2.702588
1 6.038271 4.428922
7 -6.780971 -3.037419
2 8.368669 -3.130773
5 7.029593 -5.506884
3 -6.147117 6.440062
4 -6.417240 7.587785
10 -5.485629 8.756014
8 7.492852 -9.993918
9 10.371094 2.863147
1 7.779913 4.428922
2 8.368669 -3.130773
4 -5.712777 8.730292
9 -2.490184 -3.649813
4 -1.980821 0.377509
1 7.779913 4.428922
4 -1.980821 0.377509
5 7.029593 -5.506884
9 10.371094 2.863147
5 7.029593 -5.506884
10 4.128747 -3.554586
1 -7.791953 0.296851
6 2.169066 5.410534
9 10.371094 2.863147
4 -1.980821 0.377509
6 4.904614 3.483870
