10 100
P -2.771988 2.353489 1.117965 4.382566
P -1.366938 9.114357 3.547474 13.703877
K 1.260624 7.627128 4.961530
Z 2 6.663691 -2.377768 -5.210835 -2.226273
K -7.138687 -5.970429 1.005294
P 3.533688 0.242926 7.946630 2.745989
K -3.981667 -0.068618 3.835434
P 2.236621 -0.798314 3.780511 0.607433
Z 4 3.255304 -13.786652 4.182015 -14.162426
K -4.605187 -2.461404 3.296408
2 6.795707 2.523979
7 -3.981667 -0.068618
6 -9.890812 -8.283253
8 2.236621 -0.798314
8 3.780511 -0.798314
9 6.366692 -10.412788
2 3.547474 9.114357
6 0.470263 4.031333
5 -7.138687 -5.970429
3 -2.622575 -0.149514
6 3.533688 2.745989
7 -3.981667 -0.068618
4 3.255304 -13.786652
2 -1.366938 13.703877
8 3.780511 0.607433
4 3.138217 -18.374679
9 -3.255108 -3.043126
2 0.575636 5.750646
6 3.533688 2.745989
6 3.533688 2.745989
7 -3.981667 -0.068618
8 3.780511 0.607433
3 1.260624 7.627128
9 3.547474 13.703877
3 1.260624 7.627128
10 -4.605187 -2.461404
3 4.016047 -1.107316
4 -1.774595 -18.249304
5 -9.903023 7.179236
8 2.236621 0.607433
1 -5.004453 -1.019266
4 3.547474 13.703877
7 1.233267 0.520533
5 -7.138687 -5.970429
10 -4.605187 -2.461404
5 -6.861248 -1.616146
2 -9.169217 1.589119
6 3.533688 0.242926
10 -4.605187 -2.461404
8 2.236621 0.607433
10 1.331293 -2.880581
3 -5.808466 -0.715956
6 7.946630 2.745989
2 3.547474 13.703877
6 3.533688 0.242926
5 -7.138687 -5.970429
7 -3.981667 -0.068618
7 -3.981667 -0.068618
6 7.946630 2.745989
7 -3.981667 -0.068618
10 -4.605187 -2.461404
3 1.260624 7.627128
9 -12.484835 -30.423648
9 6.492496 -4.097651
7 -9.817081 7.917873
3 1.260624 7.627128
9 -1.774595 -18.249304
3 8.049451 -5.836945
9 2.931961 -7.039485
8 2.236621 -0.798314
5 -7.138687 -5.970429
4 3.547474 13.703877
8 -9.676686 -0.343429
7 6.449703 -5.720131
1 -2.771988 4.382566
6 7.946630 2.745989
5 -7.138687 -5.970429
3 -6.439409 -1.026661
10 -6.396568 5.727848
4 3.547474 13.703877
2 3.547474 9.114357
2 3.547474 13.703877
8 3.780511 0.607433
2 6.789208 0.851184
5 -7.138687 -5.970429
1 1.117965 4.382566
9 3.547474 13.703877
3 1.260624 7.627128
10 -8.619867 2.645695
9 7.121718 3.514596
6 -1.979737 0.432166
9 -12.484835 -30.423648
7 -3.981667 -0.068618
3 1.260624 7.627128
1 1.117965 2.353489
6 7.946630 2.745989
8 2.236621 -0.798314
10 -4.605187 -2.461404
10 -4.605187 -2.461404
1 -0.783942 -8.105213
1 -2.771988 2.353489
2 -1.366938 9.114357
9 3.547474 13.703877
10 -4.605187 -2.461404
7 -3.981667 -0.068618
10 -4.605187 -2.461404
3 -3.416142 3.620601
1 1.117965 4.382566
5 -7.138687 -5.970429
7 6.554580 2.388114
