10 100
K 9.323306 1.919811 4.785303
K 7.209860 1.854899 2.503781
K 7.488669 8.457921 3.722962
P 7.084012 4.217596 9.034611 5.692599
Z 4 -7.126508 -0.809847 1.199075 2.664539
Z 2 -7.467128 8.250526 -4.930716 -4.493022
K -1.530043 -6.078603 4.456375
Z 6 -18.576676 -3.277525 -18.987240 -2.365693
K 4.743257 -7.308056 3.921650
K 6.963606 5.925628 3.636395
7 -1.530043 -6.078603
6 -1.856730 -8.132716
5 7.814229 7.141966
2 -3.223354 5.807833
6 -2.011296 -3.110854
2 7.209860 1.854899
4 7.084012 5.692599
9 4.743257 -7.308056
7 -1.530043 -6.078603
4 9.034611 4.217596
6 -9.134846 9.071032
5 -7.021418 5.351985
1 9.323306 1.919811
4 9.034611 5.692599
9 4.743257 -7.308056
2 7.209860 1.854899
4 7.084012 4.217596
8 7.209860 1.854899
8 -18.576676 -3.277525
3 7.488669 8.457921
1 9.323306 1.919811
4 -5.591436 -4.037506
3 7.488669 8.457921
5 7.490745 4.717954
1 -2.104779 -5.707181
1 9.323306 1.919811
7 -1.530043 -6.078603
7 -1.530043 -6.078603
1 9.323306 1.919811
7 -1.530043 -6.078603
1 9.323306 1.919811
7 -1.530043 -6.078603
3 7.488669 8.457921
5 9.034611 4.217596
2 7.209860 1.854899
7 -1.530043 -6.078603
5 -0.148944 -7.188881
8 -8.220393 7.332255
2 -1.721710 -2.968801
10 6.963606 5.925628
10 6.963606 5.925628
4 7.084012 5.692599
9 4.027562 7.238076
9 4.743257 -7.308056
10 6.963606 5.925628
8 -9.757943 -1.540133
4 9.034611 5.692599
8 -18.576676 -3.277525
7 -6.713904 5.383660
5 8.862714 6.104510
2 7.209860 1.854899
3 -9.580790 4.760528
5 9.034611 5.692599
10 6.963606 5.925628
7 3.800777 3.334800
9 4.743257 -7.308056
9 4.743257 -7.308056
1 9.323306 1.919811
7 -1.530043 -6.078603
4 9.034611 5.692599
3 7.488669 8.457921
1 -5.312915 -4.662932
10 6.963606 5.925628
5 -8.633166 -8.670555
6 7.209860 1.854899
7 5.718862 1.172324
1 9.323306 1.919811
2 7.209860 1.854899
10 6.963606 5.925628
3 7.488669 8.457921
1 9.323306 1.919811
2 7.209860 1.854899
7 -1.530043 -6.078603
8 -18.576676 -3.277525
5 7.814229 7.141966
7 -1.530043 -6.078603
4 9.034611 5.692599
10 8.030194 -4.155219
5 9.034611 5.692599
8 -18.576676 -3.277525
10 -9.335331 4.036707
6 -8.740804 -7.317421
4 7.084012 4.217596
3 -3.335756 9.392131
4 9.034611 5.692599
6 7.209860 1.854899
7 5.620315 -1.034439
6 -18.576676 -3.277525
1 9.323306 1.919811
8 1.948206 -4.386422
4 -5.484601 0.333608
3 -5.035941 -2.401338
7 -1.530043 -6.078603
9 4.743257 -7.308056
7 -1.530043 -6.078603
6 -18.576676 -3.277525
9 4.743257 -7.308056
4 9.034611 5.692599
3 7.488669 8.457921
6 3.362646 -2.157328
