10 100
K -8.938284 -5.857737 1.600441
K -8.878580 -1.707992 4.873055
P 1.912099 0.603690 4.946078 4.605831
P -7.040615 -9.036866 -4.292024 -7.216464
Z 2 -8.878580 -1.707992 -7.938445 -1.367189
P 5.547174 -3.591720 9.368754 -0.004499
P -9.747270 -9.779005 -5.378630 -5.102521
P -0.045103 -3.165477 1.707679 0.969410
P -6.167227 1.891332 -3.023756 4.146211
K -6.103780 6.193692 1.800180
9 -6.1672 4.1462
3 5.9821 -1.8127
2 2.5144 9.9386
10 -6.1038 6.1937
1 -8.9383 -5.8577
6 5.5472 -0.0045
3 -0.5082 2.7295
3 1.9121 4.6058
10 -6.1038 6.1937
6 -5.1507 4.2982
8 -0.0451 0.9694
3 1.9121 4.6058
6 9.3688 -3.5917
4 -4.2920 -9.0369
6 9.3688 -0.0045
4 -7.0406 -7.2165
1 -8.9383 -5.8577
3 -0.7203 -3.1802
4 5.9008 -4.4595
1 -8.9383 -5.8577
9 -6.1672 4.1462
5 -7.2837 -0.8253
8 -0.0451 0.9694
5 -8.9773 2.2506
7 0.3959 6.8889
3 1.9121 4.6058
10 -6.1038 6.1937
3 2.5036 1.8326
8 -0.0451 -3.1655
7 -9.7473 -9.7790
10 -6.1038 6.1937
6 9.3688 -3.5917
8 -0.0451 0.9694
10 -6.1038 6.1937
6 9.3688 -3.5917
3 1.9121 0.6037
2 -8.8786 -1.7080
5 -8.8786 -1.7080
10 -2.8399 -2.6309
4 -7.0406 -7.2165
7 -9.7473 -5.1025
10 -5.4572 3.6637
3 2.3006 -6.3067
10 -6.1038 6.1937
7 1.5646 0.8426
3 1.9121 4.6058
1 -8.9383 -5.8577
7 -5.3786 -9.7790
8 1.7077 0.9694
5 -8.8786 -1.7080
6 9.3688 -0.0045
7 -4.0137 -0.6732
5 -8.8786 -1.7080
5 -8.8786 -1.7080
3 1.9121 0.6037
3 4.9461 0.6037
3 4.9461 0.6037
1 -8.9383 -5.8577
1 -8.9383 -5.8577
10 1.0996 -1.7404
7 9.4522 -0.8965
10 -6.1038 6.1937
4 -7.0406 -9.0369
10 4.0296 -5.1806
3 4.9461 4.6058
5 -8.8786 -1.7080
3 1.9121 0.6037
6 5.5472 -0.0045
9 1.7556 3.7433
7 -5.3786 -5.1025
8 -0.0451 0.9694
4 -7.0406 -9.0369
1 -8.9383 -5.8577
8 -0.0451 0.9694
10 -6.1038 6.1937
5 -8.8786 -1.7080
10 -6.1038 6.1937
3 1.7846 -8.4015
9 -9.3391 -6.1583
3 -0.1558 -6.5839
3 4.9461 0.6037
2 -8.8786 -1.7080
8 -1.7562 -6.7372
4 -4.2920 -9.0369
8 1.7077 -3.1655
6 5.5472 -0.0045
7 0.2326 4.3512
4 -4.2920 -9.0369
7 -9.7473 -5.1025
2 -8.8786 -1.7080
4 -9.0937 7.3592
10 -6.1038 6.1937
3 -1.9389 -3.7624
4 -4.2920 -9.0369
7 -5.3786 -9.7790
8 -9.8857 2.8963
6 -4.0220 9.3532
7 -5.7169 -2.3592
5 -8.8786 -1.7080
5 -8.8786 -1.7080
