10 100
K 4.809977 -8.139967 2.112054
Z 1 6.658265 -7.117908 6.174348 -6.242795
Z 2 2.126075 -2.752558 7.561487 -6.076014
P -9.601054 6.203703 -7.604757 10.676704
P -6.508454 -7.196123 -5.137073 -4.714873
K -4.444141 0.976893 4.006283
Z 6 4.156829 -9.400976 2.731450 -5.099431
Z 7 -9.336557 1.259995 -8.215411 -4.187770
P 4.437519 -0.520472 6.379873 0.487211
Z 8 4.858621 4.059498 5.215277 3.125262
3 4.809977 -8.139967
10 -4.444141 0.976893
1 4.809977 -8.139967
10 22.036758 12.718421
2 3.454170 3.619511
6 -4.444141 0.976893
7 -4.444141 0.976893
6 -8.332384 6.856043
3 8.009853 -6.908186
2 8.506552 -6.095849
8 -7.769991 2.128374
1 4.809977 -8.139967
8 -23.483619 -1.773314
5 6.985321 -4.024644
1 4.809977 -8.139967
3 8.009853 -6.908186
2 8.506552 -6.095849
6 -4.444141 0.976893
2 4.809977 -8.139967
10 29.877405 18.597885
5 -6.508454 -7.196123
9 4.437519 0.487211
10 -5.782967 7.007939
3 3.194298 4.592758
1 4.809977 -8.139967
10 13.848952 7.960497
1 4.809977 -8.139967
9 9.588330 8.039418
7 4.858621 4.059498
5 6.491133 -4.432458
9 4.437519 0.487211
1 4.809977 -8.139967
6 -4.444141 0.976893
7 -4.444141 0.976893
3 8.009853 -6.908186
6 -4.444141 0.976893
3 8.144638 -2.686229
1 4.809977 -8.139967
2 4.809977 -8.139967
5 -5.137073 -4.714873
9 4.437519 -0.520472
10 -13.719602 -0.931990
10 22.036758 12.718421
1 -4.133756 -1.146777
3 -5.536509 -8.846287
1 4.809977 -8.139967
2 -5.387428 0.700370
10 -13.719602 -0.931990
6 -4.444141 0.976893
8 4.858621 4.059498
4 -9.601054 10.676704
9 4.437519 0.487211
10 4.858621 4.059498
8 4.098084 5.757130
10 13.848952 7.960497
8 1.826435 -7.772738
9 6.379873 0.487211
4 5.899908 4.466167
3 8.521060 -3.084626
10 -23.483619 -1.773314
9 6.379873 -0.520472
8 4.858621 4.059498
6 -4.444141 0.976893
1 4.809977 -8.139967
2 6.498135 -1.812823
9 4.437519 0.487211
10 9.417470 -6.760099
2 8.506552 -6.095849
5 -6.868247 1.518187
6 -8.927704 8.386242
2 8.506552 -6.095849
2 8.506552 -6.095849
1 4.809977 -8.139967
4 -9.601054 6.203703
6 -4.444141 0.976893
8 -4.444141 0.976893
6 -4.444141 0.976893
1 4.809977 -8.139967
3 0.537495 -9.995475
9 -1.136410 -9.869162
2 3.320686 1.976119
2 9.880162 -6.712492
7 4.858621 4.059498
6 -4.444141 0.976893
3 8.598909 -5.176721
6 -0.708573 -6.860053
4 -7.604757 6.203703
2 -9.295405 8.775382
9 6.379873 0.487211
8 5.252807 -7.437365
8 -4.444141 0.976893
7 4.858621 4.059498
8 -13.719602 -0.931990
6 -4.444141 0.976893
8 -4.444141 0.976893
2 0.785455 0.817763
8 -13.719602 -0.931990
2 4.809977 -8.139967
3 4.809977 -8.139967
3 5.981690 0.833543
