10 100
K -1.785963 2.522522 2.128279
Z 1 -3.663398 3.524925 -4.134390 2.642787
Z 2 -3.260754 0.988064 -2.539769 0.295114
K 5.753105 8.815888 4.895382
Z 1 -1.785963 2.522522 -1.680262 3.516920
P 2.776176 -6.333475 3.805715 -2.437586
K 4.119985 -1.975607 3.470414
Z 2 -1.785963 2.522522 -2.762045 2.739927
K -6.192577 1.193656 2.426946
K -8.860621 2.002196 4.986442
5 -1.785963 2.522522
6 3.805715 -2.437586
3 1.474135 8.023206
5 -1.785963 2.522522
6 2.776176 -6.333475
3 9.580430 -8.175633
7 4.119985 -1.975607
10 7.308196 -8.751659
3 -1.785963 2.522522
3 -6.103742 -1.902075
7 -7.390423 -8.856540
9 -6.192577 1.193656
10 8.609649 9.952990
4 5.753105 8.815888
1 -1.785963 2.522522
6 3.805715 -2.437586
3 -4.735545 -0.546394
4 5.753105 8.815888
4 4.133867 -4.572322
2 -2.827411 -5.065714
3 -5.540832 4.527327
4 5.753105 8.815888
8 7.769724 8.554226
2 -1.785963 2.522522
8 -1.785963 2.522522
10 4.869904 -9.234036
6 3.805715 -2.437586
5 1.731218 3.146805
4 5.753105 8.815888
9 -9.762893 -0.358512
10 -3.028195 2.860255
7 -6.285838 3.975641
2 -1.785963 2.522522
5 -0.912949 5.526451
10 -1.187046 -7.015652
5 -1.785963 2.522522
5 -4.122109 -6.365788
8 -6.036744 2.300835
4 5.753105 8.815888
3 -1.785963 2.522522
2 -5.540832 4.527327
5 5.979943 9.050321
9 -2.368008 -8.499866
3 -4.735545 -0.546394
1 -9.834723 8.443708
3 -4.735545 -0.546394
9 4.731803 -1.804994
6 2.776176 -6.333475
9 -6.192577 1.193656
8 -6.036744 2.300835
10 -8.860621 2.002196
1 -7.200042 -8.094444
4 -5.269834 -9.615137
1 -1.785963 2.522522
6 3.805715 -6.333475
8 -5.540832 4.527327
4 7.207052 -9.767478
2 -1.785963 2.522522
6 2.776176 -6.333475
3 7.177743 6.141924
10 -8.899950 -8.789476
5 2.419531 5.318839
6 3.805715 -6.333475
10 -8.860621 2.002196
9 -6.891421 1.453095
9 -8.478219 6.426916
3 -4.735545 -0.546394
4 5.753105 8.815888
5 6.717522 -1.419234
8 -1.785963 2.522522
4 5.753105 8.815888
4 5.753105 8.815888
8 -6.036744 2.300835
10 -8.860621 2.002196
10 -8.860621 2.002196
10 -8.860621 2.002196
4 5.753105 8.815888
3 -1.140941 -8.308943
10 -8.860621 2.002196
9 -5.666530 -1.292876
5 3.819742 9.789526
9 5.100807 5.642236
8 -1.785963 2.522522
6 3.805715 -2.437586
7 4.119985 -1.975607
5 -1.785963 2.522522
7 4.119985 -1.975607
4 5.753105 8.815888
8 -5.540832 4.527327
3 -4.735545 -0.546394
10 -8.860621 2.002196
3 4.454248 -4.455821
1 -1.785963 2.522522
6 3.805715 -6.333475
2 -2.847885 -7.336960
10 -8.860621 2.002196
6 9.221266 1.650731
7 4.119985 -1.975607
5 -1.785963 2.522522
9 -6.192577 1.193656
