10 100
K -0.622467 -2.838412 4.585300
P -2.532629 7.618499 -0.271955 12.013005
P -6.939404 -6.963774 -2.942004 -4.247451
Z 2 -9.278090 4.426527 0.975100 5.918669
Z 2 7.393515 5.497596 -5.752485 -7.075454
Z 2 8.242974 -9.033297 2.086546 1.382497
K -2.385007 7.201088 3.670119
Z 2 2.020185 9.953553 4.275636 -0.178355
K -5.975118 -9.368752 3.598564
P -8.358805 2.609930 -4.369955 3.682121
8 7.133598 9.770286
3 -6.939404 -4.247451
10 -4.369955 2.609930
9 -5.975118 -9.368752
9 7.816028 3.926371
1 -0.622467 -2.838412
6 0.232670 0.721629
2 -0.271955 7.618499
4 4.504457 5.422985
10 9.335434 -7.861952
4 -3.819935 -7.338648
6 -0.271955 12.013005
9 -5.975118 -9.368752
1 -0.622467 -2.838412
4 -0.650107 -0.922660
4 -0.650107 -0.922660
8 5.269464 13.749819
8 3.222266 12.790849
1 -5.525403 6.581223
7 -2.385007 7.201088
1 -0.622467 -2.838412
2 -0.271955 12.013005
5 -4.951887 -1.462827
7 -1.220178 -6.117130
1 -8.631495 1.852601
8 -0.271955 7.618499
2 -1.713474 -5.232358
2 -6.229137 2.599753
4 -2.532629 12.013005
1 2.867519 -9.491110
7 -2.385007 7.201088
5 9.270497 -4.245071
8 -0.271955 7.618499
2 -2.532629 7.618499
4 -7.590549 -9.740013
4 4.486222 0.069132
6 -2.532629 12.013005
6 -5.840194 -5.225291
2 -5.773099 -1.300633
2 -2.532629 12.013005
6 -2.532629 12.013005
6 -6.089289 8.574572
4 -2.532629 12.013005
8 -6.865795 2.633096
6 -2.532629 7.618499
6 -0.271955 7.618499
3 -6.939404 -6.963774
3 -2.942004 -4.247451
5 4.861921 2.654592
7 -2.385007 7.201088
9 -1.016013 3.272398
5 -0.271955 7.618499
9 -5.975118 -9.368752
4 0.264262 3.933908
3 -0.049563 0.268287
2 -0.271955 7.618499
4 1.516796 -0.278317
4 -1.902641 3.289565
8 -0.271955 7.618499
9 -5.975118 -9.368752
8 5.086400 8.811316
8 -7.158174 -2.113419
7 4.476983 -9.721695
5 9.070279 -4.513149
4 -2.532629 12.013005
1 -0.622467 -2.838412
4 -0.650107 -0.922660
4 1.516796 -0.278317
2 -2.532629 12.013005
6 -0.271955 12.013005
1 2.973735 4.515609
1 -0.622467 -2.838412
2 0.386059 8.220349
5 -2.532629 7.618499
6 -2.532629 7.618499
4 -2.532629 12.013005
7 0.006491 -8.731806
8 5.269464 13.749819
6 -9.832166 8.936976
5 13.460425 -4.708846
10 -8.358805 2.609930
7 -2.385007 7.201088
7 -2.385007 7.201088
10 -8.358805 2.609930
6 -1.149334 8.436118
8 -0.271955 7.618499
5 9.070279 -4.513149
6 -6.618547 -9.263167
7 -2.385007 7.201088
6 -1.475047 -9.359238
10 -8.358805 2.609930
5 0.113898 -0.839639
1 -0.622467 -2.838412
1 -0.622467 -2.838412
6 -1.973054 -9.703654
6 0.983695 4.541508
6 -2.532629 7.618499
2 3.519362 1.947955
4 -2.532629 7.618499
2 -2.532629 12.013005
