10 100
P 1.379152 6.594313 3.761583 7.829175
Z 1 1.379152 6.594313 1.787730 7.507036
P 8.339192 4.808136 10.666584 7.338820
P -5.826754 -3.593416 -1.946422 0.782429
Z 3 2.024521 -3.694668 7.439982 -6.225972
P -1.570012 5.612319 1.726093 8.220386
K 7.796162 5.663058 3.648153
Z 4 -2.229980 -4.835623 -4.663428 6.685946
K -7.692949 -4.362186 4.068090
P -8.431889 3.765149 -5.960284 7.994920
7 7.796162 5.663058
5 10.666584 4.808136
10 -5.960284 7.994920
3 8.339192 4.808136
10 3.168840 -7.650069
6 1.726093 5.612319
7 -0.540281 7.346624
7 7.796162 5.663058
2 2.300158 7.416890
8 -1.946422 0.782429
8 -4.761132 0.187940
4 -1.946422 -3.593416
10 -7.571090 2.093116
8 0.557281 -2.245056
1 3.761583 7.829175
8 2.249293 -7.776796
9 -7.692949 -4.362186
3 10.666584 7.338820
3 8.339192 7.338820
8 -5.826754 0.782429
5 -5.937745 2.282894
3 8.339192 4.808136
10 0.575593 2.107175
7 7.796162 5.663058
5 6.209587 2.090528
8 -5.282024 2.900203
8 -0.125919 -7.194859
9 1.161777 -4.797840
3 8.339192 7.338820
10 -5.960284 3.765149
1 6.856767 3.481109
1 1.379152 7.829175
7 7.444205 1.091856
10 8.769014 2.343174
2 -0.207853 8.371217
9 3.017969 -3.289906
4 -1.946422 -3.593416
7 -3.425996 -0.379205
3 10.666584 7.338820
4 -5.826754 0.782429
8 -5.826754 0.782429
9 7.151942 5.930872
5 5.181871 -8.008784
2 1.379152 6.594313
9 -7.692949 -4.362186
5 8.339192 7.338820
9 -7.692949 -4.362186
7 7.796162 5.663058
9 -7.692949 -4.362186
3 10.666584 4.808136
2 1.379152 6.594313
7 -5.904879 -1.799393
6 -6.014883 8.835397
4 -3.122045 -9.143549
3 -3.979955 -2.264341
5 -0.897688 -17.401739
9 -7.692949 -4.362186
10 -8.431889 7.994920
9 -7.692949 -4.362186
10 -8.431889 7.994920
3 8.339192 4.808136
1 1.379152 6.594313
6 -1.570012 8.220386
2 1.379152 6.594313
9 2.756127 -2.135867
6 1.726093 8.220386
9 -7.692949 -4.362186
5 -0.897688 -17.401739
7 7.796162 5.663058
1 3.761583 7.829175
4 -0.730841 6.961577
10 -8.431889 7.994920
9 -5.512769 9.600957
3 8.339192 4.808136
10 -8.431889 3.765149
6 1.726093 8.220386
9 4.478424 -7.378793
7 7.796162 5.663058
6 -1.570012 8.220386
10 -5.960284 3.765149
8 1.563950 8.797688
10 9.941463 9.484204
3 8.339192 4.808136
3 10.666584 7.338820
8 -1.946422 0.782429
7 4.980190 -3.098241
4 1.863149 -6.818744
2 -0.308956 3.973685
10 -8.431889 7.994920
4 -5.826754 0.782429
1 3.320358 6.189705
3 10.666584 4.808136
2 1.379152 6.594313
3 -7.611152 -3.003932
2 0.713153 9.193795
7 8.362354 -3.843425
9 -7.692949 -4.362186
6 -1.570012 5.612319
3 8.339192 7.338820
9 5.529263 6.786182
