10 100
K -0.703948 3.154185 1.628634
K 9.895302 -0.173652 4.157862
Z 1 5.977913 3.037689 -3.791708 -4.368192
Z 2 9.330593 3.945683 8.339859 3.809866
P -4.929867 0.939939 -0.169450 2.533303
Z 3 4.378031 5.246813 -0.353127 -1.666151
K 3.750190 8.229368 2.268473
P 6.337229 2.434934 8.439356 7.192511
Z 8 5.109688 9.152064 3.241498 8.617728
Z 5 -0.169450 2.533303 0.748122 2.135734
1 -0.703948 3.154185
6 -0.703948 3.154185
6 -3.673962 2.019868
10 -2.262481 7.096153
6 4.267225 -0.248032
2 9.895302 -0.173652
5 7.601140 7.716707
5 2.868784 -8.383478
9 8.439356 7.192511
6 4.267225 -0.248032
9 3.170560 0.254603
4 9.895302 -0.173652
2 9.895302 -0.173652
8 6.337229 2.434934
5 -4.929867 2.533303
7 3.750190 8.229368
3 -1.115120 -0.182729
6 -3.673962 2.019868
1 -1.244404 -1.678403
4 -8.979975 -1.709363
4 9.895302 -0.173652
10 8.994658 -2.999054
4 8.765884 8.065018
3 4.285112 -3.427236
7 9.368074 0.899143
10 -0.169450 2.533303
5 -0.169450 2.533303
1 -0.703948 3.154185
7 3.750190 8.229368
6 -0.703948 3.154185
9 -3.630864 8.516871
2 9.895302 -0.173652
5 -6.541010 0.424142
4 8.765884 8.065018
9 9.915921 -0.876070
1 -0.703948 3.154185
2 4.848847 -1.966964
7 3.750190 8.229368
2 7.831510 -3.242300
9 -7.599080 -6.663470
8 -3.328697 -3.175467
7 3.750190 8.229368
8 6.337229 7.192511
1 -0.703948 3.154185
7 3.750190 8.229368
8 6.337229 7.192511
9 -1.394154 -4.748860
8 8.439356 2.434934
9 6.337229 7.192511
2 1.367193 -8.159750
4 8.765884 8.065018
7 3.750190 8.229368
5 4.664117 -2.994782
7 -8.031641 -9.099657
10 -0.169450 0.939939
8 6.998907 5.206287
4 8.857349 3.758381
3 6.125308 8.061101
4 -1.052246 6.099442
9 8.439356 7.192511
2 9.895302 -0.173652
9 2.937593 -4.942564
9 8.439356 7.192511
2 -1.312636 -2.839279
10 -4.929867 2.533303
7 -0.039401 -3.891796
2 9.895302 -0.173652
5 -4.929867 2.533303
1 -1.283776 -8.336018
1 -0.703948 3.154185
8 8.439356 7.192511
3 -9.622517 9.264188
3 -0.703948 3.154185
10 -0.169450 0.939939
9 6.337229 2.434934
9 8.439356 2.434934
1 -2.113612 -5.619538
8 6.337229 2.434934
5 -0.169450 2.533303
5 -0.169450 2.533303
7 3.750190 8.229368
9 8.439356 2.434934
5 -0.169450 0.939939
1 -0.703948 3.154185
2 2.172277 -3.233338
9 4.383906 16.613952
7 3.750190 8.229368
7 -7.719774 7.018808
3 4.285112 -3.427236
9 6.337229 2.434934
5 -5.394966 -3.239811
10 -4.929867 2.533303
7 3.750190 8.229368
1 -0.703948 3.154185
7 9.138753 -2.368293
5 -0.169450 2.533303
2 9.895302 -0.173652
1 -0.703948 3.154185
9 8.439356 2.434934
3 7.668280 -0.254771
