10 100
K -3.954558 -6.639691 4.671131
P 8.774522 -6.498773 11.114974 -1.577264
Z 2 -8.721029 -9.537727 0.399226 0.691599
Z 1 -3.031782 -11.218768 -2.051489 -11.021219
P -0.427099 -5.259034 4.512272 -1.772888
P 8.022653 3.795844 11.679726 6.654990
Z 2 3.743096 -9.827414 -9.377825 -2.302427
K 9.516468 1.691092 4.066192
Z 4 7.093784 1.911051 7.258196 -9.316615
P -9.945563 2.982083 -5.686922 7.365974
7 -0.8370 -18.3364
6 11.6797 6.6550
5 -0.4271 -5.2590
8 9.5165 1.6911
2 11.1150 -6.4988
6 -4.3762 2.3976
2 11.1150 -6.4988
5 -0.4271 -1.7729
4 1.2470 -8.1598
1 -3.9546 -6.6397
6 8.0227 3.7958
1 -4.5986 3.5593
1 -3.9546 -6.6397
9 -2.0825 -8.1292
3 9.6211 -2.1294
6 -7.0196 0.9461
3 3.7745 1.0410
4 -3.9546 -6.6397
7 11.1150 -1.5773
3 -7.9684 10.5156
6 -3.1741 0.2238
6 -5.0364 -7.5520
9 -2.1090 -15.7978
5 4.5123 -5.2590
1 -3.9546 -6.6397
6 8.0227 3.7958
1 -3.9546 -6.6397
9 -3.9546 -6.6397
7 -2.9183 3.9224
8 9.5165 1.6911
5 -0.4271 -5.2590
8 9.5165 1.6911
2 8.7745 -6.4988
1 -3.9546 -6.6397
1 -3.9546 -6.6397
1 -3.9546 -6.6397
5 -2.7357 -5.6410
5 4.5123 -1.7729
3 6.7877 -0.3790
3 -7.9684 10.5156
2 8.7745 -6.4988
9 9.0062 -9.2874
3 -3.0792 11.0779
6 -7.2708 -4.8294
10 -5.6869 2.9821
6 8.0227 3.7958
6 11.6797 6.6550
3 -2.8117 8.7528
10 -9.9456 7.3660
10 -9.9456 7.3660
5 -0.4271 -5.2590
8 9.5165 1.6911
9 -2.1090 -15.7978
3 -7.7010 8.1905
1 -3.9546 -6.6397
2 11.1150 -6.4988
4 -3.9546 -6.6397
5 -0.4271 -5.2590
2 8.7745 -6.4988
3 -2.8117 8.7528
10 -9.9456 7.3660
6 -2.4391 3.8622
6 -3.8898 -0.5798
8 1.0801 -8.5976
7 3.4109 -15.8511
9 18.3878 -6.3125
2 -6.1317 5.8510
3 6.2520 4.7784
2 8.7745 -6.4988
10 -5.6869 7.3660
9 16.8112 -15.5208
10 -9.9456 2.9821
4 -3.7591 0.2833
8 9.5165 1.6911
8 6.1787 -4.9961
6 -7.6565 4.4434
1 -3.9546 -6.6397
8 9.5165 1.6911
4 -3.9546 -6.6397
6 -6.4667 3.9177
7 3.4109 -15.8511
4 -3.9546 -6.6397
9 -8.1555 9.5801
8 9.5165 1.6911
10 -4.9225 -3.6233
1 -3.9546 -6.6397
9 6.4669 2.2543
6 8.0227 6.6550
4 -2.1090 -15.7978
3 1.0709 5.7742
4 -3.9546 -6.6397
1 -3.9546 -6.6397
2 -8.5379 1.4599
3 -4.6881 3.4021
3 -7.9684 10.5156
6 8.0227 6.6550
1 -3.9546 -6.6397
3 11.1150 -6.4988
1 -3.9546 -6.6397
7 4.5928 -17.8712
