10 100
P 5.043949 6.037185 8.374498 10.372616
Z 1 -4.136520 -3.029402 4.730259 -3.620562
Z 1 5.043949 10.372616 4.137129 9.951098
K -7.192127 7.969040 2.546016
Z 2 7.252643 0.476931 1.749147 -7.869787
Z 4 -7.192127 7.969040 -7.088510 6.974423
Z 6 -7.192127 7.969040 -6.192895 8.008216
Z 5 3.817187 -9.126925 9.653836 -2.200446
P -4.044689 -9.092978 0.486013 -4.908897
P 5.287977 -9.510084 7.148312 -7.784685
10 5.287977 -9.510084
7 -7.192127 7.969040
5 3.548934 8.163160
7 -7.192127 7.969040
1 8.374498 6.037185
4 -7.192127 7.969040
8 -1.216453 -6.702270
6 -7.192127 7.969040
1 5.709114 -4.882144
1 5.043949 6.037185
5 8.374498 6.037185
4 -7.192127 7.969040
2 6.484613 -17.973671
4 6.484566 9.373967
9 -4.044689 -4.908897
1 5.043949 6.037185
10 5.287977 -9.510084
2 8.374498 10.372616
2 3.759081 -13.234474
2 -5.641259 -7.981171
10 -6.131005 8.220694
7 1.199848 -1.982904
3 3.876620 15.713576
6 -7.192127 7.969040
7 -8.562216 2.650350
5 -5.680405 -5.275991
5 5.043949 6.037185
5 -5.680405 -5.275991
5 5.043949 6.037185
5 -7.696311 -10.357786
7 7.996945 6.620628
6 -7.192127 7.969040
8 -5.680405 -5.275991
7 -7.192127 7.969040
4 -7.192127 7.969040
6 -7.192127 7.969040
6 5.821431 4.789989
2 3.759081 -13.234474
8 11.921244 3.698601
5 3.759081 -13.234474
4 9.957191 -0.097175
10 5.287977 -9.510084
6 -6.052099 1.103115
5 3.759081 -13.234474
10 7.148312 -7.784685
9 -4.044689 -4.908897
4 -7.192127 7.969040
3 5.043949 10.372616
4 -7.192127 7.969040
1 8.374498 10.372616
1 5.043949 10.372616
1 5.043949 6.037185
1 8.374498 10.372616
8 15.906048 5.406608
5 -8.367526 5.612661
2 9.553736 -1.249211
1 5.043949 6.037185
4 -7.192127 7.969040
7 -1.151844 1.706586
8 22.261778 -1.329604
3 8.374498 6.037185
1 8.374498 6.037185
5 -4.073347 9.176994
5 -9.031874 -1.475194
4 -7.192127 7.969040
2 -3.383028 0.106111
7 -7.192127 7.969040
3 1.753644 3.463719
4 -7.192127 7.969040
6 -7.192127 7.969040
1 8.374498 10.372616
4 -7.192127 7.969040
5 13.233363 0.637408
9 7.488694 4.299431
1 0.195532 0.560285
7 -7.192127 7.969040
6 4.159118 -6.768757
4 -7.192127 7.969040
7 -0.527722 1.603081
5 15.906048 5.406608
8 9.222609 -17.834126
9 0.486013 -4.908897
8 -9.403199 -7.497875
4 -7.192127 7.969040
10 4.672315 3.790173
2 3.759081 -13.234474
5 6.027078 -8.153767
5 11.921244 3.698601
10 5.287977 -7.784685
8 -0.221046 -9.880590
3 8.374498 6.037185
3 1.729595 13.167435
4 -7.192127 7.969040
1 4.656385 0.533999
6 -7.192127 7.969040
10 5.287977 -9.510084
7 -3.762000 -0.685855
5 -3.973518 -8.135903
9 -7.192614 -7.829876
2 7.482856 -9.652723
