10 100
K -5.017222 6.654915 1.628621
P -1.092491 9.268617 0.845488 12.888276
P -8.050087 1.422879 -5.900057 5.465190
P 9.679250 -9.710983 14.526046 -7.105727
P -5.819514 -2.609722 -2.062082 1.581285
Z 3 1.854759 1.279598 -5.112454 7.426063
K 0.173522 -3.372712 3.623467
K 1.345605 2.111564 1.975200
P 0.939153 6.097154 2.240572 7.580641
K -8.414037 -5.969349 2.870183
1 -5.0172 6.6549
5 -0.6890 2.5189
10 -8.4140 -5.9693
8 1.3456 2.1116
10 6.9972 5.0482
7 -6.9844 0.3284
7 0.1735 -3.3727
8 1.3456 2.1116
8 1.3456 2.1116
7 3.1479 5.4682
6 0.7457 8.9560
1 -5.0172 6.6549
9 2.2406 6.0972
2 0.8455 9.2686
1 -5.0172 6.6549
10 -8.4140 -5.9693
6 -3.2651 8.4520
5 -5.8195 -2.6097
2 -1.0925 9.2686
2 -1.0925 9.2686
2 0.8455 9.2686
2 -1.0925 12.8883
4 3.5174 4.8683
7 -4.3828 -0.4967
6 -8.0501 5.4652
1 -5.0172 6.6549
7 0.1735 -3.3727
2 0.8455 12.8883
1 -5.0172 6.6549
9 0.9392 7.5806
8 0.7508 -5.2869
3 -5.9001 5.4652
7 9.5888 -5.6420
2 0.8455 12.8883
8 1.3456 2.1116
5 -2.0621 1.5813
4 9.6793 -7.1057
8 1.3456 2.1116
2 4.3989 -0.5871
3 2.7027 -3.2357
7 -5.1209 2.6107
10 -6.0762 9.9652
4 14.5260 -7.1057
4 7.6664 4.1522
5 3.9907 6.1878
6 -8.3888 -8.0765
7 0.1735 -3.3727
3 -5.9001 1.4229
4 14.5260 -9.7110
3 0.3741 5.8198
10 -8.4140 -5.9693
5 2.6462 2.3955
7 0.1735 -3.3727
6 0.7457 8.9560
2 -3.3650 -1.0058
9 2.2406 7.5806
8 1.3456 2.1116
1 4.1964 7.4486
1 -5.0172 6.6549
9 0.9392 7.5806
7 0.1735 -3.3727
6 -3.2651 8.4520
2 -1.0925 12.8883
10 -8.4140 -5.9693
6 0.7457 8.9560
4 2.9943 7.7377
9 2.2406 6.0972
3 -6.3517 5.2458
10 -8.4140 -5.9693
9 0.9392 7.5806
8 1.3456 2.1116
6 -3.5332 10.5853
9 0.9392 6.0972
1 -5.0172 6.6549
3 -8.0501 5.4652
6 -8.0501 1.4229
1 -5.0172 6.6549
6 -2.2870 4.6808
4 14.5260 -9.7110
6 -5.9001 5.4652
6 -3.5332 10.5853
3 -5.9001 1.4229
10 -8.4140 -5.9693
5 -1.6709 -9.1497
3 9.7849 -5.5529
2 2.7443 2.7772
1 -5.0172 6.6549
8 1.3456 2.1116
1 -5.0172 6.6549
7 0.1735 -3.3727
8 1.3456 2.1116
7 0.1735 -3.3727
10 9.6115 -8.2377
10 -8.4140 -5.9693
1 5.9774 1.8105
10 -8.4140 -5.9693
7 0.1735 -3.3727
3 -5.9001 1.4229
7 -2.0611 -0.3525
8 1.3456 2.1116
