10 100
K -3.686912 5.210292 3.838682
Z 1 -3.686912 5.210292 -4.501747 5.789985
P 5.097405 -5.397339 9.097796 -2.221062
K -8.400750 -6.334079 2.844094
K 9.216818 -0.665522 1.445013
K -7.637593 5.420270 4.054088
P -5.691144 -6.645145 -2.635153 -2.379721
P -4.596288 -9.220206 -0.410812 -5.032832
P -7.530794 -2.704687 -6.301664 -0.584702
K 7.231205 3.564389 1.202127
5 -8.1174 -4.4119
9 -7.5308 -2.7047
9 -7.5308 -2.7047
6 -7.6376 5.4203
9 2.8366 -7.4881
5 4.9406 9.3921
5 9.2168 -0.6655
4 -8.4007 -6.3341
4 5.7905 -4.5527
2 -3.6869 5.2103
1 -3.6869 5.2103
9 -9.9517 -1.0830
4 -1.2205 -2.7786
8 9.7122 0.0717
7 -2.6352 -6.6451
5 9.2168 -0.6655
2 -3.6869 5.2103
6 -7.6376 5.4203
10 2.7569 3.7869
5 9.2168 -0.6655
4 -8.4007 -6.3341
9 -7.0520 4.4637
6 -7.6376 5.4203
1 -3.6869 5.2103
3 9.0978 -5.3973
5 9.2168 -0.6655
9 -7.5308 -2.7047
3 5.2369 1.2080
3 9.0978 -2.2211
8 -4.5963 -9.2202
10 -9.1139 -6.2717
5 9.2168 -0.6655
2 -3.6869 5.2103
7 -5.6911 -2.3797
2 -3.6869 5.2103
8 1.1293 -3.6251
10 -5.4261 -6.1332
7 6.4339 3.0035
5 9.2168 -0.6655
8 -6.7925 -8.7566
5 9.2168 -0.6655
2 -3.6869 5.2103
3 -6.5933 -6.4353
4 -8.4007 -6.3341
9 -8.2262 -6.3507
7 -5.6911 -6.6451
4 -8.4007 -6.3341
1 -3.6869 5.2103
6 8.3548 -6.4760
6 -7.6376 5.4203
1 4.5584 -1.0430
1 1.0169 -5.6564
4 -8.4007 -6.3341
3 5.0974 -5.3973
7 -5.5187 4.5351
5 9.2168 -0.6655
8 -4.5963 -9.2202
6 -7.6376 5.4203
7 -5.6911 -2.3797
5 9.2168 -0.6655
5 9.2168 -0.6655
5 9.2168 -0.6655
6 -7.6376 5.4203
2 -3.6869 5.2103
7 -2.6352 -2.3797
6 -7.6376 5.4203
1 -3.5364 -4.7685
2 -3.6869 5.2103
7 -4.8377 7.5734
7 -1.9347 9.6157
7 -5.6911 -6.6451
5 9.2168 -0.6655
3 5.0974 -2.2211
6 6.8006 4.1033
7 -2.6352 -6.6451
8 -0.4108 -5.0328
5 9.2168 -0.6655
5 9.2168 -0.6655
1 -3.6869 5.2103
10 -4.7042 -2.8153
1 -3.6869 5.2103
3 1.4911 -3.0981
8 -0.4108 -5.0328
5 9.2168 -0.6655
9 -7.5308 -0.5847
8 3.7909 9.1698
9 5.7517 9.5841
7 7.1364 2.7977
3 5.0974 -2.2211
6 -3.1465 -7.4201
8 -0.4108 -9.2202
2 -3.6869 5.2103
10 1.0330 3.4161
1 -8.0448 -2.3604
10 -2.8692 -9.1591
1 -3.6869 5.2103
9 -7.5308 -0.5847
1 -3.6869 5.2103
3 -4.9287 6.7110
1 -6.4615 -0.0234
