10 100
P -4.167421 6.375046 -2.435694 11.334705
K 2.708332 9.566762 3.484978
K 5.990760 6.552616 3.904195
Z 3 6.472231 2.678223 7.464597 2.801544
P -6.346076 2.685079 -1.622186 4.854083
Z 2 3.224687 13.013275 2.235724 13.161441
Z 2 5.008265 12.185041 4.256961 12.844997
P -8.344202 7.823029 -3.996694 12.196898
K 3.357328 -3.134283 3.937668
P 9.523866 8.043935 13.870122 10.023336
9 6.9443 -6.5287
5 -6.3461 2.6851
10 13.8701 8.0439
7 2.7083 9.5668
1 -4.1674 11.3347
6 2.7083 9.5668
8 7.3546 1.1811
5 -1.6222 2.6851
6 3.7410 16.4598
4 6.9537 -1.1962
10 4.3452 -8.6463
7 -1.5841 0.2878
1 6.2776 -8.0271
4 5.9908 6.5526
10 13.8701 10.0233
3 5.9908 6.5526
3 5.9908 6.5526
4 -9.8453 -6.8894
9 7.8777 -4.0209
8 -8.3442 12.1969
4 6.9537 -1.1962
5 -6.3461 2.6851
4 -9.3657 6.2459
7 7.3082 14.8033
6 2.7083 9.5668
4 5.9908 6.5526
10 9.5239 10.0233
6 -7.4190 -8.7248
10 13.8701 8.0439
6 3.7410 16.4598
5 -6.0782 -8.1510
10 13.8701 10.0233
10 13.8701 10.0233
7 7.3082 14.8033
8 -8.3442 12.1969
6 3.7410 16.4598
7 2.7083 9.5668
6 3.7410 16.4598
5 -1.6222 4.8541
9 3.3573 -3.1343
1 -2.4357 6.3750
1 -8.7011 7.3116
7 2.7083 9.5668
8 -8.3442 12.1969
10 -7.0718 -8.1195
3 5.9908 6.5526
5 -1.6222 2.6851
8 -8.3442 7.8230
3 6.8086 6.5254
1 -2.4357 11.3347
7 7.3082 14.8033
3 5.9908 6.5526
9 -0.3706 0.0403
8 -8.3442 7.8230
9 3.3573 -3.1343
2 2.7083 9.5668
1 -4.1674 11.3347
3 9.5327 -9.4134
9 -4.7732 -3.3910
2 -7.6593 -9.6551
4 6.9537 -1.1962
9 3.3573 -3.1343
3 5.9908 6.5526
2 -7.1313 8.4666
9 3.3573 -3.1343
10 13.8701 8.0439
2 2.7083 9.5668
4 5.9908 6.5526
9 -4.5999 1.9391
5 -6.3461 4.8541
2 1.9456 -4.8822
3 5.9908 6.5526
6 3.7410 16.4598
2 2.7083 9.5668
10 13.8701 10.0233
10 9.5239 8.0439
10 9.5239 10.0233
7 -1.7522 4.8501
4 8.8012 0.4524
1 -4.1674 11.3347
6 3.7410 16.4598
1 -2.4357 11.3347
3 5.9908 6.5526
4 5.9908 6.5526
9 3.3573 -3.1343
2 8.4336 8.2358
6 9.1518 0.1031
2 2.7083 9.5668
10 -3.8888 -9.4818
5 -9.2970 4.2039
2 2.7083 9.5668
6 3.7410 16.4598
5 -1.6222 2.6851
6 3.7410 16.4598
3 5.9908 6.5526
6 -4.3165 8.0506
3 8.3309 -1.6915
7 0.2661 0.2161
6 2.7083 9.5668
9 3.3573 -3.1343
