10 100
P -2.892040 8.592665 0.048663 10.486382
P -9.025665 -5.918020 -7.546470 -4.904490
P 8.085657 -2.739526 12.192775 1.636353
K -1.166663 -0.317983 1.475810
Z 3 8.085657 1.636353 7.380917 2.345817
K 7.554972 9.001385 4.775303
P -9.712653 -4.261159 -5.214659 -0.719493
P -0.416933 -4.907520 4.013774 -2.642196
P -0.593542 -1.895162 2.572045 0.395345
K -2.955979 2.077539 3.760810
7 -5.2147 -4.2612
4 -1.1667 -0.3180
6 7.5550 9.0014
4 -1.1667 -0.3180
7 -9.7127 -0.7195
5 8.0857 1.6364
8 -0.4169 -4.9075
4 -1.1667 -0.3180
5 -2.4743 -3.1826
8 -0.4169 -2.6422
1 0.0487 8.5927
1 0.0487 8.5927
4 -1.1667 -0.3180
2 8.3789 -0.7786
9 -0.5935 0.3953
2 -7.5465 -5.9180
1 0.0487 10.4864
9 3.4029 1.0002
9 -0.5935 -1.8952
8 -5.6504 -7.8570
6 7.5550 9.0014
8 5.7395 2.5826
7 6.2833 -1.1866
10 -2.9560 2.0775
6 7.5550 9.0014
10 -2.9560 2.0775
2 4.8217 -2.8301
3 8.0857 1.6364
8 4.0138 -4.9075
10 -2.9560 2.0775
9 2.5720 0.3953
1 -7.9880 5.9336
8 -0.4169 -2.6422
9 5.6262 -6.9400
7 -9.2090 -8.2540
1 -2.8920 10.4864
9 2.5720 0.3953
7 -9.7127 -4.2612
6 1.8919 -7.0929
10 -2.9560 2.0775
1 5.1772 -4.8126
8 -0.4169 -4.9075
3 12.1928 -2.7395
10 4.6654 4.8045
2 -9.3848 -0.0213
10 -2.9560 2.0775
4 -1.1667 -0.3180
9 -0.5935 0.3953
3 5.8792 -8.1578
1 0.0487 10.4864
7 7.9872 9.1719
7 -9.7127 -4.2612
3 12.1928 1.6364
9 -0.5935 0.3953
5 -2.4252 -9.7972
1 -2.8920 10.4864
9 2.5720 0.3953
6 7.5550 9.0014
10 -2.9560 2.0775
10 -7.7078 -7.0528
8 -0.4169 -2.6422
7 -9.7127 -4.2612
7 -5.2147 -0.7195
10 -2.9560 2.0775
7 -9.7127 -4.2612
9 -4.3047 9.7373
8 3.1987 2.0362
8 -0.4169 -4.9075
10 -2.9560 2.0775
7 -9.7127 -4.2612
8 2.1086 -0.7627
2 -9.0257 -5.9180
3 8.0857 1.6364
1 0.0487 10.4864
9 2.5720 0.3953
8 4.0138 -4.9075
1 -0.9590 -9.0733
5 1.7804 -9.0402
4 -1.1667 -0.3180
7 -6.1175 4.5485
8 4.0138 -4.9075
4 -1.1667 -0.3180
2 -7.5465 -5.9180
6 7.5550 9.0014
10 7.4384 1.3535
8 -6.7197 -3.7402
1 0.0487 10.4864
10 -2.9560 2.0775
5 12.1928 -2.7395
9 -0.5935 0.3953
4 -1.1667 -0.3180
1 -2.8920 10.4864
6 7.5550 9.0014
8 4.0138 -4.9075
5 8.0857 1.6364
10 -2.9560 2.0775
10 -2.9560 2.0775
10 6.5910 -7.0896
5 12.4340 -2.4999
6 7.5550 9.0014
