10 100
P -8.697709 5.407384 -7.371193 8.791396
P -8.184654 7.320759 -5.966595 9.803028
P -3.831500 0.920638 -1.287698 3.200677
P 4.639349 -7.974078 8.862671 -6.193542
K 8.072377 -6.548216 1.416212
Z 1 3.183652 2.587795 -8.769702 -0.715955
P 0.413183 8.013023 3.953208 9.340396
P -8.946936 -9.187188 -5.862820 -5.826090
K 2.043363 -1.126217 3.047113
P 1.692046 5.783868 5.234240 7.050827
10 5.8930 3.2511
10 5.2342 5.7839
7 0.4132 9.3404
2 -5.9666 9.8030
8 -8.9469 -5.8261
5 8.0724 -6.5482
2 1.9412 -0.7320
7 3.9532 9.3404
3 -1.2877 3.2007
9 1.6630 7.4857
6 -3.7057 1.2031
7 -3.3180 -9.7489
4 8.8627 -6.1935
5 8.0724 -6.5482
9 2.0434 -1.1262
1 -2.1996 2.9972
10 5.2342 5.7839
7 3.9532 8.0130
2 7.5523 -0.5561
9 2.0434 -1.1262
1 -7.3712 5.4074
5 8.0724 -6.5482
3 -1.2877 0.9206
6 -8.6977 5.4074
3 -3.8315 0.9206
2 -5.9666 9.8030
5 8.0724 -6.5482
9 2.0434 -1.1262
7 0.4132 9.3404
1 -7.3712 5.4074
10 -0.3470 2.8545
8 -5.8628 -9.1872
3 -1.7669 1.4403
6 -7.3712 5.4074
3 8.1990 3.8139
1 -8.6977 8.7914
2 -2.2159 0.0498
5 8.0724 -6.5482
7 3.9532 8.0130
8 -5.8628 -5.8261
4 4.6393 -6.1935
8 -8.9469 -5.8261
10 5.4073 7.5425
7 6.0449 9.6103
9 2.0434 -1.1262
2 -8.1847 9.8030
9 2.0434 -1.1262
2 -8.1847 9.8030
2 -8.1847 7.3208
10 5.2342 7.0508
7 0.4132 9.3404
6 -5.5633 -5.9332
10 1.6920 5.7839
6 1.9482 -9.5750
5 8.0724 -6.5482
2 -8.1847 7.3208
8 -5.8628 -9.1872
8 -8.9469 -5.8261
6 -2.6872 -8.1557
7 3.9532 8.0130
9 2.0434 -1.1262
3 -1.2175 -4.5035
8 -8.9469 -9.1872
5 8.0724 -6.5482
7 0.4132 8.0130
4 -8.4884 -2.6127
3 9.4326 4.3527
7 0.4132 9.3404
6 -0.1214 -5.2062
1 -8.6977 8.7914
7 -9.9222 -9.7109
8 -8.9469 -5.8261
4 4.6393 -7.9741
10 1.6920 7.0508
4 -9.3249 -6.4883
8 -5.8628 -5.8261
3 -1.2877 3.2007
2 -5.9666 7.3208
10 1.6920 7.0508
8 -8.9469 -9.1872
1 7.7580 -0.3031
2 -5.7364 6.3260
2 -5.9666 7.3208
1 -8.6977 8.7914
8 -8.9469 -9.1872
1 1.5307 -2.0961
3 -3.8315 3.2007
9 2.0434 -1.1262
9 0.4057 9.0299
1 -1.2284 4.0320
3 2.9415 -9.7619
1 -7.3712 8.7914
6 -7.3712 5.4074
9 2.0434 -1.1262
4 4.6393 -7.9741
1 -7.3712 8.7914
3 -3.8315 3.2007
1 -8.6977 5.4074
7 3.9532 8.0130
2 -4.7515 3.5093
