10 100
P 7.685980 -6.061138 10.865765 -2.178532
Z 1 0.033751 -5.900744 -0.919822 4.637857
K 4.912217 -2.375902 2.068202
P -3.612227 -4.785958 -0.520355 -3.554993
P 6.549251 -4.564940 9.891988 -1.545739
P 7.022076 0.106078 8.410220 2.205727
Z 3 -5.464752 0.501117 1.646681 -4.521616
P -5.162888 -2.732168 -0.946409 1.056562
K 5.467142 3.417957 2.724325
Z 1 7.685980 -2.178532 8.037214 -3.114819
10 7.844385 -7.194563
5 9.891988 -1.545739
9 5.467142 3.417957
8 -5.162888 1.056562
3 4.912217 -2.375902
10 7.685980 -6.061138
7 5.203764 -8.915381
10 7.844385 -7.194563
9 5.467142 3.417957
7 0.716329 -8.316647
1 10.865765 -2.178532
6 8.410220 0.106078
4 -3.612227 -4.785958
9 5.467142 3.417957
1 10.865765 -2.178532
4 -0.520355 -3.554993
2 10.865765 -2.178532
6 8.410220 2.205727
1 -9.558784 5.007002
1 -9.281172 2.959198
10 -3.180577 3.911929
10 10.865765 -6.061138
6 7.022076 0.106078
1 10.865765 -2.178532
5 9.891988 -1.545739
9 9.564283 -0.815244
10 10.865765 -6.061138
3 -2.920058 2.842572
8 0.072262 3.640465
4 -0.520355 -4.785958
9 5.467142 3.417957
2 -8.162323 -3.612548
6 -4.487340 5.068758
6 7.022076 0.106078
9 5.467142 3.417957
3 4.912217 -2.375902
8 -0.946409 -2.732168
7 3.315646 -4.550796
6 8.410220 2.205727
5 6.549251 -1.545739
6 6.735771 -1.084680
4 -0.520355 -4.785958
5 9.891988 -4.564940
5 3.255645 8.149911
3 -4.800894 -7.194316
4 -3.612227 -4.785958
5 6.549251 -1.545739
8 0.257476 -1.436418
9 6.132996 6.836769
3 4.912217 -2.375902
3 4.912217 -2.375902
9 8.864387 -9.378927
10 7.778580 6.545162
10 10.865765 -6.061138
1 4.242863 -3.078295
4 -3.612227 -4.785958
10 -3.717506 3.758464
9 -9.975050 2.294237
9 5.467142 3.417957
9 5.467142 3.417957
2 -11.290462 -4.183313
7 4.912217 -2.375902
8 -8.361403 4.004215
8 -0.946409 -2.732168
8 -5.162888 -2.732168
9 5.467142 3.417957
3 -7.626612 -9.529143
6 8.410220 2.205727
8 -8.987491 -0.688558
6 8.410220 2.205727
3 4.912217 -2.375902
8 -0.946409 1.056562
5 6.549251 -4.564940
3 -4.150109 4.112538
1 7.685980 -2.178532
8 -5.162888 -2.732168
1 7.685980 -6.061138
3 4.912217 -2.375902
6 7.022076 0.106078
1 10.865765 -2.178532
2 -11.290462 -4.183313
2 7.685980 -2.178532
3 4.912217 -2.375902
7 4.912217 -2.375902
4 -3.612227 -3.554993
1 10.865765 -2.178532
8 -5.432942 4.135048
7 4.912217 -2.375902
10 1.351347 9.759405
3 4.912217 -2.375902
3 4.912217 -2.375902
9 5.467142 3.417957
5 6.549251 -1.545739
1 10.865765 -2.178532
4 -3.612227 -4.785958
9 5.467142 3.417957
4 0.577610 -1.684203
4 -0.520355 -4.785958
10 -0.312199 -0.239043
7 5.826049 -9.202984
