10 100
K -9.896252 6.425746 4.707459
Z 1 -9.896252 6.425746 -9.197756 5.710131
Z 1 -3.393700 -9.903265 5.780282 -6.751100
Z 2 -9.896252 6.425746 -9.445872 5.532909
P 8.179719 -3.386777 10.179421 1.246059
K 4.686660 -5.267486 2.971606
Z 3 -6.402838 3.215271 -1.069149 5.549682
K 8.397199 -5.097786 2.966391
P 2.100849 -0.763254 5.447040 2.911033
Z 1 -14.415416 7.743822 -14.695413 6.783821
8 8.363408 -8.512942
10 -18.934580 9.061898
9 2.100849 2.911033
4 -9.896252 6.425746
8 8.397199 -5.097786
3 -0.236716 5.657374
8 8.397199 -5.097786
7 1.513356 -26.780486
6 4.686660 -5.267486
6 -9.264276 0.919682
9 5.447040 -0.763254
7 1.513356 -26.780486
9 2.540105 3.074188
10 -18.934580 9.061898
8 8.397199 -5.097786
4 -9.896252 6.425746
6 4.686660 -5.267486
3 1.513356 -26.780486
2 -9.896252 6.425746
10 -18.934580 9.061898
7 -6.414543 -1.529300
4 -9.896252 6.425746
6 4.686660 -5.267486
1 -9.896252 6.425746
7 4.460948 -1.159429
4 -9.896252 6.425746
9 5.447040 2.911033
10 8.322857 4.762342
5 8.179719 1.246059
3 0.323127 -2.930501
10 -9.896252 6.425746
8 -3.588831 6.880101
9 5.447040 2.911033
9 2.100849 -0.763254
3 1.513356 -26.780486
5 10.179421 1.246059
8 8.397199 -5.097786
4 -9.896252 6.425746
2 -9.896252 6.425746
2 8.474171 -5.222897
1 -9.896252 6.425746
6 4.686660 -5.267486
1 -9.896252 6.425746
9 -4.988237 -3.675730
7 -23.067476 29.382070
8 8.397199 -5.097786
1 5.664018 -1.941109
5 0.100641 9.604601
3 1.513356 -26.780486
8 -5.865038 -3.416383
10 -9.896252 6.425746
10 -9.896252 6.425746
7 -9.896252 6.425746
5 8.179719 -3.386777
4 -9.896252 6.425746
8 8.397199 -5.097786
7 -23.067476 29.382070
10 1.557094 5.266264
10 -0.187434 -9.669528
2 -9.896252 6.425746
8 3.459156 6.311738
3 -9.896252 6.425746
3 1.513356 -26.780486
7 1.513356 -26.780486
8 8.397199 -5.097786
10 -18.934580 9.061898
9 5.447040 -0.763254
9 5.447040 2.911033
1 5.109163 3.373799
8 8.397199 -5.097786
5 8.179719 -3.386777
2 -9.896252 6.425746
9 5.447040 -0.763254
9 2.694183 -1.069735
2 -9.896252 6.425746
7 -23.067476 29.382070
10 4.452129 -2.715309
10 -9.896252 6.425746
10 -9.896252 6.425746
2 -9.896252 6.425746
4 -9.896252 6.425746
8 8.397199 -5.097786
10 -18.934580 9.061898
7 -6.414543 -1.529300
6 5.941921 -0.962114
3 -9.896252 6.425746
7 -23.067476 29.382070
5 8.179719 -3.386777
6 4.686660 -5.267486
2 -9.896252 6.425746
4 -1.258224 4.062916
6 -8.276646 5.630286
2 -9.896252 6.425746
1 -9.896252 6.425746
9 2.100849 2.911033
7 -6.414543 -1.529300
10 -18.934580 9.061898
7 1.513356 -26.780486
8 -9.221436 -1.248458
1 -9.896252 6.425746
