10 100
K 6.248615 7.060770 1.917283
Z 1 7.952140 7.940530 7.493282 8.829040
P 8.941631 -2.481598 11.471569 0.503621
Z 3 -1.619460 -4.115816 -5.034344 4.717288
Z 2 8.567894 10.399130 7.744417 9.831780
Z 2 4.360867 6.725531 4.535718 5.740936
P 5.260541 6.434148 8.107630 10.457496
Z 6 5.819995 -7.530193 3.848313 -4.933770
Z 4 -5.356019 -3.102953 -8.630448 2.935679
P 2.928395 -7.004287 5.006804 -3.491368
4 -14.4135 -9.5036
4 6.1727 -2.1848
7 8.1076 6.4341
7 5.2605 10.4575
8 -1.3314 6.8691
10 2.9284 -3.4914
3 11.4716 0.5036
4 -14.4135 -9.5036
8 5.3100 3.5421
2 0.8956 0.2737
2 7.0801 -1.9546
4 9.4186 0.3684
8 -6.6907 -0.5686
9 -16.1788 -13.1178
2 6.2486 7.0608
9 -13.6769 -14.7465
6 2.4731 6.3903
7 8.1076 6.4341
6 -1.3314 6.8691
5 -0.5582 2.8255
1 6.2486 7.0608
2 -0.5733 8.3905
9 8.9416 0.5036
5 9.6557 8.8203
8 2.4731 6.3903
3 -1.0563 1.5990
7 5.2605 6.4341
6 0.7251 8.8425
9 8.9416 -2.4816
4 -14.4135 -9.5036
4 -12.4054 -11.7125
4 -12.4054 -11.7125
10 5.0068 -3.4914
4 6.3588 -9.4298
1 6.2486 7.0608
9 0.2237 -9.7931
3 -5.1761 0.8666
3 11.4716 0.5036
2 9.6557 8.8203
9 -15.0572 -16.8667
5 7.4801 11.9780
1 6.2486 7.0608
1 6.2486 7.0608
6 7.2648 2.1805
4 -12.4054 -11.7125
6 -1.3314 6.8691
1 6.2486 7.0608
5 9.6557 8.8203
9 -15.0572 -16.8667
6 -1.3314 6.8691
1 6.2486 7.0608
2 9.6557 8.8203
10 5.0068 -3.4914
9 5.7052 -1.8920
5 4.6223 9.4212
7 8.1076 6.4341
9 -13.6769 -14.7465
1 -3.0015 -4.9298
2 9.6557 8.8203
1 6.2486 7.0608
10 5.0068 -3.4914
5 9.6557 8.8203
5 7.3839 -0.8116
3 11.4716 -2.4816
1 5.4938 4.0702
8 -6.1304 3.2249
9 9.4229 2.5380
5 4.6223 9.4212
7 8.1076 6.4341
7 5.2605 6.4341
7 5.2605 6.4341
7 8.1076 10.4575
10 -1.9055 2.6694
2 2.0615 1.2607
4 -8.2256 6.1054
5 7.4801 11.9780
8 -8.3503 -4.0254
10 6.7987 2.8217
8 2.4731 6.3903
2 -1.8622 -7.0230
5 9.9485 -5.3985
10 2.9284 -3.4914
2 0.2003 7.1620
6 9.6557 8.8203
4 8.9416 -2.4816
2 9.6557 8.8203
7 2.3513 4.4962
8 9.6557 8.8203
7 7.4986 -5.9714
4 11.4716 -2.4816
6 -2.5703 4.8068
9 -12.5414 -7.8018
10 5.0068 -3.4914
10 5.0068 -7.0043
2 9.6557 8.8203
1 6.2486 7.0608
1 6.2486 7.0608
4 11.4716 0.5036
5 4.6223 9.4212
7 -5.8105 0.0847
