10 100
K -4.239175 9.086483 3.917442
K 3.628894 -6.288739 2.635735
K -3.815808 4.551326 3.469797
P -3.108713 -2.902339 -0.253216 1.290039
K 6.806338 -2.019150 3.360897
P 8.628101 9.039327 11.906570 12.698534
K 6.161969 -8.491746 3.555988
K -3.078263 -8.669440 1.855219
P 9.610501 -8.051645 12.673208 -4.198961
P -6.749116 3.513536 -5.581646 7.940504
7 -7.9948 -6.5160
8 -3.0783 -8.6694
8 -3.0783 -8.6694
3 -3.8158 4.5513
7 0.2594 9.1718
7 -6.8232 5.5215
1 -4.2392 9.0865
4 -0.2532 -2.9023
2 -8.0438 7.8325
3 -3.8158 4.5513
1 -4.2392 9.0865
3 -3.8158 4.5513
7 6.1620 -8.4917
9 -5.0332 8.0012
3 -3.8158 4.5513
10 -5.5816 7.9405
1 -4.2392 9.0865
7 8.2205 9.4216
3 -3.8158 4.5513
8 -3.0783 -8.6694
9 -2.1826 1.1851
7 6.1620 -8.4917
1 -4.2392 9.0865
5 -3.5784 -2.4517
5 6.8063 -2.0192
4 -0.2532 -2.9023
2 3.6289 -6.2887
7 6.1620 -8.4917
5 6.8063 -2.0192
5 6.8063 -2.0192
7 6.1620 -8.4917
4 -3.1087 -2.9023
1 -4.2315 -8.8061
3 3.7880 0.6363
6 8.6281 12.6985
10 5.4498 -6.6036
2 -3.7164 -4.0751
8 -3.0783 -8.6694
5 5.4272 0.6374
5 6.8063 -2.0192
6 11.9066 9.0393
10 -6.7491 7.9405
3 -3.8158 4.5513
10 -5.5816 3.5135
3 -3.8158 4.5513
7 -1.8049 7.3880
10 -5.5816 7.9405
9 12.6732 -4.1990
3 -3.8158 4.5513
10 -6.7491 7.9405
7 6.1620 -8.4917
3 -3.8158 4.5513
7 -2.2138 -7.4850
6 1.9634 6.0681
9 12.6732 -4.1990
2 3.6289 -6.2887
6 11.9066 9.0393
7 6.1620 -8.4917
3 -3.8158 4.5513
2 2.1803 0.0780
7 6.1620 -8.4917
5 6.8063 -2.0192
3 5.1731 1.9578
2 4.9900 -9.1336
8 -8.2187 1.5546
4 -0.2532 -2.9023
9 -1.5374 9.6211
8 -3.0783 -8.6694
1 -5.5865 -9.8976
3 6.2442 5.3635
3 -9.8878 -3.4958
8 -3.0783 -8.6694
9 -5.9882 7.2568
5 8.9207 8.2233
4 -3.1087 -2.9023
8 -1.7901 6.5591
9 12.6732 -8.0516
7 6.1620 -8.4917
1 -4.2392 9.0865
4 -3.1087 1.2900
4 0.3991 -3.7093
2 5.6472 4.8765
3 -3.8158 4.5513
6 11.9066 9.0393
3 -3.8158 4.5513
10 -5.5816 7.9405
9 12.6732 -4.1990
8 3.9913 0.5526
8 -3.0783 -8.6694
9 2.0003 -2.7590
2 -3.5007 0.4888
5 6.8063 -2.0192
2 0.1132 -7.9179
5 6.8063 -2.0192
6 11.9066 9.0393
10 -6.7491 7.9405
3 -3.8158 4.5513
4 -5.9057 -1.8326
5 6.8063 -2.0192
8 -7.8642 5.2452
