10 100
K -4.686287 -5.305946 1.325151
P 1.798753 -4.722532 5.396871 -2.952768
P -1.884613 -6.644185 0.975668 -4.915548
P -1.347555 -0.870832 -0.317710 3.547686
K 6.619935 2.100021 2.139506
P -3.933936 7.693013 -0.391781 9.312176
K 4.229465 0.881003 1.093169
K 8.487983 -5.566011 1.234082
Z 4 2.376434 3.191556 5.802826 6.574451
P -2.576403 6.763079 -0.437933 9.696103
1 2.4955 -9.1689
5 6.6199 2.1000
6 -3.9339 7.6930
5 8.6177 4.8199
8 8.4880 -5.5660
7 4.2295 0.8810
8 8.4880 -5.5660
8 8.4880 -5.5660
5 0.8087 7.8903
4 -0.3177 3.5477
1 -4.6863 -5.3059
2 5.3969 -2.9528
5 6.6199 2.1000
6 -0.3918 9.3122
3 5.0889 -4.6935
5 5.3131 -0.5588
4 -6.0649 -3.0022
9 2.6850 -0.5367
1 9.5117 -7.8259
5 6.6199 2.1000
10 -0.4379 6.7631
10 -6.6262 -7.0170
4 -0.3177 3.5477
9 -7.1382 3.7633
5 5.8872 -0.1205
6 -6.1717 -0.2044
1 6.8549 6.5812
5 6.6199 2.1000
1 7.3492 9.2637
2 5.3969 -4.7225
6 -4.8746 -2.1151
10 -0.4379 9.6961
2 5.3969 -4.7225
7 4.2295 0.8810
2 5.3969 -2.9528
7 4.2295 0.8810
8 8.4880 -5.5660
5 6.6199 2.1000
7 6.5129 8.2248
1 -4.6863 -5.3059
3 0.9757 -4.9155
2 1.7988 -2.9528
5 6.6199 2.1000
2 5.3969 -2.9528
7 4.2295 0.8810
4 -0.3177 -0.8708
9 2.6981 0.4931
10 -0.4379 9.6961
3 -1.8846 -6.6442
9 2.6850 -0.5367
4 -1.3476 -0.8708
2 5.3969 -2.9528
2 1.7988 -2.9528
6 -9.0977 3.2979
3 -1.8846 -6.6442
4 -7.7984 -8.4213
9 -1.3476 -0.8708
8 -3.4642 -0.0149
5 6.6199 2.1000
2 5.3969 -4.7225
7 4.2295 0.8810
7 4.2295 0.8810
4 -0.1548 1.6420
4 -0.3177 -0.8708
1 -4.5295 3.2266
7 2.9682 -4.3376
9 0.8870 -7.0616
5 -3.8246 6.6023
8 8.4880 -5.5660
5 6.6199 2.1000
2 1.7988 -2.9528
8 0.4238 -7.8343
5 6.6199 2.1000
4 -1.3476 -0.8708
6 -0.3918 7.6930
8 8.4880 -5.5660
3 -1.8846 -4.9155
3 -1.8846 -6.6442
3 3.2074 -1.0358
4 -0.3177 3.5477
3 -1.8846 -4.9155
7 -4.8023 7.3722
6 -3.9339 7.6930
10 -2.5764 6.7631
4 -3.1566 9.9457
10 -0.4379 6.7631
9 -5.5785 -9.3500
10 7.1217 -8.2746
9 -1.3476 3.5477
5 6.6199 2.1000
7 4.2295 0.8810
6 -5.5141 7.0100
6 1.6664 -8.8561
6 1.8607 -6.2577
5 6.6199 2.1000
10 -1.2973 -8.1861
1 -3.4557 -6.0237
8 -1.7342 -1.4324
1 2.8581 7.6322
3 0.9757 -4.9155
