10 100
P -3.226723 -9.419628 -0.477119 -5.279666
P 6.481083 5.676933 10.901415 8.295577
P -6.017938 -6.947879 -2.508608 -5.060605
P -2.677044 2.852187 0.954769 7.258751
K -9.583940 -1.802842 2.112094
P 7.235571 2.724798 10.536886 4.314773
K -4.556088 1.131503 3.737777
K -8.072296 -5.452958 2.996442
K -7.964408 3.429356 3.504142
K -8.238186 -8.040859 1.831745
4 -3.8874 -7.8802
4 7.7893 9.9389
10 -8.2382 -8.0409
5 -9.5839 -1.8028
9 -7.9644 3.4294
10 -8.2382 -8.0409
2 10.9014 8.2956
7 -1.6463 6.8591
3 -2.5086 -6.9479
8 -8.0723 -5.4530
8 -8.0723 -5.4530
3 -2.5086 -5.0606
7 -4.5561 1.1315
2 10.9014 8.2956
4 -4.0770 3.7881
7 -4.5561 1.1315
2 9.3937 -9.9255
5 -9.5839 -1.8028
9 -7.9644 3.4294
9 -7.9644 3.4294
5 -9.5839 -1.8028
6 7.0306 0.0459
9 -7.9644 3.4294
5 -3.1270 6.0246
5 -7.8141 -5.5272
1 -0.4771 -9.4196
1 -3.6959 -3.2355
5 8.6975 -1.2752
6 10.5369 2.7248
1 6.9708 2.9539
5 -9.1235 -2.2680
8 -2.0504 -1.6648
4 0.9548 7.2588
10 -8.2382 -8.0409
7 -1.7900 0.7795
3 -6.0179 -5.0606
6 7.2356 2.7248
6 1.0662 5.0987
9 -7.9644 3.4294
4 0.9548 2.8522
8 3.3298 -6.6280
4 1.1958 6.9687
8 -8.0723 -5.4530
1 -3.2267 -9.4196
8 -4.0356 1.1229
5 -9.5839 -1.8028
4 4.5360 -4.2372
8 -8.7669 -8.0390
9 2.4455 4.9006
3 -6.0179 -5.0606
4 0.9548 7.2588
3 7.9445 1.3890
9 -7.9644 3.4294
1 -0.4771 -9.4196
3 -2.5086 -6.9479
8 -8.0723 -5.4530
9 -1.0116 4.4514
7 -2.2645 -0.2142
7 -4.5561 1.1315
6 -7.5491 8.9952
5 -9.5839 -1.8028
7 -4.5561 1.1315
10 -8.2382 -8.0409
3 -2.5086 -5.0606
1 5.2266 2.8360
10 -8.2382 -8.0409
1 -0.4771 -5.2797
3 -6.0179 -6.9479
9 3.8140 9.0190
9 -7.9644 3.4294
2 6.4811 8.2956
8 5.7530 -5.5953
10 -4.2577 -6.5916
8 -2.4137 1.6023
4 0.9548 7.2588
5 -9.5839 -1.8028
7 1.6221 -5.4586
6 7.2356 4.3148
7 -0.7865 3.7463
8 0.6189 2.0419
5 3.9686 9.9216
7 -4.0931 3.0397
5 2.2843 1.7878
3 -2.5086 -6.9479
6 7.2356 2.7248
5 1.1013 6.7336
2 6.4811 8.2956
4 0.9548 7.2588
2 6.4811 8.2956
9 -7.9644 3.4294
9 -7.9644 3.4294
2 -5.0223 3.0780
6 10.5369 4.3148
9 -3.3972 -7.5566
7 9.5716 -0.9039
4 0.9548 7.2588
1 -3.2267 -9.4196
2 6.4811 8.2956
10 -8.2382 -8.0409
10 -8.2382 -8.0409
