10 100
K -6.633315 -9.621936 1.798669
Z 1 -6.633315 -9.621936 -6.152636 -8.745040
Z 2 8.131418 9.056082 -7.956101 9.500082
K -8.601732 -5.177068 1.822769
P -2.727040 2.289535 -1.168192 7.287820
P 3.975582 3.265155 8.272957 7.371842
Z 2 -8.151399 -10.586628 -7.615062 -11.430632
Z 1 -6.633315 -9.621936 -7.488819 -9.104140
K -8.466446 -0.890999 1.915294
K 4.848792 3.717755 4.886243
9 -3.553933 -8.838664
4 9.319404 -7.735092
3 5.323067 -3.932511
4 -8.601732 -5.177068
6 0.057212 1.597960
6 3.975582 7.371842
7 -6.633315 -9.621936
4 -8.601732 -5.177068
1 -6.633315 -9.621936
10 3.991126 5.123162
2 -1.612578 8.409626
9 9.032008 5.429991
2 -6.633315 -9.621936
2 5.840552 -4.409623
10 4.848792 3.717755
7 -6.633315 -9.621936
2 -5.021261 -0.423650
8 -6.633315 -9.621936
10 -5.826723 3.184073
3 -5.580633 28.520032
6 3.975582 3.265155
6 -0.153217 -1.118446
9 -2.385971 5.894442
1 -4.841240 -4.570879
5 -2.727040 7.287820
6 -4.942247 -9.325811
8 -6.633315 -9.621936
7 -9.669483 -11.551320
3 -6.633315 -9.621936
2 -6.633315 -9.621936
7 -5.929753 -3.749847
9 9.063673 -5.176594
3 -6.633315 -9.621936
8 -6.633315 -9.621936
10 4.848792 3.717755
5 4.811107 2.202354
5 1.989139 8.888342
5 -4.252551 -5.792911
7 -9.669483 -11.551320
3 -6.633315 -9.621936
8 -6.633315 -9.621936
9 -8.466446 -0.890999
10 4.848792 3.717755
9 -8.466446 -0.890999
6 -6.299268 -0.834871
4 -8.601732 -5.177068
10 4.848792 3.717755
5 -3.843493 -4.912623
7 -9.669483 -11.551320
3 -5.580633 28.520032
3 -6.633315 -9.621936
7 -9.669483 -11.551320
5 -1.168192 7.287820
9 -8.466446 -0.890999
1 -1.553991 -4.272209
4 0.999788 -9.992486
5 -4.270521 4.564684
7 -6.633315 -9.621936
5 7.783263 7.603124
7 -6.633315 -9.621936
2 2.276150 3.906867
2 -9.544389 -0.026299
9 -8.466446 -0.890999
2 -6.633315 -9.621936
8 -6.633315 -9.621936
4 1.884085 -5.537093
8 4.354152 6.552813
2 -6.633315 -9.621936
2 -6.633315 -9.621936
3 8.731213 -1.738242
6 3.975582 3.265155
6 3.975582 7.371842
8 -8.896029 1.387208
9 -8.466446 -0.890999
5 -9.943374 -9.878302
2 -6.633315 -9.621936
4 -0.486044 9.089184
2 -6.578154 6.033736
3 -6.633315 -9.621936
1 -6.633315 -9.621936
6 4.469397 -6.967394
9 -8.466446 -0.890999
3 -5.580633 28.520032
8 -6.633315 -9.621936
6 4.629613 8.360730
3 -6.633315 -9.621936
2 -6.633315 -9.621936
6 3.975582 3.265155
1 -6.633315 -9.621936
7 -6.633315 -9.621936
5 7.152100 0.116218
3 -6.633315 -9.621936
6 8.272957 3.265155
3 3.890005 7.715090
5 -2.727040 2.289535
9 -8.466446 -0.890999
7 -9.669483 -11.551320
4 3.303351 -6.470192
7 -6.633315 -9.621936
6 -4.099843 2.321260
