10 100
P 7.427580 -3.596729 12.390001 -0.363394
P -6.786409 -8.635009 -4.333718 -5.045666
P -1.134112 7.753837 0.443501 12.190892
K -5.857527 2.657215 4.206563
Z 3 -1.134112 7.753837 -1.959592 7.189405
Z 5 3.000575 6.143924 3.644642 6.908893
K -8.662856 5.438454 1.349564
K -2.194673 -4.915386 1.062370
Z 1 -5.683666 -5.434267 2.395416 1.568737
P -6.800684 8.707400 -5.457503 12.454102
2 -6.7864 -8.6350
7 -8.3111 4.5087
3 -1.1341 7.7538
7 2.9235 -3.2616
3 5.9326 -5.4363
2 -6.7864 -8.6350
7 -8.6629 5.4385
4 7.3495 8.7070
5 -1.1341 12.1909
3 0.4435 12.1909
8 -2.1947 -4.9154
2 -6.7864 -5.0457
2 -6.7864 -5.0457
9 8.2118 -0.6775
7 -4.5937 -8.5660
7 -8.6629 5.4385
1 7.4276 -0.3634
1 12.3900 -0.3634
6 -1.0441 4.1667
9 1.1973 6.8242
8 -1.6941 -8.5640
7 -8.6629 5.4385
1 12.3900 -3.5967
6 3.5730 7.6140
10 -5.4575 8.7074
9 7.4276 -3.5967
3 4.0274 -7.7575
7 -8.6629 5.4385
7 -1.7141 -2.6612
10 -6.8007 8.7074
1 12.3900 -3.5967
1 7.4276 -0.3634
3 -1.1341 12.1909
7 -8.6629 5.4385
7 -8.6629 5.4385
2 -9.5674 -8.5154
10 -5.4575 12.4541
3 -1.1341 12.1909
5 -1.1341 12.1909
1 12.3900 -3.5967
3 8.8716 7.1711
6 5.0226 3.8985
9 7.4276 -0.3634
1 7.4276 -0.3634
5 3.5730 7.6140
1 12.3900 -3.5967
9 -1.2988 12.1954
1 12.3900 -0.3634
3 3.1805 2.9394
6 -0.0858 -1.2026
3 0.4435 7.7538
6 5.2913 2.3439
1 12.3900 -0.3634
8 -2.1947 -4.9154
1 12.3900 -0.3634
6 -9.8721 9.7067
10 -6.7504 6.4935
2 -4.3337 -5.0457
2 -4.3337 -8.6350
2 -4.3337 -8.6350
4 -4.5601 -3.4140
4 -2.8075 3.1256
6 1.1387 -5.3834
5 -2.9684 9.0743
4 -5.8575 2.6572
8 -2.1947 -4.9154
6 9.3948 4.6544
9 -1.2988 12.1954
8 2.5963 4.1206
4 -4.5546 2.2140
4 -5.8575 2.6572
10 -5.4575 12.4541
9 -2.2779 1.4940
5 3.5730 7.6140
4 3.4579 -4.5656
4 -5.8575 2.6572
8 -2.1947 -4.9154
9 -8.7470 4.9293
6 -6.3619 -3.8828
3 0.4435 12.1909
4 4.7212 8.9054
9 1.1973 6.8242
8 -2.1947 -4.9154
4 -6.8997 0.9259
5 -1.1341 12.1909
5 7.6455 -5.6635
3 -1.1341 12.1909
7 -8.6629 5.4385
8 -2.1947 -4.9154
2 -6.7864 -5.0457
1 -4.4126 -1.0631
3 -6.4762 5.1151
8 -2.1947 -4.9154
2 -6.7864 -5.0457
2 -4.3337 -5.0457
3 -0.3534 2.6829
9 -1.2988 12.1954
4 -5.2511 2.2110
5 3.6409 -1.8096
6 3.0006 6.1439
