10 100
K 3.809889 9.545926 1.051176
P 9.235142 -5.500719 11.185260 -1.899351
K 1.293498 -6.431983 1.921070
P 9.577919 6.461703 13.442440 7.725746
P 9.738620 -9.868207 14.220639 -4.979624
K 4.280507 7.374615 3.947264
K 4.189368 -6.790804 1.926671
Z 6 4.120326 3.430602 5.119502 3.390021
P 7.914539 9.846559 10.829027 14.330525
Z 9 -1.591935 9.697108 3.694034 -1.286620
1 3.809889 9.545926
8 8.394295 9.931992
5 3.204188 5.329860
2 9.235142 -5.500719
8 3.960144 -0.513411
6 4.041790 5.542133
6 4.280507 7.374615
10 10.829027 9.846559
7 4.189368 -6.790804
8 4.675290 3.029240
1 3.809889 9.545926
3 1.293498 -6.431983
6 -2.143141 -5.766886
2 1.688388 7.871590
10 -1.810393 3.832501
4 -0.234317 -6.334054
9 4.988596 8.762110
8 3.960144 -0.513411
3 -8.066848 2.617350
1 3.809889 9.545926
7 4.189368 -6.790804
2 11.185260 -5.500719
8 4.280507 7.374615
7 4.189368 -6.790804
8 -5.060060 6.323265
9 10.829027 9.846559
1 3.809889 9.545926
7 4.189368 -6.790804
2 11.185260 -1.899351
5 9.738620 -9.868207
3 1.293498 -6.431983
1 -7.375269 8.723527
8 4.280507 7.374615
5 14.220639 -9.868207
7 4.189368 -6.790804
9 7.914539 14.330525
4 -9.003906 6.525230
2 9.235142 -5.500719
8 -2.528978 2.597362
4 13.442440 7.725746
4 -5.928902 0.547780
2 9.235142 -5.500719
7 -5.710569 3.306997
2 2.969994 3.670753
1 -4.318343 5.433763
1 -4.238027 8.402583
3 1.293498 -6.431983
4 -2.355518 -1.001936
4 9.577919 6.461703
4 13.442440 7.725746
4 9.577919 7.725746
6 -7.884616 -1.811134
6 4.280507 7.374615
9 7.914539 9.846559
1 3.809889 9.545926
8 3.960144 -0.513411
7 3.834341 -9.595905
10 1.495197 -0.149752
6 4.280507 7.374615
3 1.293498 -6.431983
10 7.914539 9.846559
1 -0.142243 4.746321
6 4.067745 6.703053
1 -0.866257 4.464787
9 7.914539 14.330525
9 9.749955 6.395690
8 3.960144 -0.513411
10 7.914539 9.846559
3 1.293498 -6.431983
10 -11.144036 5.158500
5 -6.134092 -1.381918
7 4.189368 -6.790804
2 6.436131 -4.265082
10 -11.144036 5.158500
3 1.293498 -6.431983
6 9.465732 -2.840236
8 3.960144 -0.513411
9 -2.839813 0.443596
2 11.185260 -5.500719
1 3.809889 9.545926
2 9.235142 -5.500719
3 1.293498 -6.431983
4 9.577919 7.725746
10 -4.686211 -9.510269
6 4.280507 7.374615
4 9.577919 6.461703
2 0.411951 -3.977100
8 5.826839 6.064844
8 -5.613952 -1.845794
7 0.626249 -1.515573
4 -3.511057 4.887635
5 7.987505 -4.684753
3 -9.949356 6.109691
9 7.144011 -9.758246
3 1.293498 -6.431983
5 -3.970022 -8.823909
1 3.809889 9.545926
7 4.189368 -6.790804
9 10.829027 14.330525
9 10.829027 14.330525
