10 100
K -8.814741 -4.632719 3.927065
K -8.409727 -7.269062 2.671196
K -6.557179 -7.015931 2.898918
Z 1 -2.926438 8.081761 0.281668 1.399042
K 6.703884 5.160785 4.899914
Z 3 -5.076114 -4.523910 -5.935752 -4.013007
P 6.436346 -3.198957 7.691269 1.792223
K 1.793813 -1.748687 4.700070
K 4.990846 -0.564974 1.657953
P 6.432049 3.148961 11.070195 7.690039
2 3.3420 -0.9935
8 1.7938 -1.7487
1 -8.8147 -4.6327
3 -6.5572 -7.0159
7 7.6913 1.7922
6 6.7718 -2.1108
1 -8.8147 -4.6327
2 -8.4097 -7.2691
6 3.6185 -1.8996
2 -8.4097 -7.2691
3 -7.0712 -3.1977
1 -0.3317 -6.6626
8 -2.5358 1.9780
6 -6.5572 -7.0159
9 4.9908 -0.5650
8 1.7938 -1.7487
6 -3.4402 1.3402
3 3.7371 -9.2198
5 6.7039 5.1608
9 -1.3535 4.0734
9 4.9908 -0.5650
3 -6.5572 -7.0159
2 -2.9467 3.4155
1 -8.8147 -4.6327
10 11.0702 7.6900
3 -6.5572 -7.0159
1 -8.8147 -4.6327
5 6.7039 5.1608
1 -2.4681 4.6673
6 -3.5950 -2.0319
8 -2.9681 8.7337
9 4.9908 -0.5650
6 8.2199 -3.0923
8 -3.7516 -7.0136
2 -8.4097 -7.2691
3 -6.5572 -7.0159
1 1.7612 -4.4823
10 0.8565 -3.9571
7 6.4363 1.7922
1 -8.8147 -4.6327
3 6.2172 -6.9568
10 11.0702 3.1490
8 1.7938 -1.7487
7 7.6913 -3.1990
9 4.9908 -0.5650
4 -8.8147 -4.6327
10 11.0702 3.1490
8 1.7938 -1.7487
2 -2.7043 -5.4652
5 6.7039 5.1608
1 -8.8147 -4.6327
8 -9.1887 -8.8219
4 4.7023 -1.4144
8 1.7938 -1.7487
9 -8.0508 4.8129
4 -6.0484 -6.8271
4 -8.8147 -4.6327
8 1.7938 -1.7487
4 -8.8147 -4.6327
2 -8.4097 -7.2691
10 11.0702 3.1490
5 6.7039 5.1608
8 3.3349 -5.9766
2 -8.4097 -7.2691
1 -8.8147 -4.6327
10 -7.9495 -0.6470
2 -8.4097 -7.2691
5 6.7039 5.1608
3 3.4584 -2.6978
6 -6.1167 -1.1280
4 10.6772 4.7246
6 -6.5572 -7.0159
6 -6.4017 4.3168
5 6.7039 5.1608
10 6.4320 3.1490
7 6.4363 1.7922
4 10.6772 4.7246
7 6.4363 1.7922
5 6.7039 5.1608
5 6.7039 5.1608
10 6.4320 3.1490
9 -9.2759 -8.9969
4 10.6772 4.7246
3 -5.1645 -3.5443
2 -8.4097 -7.2691
4 -5.3593 2.3405
5 6.7039 5.1608
2 -8.2325 -7.9977
8 1.7938 -1.7487
9 -6.6104 2.8244
1 -8.8147 -4.6327
1 -8.8147 -4.6327
2 8.2101 8.8704
9 4.9908 -0.5650
4 -8.8147 -4.6327
5 6.7039 5.1608
8 1.7938 -1.7487
9 4.9908 -0.5650
9 4.9908 -0.5650
6 -6.5572 -7.0159
