10 100
P -1.897785 -9.481409 -0.823459 -5.940519
K 1.145809 -2.997581 3.094106
K -3.928199 3.894466 3.076555
K -5.203774 -3.032150 4.622181
Z 2 1.145809 -2.997581 1.351353 -2.018933
Z 1 -0.823459 -9.481409 0.171980 -9.576806
P -0.188881 -8.978062 3.786527 -7.122953
P 4.298628 7.501501 5.968878 11.528860
K -5.279237 -5.259282 1.661690
K -3.208484 -6.078019 3.335420
2 1.1458 -2.9976
3 -3.9282 3.8945
10 -3.2085 -6.0780
2 1.1458 -2.9976
4 -5.2038 -3.0322
9 -1.8327 -2.8747
7 3.7865 -8.9781
9 -5.2792 -5.2593
7 -0.1889 -7.1230
7 3.7865 -8.9781
10 -3.2085 -6.0780
2 -3.5160 -0.2889
7 -3.8211 -2.5412
1 -1.8978 -5.9405
5 1.1458 -2.9976
4 -5.2038 -3.0322
5 1.9026 5.7368
1 -5.0348 -2.7355
10 -3.2085 -6.0780
2 1.1458 -2.9976
9 2.6618 -7.1424
7 3.7865 -8.9781
6 -0.8235 -9.4814
8 5.9689 7.5015
8 5.9689 11.5289
5 8.1560 -0.4426
3 -3.9282 3.8945
7 3.7865 -8.9781
1 -0.8235 -5.9405
7 -0.1889 -8.9781
1 -0.8235 -5.9405
7 -0.1889 -8.9781
1 -1.8978 -5.9405
4 -5.2038 -3.0322
8 5.9689 11.5289
9 -5.2792 -5.2593
5 1.1458 -2.9976
6 -2.5507 -12.7538
3 1.6255 8.0051
10 6.1050 9.2877
3 -3.9282 3.8945
3 -5.6740 5.5443
9 -8.2773 8.8304
3 -6.9627 6.8135
9 -5.2792 -5.2593
9 -5.2792 -5.2593
6 -0.8235 -9.4814
2 1.1458 -2.9976
4 0.0219 7.1852
7 -0.1889 -7.1230
7 -0.1889 -7.1230
9 -5.2792 -5.2593
7 3.7865 -8.9781
4 -5.2038 -3.0322
6 -2.6027 -2.7260
4 -5.2038 -3.0322
10 -9.6014 2.4483
8 4.2986 7.5015
1 -0.8235 -5.9405
2 1.1458 -2.9976
4 -5.2038 -3.0322
2 -1.6992 6.4681
1 -7.4090 -0.5990
2 7.6596 -1.5893
9 -5.2792 -5.2593
2 1.1458 -2.9976
6 -6.0034 -3.6415
7 -0.1889 -7.1230
9 -5.2792 -5.2593
6 -1.4960 -12.9578
10 -3.2085 -6.0780
9 3.7567 4.4125
1 -4.6801 4.6596
8 4.2986 7.5015
5 1.1458 -2.9976
4 -2.7589 5.3497
1 -0.8235 -9.4814
9 -5.2792 -5.2593
4 5.7025 -5.1531
9 -5.2792 -5.2593
2 4.2507 8.9947
2 1.1458 -2.9976
7 3.7865 -7.1230
6 -1.3385 -5.6317
4 -5.2038 -3.0322
1 -1.8978 -5.9405
1 -1.8062 -9.2772
10 2.2793 8.4014
1 -1.8978 -9.4814
2 1.1458 -2.9976
1 -0.8235 -5.9405
2 -7.1739 -5.9337
2 1.1458 -2.9976
4 9.2898 3.4990
1 -1.8978 -5.9405
1 4.2768 2.4349
5 1.1458 -2.9976
6 -0.8235 -9.4814
10 -3.2085 -6.0780
8 0.5302 -6.3964
