10 100
K -4.906856 6.445380 4.131644
P 1.388594 -3.614594 3.163965 -1.510533
Z 2 9.148804 -7.156596 -6.763399 2.082503
K -1.329893 -5.209720 2.725461
K -0.418943 4.232136 4.407037
K -2.792417 1.483631 4.188260
Z 4 -1.329893 -5.209720 -0.349049 -5.014922
K -9.779034 -6.111837 1.675294
P -1.317930 -6.062531 3.004690 -4.649797
K 4.771679 -6.788060 1.824160
5 7.350382 -2.467740
5 7.617646 -9.773639
2 3.163965 -1.510533
6 -2.792417 1.483631
4 -1.329893 -5.209720
4 -1.329893 -5.209720
8 3.275658 0.434802
1 6.472121 5.897113
8 -4.753766 4.359925
5 -4.414791 -9.803444
3 2.448908 -8.919267
2 5.274124 9.953101
5 -0.418943 4.232136
7 -1.329893 -5.209720
3 -4.037561 0.612998
5 0.344997 2.798006
1 -4.906856 6.445380
6 -2.861844 -6.491840
5 -0.418943 4.232136
8 -9.779034 -6.111837
6 -2.013750 1.459262
1 -4.906856 6.445380
8 -9.779034 -6.111837
8 5.723151 -6.489616
4 -1.329893 -5.209720
6 -2.792417 1.483631
7 -1.329893 -5.209720
6 -2.792417 1.483631
3 1.388594 -3.614594
1 -4.906856 6.445380
5 -0.418943 4.232136
10 4.771679 -6.788060
8 -4.615651 5.594266
2 8.635533 -5.128974
2 3.163965 -1.510533
10 4.771679 -6.788060
9 2.346192 0.249848
8 -9.779034 -6.111837
10 4.771679 -6.788060
4 -1.329893 -5.209720
10 4.771679 -6.788060
9 -1.317930 -4.649797
5 -0.418943 4.232136
9 3.004690 -4.649797
9 3.004690 -6.062531
2 1.388594 -1.510533
5 -0.418943 4.232136
9 -9.276626 9.264628
3 3.105755 -3.714848
6 -2.792417 1.483631
8 -9.779034 -6.111837
5 -0.418943 4.232136
10 4.771679 -6.788060
5 -0.418943 4.232136
9 -1.317930 -6.062531
8 -9.779034 -6.111837
3 1.388594 -1.510533
1 1.557721 5.082404
1 -4.906856 6.445380
10 4.771679 -6.788060
10 4.771679 -6.788060
2 3.163965 -3.614594
2 -4.151071 -3.484660
1 -0.036597 1.081975
4 -1.329893 -5.209720
10 -6.956250 -3.143906
6 -2.792417 1.483631
6 -2.792417 1.483631
10 -3.662037 3.813206
8 -9.779034 -6.111837
8 -9.779034 -6.111837
2 3.163965 -1.510533
6 -2.792417 1.483631
10 4.771679 -6.788060
10 4.771679 -6.788060
8 -8.614738 -8.226381
7 -1.329893 -5.209720
9 3.004690 -4.649797
1 4.058729 -6.396493
3 0.398317 -3.216056
8 3.802423 -9.842858
2 1.388594 -1.510533
4 -1.329893 -5.209720
2 3.163965 -3.614594
9 0.390175 -5.207930
10 -8.063785 1.040708
5 -0.418943 4.232136
2 1.014331 -4.889751
3 1.388594 -1.510533
3 3.163965 -3.614594
7 -1.329893 -5.209720
1 -0.154270 -1.775493
9 -1.317930 -6.062531
9 3.004690 -4.649797
4 -1.329893 -5.209720
7 -9.946035 -4.180804
4 -1.329893 -5.209720
6 -4.797345 9.624110
5 -0.418943 4.232136
8 1.305930 -0.634308
