10 100
P 3.490306 -4.691173 5.310032 -2.683593
Z 1 5.310032 -4.691173 4.451915 -4.177718
Z 2 -6.453810 -4.123443 7.112644 -1.018632
P 5.614316 -5.373542 6.914892 -3.224365
Z 3 5.310032 -4.691173 5.528355 -3.715297
P -0.114606 2.107414 3.543609 6.296951
K 8.782146 2.703415 1.674039
K 0.406613 -6.289646 4.460346
P 5.489809 7.782813 7.494953 11.318134
K -2.878274 -1.479751 3.849536
5 -1.9780 2.0210
3 3.4903 -2.6836
3 -1.9639 9.1014
3 4.7653 -0.3034
8 0.4066 -6.2896
2 -0.2028 -7.0910
9 -3.7114 0.4091
5 5.3100 -4.6912
8 0.4066 -6.2896
4 6.9149 -5.3735
10 -2.8783 -1.4798
4 6.9149 -5.3735
10 -2.8783 -1.4798
8 -3.6645 3.4201
6 -0.1146 2.1074
8 0.4066 -6.2896
1 3.8013 6.9764
1 3.4903 -2.6836
4 5.6143 -5.3735
8 -5.1665 -1.0191
9 5.4898 7.7828
5 2.6807 -4.0367
7 8.7821 2.7034
2 -9.1210 6.2008
1 5.3100 -4.6912
1 5.3100 -2.6836
7 0.6308 -1.6344
5 9.3317 -8.4809
3 4.4498 -3.0876
10 -2.8783 -1.4798
3 5.9262 -7.3706
1 3.4903 -2.6836
10 -3.5437 0.1953
10 -2.8783 -1.4798
2 1.6655 3.8891
8 0.4066 -6.2896
4 6.9149 -3.2244
10 -2.8783 -1.4798
10 -2.8783 -1.4798
7 8.7821 2.7034
7 9.4694 2.8426
1 5.7697 -5.4962
10 -2.8783 -1.4798
9 5.4898 7.7828
3 4.7653 -0.3034
7 -4.3139 -4.0625
6 -0.1146 2.1074
3 -3.9693 9.0920
4 6.9149 -5.3735
3 -4.8065 -6.0596
7 8.7821 2.7034
4 5.6143 -3.2244
3 -1.9088 9.8084
3 3.1267 -1.0949
4 5.6143 -5.3735
3 3.4903 -2.6836
9 7.4950 11.3181
7 8.7821 2.7034
2 5.3100 -4.6912
7 8.7821 2.7034
10 -2.8783 -1.4798
1 9.3205 4.6463
4 5.6143 -3.2244
7 4.7607 -6.5610
1 5.3100 -2.6836
4 5.6143 -3.2244
9 5.4898 11.3181
4 6.9149 -5.3735
9 7.4950 7.7828
6 -0.1146 6.2970
5 6.1655 -2.8750
1 5.3100 -4.6912
7 1.3921 0.2167
8 0.4066 -6.2896
8 0.4066 -6.2896
8 0.4066 -6.2896
4 6.9149 -3.2244
1 2.2210 3.0500
6 -0.1146 6.2970
1 3.4903 -4.6912
8 1.9172 -5.1563
4 5.6143 -5.3735
7 8.7821 2.7034
4 6.9149 -3.2244
9 7.4950 11.3181
7 -6.3293 2.1985
10 -0.0913 4.5233
9 7.4950 7.7828
6 -0.1146 6.2970
1 3.5844 -0.9863
3 3.1267 -1.0949
8 0.4066 -6.2896
1 -6.2050 8.0424
3 -4.8895 -6.9284
10 -2.8783 -1.4798
1 7.7734 -3.0831
4 5.6143 -3.2244
1 3.2569 -7.5570
2 5.3100 -2.6836
2 -8.7825 -9.3517
