10 100
K -4.058362 -7.227558 3.346613
K -4.590428 4.618388 1.645181
P 1.199994 9.944645 2.804360 13.735878
Z 1 -5.363868 -10.309030 -4.443094 -10.699128
P -6.723579 3.791516 -2.172238 7.576806
Z 1 -8.636899 -3.709778 -0.136736 -7.131425
K -7.854801 9.141299 2.306762
P 1.113579 -5.663186 2.520726 -0.832214
K -2.812733 -8.753005 2.970479
K 4.334220 -8.627842 2.439096
5 -2.1722 3.7915
3 2.8044 13.7359
2 -4.5904 4.6184
1 2.4035 -7.5936
6 -2.8981 -4.3451
6 -6.7140 2.0673
10 -4.5360 -8.2623
6 -4.0584 -7.2276
10 4.3342 -8.6278
5 -2.1722 3.7915
7 8.9622 5.0668
8 1.1136 -0.8322
6 -4.0584 -7.2276
9 -2.8127 -8.7530
6 5.9583 -1.6455
3 2.8044 13.7359
8 2.5207 -0.8322
2 -4.5904 4.6184
9 -2.8127 -8.7530
2 -4.5904 4.6184
4 -6.6694 -13.3905
5 -6.7236 3.7915
5 0.0478 5.7620
1 3.6549 3.8751
4 -6.6694 -13.3905
7 -7.8548 9.1413
9 -4.8264 -7.1501
10 4.3342 -8.6278
2 -4.5904 4.6184
4 -6.6694 -13.3905
1 -0.1805 -9.6060
1 -4.0584 -7.2276
8 1.1136 -5.6632
10 4.3342 -8.6278
1 -4.0584 -7.2276
7 -7.8548 9.1413
5 8.5801 0.5482
9 -2.8127 -8.7530
10 4.3342 -8.6278
10 -8.0084 2.2488
7 -7.8548 9.1413
7 -7.8548 9.1413
6 -4.0584 -7.2276
4 6.6941 -6.3710
10 4.3342 -8.6278
10 4.3342 -8.6278
5 -6.7236 7.5768
4 -4.0584 -7.2276
4 4.8524 6.0700
10 4.3342 -8.6278
6 5.7670 8.7357
7 -7.8548 9.1413
9 -2.8127 -8.7530
4 -8.1743 -6.9771
2 -1.2187 -8.9269
10 -7.8583 -3.7985
10 4.3342 -8.6278
9 5.1998 -9.3617
7 -7.8548 9.1413
7 -7.8548 9.1413
4 4.8556 -3.2220
2 -4.5904 4.6184
2 -4.5904 4.6184
2 -4.5904 4.6184
2 5.5480 -3.4673
7 -7.8548 9.1413
6 -4.0584 -7.2276
10 4.3342 -8.6278
3 -0.8469 -5.1872
10 4.3342 -8.6278
2 -4.5904 4.6184
10 7.6826 3.6502
9 7.3976 2.1919
3 1.2000 13.7359
5 6.4226 1.9918
6 -2.8981 -4.3451
1 -4.0584 -7.2276
4 -6.6694 -13.3905
5 -6.7236 7.5768
8 2.5207 -0.8322
6 -5.2996 5.1282
10 -9.4911 -4.6216
3 8.0913 9.0615
1 -4.0584 -7.2276
9 8.2800 4.2777
1 -4.0584 -7.2276
6 8.0451 0.3798
6 -2.8981 -4.3451
9 -2.8127 -8.7530
3 2.8044 9.9446
2 -4.5904 4.6184
8 1.1136 -0.8322
2 -6.7050 6.5482
2 6.9905 -2.4929
2 -5.3484 -5.5697
7 -7.8548 9.1413
1 -4.0584 -7.2276
10 4.3342 -8.6278
3 2.8044 13.7359
1 -4.0584 -7.2276
