10 100
K 8.293232 -3.037506 3.145686
K -9.030355 -3.032116 4.698515
K 3.514302 8.779864 2.617550
Z 1 8.293232 -3.037506 7.554620 -3.711637
K -0.261714 6.791057 4.320081
Z 2 -11.575516 -6.981571 -10.734941 -7.523266
Z 5 -4.140594 4.889114 -3.700338 3.991242
Z 1 -4.066102 0.047282 -3.091856 -1.808611
Z 5 4.568855 8.803062 -7.612578 -8.263004
K -0.386022 -5.690743 1.393988
8 -9.0969 4.7428
8 -8.5463 -11.8774
2 -3.8462 -2.2840
6 -9.0304 -3.0321
8 8.2932 -3.0375
4 8.2932 -3.0375
7 -8.0195 2.9872
8 1.7975 -2.8502
2 3.9877 5.3486
4 -3.4995 -7.9460
7 -8.0195 2.9872
6 -14.1207 -10.9310
7 -0.2617 6.7911
3 3.5143 8.7799
6 -9.0304 -3.0321
4 8.2932 -3.0375
2 -9.0304 -3.0321
2 -9.0304 -3.0321
6 8.3217 -5.7735
5 6.3909 7.1757
6 -9.0304 -3.0321
6 -0.4497 -7.0980
3 3.5143 8.7799
9 4.2358 3.5808
10 -0.3860 -5.6907
4 8.2932 -3.0375
9 -0.2617 6.7911
5 9.2627 -8.1190
6 -14.1207 -10.9310
1 8.2932 -3.0375
2 -9.0304 -3.0321
6 -9.0304 -3.0321
6 -9.0304 -3.0321
5 3.4945 -7.0991
5 9.1810 -4.1348
4 8.2932 -3.0375
9 4.2358 3.5808
3 3.5143 8.7799
7 -0.2617 6.7911
3 3.9933 -7.3257
9 -6.9137 -1.6250
6 -4.7828 -9.2642
4 -2.8293 6.3530
5 -4.5720 -1.1585
7 8.7428 5.2562
2 -9.0304 -3.0321
4 8.2932 -3.0375
6 5.4152 6.2368
9 4.2358 3.5808
4 8.2932 -3.0375
5 -0.2617 6.7911
3 3.5143 8.7799
10 -0.3860 -5.6907
10 -0.3860 -5.6907
9 -0.2617 6.7911
7 6.5566 7.2639
9 8.6920 -0.4170
9 4.2358 3.5808
2 1.8319 -2.8100
6 -9.0304 -3.0321
5 -0.2617 6.7911
9 -0.2617 6.7911
7 8.6612 -6.1516
10 -0.3860 -5.6907
9 -7.8878 1.8304
10 -0.3860 -5.6907
9 -0.2617 6.7911
1 8.2932 -3.0375
5 -0.2617 6.7911
9 0.5520 3.2983
2 -9.0304 -3.0321
8 -1.7949 -3.7833
5 5.0416 2.3065
3 3.5143 8.7799
3 9.9455 -3.3714
6 5.0819 -9.7185
4 8.2932 -3.0375
2 -9.0304 -3.0321
2 -9.0304 -3.0321
7 -0.2617 6.7911
5 1.9106 -2.5801
9 4.2358 3.5808
8 -8.5463 -11.8774
6 -9.0304 -3.0321
4 8.2932 -3.0375
1 8.2932 -3.0375
7 -0.2617 6.7911
1 8.2932 -3.0375
5 -0.2617 6.7911
4 8.2932 -3.0375
5 -0.2617 6.7911
4 0.4744 1.7460
2 -9.0304 -3.0321
7 -8.0195 2.9872
7 4.4880 5.9734
5 -4.4733 -0.0849
5 -8.4966 -8.6570
7 -8.0195 2.9872
2 -9.0304 -3.0321
5 -8.0251 -8.4328
