10 100
K -0.826921 0.667636 1.386411
P -1.508278 -6.466905 0.189697 -2.323625
K -0.716306 1.111307 4.460842
Z 2 9.132885 -6.715441 1.969535 -3.303578
K 9.415515 -9.381412 4.506435
P 8.010059 8.705546 10.439061 11.868951
K -5.965546 -0.711951 3.023550
K 3.824781 1.102106 3.017251
P 0.144173 -4.657378 3.214284 -2.140101
Z 9 -9.147923 -0.380016 -4.301113 8.443100
9 3.2143 -4.6574
3 -0.7163 1.1113
9 0.1442 -2.1401
3 -0.7163 1.1113
9 9.7277 -8.7369
1 -0.8269 0.6676
6 -5.7546 1.2516
6 -2.8987 -6.0258
10 0.1442 -2.1401
1 8.4884 7.8682
10 0.1442 -2.1401
3 -0.7163 1.1113
10 0.1442 -4.6574
8 3.8248 1.1021
10 -17.2642 9.1094
5 9.4155 -9.3814
2 3.7923 5.4100
4 8.4782 -9.2300
3 -3.4925 8.6017
4 0.0870 -2.5392
2 5.6326 4.5441
9 -9.8136 9.9154
9 0.1442 -4.6574
8 3.8248 1.1021
3 -0.7163 1.1113
6 10.4391 8.7055
2 -1.5083 -2.3236
10 3.1078 6.4336
5 9.4155 -9.3814
5 9.4155 -9.3814
2 -4.4240 -3.1186
8 3.8248 1.1021
4 8.2436 7.6427
5 9.4155 -9.3814
1 7.5456 8.1364
10 -19.3887 7.7592
10 -8.5479 8.8310
4 0.0870 -2.5392
8 3.8248 1.1021
2 -2.8595 9.9576
2 0.1897 -2.3236
9 0.1442 -4.6574
1 -0.8269 0.6676
1 -0.8269 0.6676
7 -5.9655 -0.7120
10 1.6571 6.3169
1 -9.2150 -6.8527
5 9.4155 -9.3814
9 3.2143 -2.1401
7 6.1719 -2.7054
7 -5.9655 -0.7120
5 3.3297 -7.7738
10 3.2143 -4.6574
3 -0.7163 1.1113
7 -5.9655 -0.7120
9 3.2143 -2.1401
3 -0.7163 1.1113
10 0.1442 -2.1401
6 8.0101 8.7055
5 -5.4727 2.7123
6 8.0101 8.7055
3 6.2371 -0.5680
2 0.1897 -2.3236
6 -4.0023 -6.1096
1 -0.8269 0.6676
2 8.7006 1.5996
3 -0.7163 1.1113
6 -6.7060 -6.3167
5 6.2195 -3.5847
5 9.4155 -9.3814
7 -5.9655 -0.7120
8 3.8248 1.1021
2 0.1897 -2.3236
7 3.8152 -1.3194
9 8.1329 -5.2677
9 -5.1183 8.0636
10 3.2143 -4.6574
7 -5.9655 -0.7120
8 3.8248 1.1021
4 0.1897 -2.3236
10 -17.7420 5.1680
4 -1.5083 -6.4669
10 -17.7420 5.1680
3 -8.0773 6.2093
9 -7.0217 -9.4139
2 -1.5083 -6.4669
3 -0.7163 1.1113
10 -17.2642 9.1094
3 -0.7163 1.1113
2 0.1897 -6.4669
5 9.4155 -9.3814
3 -0.7163 1.1113
6 10.4391 11.8690
3 -0.7163 1.1113
3 -0.7163 1.1113
5 9.4155 -9.3814
6 10.4391 8.7055
3 -0.7163 1.1113
6 10.4391 8.7055
1 2.1609 4.7740
