10 100
P 5.044527 3.398898 6.511573 7.083260
P 9.698019 -5.381097 11.414280 -3.328036
P -2.125461 -4.771252 0.878316 -0.237000
K 1.173155 2.477785 3.437133
Z 2 9.698019 -3.328036 10.589714 -3.780673
Z 2 6.167463 -4.186331 4.478428 2.084726
P 5.220725 2.491440 6.532115 3.807696
P 8.998500 -5.338831 13.838030 -2.557543
Z 4 -1.027801 -0.162229 -0.259714 -0.802576
K -3.458593 0.979415 4.745000
7 5.220725 3.807696
8 8.998500 -5.338831
4 1.173155 2.477785
7 5.220725 2.491440
9 -3.835681 6.325813
9 -3.228757 -2.802244
9 -3.228757 -2.802244
4 1.173155 2.477785
2 11.414280 -3.328036
7 6.454932 0.365089
8 8.998500 -2.557543
6 2.683424 -5.217334
6 3.714558 -6.992671
5 12.368313 -3.501651
8 1.996057 -8.778915
2 5.350566 1.947587
6 11.414280 -5.381097
9 -3.228757 -2.802244
3 0.878316 -0.237000
1 6.511573 7.083260
2 2.217194 4.810575
9 -3.228757 -2.802244
7 5.220725 3.807696
3 0.878316 -0.237000
9 9.964310 1.773695
1 5.044527 3.398898
6 9.698019 -3.328036
9 1.173155 2.477785
4 1.173155 2.477785
3 0.878316 -4.771252
5 4.681171 5.278991
10 8.492444 2.478439
2 9.698019 -3.328036
6 2.683424 -5.217334
4 1.173155 2.477785
10 -3.458593 0.979415
2 11.414280 -3.328036
2 0.320159 -1.587615
10 -5.470269 9.145737
2 11.414280 -3.328036
1 5.044527 3.398898
10 -3.458593 0.979415
2 9.698019 -3.328036
4 1.173155 2.477785
9 1.173155 2.477785
7 6.532115 3.807696
7 5.220725 2.491440
9 -3.228757 -2.802244
1 5.044527 3.398898
10 -3.458593 0.979415
6 2.230460 -7.854650
2 11.414280 -3.328036
8 5.247826 3.611560
6 9.698019 -3.328036
3 -2.125461 -0.237000
9 -7.935884 -7.484966
6 11.414280 -3.328036
1 -3.156163 9.357740
6 2.683424 -5.217334
2 0.136700 -2.143671
6 9.698019 -3.328036
10 -7.448363 -6.097078
6 3.714558 -6.992671
1 -7.935695 -8.959610
1 6.511573 3.398898
9 -3.228757 -2.802244
2 -7.779967 -5.839268
8 1.874574 8.106231
6 -0.419196 7.554229
8 8.536594 8.552444
4 9.307310 6.079568
8 13.838030 -2.557543
10 6.760399 -1.591969
9 1.173155 2.477785
3 0.878316 -0.237000
2 11.414280 -3.328036
4 1.173155 2.477785
7 -2.588237 -1.675777
1 5.044527 3.398898
5 11.414280 -5.381097
3 0.878316 -4.771252
5 6.421327 -1.572818
5 10.711025 -4.713450
8 8.998500 -5.338831
5 9.640987 9.024591
10 -8.931854 5.017501
7 6.532115 2.491440
2 9.698019 -5.381097
9 -3.228757 -2.802244
10 6.650989 -6.168095
6 -8.398323 -3.683916
3 0.878316 -4.771252
9 8.451636 -6.226583
8 13.838030 -5.338831
2 9.698019 -3.328036
7 5.220725 3.807696
2 11.414280 -3.328036
8 -4.325786 -6.449829
4 -1.662193 8.468272
3 0.878316 -0.237000
