10 100
P -0.330451 7.934235 1.784319 10.122550
Z 1 7.017055 8.713334 8.745226 8.816406
Z 2 1.784319 10.122550 0.843561 9.783469
P 5.006405 -8.990693 7.931874 -4.576908
Z 3 1.784319 7.934235 2.778921 8.037992
P 9.297345 7.001154 10.932385 10.171441
Z 6 -1.946782 6.374094 -3.606791 4.762244
Z 4 5.006405 -8.990693 5.789624 -8.368948
P -4.607122 7.627377 -2.533314 10.251941
P -1.645029 -8.135708 1.074368 -6.587540
6 9.2973 7.0012
7 2.1799 17.5016
6 9.2973 10.1714
9 2.4038 -1.8901
2 1.9889 6.6921
10 3.4034 -0.7774
5 2.5916 -8.0308
7 2.1799 17.5016
4 5.0064 -4.5769
8 8.9259 3.5807
6 10.9324 10.1714
9 -2.5333 7.6274
1 -0.3305 10.1226
2 1.7843 10.1226
5 -4.8355 -0.6515
2 -0.1109 6.4408
10 -9.2224 -1.5317
3 1.7843 10.1226
10 1.0744 -8.1357
3 0.1558 8.7734
6 9.2973 10.1714
9 3.4112 7.3648
3 -0.3305 10.1226
10 -4.3967 9.6367
10 -1.6450 -8.1357
5 -2.0240 11.7486
8 -3.0042 8.1192
9 -4.6071 10.2519
9 -4.6071 10.2519
10 -5.5558 8.4317
1 1.7843 7.9342
8 5.0064 -4.5769
3 -4.1573 -2.4217
7 -7.2096 -9.3362
10 1.0744 -6.5875
3 -2.0240 11.7486
6 9.2973 7.0012
7 -0.9891 17.5949
7 9.2973 7.0012
5 -2.3741 0.0675
4 6.2120 2.5412
7 2.2280 19.1359
4 5.0064 -4.5769
3 9.3482 -9.3013
10 1.0744 -8.1357
8 -0.7313 -9.5061
6 10.9324 7.0012
6 10.9324 7.0012
7 -0.9891 17.5949
4 0.6677 -3.6428
7 2.1799 17.5016
5 -2.5800 -2.2557
6 -2.9228 -4.7196
9 1.0738 1.8323
6 9.2973 10.1714
10 -1.6450 -8.1357
8 -9.5546 -6.3210
10 1.0744 -8.1357
8 -6.0861 -9.8555
2 1.7288 8.8649
8 5.0064 -8.9907
5 -3.7349 -3.1829
10 -1.6450 -8.1357
5 9.2664 -2.6239
7 9.2973 7.0012
8 -9.6242 -4.9577
2 1.7288 8.8649
6 9.2973 10.1714
7 10.9324 7.0012
6 10.9324 7.0012
8 5.0064 -4.5769
8 5.0064 -8.9907
9 -4.6071 7.6274
3 -4.9547 -7.0086
9 -2.5333 10.2519
9 -2.5333 7.6274
10 1.0744 -6.5875
9 -1.3529 3.9682
8 5.0064 -4.5769
3 6.2782 7.7671
7 3.5589 5.0856
5 6.8741 4.7068
7 9.2973 7.0012
4 2.4868 -7.6576
8 1.5862 -6.0611
4 5.0064 -4.5769
6 9.2973 7.0012
8 5.6701 -6.1415
9 3.0237 9.1969
1 -0.3305 7.9342
2 1.9889 6.6921
1 9.9866 2.2232
8 -7.4290 -4.8581
1 5.1745 9.9740
4 5.0064 -4.5769
9 -8.9426 0.1118
3 1.7843 7.9342
4 7.9319 -4.5769
8 9.3051 -9.9920
3 -2.0240 11.7486
