10 100
P -6.608575 -7.959186 -4.976653 -3.075092
P -3.809962 -5.696100 -2.656266 -3.595990
P -0.535232 8.565639 4.350777 11.471988
K -3.413458 -3.798358 1.681631
K 5.316910 -4.609158 1.908348
Z 4 -3.413458 -3.798358 -2.452376 -4.074620
Z 1 -4.976653 -3.075092 -5.942316 -3.334890
P -5.307892 -0.872318 -2.087500 3.766910
P 7.347148 4.950848 12.229302 8.911644
P 0.311331 -2.701814 4.606527 -1.395488
6 -5.3324 -6.5903
2 -2.6563 -5.6961
3 8.6221 -0.1083
9 7.3471 8.9116
2 -8.0066 3.7121
10 -7.6437 -8.1269
4 -3.4135 -3.7984
7 5.4872 -8.9998
2 -1.1308 -8.8419
3 4.3508 8.5656
9 -0.0181 8.4255
8 4.6931 -7.0671
1 6.5155 -1.4153
2 -2.6563 -3.5960
7 -8.8389 0.3309
5 5.3169 -4.6092
3 -0.5352 11.4720
1 3.5390 -1.5238
3 -1.1734 -4.0555
1 -6.6086 -7.9592
4 -3.4135 -3.7984
9 7.3471 8.9116
7 -8.8389 0.3309
7 -7.4273 1.1497
7 -3.6105 -1.8663
2 -8.5589 -0.3868
10 0.4075 6.1026
5 -6.7724 -0.6978
1 8.7690 -5.0761
1 -6.6086 -7.9592
4 -2.4981 1.8796
3 4.3508 8.5656
6 3.7253 4.9718
6 -3.4135 -3.7984
5 4.6547 6.2215
7 -9.0624 7.2873
4 4.2647 -3.3542
6 7.4419 5.7785
6 -3.4135 -3.7984
2 -8.5421 6.2010
10 4.6065 -1.3955
1 -6.6086 -3.0751
3 4.3508 8.5656
5 5.3169 -4.6092
1 -4.9767 -3.0751
6 7.5321 -4.7948
7 -4.9767 -3.0751
5 5.3169 -4.6092
3 -4.1666 -4.3159
10 0.3113 -2.7018
1 -6.6086 -3.0751
1 -6.6086 -3.0751
8 -8.4575 6.0875
3 -0.5352 11.4720
7 -5.8071 -8.0419
6 -3.4135 -3.7984
10 4.3478 -0.0441
8 -5.3079 -0.8723
6 -3.4135 -3.7984
10 0.3113 -1.3955
6 -1.7234 4.6853
3 -0.5352 11.4720
2 -9.8049 1.9671
10 4.6065 -1.3955
3 -0.5352 11.4720
7 0.4224 -4.2908
10 4.6065 -1.3955
8 -1.8010 9.2357
4 -3.4135 -3.7984
10 0.3113 -1.3955
4 -0.7018 -5.3506
10 -7.4317 8.5439
5 5.3169 -4.6092
5 5.3169 -4.6092
7 -8.8389 0.3309
7 -4.7534 -3.8474
3 -2.3200 1.3146
9 7.3471 8.9116
7 -6.6086 -3.0751
3 4.3508 11.4720
9 12.2293 8.9116
3 -0.5352 8.5656
9 1.9893 3.3957
7 -6.6086 -7.9592
4 -3.4135 -3.7984
2 -2.6563 -5.6961
9 12.2293 4.9508
4 -3.4135 -3.7984
4 -5.5138 6.5106
1 -6.6086 -7.9592
7 -8.8389 0.3309
9 6.1445 -8.3682
1 -4.9767 -7.9592
5 -5.6622 -7.0508
10 -2.6646 -7.3399
4 -2.1706 -3.6303
10 4.6065 -1.3955
4 -3.4135 -3.7984
6 -2.5551 3.5846
8 -2.0875 -0.8723
