10 100
P 3.499532 8.403067 7.677292 12.494383
Z 1 3.499532 8.403067 4.498999 8.435701
P -0.804311 -8.483794 0.442975 -6.941528
P 6.107234 2.661349 8.883688 4.078953
P 8.845138 -1.248267 11.435440 1.587235
Z 2 3.499532 8.403067 4.371091 7.912776
K -4.512680 4.242654 4.634033
P -7.306709 -6.907532 -5.985069 -4.952260
Z 8 4.875674 -0.744400 7.977384 -8.536738
P -0.820761 8.153307 1.156698 9.661278
2 -1.2151 -2.2695
3 5.9384 -3.8128
7 -4.5127 4.2427
5 11.4354 -1.2483
7 8.7470 -6.2170
4 7.5735 -7.9127
9 8.6299 5.8818
8 0.0179 3.3104
8 -7.3067 -4.9523
1 3.4995 12.4944
3 0.4430 -8.4838
3 -0.8043 -8.4838
8 -7.3067 -6.9075
9 9.0698 -1.1537
4 8.8837 2.6613
4 8.8837 4.0790
2 3.4995 8.4031
9 16.6174 4.5706
5 8.8451 -1.2483
3 2.3969 -6.6430
2 -4.4300 -1.2171
8 -5.9851 -6.9075
9 8.9980 1.6091
2 3.4995 8.4031
1 7.6773 8.4031
6 7.8571 -0.3848
7 -4.5127 4.2427
8 -5.9851 -6.9075
3 0.4430 -6.9415
7 -4.5127 4.2427
8 -5.9851 -6.9075
10 -9.7884 5.6238
8 -7.3067 -4.9523
8 -5.9851 -6.9075
9 3.4388 -5.4917
5 11.4354 -1.2483
9 15.6572 3.6624
4 6.1072 4.0790
2 7.9353 4.5930
7 -4.5127 4.2427
8 -5.9851 -4.9523
10 -3.1263 -9.4253
1 7.6773 8.4031
1 3.4995 8.4031
3 0.4430 -8.4838
8 -9.1685 1.7950
2 6.8020 -2.0069
3 0.4430 -6.9415
8 -5.9851 -6.9075
9 -5.9851 -4.9523
5 -5.3605 -9.9103
7 -4.5127 4.2427
1 9.3820 -1.6270
4 6.1072 4.0790
9 -5.9851 -6.9075
9 16.6174 4.5706
10 -7.3192 -0.7698
10 1.1567 8.1533
7 -4.5127 4.2427
1 6.6303 5.8418
7 8.7665 -2.4995
1 9.9259 4.6060
9 5.6408 -5.1365
10 1.1567 8.1533
2 6.1940 -5.4092
5 -5.5534 -0.0198
1 3.4995 12.4944
8 0.4193 1.8659
7 -2.6299 8.9032
9 4.1862 4.8013
4 8.8837 4.0790
8 -5.9851 -6.9075
7 -9.8834 -0.8499
6 3.4995 8.4031
9 -5.9851 -4.9523
6 3.4995 12.4944
1 2.4788 -8.9361
5 2.6425 -8.3757
7 -4.5127 4.2427
8 -5.9851 -4.9523
5 8.8451 -1.2483
5 11.4354 -1.2483
10 -0.8208 8.1533
2 3.4995 12.4944
4 8.8837 4.0790
8 7.1991 -2.7096
2 7.6773 12.4944
3 -0.8043 -6.9415
1 7.8165 -8.3996
1 -6.8748 3.2178
4 8.8837 2.6613
7 -7.3665 -9.4990
9 -5.9851 -6.9075
2 8.7288 4.1497
5 -6.5775 9.6160
8 -7.3067 -4.9523
1 7.6773 8.4031
9 -7.3067 -6.9075
6 3.4995 8.4031
8 -5.9851 -6.9075
