10 100
K 0.628981 -5.266406 3.549237
Z 1 2.479355 -2.237677 1.626009 -1.716333
K -1.143980 -1.934072 2.464413
K 4.210669 0.941162 1.153948
P 8.594300 9.807822 10.816712 13.623195
Z 4 4.210669 0.941162 3.213806 0.862012
K 6.080853 5.560326 1.396880
K 3.919427 3.728561 3.146743
Z 8 6.871370 4.818527 6.524991 5.756622
P -4.391564 5.992032 -1.422204 7.222352
10 5.2164 5.4756
7 -6.4025 9.7425
2 0.6290 -5.2664
3 -1.1440 -1.9341
1 0.6290 -5.2664
5 2.7519 -3.5222
7 -1.1384 7.0693
7 6.0809 5.5603
7 6.0809 5.5603
6 -0.1169 -8.5954
8 3.9194 3.7286
9 3.9194 3.7286
1 0.6290 -5.2664
4 4.2107 0.9412
7 6.0809 5.5603
6 4.2107 0.9412
4 4.2107 0.9412
2 0.6290 -5.2664
10 -4.3916 5.9920
10 -4.3916 5.9920
6 4.2107 0.9412
7 7.9212 -5.8154
3 -1.1440 -1.9341
1 0.6290 -5.2664
10 -4.3916 5.9920
10 -6.2986 8.7520
10 0.0470 1.9360
10 8.9985 -1.9607
9 3.9194 3.7286
5 8.5943 13.6232
5 8.5943 13.6232
3 -1.1440 -1.9341
8 3.9194 3.7286
2 4.3297 0.7911
9 9.8233 5.9085
1 0.6290 -5.2664
3 -0.3734 -8.0839
4 4.2107 0.9412
8 3.9194 3.7286
5 -6.6934 7.0700
1 -4.0724 -4.3116
8 3.9194 3.7286
4 5.1304 1.9160
9 9.8233 5.9085
2 4.2474 8.3702
6 4.2107 0.9412
1 -5.8517 -4.9335
10 -4.3916 7.2224
3 -5.9282 -0.3371
3 -1.1440 -1.9341
5 4.2184 -6.9586
3 -4.7559 0.8301
4 4.2107 0.9412
10 -8.7443 -3.4487
10 -4.3916 5.9920
8 0.5928 8.9329
9 3.9194 3.7286
6 5.0144 2.6242
2 6.5471 8.8870
8 3.9194 3.7286
2 4.3297 0.7911
4 4.2107 0.9412
7 6.0809 5.5603
7 -9.9665 -1.1998
5 8.5943 13.6232
8 3.9194 3.7286
8 3.9194 3.7286
1 0.6290 -5.2664
2 4.3203 -2.4486
8 3.9194 3.7286
1 0.6290 -5.2664
6 4.2107 0.9412
2 0.6290 -5.2664
9 3.9194 3.7286
6 4.2107 0.9412
4 4.2107 0.9412
1 0.6290 -5.2664
1 -3.0875 3.7456
10 3.3714 -3.8006
2 -1.1052 6.4500
9 9.8233 5.9085
5 -2.7339 -2.9764
8 3.9194 3.7286
7 6.0809 5.5603
2 0.6290 -5.2664
8 3.9194 3.7286
10 5.5094 5.6203
2 4.3297 0.7911
1 0.6290 -5.2664
10 -1.4222 5.9920
7 6.0809 5.5603
6 4.2107 0.9412
2 -5.3771 6.9610
10 -4.3916 7.2224
7 6.3495 1.4975
8 3.9194 3.7286
4 0.7322 -3.8571
9 3.9194 3.7286
6 -4.1067 5.4533
2 4.3297 0.7911
