10 100
K -7.844051 -9.504689 1.896329
P -4.016968 6.043373 -2.803042 7.750565
K -7.420480 9.652091 2.545586
P 6.687870 8.002408 9.637772 9.595582
Z 4 9.637772 8.002408 9.712794 7.005226
K 6.772514 3.263958 2.068646
K 7.660821 -6.958946 4.869714
Z 3 -7.950691 12.141848 -8.928759 11.933562
P 5.353050 -9.341422 10.097267 -7.547090
Z 6 2.611405 -1.448368 -8.719050 -2.245139
3 -3.3887 8.4488
3 -7.4205 9.6521
5 6.6879 9.5956
10 -8.0007 -5.6739
4 -4.2811 3.5378
10 8.4860 -5.7355
2 -2.8030 7.7506
4 9.6378 8.0024
4 5.1529 -2.6075
3 1.1491 -0.3485
7 7.6608 -6.9589
10 7.3911 -5.5320
10 6.7725 3.2640
5 4.3328 -9.2834
4 9.6378 8.0024
6 2.4807 -4.3397
6 6.7725 3.2640
1 -3.2818 -6.2020
5 6.6879 8.0024
2 -8.7701 8.9200
2 -2.8030 7.7506
2 -4.3394 1.3539
7 7.6608 -6.9589
5 12.3161 10.0190
4 -6.6630 1.7694
3 -7.4205 9.6521
2 -4.0170 6.0434
2 -2.8030 7.7506
2 1.0803 -2.1811
3 -7.4205 9.6521
6 -9.4344 -5.4955
1 4.8149 9.6383
8 9.1845 -8.6684
5 -8.5477 8.4654
2 -2.8030 7.7506
7 7.6608 -6.9589
9 10.0973 -7.5471
9 0.2749 6.3810
10 6.7725 3.2640
3 8.3500 -2.6224
1 -7.8441 -9.5047
4 6.6879 8.0024
9 10.0973 -7.5471
3 -7.4205 9.6521
7 7.6608 -6.9589
3 -7.4205 9.6521
8 3.5871 6.7194
9 10.0973 -9.3414
10 6.7725 3.2640
8 -7.4205 9.6521
2 -4.0170 6.0434
10 4.4867 9.5358
6 6.7725 3.2640
4 9.6378 9.5956
9 -2.4245 -7.7897
6 4.7477 6.5007
6 6.7725 3.2640
9 10.0973 -7.5471
5 -7.9953 -6.6377
10 7.3911 -5.5320
3 -5.2626 7.5043
3 -7.4205 9.6521
6 6.3830 2.3529
3 7.5494 -9.5177
1 -7.8441 -9.5047
3 -7.4205 9.6521
2 -4.0170 7.7506
7 7.6608 -6.9589
7 -7.9641 -3.7267
1 -4.5869 4.3255
7 7.6608 -6.9589
1 -7.8441 -9.5047
3 -7.4205 9.6521
3 -7.4205 9.6521
4 6.6879 8.0024
6 6.6863 4.2530
10 7.3911 -5.5320
7 7.6608 -6.9589
4 6.6879 8.0024
5 9.6378 8.0024
3 -7.4205 9.6521
6 6.7725 3.2640
6 6.7725 3.2640
2 -2.8030 6.0434
6 6.7725 3.2640
3 -7.4205 9.6521
1 3.8525 -6.6860
5 9.6378 8.0024
8 7.7390 3.1051
9 0.3531 -0.2454
2 -2.8030 6.0434
6 6.7725 3.2640
8 -8.4809 14.6316
6 6.7725 3.2640
5 7.4227 -1.4619
10 6.7725 3.2640
3 -7.4205 9.6521
8 -7.4205 9.6521
6 6.7725 3.2640
9 -4.0303 4.3189
