10 100
K 5.652382 5.183000 3.344895
K -1.142432 8.067062 1.133541
P 7.011396 -3.798297 10.468003 -1.298444
K -9.791374 7.063347 1.427495
Z 4 1.414034 9.582189 1.179141 0.413452
P -5.307435 8.918470 -3.024363 13.671079
P -8.777723 -3.052086 -4.813788 0.864944
P 4.759398 -2.919143 9.426791 -1.415075
Z 1 8.319488 3.913374 3.789758 -7.858826
Z 9 -2.734668 -0.820061 -2.040489 -5.668193
4 -4.450386 5.806350
3 7.011396 -1.298444
10 -17.152167 -0.984685
3 10.468003 -1.298444
3 -4.597500 -5.660452
4 -9.791374 7.063347
10 8.333252 -9.471045
3 -3.749578 0.986543
2 -1.142432 8.067062
4 2.208558 -9.705109
9 8.855158 -7.061999
10 5.652382 5.183000
3 10.468003 -1.298444
4 8.560275 -8.094481
8 5.537443 9.177207
6 -5.307435 13.671079
6 -5.307435 8.918470
7 -8.777723 -3.052086
8 3.774470 1.155055
6 -8.849976 3.985847
7 -0.131336 0.199947
9 5.652382 5.183000
6 -5.846062 3.605377
4 -9.791374 7.063347
10 -5.544252 4.332240
3 5.638906 5.863084
3 7.011396 -3.798297
6 8.383307 6.962907
5 -4.571245 5.349861
8 9.426791 -2.919143
9 -5.023102 9.417171
10 5.652382 5.183000
10 11.149731 3.067720
2 -1.142432 8.067062
8 9.426791 -1.415075
2 -1.142432 8.067062
6 -5.307435 13.671079
2 -1.142432 8.067062
6 3.510406 -0.472626
3 10.468003 -1.298444
5 -0.533709 -4.206716
1 5.652382 5.183000
10 11.149731 3.067720
1 5.652382 5.183000
2 -1.084808 3.558852
7 -4.813788 0.864944
10 11.149731 3.067720
8 -3.121719 8.979274
1 4.307889 9.632995
7 -8.777723 -3.052086
9 5.652382 5.183000
10 3.913701 -4.528088
4 -3.434276 -9.256423
10 5.652382 5.183000
5 -1.185739 4.899688
10 2.620522 -5.526469
5 -9.791374 7.063347
1 -5.701038 3.381540
9 5.652382 5.183000
10 -3.258531 -6.333050
7 -8.777723 0.864944
2 0.342687 -4.317269
9 5.652382 5.183000
1 5.652382 5.183000
3 -4.400357 4.826833
5 12.475767 6.492888
1 -2.737616 2.087557
4 -9.791374 7.063347
7 -8.777723 -3.052086
4 -7.604018 -8.261002
1 5.652382 5.183000
1 -9.696575 -8.327116
9 -1.582573 -5.920298
9 -8.849572 7.549671
10 5.652382 5.183000
8 -1.198979 7.837372
10 -6.324825 -6.130871
8 2.208939 -6.017382
1 8.999193 2.350699
4 -9.791374 7.063347
4 -4.018195 9.917840
4 2.944449 4.595458
4 -9.791374 7.063347
3 7.011396 -1.298444
9 -2.022683 6.211912
9 11.149731 3.067720
3 10.468003 -1.298444
4 2.190877 6.085723
2 -1.142432 8.067062
5 3.080018 3.217783
8 9.426791 -2.919143
8 -9.127602 -0.928822
3 -8.027199 3.754112
3 -5.557216 -6.067899
7 -8.777723 -3.052086
3 10.468003 -1.298444
1 5.652382 5.183000
7 -8.777723 -3.052086
8 -0.201295 6.425679
2 2.764546 6.168743
