10 100
K -3.023790 -6.370850 4.623164
P -9.225238 4.974488 -7.228488 8.627443
K 8.393384 -3.142137 4.050893
P -3.856612 -7.606777 -2.158185 -5.977834
Z 4 -6.364151 -9.339965 8.727239 5.159432
Z 1 -2.659034 -6.547352 3.932525 -6.816206
K -0.835164 5.597473 4.765877
K 5.982081 -6.368155 3.495310
P 6.827523 -8.347609 8.042490 -5.715275
P 6.251144 -1.590357 10.123692 2.296174
1 -3.023790 -6.370850
9 8.042490 -5.715275
6 -3.036953 -6.693562
9 8.042490 -5.715275
1 -9.183220 8.301064
7 -0.835164 5.597473
1 1.631050 -2.356738
5 -2.158185 -7.606777
8 5.982081 -6.368155
3 8.393384 -3.142137
6 9.221832 -4.448154
4 -3.856612 -7.606777
4 -2.158185 -7.606777
4 -3.856612 -7.606777
7 -0.835164 5.597473
5 6.908591 1.753316
2 -6.987499 8.505126
10 10.123692 -1.590357
3 8.393384 -3.142137
3 8.393384 -3.142137
1 -2.442572 -6.126833
3 8.393384 -3.142137
9 6.827523 -8.347609
6 -3.036953 -6.693562
8 3.846478 -2.472547
3 8.393384 -3.142137
10 -9.568795 9.832254
1 -3.023790 -6.370850
2 -9.225238 8.627443
2 -5.821569 5.604422
5 -4.464129 -5.206685
10 6.251144 2.296174
2 -7.228488 4.974488
7 -0.835164 5.597473
8 5.982081 -6.368155
9 8.042490 -8.347609
3 8.393384 -3.142137
5 -1.985748 9.024599
5 -9.437222 -5.796575
9 8.042490 -5.715275
2 -7.228488 4.974488
9 6.827523 -8.347609
1 0.568558 5.733648
8 0.411042 -6.939329
4 -3.856612 -5.977834
8 5.982081 -6.368155
4 6.405040 7.147674
3 8.393384 -3.142137
7 -0.835164 5.597473
10 10.123692 2.296174
10 0.977774 -9.918504
8 5.982081 -6.368155
8 4.924451 -3.874176
1 -3.023790 -6.370850
4 6.682720 -7.891498
8 5.982081 -6.368155
10 7.609145 -2.880843
5 9.753246 -9.508113
5 4.672895 -9.033973
1 -3.023790 -6.370850
9 -0.298531 2.888602
2 -5.239059 0.301258
10 6.251144 2.296174
6 -3.036953 -6.693562
10 6.251144 2.296174
3 8.393384 -3.142137
7 -0.835164 5.597473
2 -7.228488 8.627443
4 -2.158185 -7.606777
6 1.610758 -3.193021
7 -2.923278 -8.294451
1 -3.023790 -6.370850
9 1.080694 -7.416469
10 10.123692 2.296174
5 -4.532059 -6.903752
1 -3.023790 -6.370850
8 5.982081 -6.368155
10 10.123692 -1.590357
8 9.305353 1.037096
4 -7.142173 -7.323131
9 9.661047 -7.968487
1 6.329732 7.885244
10 6.251144 2.296174
2 -7.228488 4.974488
9 -8.740729 9.972180
10 10.123692 2.296174
6 -3.036953 -6.693562
8 0.007233 6.591648
8 1.587881 -5.125074
9 6.827523 -8.347609
8 5.982081 -6.368155
10 7.733949 9.080177
2 -7.228488 8.627443
7 4.005508 -7.705367
2 -9.225238 4.974488
5 -2.158185 -7.606777
6 -3.023790 -6.370850
1 -3.023790 -6.370850
3 4.002103 2.836862
7 -0.981331 1.899019
