10 100
P -4.704339 2.194947 -0.927357 4.617109
Z 1 -7.398189 4.642936 -8.732991 7.795139
P -0.258628 -1.826610 4.530806 3.158456
P -2.393049 2.172298 -0.767520 3.589268
P -3.994596 2.848229 -2.057024 7.168662
K 5.884472 -3.748786 4.672254
P -8.799460 -8.324312 -6.499812 -5.850067
Z 2 -7.330490 6.149700 7.281465 -5.804902
Z 8 -9.254308 2.690421 -8.617003 1.919809
P 5.415308 -6.991660 8.492423 -4.594258
3 -1.6680 0.0010
10 8.4924 -4.5943
5 -7.0995 0.1423
10 5.4153 -6.9917
6 5.8845 -3.7488
7 -6.4998 -5.8501
5 -4.2948 -2.9622
9 -7.1791 8.1426
1 3.8264 -2.3841
10 4.7406 2.0759
5 -1.3602 1.5704
1 -0.9274 2.1949
8 -0.9274 4.6171
10 5.4153 -4.5943
8 -5.3081 3.8791
4 5.8152 -4.2493
7 -8.7995 -8.3243
1 -7.9432 9.8643
4 -2.3930 2.1723
3 -0.2586 -1.8266
7 -8.7995 -5.8501
10 8.4924 -4.5943
2 -4.7043 2.1949
4 -0.7675 3.5893
1 -0.9274 4.6171
7 8.7417 9.9233
6 5.8845 -3.7488
6 -0.0477 -0.5068
1 -1.2095 -9.5411
5 -3.9946 7.1687
8 9.8447 7.9983
6 5.8845 -3.7488
2 9.9724 0.9725
6 -6.1341 7.5933
9 -0.2862 7.1710
5 -7.7791 6.9506
5 -2.0570 2.8482
1 0.9201 -5.5182
10 8.4924 -6.9917
3 4.5308 -1.8266
3 3.0278 3.5387
1 7.8030 -9.3838
1 -5.1592 1.7696
5 -3.9946 2.8482
6 -8.2196 6.0311
6 5.8845 -3.7488
10 6.0218 -2.1785
7 -8.7995 -5.8501
8 -7.5149 1.0048
10 -0.3499 -8.8308
1 9.9667 6.7394
3 4.5308 3.1585
1 -0.9274 2.1949
3 -3.2026 -5.7491
8 -4.5600 0.1770
10 8.4924 -6.9917
1 -0.9274 4.6171
8 -4.7043 2.1949
7 -7.5114 -4.9522
5 -3.9946 7.1687
5 3.8098 -7.0180
9 -4.5600 0.1770
1 -4.7043 4.6171
9 -9.1826 0.9683
6 5.8845 -3.7488
4 -2.3930 3.5893
3 -4.1916 -8.5761
10 -2.9409 9.3891
5 0.3662 8.8767
5 -2.0570 2.8482
10 8.4924 -6.9917
3 7.3999 4.6888
2 -4.7043 2.1949
4 -2.3930 2.1723
5 2.7326 -7.8539
1 -1.5850 7.6917
6 5.8845 -3.7488
8 -0.9274 2.1949
6 1.3973 -2.8646
7 -8.7995 -5.8501
6 5.8845 -3.7488
9 -12.0794 -3.2045
6 5.8845 -3.7488
6 5.8845 -3.7488
9 -0.6937 -2.5479
7 -5.1004 -6.1215
2 5.2717 6.4461
4 8.7799 -8.2465
3 4.5308 3.1585
3 2.2467 1.8645
2 -4.7043 4.6171
7 -6.4998 -5.8501
6 2.8853 -8.1036
10 8.4924 -6.9917
6 5.8845 -3.7488
4 -0.7675 3.5893
8 -4.7043 2.1949
5 -4.3100 -0.8444
8 -2.1828 11.8342
8 5.8074 6.9078
