10 100
K -4.733144 8.544778 2.131940
Z 1 -3.129532 7.139931 -2.470580 7.892115
P -9.994006 -9.597053 -5.031324 -6.017561
K -9.142221 1.770185 1.753338
K 8.664710 8.697867 2.764564
Z 1 -4.958481 4.538504 -0.482063 -8.261905
Z 3 -0.754723 3.465567 0.751422 3.246365
P 5.971969 9.616194 9.397209 13.505932
Z 8 1.112727 -7.208079 -5.947692 -3.369125
K 7.225216 7.695256 1.852635
8 5.971969 13.505932
5 -8.408409 5.370223
1 0.733288 0.768614
4 -9.142221 1.770185
2 -4.733144 8.544778
7 -9.994006 -6.017561
1 -4.733144 8.544778
8 5.971969 9.616194
8 9.397209 9.616194
2 5.830122 -0.279109
5 8.664710 8.697867
8 3.380043 -5.896128
8 5.971969 13.505932
1 -4.733144 8.544778
3 -5.031324 -6.017561
5 8.664710 8.697867
4 -9.142221 1.770185
10 -3.899957 -7.020257
3 -3.971926 -0.783744
8 9.397209 13.505932
4 -0.296575 4.674803
1 -4.733144 8.544778
5 -1.515329 5.180297
1 -2.891806 1.859601
7 -5.031324 -9.597053
9 -13.631295 -22.547449
2 -4.733144 8.544778
3 8.359576 9.202016
8 5.971969 9.616194
1 -4.733144 8.544778
4 -9.142221 1.770185
1 -0.768175 3.428738
9 -1.929723 -2.304463
6 -7.631429 7.531222
7 -5.031324 -6.017561
1 -8.058365 1.313160
9 -13.631295 -22.547449
2 -4.733144 8.544778
4 7.671383 3.390399
4 -5.605584 7.714626
5 3.978341 1.538273
7 2.235752 -7.745914
4 -9.142221 1.770185
1 -4.733144 8.544778
4 0.338270 6.981384
6 -4.733144 8.544778
3 -9.994006 -9.597053
7 -9.994006 -9.597053
9 -13.631295 -22.547449
4 -1.037048 6.085769
8 -1.576858 -5.250696
10 7.225216 7.695256
3 -9.994006 -9.597053
2 -4.733144 8.544778
9 9.812311 4.450666
3 -5.031324 -6.017561
8 5.971969 13.505932
7 -7.420749 -1.324300
7 -5.031324 -9.597053
10 8.546163 -7.609430
8 1.057005 -7.880538
8 0.923510 3.423111
6 -7.631429 7.531222
1 -4.733144 8.544778
3 -9.994006 -9.597053
4 -4.850810 -1.049692
3 -5.031324 -6.017561
1 -1.129984 4.662035
7 8.730159 5.117293
2 -6.082991 -4.261647
5 8.664710 8.697867
6 -4.733144 8.544778
6 -4.733144 8.544778
3 -9.994006 -6.017561
2 -1.525920 5.735084
6 8.123370 5.157121
6 6.091301 -2.496296
9 -13.631295 -22.547449
5 8.664710 8.697867
10 7.225216 7.695256
2 -1.525920 5.735084
10 -1.737098 2.231209
5 5.100906 9.774769
3 -5.276559 3.223850
7 -9.994006 -9.597053
8 5.971969 13.505932
9 -4.083402 -3.015688
5 8.664710 8.697867
6 9.716946 3.774944
10 -6.375982 7.152418
4 -9.142221 1.770185
4 -9.142221 1.770185
6 -7.631429 7.531222
4 -9.142221 1.770185
1 -4.733144 8.544778
6 -7.631429 7.531222
8 5.971969 9.616194
7 4.901545 -9.275554
3 -9.994006 -9.597053
3 -5.031324 -9.597053
