10 100
K -2.173566 0.045919 2.622535
P 8.916885 9.512600 11.963697 10.797796
K 5.742770 -6.401264 4.767487
K 0.104148 -9.717785 3.292571
P -7.773368 9.004512 -3.828545 13.552298
P 7.886284 6.440459 9.911059 8.909091
P -2.619963 9.721758 2.050955 13.401315
K -2.008022 9.664516 1.643593
P 6.250997 2.649046 9.133894 4.169293
K -7.579023 -3.003960 4.259123
6 -7.8310 0.3748
7 -2.6200 9.7218
4 -8.9788 -6.8936
8 -2.0080 9.6645
1 -2.1736 0.0459
4 0.1041 -9.7178
9 9.8440 -6.9466
6 7.8863 8.9091
5 -7.7734 9.0045
3 5.7428 -6.4013
8 -2.0080 9.6645
7 2.0510 13.4013
7 2.0510 13.4013
8 -2.0080 9.6645
9 3.9497 -3.9820
6 9.9111 6.4405
4 0.1041 -9.7178
5 -7.7734 13.5523
6 -7.3890 -0.5743
8 5.6735 0.1795
1 -4.6314 -1.5732
4 0.1041 -9.7178
7 -3.7848 -9.6532
7 2.0510 13.4013
4 0.1041 -9.7178
6 9.9111 8.9091
2 11.9637 10.7978
10 -1.6868 6.4527
1 4.9794 3.9293
8 -2.0080 9.6645
4 0.1041 -9.7178
1 6.0981 1.7729
9 6.2510 4.1693
1 -2.1736 0.0459
5 -3.8285 13.5523
10 -7.5790 -3.0040
6 7.8863 8.9091
10 5.5133 1.8219
6 9.9111 8.9091
6 7.8863 8.9091
6 9.9111 6.4405
7 2.0510 9.7218
1 9.1032 -4.3778
1 -1.6514 -1.2962
2 8.9169 9.5126
7 2.0510 13.4013
5 -3.8285 9.0045
4 0.1041 -9.7178
2 8.9169 9.5126
1 -2.1736 0.0459
1 -2.1736 0.0459
3 3.6941 -9.0447
10 2.0157 -5.2854
7 7.6352 -2.0199
6 9.7334 -4.7784
6 7.8863 8.9091
10 -7.5790 -3.0040
10 -6.5930 -9.6935
2 -2.7397 1.7761
2 1.3676 -0.2990
3 5.7428 -6.4013
5 -3.8285 13.5523
3 5.7428 -6.4013
5 -7.7734 9.0045
2 2.6372 7.5853
2 8.9169 10.7978
10 -7.5790 -3.0040
7 2.0510 9.7218
2 11.9637 10.7978
5 -3.8993 -4.4055
6 9.9111 8.9091
4 5.9077 3.5064
8 -2.0080 9.6645
9 9.1339 2.6490
6 9.9111 6.4405
4 9.3327 7.6911
2 11.9637 10.7978
10 -7.5790 -3.0040
4 0.1041 -9.7178
4 0.1041 -9.7178
7 3.6629 7.6609
1 -2.1736 0.0459
3 5.7428 -6.4013
10 1.4138 -2.1791
3 5.7428 -6.4013
4 -9.2920 1.0139
7 -2.6200 9.7218
6 -8.0943 -2.9904
4 0.1041 -9.7178
1 -2.1736 0.0459
1 -2.1736 0.0459
10 -7.5790 -3.0040
10 -7.5790 -3.0040
5 -3.8285 13.5523
4 0.1041 -9.7178
6 9.9111 6.4405
9 6.2510 2.6490
3 5.7428 -6.4013
1 -2.1736 0.0459
4 0.1041 -9.7178
