10 100
K -6.472047 0.550763 3.520913
Z 1 -8.792594 -2.097234 -8.040517 -2.756309
Z 1 -6.472047 0.550763 -5.534344 0.898202
K -1.240779 -5.470974 4.142625
K 6.770234 7.069166 3.896043
K -3.958329 -0.676578 1.303171
P 8.405843 -5.204237 12.683898 -1.785504
P 2.800248 1.891099 6.142078 3.802039
P 2.565869 -9.402433 3.841276 -4.811536
Z 8 2.800248 3.802039 2.442320 4.735788
2 -6.4720 0.5508
7 12.6839 -1.7855
10 2.8002 1.8911
4 -1.2408 -5.4710
10 6.1421 1.8911
7 12.6839 -5.2042
8 -4.1553 -8.5210
7 12.6839 -1.7855
1 -6.4720 0.5508
2 -11.1131 -4.7452
5 6.7702 7.0692
10 6.1421 3.8020
5 6.7702 7.0692
4 -1.2408 -5.4710
3 -6.4720 0.5508
10 2.8002 3.8020
4 -1.2408 -5.4710
2 -11.1131 -4.7452
2 -7.2540 -6.5398
7 -8.8512 7.1926
1 -6.4720 0.5508
1 -6.4720 0.5508
3 5.7653 4.8970
8 -9.7104 -6.7104
5 6.7702 7.0692
1 4.2323 -6.2059
6 -3.9583 -0.6766
1 -6.4720 0.5508
9 2.5659 -4.8115
7 12.6839 -5.2042
9 3.8413 -9.4024
9 -8.5776 5.0880
9 2.5659 -9.4024
6 -3.9583 -0.6766
3 -4.7290 2.0346
10 6.1421 3.8020
8 -2.5640 6.0388
9 9.8743 2.2513
5 6.7702 7.0692
1 -6.4720 0.5508
9 2.5659 -4.8115
5 1.7840 -9.7953
7 8.4058 -5.2042
8 6.1421 3.8020
6 -1.0637 -5.1363
8 2.8002 1.8911
10 6.1421 1.8911
5 -9.9424 5.6772
9 3.8413 -4.8115
3 -6.4720 0.5508
10 7.8066 0.4544
4 -1.2408 -5.4710
6 -3.9583 -0.6766
2 -6.4720 0.5508
2 -6.4720 0.5508
9 2.5659 -9.4024
6 -3.9583 -0.6766
7 0.5123 7.5770
5 6.7702 7.0692
6 -3.9583 -0.6766
10 0.3147 1.5683
5 5.4931 -0.6676
7 3.7172 -6.5359
2 -11.1131 -4.7452
5 2.1561 -4.3858
2 -2.7794 4.3201
3 -6.4720 0.5508
6 -0.6038 1.1677
10 -8.7034 8.0020
6 -3.9583 -0.6766
5 9.7335 -6.8298
7 12.6839 -1.7855
3 -6.4720 0.5508
3 -6.6847 -8.0755
9 2.5659 -4.8115
4 -1.2408 -5.4710
9 2.5659 -9.4024
8 -5.0480 1.0163
6 -3.9583 -0.6766
10 1.5920 0.1470
8 2.8002 3.8020
7 8.4058 -5.2042
10 0.3147 1.5683
9 2.5659 -4.8115
10 2.8002 3.8020
9 -5.8165 8.0384
5 6.7702 7.0692
7 8.4058 -5.2042
1 -6.4720 0.5508
2 -11.1131 -4.7452
2 -6.4720 0.5508
2 -6.4720 0.5508
10 4.7446 -3.7380
2 -6.4720 0.5508
4 -1.2408 -5.4710
7 8.4058 -5.2042
7 12.6839 -1.7855
1 -6.4720 0.5508
7 -0.6121 5.2019
3 -7.3514 7.9679
