10 100
P -9.361084 7.602769 -6.270536 11.613643
P 4.510214 7.203375 8.940527 9.567732
Z 2 -7.474347 -3.020905 6.463440 1.251282
K 0.030707 -6.828924 3.098803
Z 2 4.510214 7.203375 4.153349 6.269219
Z 1 -8.495287 2.234926 -1.118113 6.333604
K -4.147893 -5.750005 4.504082
P 6.448761 -6.911810 11.171500 -5.627228
Z 2 -8.075038 2.992791 -1.105862 -1.204548
K -6.498917 -4.010742 1.939764
8 -2.244347 -0.330974
3 11.850513 -2.290301
6 0.174857 -9.342474
10 -6.498917 -4.010742
8 6.448761 -6.911810
6 -9.361084 11.613643
6 -6.270536 11.613643
6 -9.361084 7.602769
7 -4.147893 -5.750005
8 6.448761 -6.911810
2 4.510214 9.567732
4 0.030707 -6.828924
4 9.131421 -8.636797
5 4.510214 9.567732
4 5.262540 -1.487715
1 -6.270536 11.613643
10 0.877325 9.306367
7 9.509066 -3.948916
9 -0.251279 -8.654189
5 4.510214 7.203375
6 -6.104301 4.804871
5 4.510214 7.203375
2 4.510214 7.203375
2 -5.584490 -8.492886
4 0.030707 -6.828924
6 1.225743 2.727904
6 -2.762295 1.288319
10 -6.498917 -4.010742
4 -2.005521 9.506329
2 4.510214 7.203375
9 -6.640220 9.213439
2 -1.706481 6.707317
6 0.766563 3.765970
8 6.448761 -5.627228
8 -3.484449 -0.270158
1 -6.270536 11.613643
10 -6.498917 -4.010742
1 -9.361084 11.613643
6 0.643272 -0.830458
1 -9.361084 11.613643
2 3.237302 8.745872
9 -8.001379 -11.206258
4 -0.723150 2.385706
7 -4.147893 -5.750005
10 -6.498917 -4.010742
10 -6.498917 -4.010742
2 8.940527 7.203375
9 8.940527 7.203375
2 4.510214 9.567732
10 -6.498917 -4.010742
10 -6.498917 -4.010742
9 2.129671 3.949951
9 -5.640603 9.888461
10 -6.498917 -4.010742
7 -4.147893 -5.750005
1 -9.361084 11.613643
8 11.171500 -5.627228
2 -5.181180 4.289928
10 -6.498917 -4.010742
4 0.030707 -6.828924
4 6.612674 -8.817397
7 -4.147893 -5.750005
7 2.522625 -4.273296
5 -1.430341 -9.498481
7 -4.147893 -5.750005
4 -6.692641 8.514929
8 6.448761 -6.911810
2 -2.412029 -2.040132
3 11.850513 -2.290301
6 -2.762295 1.288319
9 -5.929585 -15.122295
7 8.020799 -8.640542
9 4.510214 7.203375
2 8.940527 9.567732
9 8.797503 2.920649
10 -6.498917 -4.010742
1 -6.270536 11.613643
10 -6.498917 -4.010742
8 11.171500 -5.627228
9 -8.001379 -11.206258
3 13.175467 -4.248535
9 8.940527 7.203375
7 -0.571898 -3.526590
10 -6.498917 -4.010742
5 4.510214 9.567732
2 4.510214 7.203375
10 -6.498917 -4.010742
5 8.940527 9.567732
10 -9.571192 -2.313068
8 6.448761 -5.627228
1 -6.270536 7.602769
4 0.030707 -6.828924
10 -6.498917 -4.010742
5 8.940527 9.567732
8 11.171500 -6.911810
2 8.940527 9.567732
5 8.940527 7.203375
2 4.510214 7.203375
7 -4.147893 -5.750005
10 -0.889840 1.122573
