10 100
P 5.129929 8.974045 6.568174 10.610164
K -3.860660 5.431603 4.716317
Z 1 -5.527436 -5.432695 5.130090 0.511394
K 0.686399 -7.258993 3.865434
Z 1 6.891547 -5.792902 -5.621753 4.380773
P 3.082784 -2.441235 4.451296 2.019117
P -5.265462 4.527860 -3.182470 9.045061
K 3.584156 -7.779796 2.282636
K 5.255454 -3.824920 1.788018
P -5.519620 3.662359 -4.064192 7.638167
3 13.7222 -4.7954
8 3.5842 -7.7798
4 -6.3447 8.6656
3 6.5682 8.9740
6 3.0828 -2.4412
4 -8.1647 8.8365
5 -7.6306 -8.4900
9 5.2555 -3.8249
9 -0.0232 2.3620
9 5.2555 -3.8249
4 0.6864 -7.2590
1 6.5682 8.9740
2 -3.8607 5.4316
3 5.1299 10.6102
1 6.5682 10.6102
4 0.6864 -7.2590
3 -1.6587 -3.7621
9 -4.0770 5.9602
6 3.0828 -2.4412
1 7.2340 -4.1610
6 4.4513 2.0191
7 -3.1825 9.0451
1 5.1299 10.6102
10 -4.0642 7.6382
2 -3.8607 5.4316
3 7.5232 6.6463
10 -5.5196 7.6382
4 0.6864 -7.2590
5 5.1299 8.9740
4 -7.4872 9.0054
10 -4.0642 7.6382
5 5.1299 8.9740
8 -2.0869 1.1586
5 6.5682 10.6102
8 3.5842 -7.7798
4 0.6864 -7.2590
10 -4.0642 7.6382
5 5.1299 8.9740
10 5.4270 9.2660
2 -2.9054 0.7097
10 -4.0642 7.6382
7 -3.1825 4.5279
3 6.5682 8.9740
5 8.8733 -8.8904
9 -2.2868 4.6849
10 -5.5196 7.6382
6 4.4513 -2.4412
8 3.5842 -7.7798
2 -8.3951 5.3974
6 3.0828 -2.4412
8 3.5842 -7.7798
4 0.6864 -7.2590
6 3.0828 -2.4412
7 0.3386 -6.8807
5 -8.6429 1.4554
4 -8.8189 4.1685
2 -8.8296 -4.7263
1 5.1299 8.9740
3 13.0859 -2.7120
4 0.6864 -7.2590
3 12.3301 -3.9356
9 5.2555 -3.8249
7 3.2973 6.5710
8 3.5842 -7.7798
2 -3.8607 5.4316
4 5.2894 9.7209
7 -3.1825 9.0451
2 -3.8607 5.4316
8 3.5842 -7.7798
9 -1.9220 2.5661
10 -5.5196 3.6624
5 -9.5258 -7.4159
4 4.8924 1.8508
8 3.5842 -7.7798
5 5.1299 8.9740
2 -3.8607 5.4316
8 3.5842 -7.7798
2 -3.8607 5.4316
3 5.1299 10.6102
4 0.6864 -7.2590
10 -5.0972 4.9084
3 6.5682 10.6102
1 5.1299 10.6102
4 0.6864 -7.2590
2 -3.8607 5.4316
4 0.6864 -7.2590
6 6.6081 6.4625
4 -6.1272 1.4051
9 5.2555 -3.8249
7 -5.9941 -3.3807
3 5.1299 8.9740
2 -3.8607 5.4316
10 -4.0642 7.6382
3 5.1299 10.6102
10 1.1556 -0.5609
2 -3.8607 5.4316
6 -5.1171 -3.6625
1 5.1299 10.6102
5 5.1299 10.6102
8 3.5842 -7.7798
