10 100
K -1.091172 9.378218 2.550804
P 4.434060 5.809580 6.432917 7.478092
P 9.782345 -6.371095 12.119860 -3.930254
P 2.167626 -1.865902 6.477541 0.108756
K -5.864283 -3.538587 1.304205
P -6.345618 -0.723471 -3.453514 1.844447
Z 5 -5.864283 -3.538587 -5.986831 -2.546125
Z 3 -6.522423 7.503253 4.875065 -0.365389
Z 8 -6.523823 8.884996 -5.220238 -0.194204
Z 6 8.520606 7.679593 -3.395657 0.860352
5 -5.864283 -3.538587
2 4.434060 7.478092
3 9.782345 -6.371095
6 -6.345618 -0.723471
7 -5.864283 -3.538587
2 6.432917 5.809580
3 9.782345 -6.371095
2 6.432917 7.478092
6 -3.453514 1.844447
9 12.230197 -2.825455
1 -1.091172 9.378218
4 2.167626 0.108756
8 10.776313 -5.876340
4 -5.218446 9.459286
8 12.230197 -2.825455
5 -5.864283 -3.538587
9 9.947815 -3.690576
3 4.440395 4.223593
3 12.119860 -6.371095
5 4.406191 8.021471
4 6.477541 0.108756
9 12.119860 -3.930254
4 2.167626 -1.865902
2 6.432917 5.809580
6 -3.453514 -0.723471
10 -6.345618 1.844447
5 -8.785495 -4.729125
8 0.388874 -2.409557
1 -1.091172 9.378218
9 9.782345 -3.930254
9 10.776313 -5.876340
10 -6.255666 -0.880657
10 2.368462 0.831263
6 -3.453514 1.844447
8 -6.776683 -7.607900
3 9.782345 -6.371095
9 -20.808676 -8.658107
10 -6.345618 1.844447
8 -5.653283 -1.977491
4 1.647884 -5.198178
7 -5.864283 -3.538587
9 -20.808676 -8.658107
5 6.056502 -3.300000
8 9.947815 -3.690576
10 -4.790503 1.612847
3 -0.238623 -5.010071
8 10.776313 -5.876340
5 -8.654488 -0.525437
9 9.947815 -3.690576
4 2.167626 -1.865902
1 -1.091172 9.378218
10 -3.453514 -0.723471
3 12.119860 -6.371095
8 9.782345 -3.930254
4 -1.786500 -1.057652
1 5.036098 -5.468749
4 6.477541 0.108756
2 6.432917 5.809580
5 -5.864283 -3.538587
8 9.782345 -6.371095
10 -3.453514 -0.723471
8 12.230197 -2.825455
9 9.782345 -3.930254
8 12.119860 -3.930254
1 -6.378595 7.064739
2 4.434060 5.809580
8 13.058696 -5.011219
10 -6.255666 -0.880657
9 1.059780 8.426644
1 -1.091172 9.378218
7 -5.864283 -3.538587
5 1.105764 -5.179350
10 -6.255666 -0.880657
9 -20.121925 -11.000345
8 -3.406099 -0.908020
4 7.143095 -9.821276
7 -3.608162 -2.838377
4 2.475203 -3.778275
10 6.321015 -0.156190
9 4.871929 2.235342
7 -5.864283 -3.538587
2 3.710515 -2.630794
3 7.864511 0.116777
7 -5.864283 -3.538587
9 -18.565590 -8.000428
9 -21.225401 -7.628984
6 2.293902 -7.011095
9 3.298837 8.849302
4 6.477541 0.108756
10 -5.597114 -7.150342
6 -3.453514 1.844447
9 -20.121925 -11.000345
7 3.919780 -5.111570
9 -18.971858 -10.147559
2 4.434060 7.478092
9 9.782345 -6.371095
5 -5.864283 -3.538587
8 9.947815 -3.690576
8 9.947815 -3.690576
9 -18.565590 -8.000428
