10 100
P 5.588935 -3.085120 7.078519 -1.311820
K 6.104676 -4.829315 2.805998
K -0.284814 -7.416628 2.301379
K 1.566221 -2.907272 3.562591
P 3.245697 2.282944 7.502880 4.031038
P -1.580309 4.616097 2.729777 6.731636
Z 2 3.345802 -4.317220 3.163302 -5.300426
P -6.359210 -4.390747 -2.955709 -1.196885
Z 5 4.714616 -2.710458 -3.177915 8.849044
Z 4 1.926909 0.637013 0.932048 0.738256
5 3.245697 2.282944
6 3.888546 9.696749
1 -7.740213 9.548242
10 2.287598 4.181299
7 0.586929 -3.805125
9 7.502880 4.031038
8 -3.872762 -5.612643
8 5.769444 -0.107718
5 -1.751514 2.043561
3 -0.284814 -7.416628
5 7.502880 2.282944
4 1.566221 -2.907272
2 6.435370 -5.168675
2 6.104676 -4.829315
4 1.566221 -2.907272
3 -6.304512 2.494511
3 -0.863275 -6.707309
5 -6.473870 9.853977
5 7.502880 2.282944
1 5.588935 -3.085120
9 -0.370624 -2.822364
3 -7.383376 9.948751
5 0.056841 -1.739394
2 6.104676 -4.829315
3 -0.284814 -7.416628
7 0.586929 -3.805125
6 7.347080 -5.520024
5 7.502880 4.031038
8 -3.954228 -0.983318
2 5.305394 3.966940
7 0.586929 -3.805125
8 -6.359210 -1.196885
9 3.245697 2.282944
4 1.566221 -2.907272
5 7.502880 4.031038
1 7.078519 -1.311820
7 3.260775 -6.290880
10 7.335047 -6.892585
10 1.566221 -2.907272
7 -1.726645 -9.776056
3 -0.284814 -7.416628
4 1.566221 -2.907272
1 5.588935 -3.085120
1 5.588935 -1.311820
1 5.588935 -3.085120
7 0.586929 -3.805125
8 -2.955709 -1.196885
9 0.598755 0.475681
10 1.566221 -2.907272
4 1.566221 -2.907272
10 1.566221 -2.907272
3 -0.284814 -7.416628
7 6.104676 -4.829315
9 3.245697 2.282944
8 -6.359210 -1.196885
6 2.729777 6.731636
5 -6.982051 8.404411
10 1.566221 -2.907272
7 6.104676 -4.829315
4 -5.956290 4.871493
5 7.502880 4.031038
3 -0.284814 -7.416628
7 6.104676 -4.829315
1 -7.796036 -7.119777
1 5.588935 -1.311820
7 -9.631865 -0.306570
9 3.245697 2.282944
6 -7.940147 -7.884326
6 -1.580309 4.616097
6 -7.783797 -0.540598
6 8.008114 -5.163275
10 3.530760 9.788435
7 6.104676 -4.829315
10 1.566221 -2.907272
10 -4.354091 9.902062
7 8.809647 9.530768
10 8.190029 -0.328004
7 8.502569 -3.042088
3 -0.284814 -7.416628
5 7.502880 4.031038
4 1.566221 -2.907272
1 7.078519 -1.311820
3 -0.284814 -7.416628
1 7.078519 -3.085120
5 -9.780495 2.485539
8 -2.955709 -4.390747
8 -6.359210 -1.196885
7 6.104676 -4.829315
2 6.104676 -4.829315
7 8.462429 -9.243567
8 -6.359210 -1.196885
2 1.334749 -9.965577
6 2.729777 6.731636
3 -0.284814 -7.416628
4 -1.090435 -1.298733
5 7.502880 2.282944
1 -4.318192 -5.050060
3 -0.284814 -7.416628
7 6.104676 -4.829315
3 -1.875098 0.446754
