10 100
P -3.849225 1.025640 -1.503220 5.205517
Z 1 -1.503220 5.205517 -2.473881 4.965067
P -7.224190 -1.771572 -6.145865 1.355866
K -8.668725 5.700604 4.276820
Z 2 6.391744 2.300866 0.772574 -1.829336
Z 4 -6.004466 0.875972 -1.118089 5.134392
Z 6 -10.724416 9.450981 -11.601324 8.970323
Z 4 2.740679 -1.534484 -8.601954 -3.242087
Z 8 -6.772435 5.200925 6.421722 -4.099345
Z 5 -6.707418 -1.673646 -9.231727 5.140588
6 -8.6687 5.7006
5 9.6108 0.2735
5 8.0886 -10.7200
4 -8.6687 5.7006
4 9.4399 7.6798
5 -1.5032 5.2055
6 0.2730 1.7976
9 6.3864 4.1397
2 -5.5291 7.8070
6 -7.0308 -5.8107
7 -8.6687 5.7006
10 -12.0390 -18.1762
8 -8.6687 5.7006
9 -7.8805 6.8189
2 -6.9878 8.6212
5 -2.2543 9.8634
7 -9.0239 -6.3294
10 -14.0761 -13.8374
10 -1.5032 5.2055
1 -3.8492 1.0256
10 -10.6344 -1.4879
8 6.9009 -0.0533
7 -1.0888 -3.9373
6 -8.6687 5.7006
6 -8.6687 5.7006
1 -3.8492 5.2055
4 -8.6687 5.7006
3 -7.2242 -1.7716
2 8.6153 -8.5491
10 -15.1373 0.1548
6 0.9017 3.8273
2 -3.5780 4.1104
2 -3.4543 8.9021
5 2.6334 -4.5278
8 -8.6687 5.7006
1 -3.8492 5.2055
5 -3.8492 1.0256
1 -3.8492 1.0256
6 -1.5893 -2.4228
6 -1.5893 -2.4228
8 5.3923 -1.7379
7 -2.9118 4.7930
8 3.7367 -0.1488
6 -1.5893 -2.4228
2 -1.5032 5.2055
6 -5.8866 -5.2881
9 -8.6687 5.7006
9 0.9138 -4.8085
1 -1.5032 5.2055
8 -8.6687 5.7006
3 -0.3432 1.7857
7 -15.8197 23.5391
10 2.1179 -7.0926
8 -2.6908 8.7497
6 -1.5893 -2.4228
9 -8.6687 5.7006
4 -8.6687 5.7006
4 -8.6687 5.7006
1 -3.8492 5.2055
8 -6.0328 -11.8081
4 6.6203 3.1898
2 -3.2348 -8.2581
1 -3.8492 5.2055
9 -7.8805 6.8189
4 -8.6687 5.7006
8 -6.0328 -11.8081
5 8.0886 -10.7200
4 5.9568 6.7450
7 -12.7801 13.2014
1 -1.5032 5.2055
2 -6.5275 3.5601
2 -3.4543 8.9021
10 -3.8492 1.0256
4 -8.6687 5.7006
4 -8.6687 5.7006
4 2.0964 7.0994
10 -13.7779 4.7512
3 8.1052 -9.2569
7 -15.8197 23.5391
10 -3.8492 5.2055
1 -3.8492 1.0256
5 5.1430 -7.7545
4 -8.6687 5.7006
4 -8.6687 5.7006
6 -1.5893 -2.4228
3 -6.1459 -1.7716
8 -8.6687 5.7006
4 4.3291 -6.3956
7 -1.5893 -2.4228
4 -8.6687 5.7006
2 -3.8492 5.2055
4 -8.6687 5.7006
7 -1.5893 -2.4228
4 -5.1493 -0.0309
1 -1.5032 5.2055
2 -3.8492 1.0256
10 -14.0761 -13.8374
2 -0.0547 8.6771
7 -15.8197 23.5391
8 -6.0328 -11.8081
