10 100
K -7.647996 -9.902048 1.230909
P -2.530802 0.176675 0.772319 3.139477
Z 1 -9.876280 -6.180918 -8.449038 3.935211
P -1.145852 1.201531 0.593034 4.438502
P -5.794128 0.009221 -1.235128 4.300417
Z 3 7.913309 4.682902 8.911797 6.266134
P -8.089761 1.300450 -6.887433 5.929231
Z 5 -5.794128 0.009221 -6.096687 -0.943909
Z 1 -1.825970 6.657925 -0.127811 -0.283075
Z 6 5.698413 -20.100478 5.627215 -19.103016
6 -13.047091 -9.140312
10 6.926198 -20.012839
8 -1.235128 0.009221
6 -7.647996 -9.902048
1 -3.268541 7.133635
2 -2.530802 3.139477
6 4.470628 -20.188116
5 -1.235128 0.009221
3 -13.047091 -9.140312
1 -4.745722 -7.374988
1 -8.603477 5.821246
8 5.035249 -8.271638
1 -7.647996 -9.902048
9 -3.553288 0.363336
6 -1.898095 -9.287260
4 5.563226 -7.469757
8 -9.518449 2.638654
8 -1.235128 4.300417
7 -8.089761 1.300450
4 0.593034 1.201531
5 -5.794128 0.009221
9 10.983817 -5.343660
4 0.593034 1.201531
8 -4.430686 -9.168875
6 2.541554 8.905453
3 -7.647996 -9.902048
2 0.772319 3.139477
10 -3.136141 4.596553
2 0.772319 0.176675
6 2.357166 3.565643
8 -3.319153 3.514769
9 10.983817 -5.343660
4 0.593034 4.438502
7 -6.887433 1.300450
10 4.470628 -20.188116
9 -3.665269 1.655777
3 -7.647996 -9.902048
1 0.615322 -6.058574
8 -3.305823 4.374279
8 -3.319153 3.514769
9 -7.647996 -9.902048
3 -13.047091 -9.140312
7 -8.089761 5.929231
5 -5.794128 4.300417
9 -7.647996 -9.902048
8 -4.269540 -3.574396
3 -13.047091 -9.140312
1 -9.596321 1.817446
2 0.772319 3.139477
5 -1.235128 4.300417
2 -6.986939 1.018302
4 -1.145852 1.201531
2 -5.069007 5.422769
8 -9.518449 2.638654
10 9.264019 -15.086882
2 -0.597651 9.912171
4 0.593034 1.201531
3 -13.047091 -9.140312
8 -1.419485 -5.296677
5 -5.794128 0.009221
10 1.456851 -15.644151
10 7.223561 -9.211861
5 -1.235128 0.009221
9 10.983817 -5.343660
6 4.470628 -20.188116
5 6.871243 1.227871
8 -1.235128 0.009221
9 2.299976 9.236143
4 0.593034 1.201531
8 -5.794128 0.009221
3 2.138269 -0.863600
9 -7.647996 -9.902048
8 -1.235128 4.300417
7 -6.887433 1.300450
5 -9.302902 0.700667
10 1.456851 -15.644151
7 -8.089761 1.300450
3 -7.647996 -9.902048
9 10.983817 -5.343660
7 8.534288 6.844855
8 -1.235128 0.009221
10 -13.047091 -9.140312
2 6.819208 -8.958779
7 8.227882 3.524877
1 -5.626517 -7.812984
6 -13.047091 -9.140312
10 4.470628 -20.188116
3 -7.647996 -9.902048
3 -13.047091 -9.140312
1 1.399197 -6.289926
10 -0.002274 7.032350
4 -1.145852 1.201531
8 -3.319153 3.514769
5 -1.235128 4.300417
8 -1.235128 4.300417
2 -9.338008 5.884850
5 -4.031466 -1.972041
5 -1.235128 4.300417
4 -1.718705 2.132960
1 2.209863 -3.087632
