10 100
P 1.575046 -8.846455 3.283780 -4.547530
K 2.674672 -4.765213 2.541901
Z 2 5.057193 -2.970285 -7.009421 -5.295131
K 2.827168 -5.228933 1.872991
K -8.837780 -6.526963 4.192217
P 9.274295 8.173931 11.567894 9.789009
Z 6 8.368097 -4.067165 2.531039 8.015625
K 2.608822 -0.016828 4.377027
K 8.294070 -2.525407 4.069473
Z 4 -9.338982 -8.939135 -7.348608 -6.993663
9 8.2941 -2.5254
4 2.8272 -5.2289
6 11.5679 9.7890
1 3.2838 -8.8465
5 -8.8378 -6.5270
5 -8.8378 -6.5270
2 2.6747 -4.7652
2 2.6747 -4.7652
8 2.6088 -0.0168
10 9.1755 -8.3826
6 9.2743 8.1739
1 3.2838 -4.5475
9 8.2941 -2.5254
4 2.8272 -5.2289
1 1.5750 -8.8465
4 2.8272 -5.2289
5 3.4813 -6.4573
10 2.8272 -5.2289
8 8.3274 9.6077
8 4.4372 4.1879
10 -8.2330 3.3503
7 -3.2100 1.0349
2 2.6747 -4.7652
8 -0.1355 8.5946
8 2.6088 -0.0168
7 -3.0495 3.8355
3 3.3456 0.1981
9 8.2941 -2.5254
9 8.2941 -2.5254
1 3.2838 -4.5475
10 2.8272 -5.2289
8 -8.7598 -4.9500
5 -8.8378 -6.5270
6 2.3995 -5.1208
7 -5.1487 1.5719
2 2.6747 -4.7652
3 2.6747 -4.7652
1 1.5750 -4.5475
1 1.5750 -4.5475
10 2.8272 -5.2289
3 2.1783 -2.1891
4 -6.7960 5.4738
4 2.8272 -5.2289
8 2.6088 -0.0168
7 9.2743 9.7890
1 3.2838 -8.8465
4 1.5156 -5.6508
9 8.2941 -2.5254
6 2.0854 5.4858
8 2.6088 -0.0168
8 2.6088 -0.0168
1 1.5750 -4.5475
9 -0.2323 -6.0010
1 3.2838 -4.5475
2 2.6747 -4.7652
10 5.8780 -1.1709
3 2.1783 -2.1891
7 1.6398 -7.7495
2 2.6747 -4.7652
7 11.5679 9.7890
8 2.6088 -0.0168
4 2.8272 -5.2289
3 2.1783 -2.1891
9 8.2941 -2.5254
2 2.6747 -4.7652
4 -6.0180 -7.0775
9 8.2941 -2.5254
4 -9.1495 -6.2820
4 -3.5229 3.2001
3 2.1783 -2.1891
2 9.0159 4.0366
6 11.5679 9.7890
10 -5.3522 3.1392
2 2.6747 -4.7652
2 2.6747 -4.7652
3 -0.8313 -9.3126
9 8.2941 -2.5254
4 2.8272 -5.2289
3 2.6747 -4.7652
2 2.9432 3.6322
5 -8.8378 -6.5270
7 -3.0495 3.8355
4 2.8272 -5.2289
10 2.8272 -5.2289
10 7.3761 -4.5808
8 6.1215 8.1556
7 -1.7844 2.8316
6 9.2743 8.1739
8 2.6088 -0.0168
10 1.8489 -0.8628
8 -2.0218 -7.4896
7 -2.9763 5.8094
4 -2.6458 7.0564
1 1.5750 -4.5475
4 2.8272 -5.2289
9 -1.9021 7.1037
9 8.2941 -2.5254
6 4.1747 -3.7727
7 -7.0253 -0.5539
1 8.0499 -6.7979
