10 100
K -8.812972 3.034028 2.380228
K -0.173916 -2.039742 1.745178
P -7.002991 6.005623 -2.406204 10.346578
K 4.851886 2.943850 1.564585
Z 4 4.851886 2.943850 3.915411 2.593113
Z 3 3.857238 0.755256 -7.999591 5.225536
K 1.856367 6.444084 1.603039
P 0.814655 1.109792 1.926684 4.883475
K -7.936760 -6.813543 4.227986
P -4.039421 -9.554679 -0.616541 -7.587610
3 -0.6175 8.1156
9 -7.9368 -6.8135
8 0.8147 4.8835
3 -6.1566 4.4263
5 7.3300 -1.3489
2 -0.1739 -2.0397
6 -7.7661 3.9817
8 0.8147 4.8835
8 1.9267 4.8835
10 -0.6165 -9.5547
5 4.8519 2.9438
1 -7.8980 7.9955
3 -7.0030 10.3466
2 7.0501 -1.0028
2 -0.1739 -2.0397
10 -0.6165 -7.5876
5 4.8519 2.9438
2 2.0784 -0.9221
10 5.5702 -6.6487
9 -7.9368 -6.8135
7 -6.2330 -6.2969
5 4.8519 2.9438
4 4.8519 2.9438
2 -0.1739 -2.0397
6 -7.1226 -3.2315
5 6.1873 -4.8519
3 -2.4062 10.3466
3 -2.8867 -5.5640
3 -2.4062 10.3466
4 4.8519 2.9438
10 -4.0394 -7.5876
5 4.8519 2.9438
2 -0.1739 -2.0397
10 -0.4345 -4.4096
8 1.9267 4.8835
2 -0.1739 -2.0397
5 -1.8836 9.7159
9 -7.9368 -6.8135
8 0.8147 1.1098
2 -0.1739 -2.0397
9 -7.9368 -6.8135
5 -8.1981 9.5601
6 -4.0738 1.3945
9 -7.9368 -6.8135
4 4.8519 2.9438
4 -0.9096 7.0843
3 -7.0030 6.0056
3 -5.5273 4.0889
10 -0.6165 -9.5547
4 4.8519 2.9438
5 3.9924 2.4875
9 7.5100 -6.0305
10 -9.4899 3.4515
10 -0.6165 -9.5547
4 4.8519 2.9438
8 1.9267 1.1098
8 1.9267 1.1098
4 5.5592 -6.0220
2 -0.1739 -2.0397
4 -3.4445 -7.7047
10 9.4486 8.1451
8 1.9267 4.8835
3 -7.0030 10.3466
1 3.2093 -9.0816
2 -8.2180 3.5721
1 -8.8130 3.0340
6 -4.3135 0.9469
7 -0.2439 -3.2826
3 -2.4062 10.3466
8 1.9267 1.1098
2 -0.1739 -2.0397
1 -8.8130 3.0340
10 -0.6165 -7.5876
3 -7.0030 6.0056
1 -9.6944 -7.0156
9 -7.9368 -6.8135
10 -0.6165 -7.5876
6 -7.1794 -2.3136
10 -0.6165 -9.5547
10 -4.0394 -9.5547
2 -0.1739 -2.0397
6 -7.0030 6.0056
10 -0.6165 -7.5876
2 -0.1739 -2.0397
5 4.8519 2.9438
2 -0.1739 -2.0397
6 -7.0030 6.0056
2 -0.1739 -2.0397
7 -3.9573 3.3062
7 1.8564 6.4441
4 4.8519 2.9438
4 4.8519 2.9438
9 9.5105 3.6473
6 -7.1794 -2.3136
3 -2.4062 6.0056
8 3.1353 -6.4782
5 4.8519 2.9438
2 -0.1739 -2.0397
8 -8.5618 2.6331
1 -8.8130 3.0340
