10 100
P -3.784349 -7.167273 0.564883 -4.551720
P -9.270197 2.097279 -7.841495 6.256572
P -1.639696 -3.602760 2.798707 -0.400164
Z 1 4.181360 9.163484 -1.089423 -4.941758
K 4.932917 -8.732372 2.181241
Z 3 -1.639696 -0.400164 -2.300457 -1.150760
Z 3 -9.445723 5.104401 7.843157 -3.363685
K -0.330325 -9.950420 1.685698
Z 5 4.932917 -8.732372 4.294671 -9.502204
P -3.179498 -9.935821 -1.190248 -6.547503
9 -7.3652 -5.4559
10 -1.1902 -9.9358
1 -3.7843 -7.1673
6 -5.3792 3.5964
2 -9.2702 6.2566
3 2.7987 -3.6028
2 -9.2702 2.0973
1 0.5649 -7.1673
2 -7.8415 2.0973
4 -5.1300 8.7076
7 2.4995 2.6328
9 4.9329 -8.7324
8 -0.3303 -9.9504
4 0.5649 -4.5517
6 -2.2024 4.0024
8 -0.3303 -9.9504
1 0.5649 -4.5517
9 4.9329 -8.7324
2 -7.8415 6.2566
2 -7.8415 2.0973
3 2.7987 -3.6028
6 -2.1162 -3.0536
10 -1.1902 -6.5475
1 -3.7843 -7.1673
7 8.4058 6.4191
9 4.9329 -8.7324
3 2.7987 -3.6028
5 4.9329 -8.7324
8 -0.6438 -4.7946
10 -3.1795 -6.5475
10 -1.3425 3.3220
8 2.7178 -0.6769
6 -1.6397 -0.4002
3 5.1085 6.4076
10 -3.1795 -9.9358
6 -1.6397 -0.4002
3 2.7987 -3.6028
6 2.7987 -3.6028
10 -1.1902 -9.9358
3 -1.6397 -3.6028
10 -3.1795 -6.5475
9 8.3085 -6.1168
1 -3.7843 -7.1673
5 4.9329 -8.7324
8 -0.3303 -9.9504
3 3.4778 9.5576
9 3.7579 -5.4738
2 -7.8415 6.2566
1 -3.7843 -7.1673
3 -1.6397 -3.6028
6 -2.2024 4.0024
3 -1.6397 -3.6028
9 4.9329 -8.7324
9 4.9329 -8.7324
6 -1.6397 -0.4002
10 -1.1902 -9.9358
7 -1.6397 -3.6028
5 -9.3672 2.4364
8 5.8266 3.5404
3 2.7987 -0.4002
3 -1.6397 -0.4002
4 1.2009 -6.4146
9 1.1865 1.1454
2 -7.8415 6.2566
10 -1.1902 -9.9358
6 2.7987 -0.4002
9 4.9329 -8.7324
3 2.7987 -0.4002
5 -0.5964 5.8348
3 -1.6397 -0.4002
7 4.7122 1.6268
6 -1.6397 -0.4002
6 2.7987 -3.6028
3 3.1563 3.8200
3 -2.2515 8.2782
1 0.5649 -4.5517
3 2.7987 -0.4002
9 4.9329 -8.7324
1 -1.8821 -5.0727
8 -0.3303 -9.9504
1 0.5649 -4.5517
2 9.9882 4.4542
1 0.5649 -4.5517
4 -2.4530 6.6967
6 -4.8164 -0.8062
6 2.7987 -0.4002
7 -1.6397 -3.6028
8 -0.3303 -9.9504
8 5.7690 -3.6761
4 -0.5143 -8.3892
8 -0.3112 8.7647
1 -8.3191 -3.7595
5 4.9329 -8.7324
9 4.9329 -8.7324
8 -0.3303 -9.9504
10 -1.1902 -6.5475
9 4.9329 -8.7324
2 -9.2702 2.0973
4 5.5647 -4.8739
2 -1.0496 7.8226
