10 100
K 7.010151 2.774204 3.378654
P 0.092455 -8.475070 3.346534 -7.302171
Z 2 3.346534 -8.475070 2.478346 -8.971305
Z 1 7.010151 2.774204 7.754301 3.442217
K 3.815971 -3.140508 4.876206
Z 1 4.004043 -0.641748 -8.512204 -9.264408
K -0.279049 3.151330 2.599404
Z 3 5.758552 -7.230623 -9.041434 0.900419
K -7.563571 -7.669039 2.194039
P -5.993641 -8.831740 -2.147140 -5.780043
6 8.2669 0.9500
3 -1.4588 -2.5240
7 -5.0260 2.2884
10 -2.1471 -5.7800
6 8.2669 0.9500
4 7.0102 2.7742
3 2.4892 -2.2090
1 6.3921 4.8984
9 -6.8011 -1.0288
10 -2.1471 -8.8317
1 7.0102 2.7742
5 -3.7985 5.7283
1 7.0102 2.7742
6 8.2669 0.9500
10 8.4561 -5.5249
8 2.7057 -11.8742
4 7.0102 2.7742
6 4.7968 4.7593
8 4.3572 -9.0703
5 -5.4989 -5.0793
7 -1.5081 2.4436
2 0.0925 -8.4751
7 -9.9905 2.9418
6 8.2669 0.9500
8 5.3643 3.3408
8 3.3465 -8.4751
2 3.3465 -7.3022
5 3.8160 -3.1405
9 -8.3351 -8.6124
2 1.2945 8.3820
7 9.9626 -3.5726
10 7.4446 -3.7665
5 3.8160 -3.1405
9 -7.5636 -7.6690
7 -0.2790 3.1513
1 -4.9285 -6.2442
3 -2.5358 1.0226
6 -9.0455 1.6221
7 9.9864 -1.3704
5 4.8980 -3.3554
8 4.8374 -9.5868
9 -3.3289 9.1880
9 -2.9341 -6.2467
5 3.8160 -3.1405
5 3.8160 -3.1405
8 6.9963 -1.6298
7 -0.2790 3.1513
6 8.2669 0.9500
8 4.3572 -9.0703
6 7.0102 2.7742
2 0.0925 -8.4751
7 -0.2790 3.1513
3 3.3465 -7.3022
6 4.3132 5.1622
8 5.5154 -4.5274
8 1.6951 -11.2789
2 0.0925 -7.3022
8 5.5154 -4.5274
6 -7.8175 -6.7754
5 6.5866 -3.1215
6 8.2669 0.9500
9 -7.5636 -7.6690
3 3.3465 -7.3022
1 2.9642 2.5565
1 7.0102 2.7742
1 7.0102 2.7742
6 8.2669 0.9500
4 7.0658 -8.1945
7 -0.2790 3.1513
9 -7.5636 -7.6690
5 3.8160 -3.1405
10 -5.9936 -5.7800
4 7.0102 2.7742
4 -9.8094 -3.7277
7 -0.2790 3.1513
2 3.3465 -8.4751
9 -7.5636 -7.6690
5 3.8160 -3.1405
5 3.8160 -3.1405
6 8.2669 0.9500
4 -4.9814 -7.0675
6 1.7599 -0.8155
8 2.7057 -11.8742
8 5.5154 -4.5274
6 7.0102 2.7742
7 4.3074 -2.3808
6 -1.7487 2.2339
4 7.0102 2.7742
4 7.0102 2.7742
9 -7.5636 -7.6690
1 7.0102 2.7742
8 4.3709 -2.0675
10 -2.1471 -8.8317
2 0.0925 -8.4751
6 7.0102 2.7742
1 -5.3320 -3.3619
3 0.0925 -7.3022
9 1.4318 7.1717
7 -0.2790 3.1513
7 -0.2790 3.1513
