10 100
P 6.967259 -1.873120 10.890859 1.043469
K -1.303608 -4.505133 4.438548
K -0.751863 1.964050 4.527604
K 7.668743 9.300177 1.998580
Z 3 -5.059821 0.570962 -4.752134 -0.380526
Z 3 -9.715564 3.134569 -0.927586 0.569101
P 4.392130 5.244936 5.419871 9.030418
K -0.178229 -5.987933 1.225113
Z 6 -4.471896 -0.616755 -3.901881 -1.438389
K 3.649419 -7.023055 4.037072
7 0.965182 -5.185287
5 -9.367779 -0.822127
3 9.078492 1.660439
4 -0.216458 -0.864651
2 -0.123408 2.222215
4 -9.498434 7.546596
2 -1.303608 -4.505133
1 7.277071 -1.010023
3 -0.751863 1.964050
3 2.394181 7.635850
10 -7.930761 -5.917811
6 -2.891092 -9.334212
8 -0.178229 -5.987933
1 6.967259 -1.873120
4 7.668743 9.300177
2 -1.303608 -4.505133
6 -1.529956 -0.701297
3 -0.751863 1.964050
3 -0.751863 1.964050
10 -6.433836 1.033272
6 -0.751863 1.964050
8 -0.178229 -5.987933
1 10.890859 -1.873120
9 4.676163 -4.495508
6 -1.529956 -0.701297
2 -1.303608 -4.505133
7 -9.784710 8.830540
3 2.129413 6.859213
6 -0.751863 1.964050
6 -0.751863 1.964050
10 3.649419 -7.023055
9 -1.252612 6.605574
5 -0.751863 1.964050
1 6.967259 1.043469
1 10.890859 -1.873120
9 -5.422869 -3.402039
1 6.967259 1.043469
8 -0.178229 -5.987933
3 -4.015174 -6.857279
7 8.139298 -9.815085
4 7.668743 9.300177
10 0.630433 -0.967623
6 -1.529956 -0.701297
3 -0.751863 1.964050
3 -5.779217 7.845275
5 -9.644832 3.583250
1 6.967259 1.043469
6 -1.529956 -0.701297
8 1.874250 -3.420229
3 -0.751863 1.964050
4 7.668743 9.300177
1 -6.648859 -4.024433
7 4.392130 5.244936
6 -1.529956 -0.701297
4 7.668743 9.300177
6 -4.288245 -6.176776
5 -0.751863 1.964050
7 5.419871 9.030418
6 -0.751863 1.964050
6 9.742003 8.365431
3 -0.751863 1.964050
1 6.967259 1.043469
9 -8.191929 -3.197559
4 7.668743 9.300177
7 -4.762059 -4.874809
3 5.520125 0.336098
10 -5.821482 -5.688131
8 -0.178229 -5.987933
4 7.911957 3.637083
4 7.668743 9.300177
5 -9.367779 -0.822127
9 -8.191929 -3.197559
4 7.668743 9.300177
7 5.517164 -2.249931
4 7.668743 9.300177
4 7.668743 9.300177
2 -9.013705 2.115076
7 5.419871 5.244936
9 -8.191929 -3.197559
10 3.649419 -7.023055
2 6.335057 -5.554273
7 5.419871 9.030418
1 6.967259 -1.873120
10 3.649419 -7.023055
7 -2.528797 -3.233042
4 0.926691 -3.530831
10 3.649419 -7.023055
1 6.967259 -1.873120
7 4.392130 5.244936
3 -0.751863 1.964050
10 3.649419 -7.023055
2 -1.303608 -4.505133
9 -8.191929 -3.197559
10 3.649419 -7.023055
2 -1.303608 -4.505133
10 3.649419 -7.023055
10 1.328450 -7.916798
7 5.419871 5.244936
8 -8.052178 -4.295838
1 6.967259 1.043469
