10 100
K -8.384342 7.109624 2.804160
Z 1 -7.911977 4.345536 -6.926267 4.513987
Z 2 -5.779058 -0.678171 -4.973249 -0.085995
P -8.115035 3.975597 -6.872152 5.744209
K -3.080120 4.421146 1.242561
P 3.404293 -1.479496 6.044762 3.340680
P -9.699163 -0.775716 -7.467382 2.817379
P -5.728610 -6.197843 -2.391255 -1.758523
K 4.173901 2.496444 3.366636
Z 7 6.574292 8.607790 -8.277022 8.486380
9 5.6068 2.6914
6 -4.0933 -8.9865
3 0.0083 -2.4410
1 -8.8083 9.7337
6 6.4984 5.0117
3 -7.4396 1.5814
1 -8.3843 7.1096
4 -6.8722 3.9756
2 6.0617 5.9012
2 -7.4396 1.5814
6 3.4043 3.3407
4 -8.1150 3.9756
2 -5.3466 -8.5150
3 1.2206 2.9074
8 -5.7286 -1.7585
3 -7.4396 1.5814
1 -9.5714 4.8819
5 -3.0801 4.4211
9 4.1739 2.4964
6 3.4043 3.3407
10 -0.4486 1.7567
3 -8.3843 7.1096
7 -7.4674 -0.7757
5 -3.0801 4.4211
3 3.7609 8.4032
1 -8.3843 7.1096
10 7.8427 -2.8475
7 -7.4674 2.8174
9 4.1739 2.4964
5 -4.4253 4.5530
2 -7.4396 1.5814
4 -6.8722 3.9756
10 -9.6992 2.8174
7 -9.6992 -0.7757
8 1.8046 3.7287
8 -2.3913 -1.7585
3 -8.3843 7.1096
4 -6.1135 -8.2471
9 4.1739 2.4964
2 -8.3843 7.1096
6 3.4043 3.3407
2 -8.3843 7.1096
7 -9.6992 2.8174
6 6.0448 3.3407
6 6.0448 -1.4795
2 1.6411 -6.0674
2 -0.9742 4.1188
7 -3.2480 -0.4240
8 -5.7286 -6.1978
2 -8.3843 7.1096
8 -5.7286 -6.1978
5 -9.4835 1.5278
6 3.4043 -1.4795
3 -0.6568 0.2997
8 -5.7286 -6.1978
9 4.1739 2.4964
1 -8.3843 7.1096
8 -2.3913 -1.7585
9 1.6555 -2.9975
9 -9.5547 0.0648
5 2.6268 1.1018
7 -7.4674 2.8174
6 3.4043 3.3407
9 4.1739 2.4964
5 -3.0801 4.4211
6 -1.9322 0.2896
3 -4.1185 -2.9378
7 -9.6992 -0.7757
6 3.4043 3.3407
8 4.9757 -6.2884
1 -8.3843 7.1096
9 9.8558 -3.3082
9 4.1739 2.4964
3 -8.3843 7.1096
5 1.2424 2.1647
4 -9.9659 4.7851
1 -8.3843 7.1096
4 -9.1300 5.3551
6 5.2219 8.4849
5 -5.4836 8.1427
4 -8.1150 5.7442
7 -2.7340 -7.4500
1 -8.3843 7.1096
4 -8.1150 3.9756
5 -3.0801 4.4211
8 -5.7286 -1.7585
5 -3.0801 4.4211
2 -1.8876 1.3566
4 -6.8722 3.9756
5 -5.8936 0.9389
7 -9.6992 2.8174
10 2.5442 0.6879
8 -5.7286 -6.1978
9 4.1739 2.4964
4 3.8482 -5.7783
4 -3.1527 -6.1588
8 -2.3913 -1.7585
5 4.1752 -2.2137
7 -3.7682 7.2101
6 6.0448 -1.4795
