10 100
K -6.152784 -0.628597 4.275501
Z 1 -6.152784 -0.628597 -6.437617 0.329981
P -3.991926 -1.552100 0.862591 0.437610
K 9.100655 7.622692 3.699375
K 8.998492 5.579087 2.096443
Z 3 -1.955448 -7.227536 -0.697262 1.137614
K -9.447249 5.225114 4.985034
K -8.210549 -4.063832 1.125628
P 2.754272 -6.674642 7.260491 -5.264604
P 2.899822 -1.430156 4.785205 0.449510
7 -9.4472 5.2251
3 -3.9919 0.4376
2 -6.1528 -0.6286
4 9.1007 7.6227
1 -6.1528 -0.6286
4 5.5289 -1.5595
10 2.8998 -1.4302
8 -8.2105 -4.0638
7 -9.4472 5.2251
9 2.7543 -6.6746
3 -3.9919 0.4376
8 -8.2105 -4.0638
5 2.8220 4.2455
2 -9.5250 -4.1007
3 -2.2647 1.6715
3 -3.9919 0.4376
1 -6.1528 -0.6286
7 -9.4472 5.2251
5 8.3398 -8.5397
3 -3.9919 0.4376
7 -9.4472 5.2251
1 -6.1528 -0.6286
10 8.0168 1.9212
8 -8.2105 -4.0638
8 -8.2105 -4.0638
9 7.2605 -6.6746
2 -6.1528 -0.6286
3 0.8626 0.4376
9 2.7027 2.5213
2 -6.1528 -0.6286
9 0.4429 5.6793
10 2.8998 0.4495
4 -1.1375 6.7159
7 5.8237 -9.5783
4 9.1007 7.6227
6 2.2165 -4.2810
10 4.7852 0.4495
2 -6.1528 -0.6286
9 2.7543 -5.2646
3 0.8626 0.4376
3 -2.1694 -5.8077
9 -4.3049 -4.0781
5 8.9985 5.5791
4 9.1007 7.6227
2 -6.1528 -0.6286
2 -6.1528 -0.6286
3 0.8626 0.4376
10 8.9260 3.8717
6 0.8626 0.4376
6 2.2457 -0.5006
10 4.7852 0.4495
10 4.7852 0.4495
10 2.4704 1.9853
6 -2.9793 -0.9742
2 -6.1528 -0.6286
3 0.8626 -1.5521
4 9.1007 7.6227
8 -8.2105 -4.0638
5 8.9985 5.5791
9 7.2605 -5.2646
7 -9.4472 5.2251
10 4.7852 -1.4302
9 7.0997 -1.1218
8 -8.4118 -7.5474
4 9.1007 7.6227
2 1.2850 8.1738
7 -9.4472 5.2251
5 -9.8923 5.3225
6 8.2473 9.8492
6 0.8626 -1.5521
2 -6.1528 -0.6286
7 3.2322 -0.6698
8 -8.1009 0.5778
4 2.4346 6.0905
3 -7.2407 -6.2019
9 7.2605 -5.2646
1 -6.1528 -0.6286
9 7.2605 -5.2646
7 -9.4472 5.2251
9 -2.2026 -3.6790
8 -8.2105 -4.0638
2 -6.1528 -0.6286
5 8.9985 5.5791
4 9.1007 7.6227
2 6.6627 -3.3375
6 7.3398 8.4037
9 4.7955 5.2368
3 -3.9919 -1.5521
1 5.3092 3.5018
8 -8.2105 -4.0638
3 0.8626 -1.5521
6 2.2457 -0.5006
3 -7.8512 9.4397
6 1.6604 -2.4023
3 -5.8422 4.8593
7 -9.4472 5.2251
2 -6.1528 -0.6286
9 7.2605 -6.6746
2 -6.1528 -0.6286
10 -8.9067 -2.2996
