10 100
P -2.349321 2.221328 1.571893 5.612159
Z 1 -2.989319 -4.520460 4.644285 6.064444
P -1.585422 8.247656 1.476168 9.816278
K -7.558204 7.758184 2.068947
K -6.095427 4.451758 3.094631
Z 2 4.445557 -2.618826 3.674372 -5.973773
Z 3 7.741974 -3.541378 -7.626925 -8.398273
K 6.885808 2.155638 3.551847
Z 6 -8.665835 -1.582047 8.903502 -8.920823
P 3.976861 -6.091446 7.224945 -3.816061
1 1.571893 2.221328
1 1.571893 2.221328
5 -6.095427 4.451758
5 -6.095427 4.451758
5 -6.095427 4.451758
8 6.885808 2.155638
7 -6.744536 -4.612202
10 3.976861 -3.816061
7 -7.454361 0.924881
3 7.749635 6.115730
7 -1.585422 9.816278
8 6.885808 2.155638
5 -6.095427 4.451758
3 -1.585422 9.816278
9 -4.175221 -11.537503
6 6.236542 2.764703
8 4.443087 -9.412566
4 6.113434 -2.084074
1 2.941397 -8.160979
10 7.224945 -6.091446
6 -2.349321 2.221328
6 9.144276 0.480701
3 1.476168 9.816278
3 1.476168 9.816278
5 4.775536 6.907016
6 -3.083366 5.200410
10 7.224945 -3.816061
4 -9.979947 -5.768713
1 1.571893 5.612159
5 -6.095427 4.451758
9 -3.016059 4.217481
10 7.224945 -3.816061
8 9.921712 -7.522224
5 -6.095427 4.451758
3 8.834971 -7.478502
9 3.498191 -0.041959
7 -4.701112 8.848225
9 6.082854 -17.005999
1 1.571893 2.221328
2 1.967682 1.935893
6 5.185098 3.006393
2 -2.349321 2.221328
6 6.423043 -0.714280
10 3.034970 1.972336
9 8.663576 0.396741
8 6.885808 2.155638
5 8.807055 -5.061431
1 1.571893 2.221328
3 -1.585422 9.816278
6 5.185098 3.006393
4 0.551551 -1.328242
4 -7.364629 1.677347
1 1.571893 5.612159
2 -2.349321 5.612159
1 -2.349321 5.612159
6 -7.697027 0.789914
3 6.895429 -6.742553
7 9.388644 -16.790156
5 -6.095427 4.451758
2 -2.349321 5.612159
10 3.976861 -6.091446
8 6.885808 2.155638
10 7.224945 -3.816061
4 -8.583734 6.255392
5 9.935300 7.464208
4 -7.558204 7.758184
3 -1.585422 9.816278
3 1.476168 8.247656
6 -3.837764 7.700653
3 1.476168 8.247656
8 6.885808 2.155638
7 9.388644 -16.790156
7 -1.585422 8.247656
2 6.423043 -0.714280
6 6.423043 -0.714280
10 7.224945 -6.091446
9 3.186517 9.608276
3 1.476168 9.816278
9 -1.283006 -15.237408
1 1.571893 5.612159
10 3.976861 -3.816061
7 -1.813518 3.104027
8 9.860433 -9.401314
9 -1.442465 5.535297
7 -1.585422 9.816278
7 7.784457 -19.833261
1 -8.573316 -5.453536
1 7.363578 3.975533
1 -0.377974 -0.934362
7 1.476168 8.247656
8 -3.449093 -6.797981
3 -6.040116 -9.558890
9 -3.490371 -8.225755
1 1.571893 5.612159
7 1.476168 9.816278
3 -0.677548 5.107963
3 2.341426 -4.305289
5 5.153613 -3.909259
3 1.476168 8.247656
4 -4.548291 -0.466028
