10 100
P 8.633208 -2.151086 12.962113 0.381421
K 4.901115 7.079802 1.634117
Z 1 8.633208 0.381421 9.282670 -0.378973
P 9.104262 4.070840 12.905383 8.940902
K 0.408060 4.693750 1.956890
P -2.646293 -9.524682 -1.217305 -5.198251
P -8.224828 7.773758 -3.768499 10.608155
K -3.785082 -2.655075 3.356969
Z 8 -2.571426 -5.784975 -1.639067 -5.423442
K 4.984569 2.667352 4.691265
6 -1.217305 -5.198251
10 1.435619 -4.742361
4 9.104262 4.070840
1 12.962113 0.381421
4 -6.579191 5.141798
10 -0.379164 -7.095369
2 4.901115 7.079802
6 -1.217305 -5.198251
8 -3.785082 -2.655075
10 -2.934901 -7.419111
4 0.273540 7.154880
2 0.736165 1.262802
1 6.853321 0.065221
3 8.633208 -2.151086
10 4.984569 2.667352
4 9.104262 4.070840
7 5.032837 7.111434
9 -1.357770 -8.914876
9 -1.357770 -8.914876
3 8.633208 0.381421
4 9.104262 8.940902
8 -3.785082 -2.655075
2 4.901115 7.079802
4 -4.456555 0.386122
6 -1.217305 -9.524682
4 12.905383 4.070840
7 -3.768499 7.773758
8 -3.785082 -2.655075
8 -6.325402 -3.425612
9 -3.785082 -2.655075
8 -3.785082 -2.655075
5 0.408060 4.693750
6 -1.217305 -9.524682
6 -2.646293 -9.524682
3 10.457515 -4.290294
5 0.766932 -5.775549
4 12.905383 4.070840
8 -1.479007 -9.073363
4 12.905383 8.940902
8 -3.785082 -2.655075
4 12.905383 4.070840
4 9.104262 4.070840
10 4.984569 2.667352
10 4.984569 2.667352
2 4.901115 7.079802
1 8.633208 0.381421
7 -8.224828 7.773758
3 7.956173 -3.894213
8 -3.785082 -2.655075
6 -2.895421 7.843992
5 0.408060 4.693750
1 8.633208 -2.151086
7 -8.224828 7.773758
5 0.408060 4.693750
9 -1.357770 -8.914876
2 4.901115 7.079802
3 -1.608250 -5.994038
5 -6.654891 2.902132
2 4.901115 7.079802
10 4.984569 2.667352
3 -4.098849 0.305268
9 -3.785082 -2.655075
3 1.915110 1.671540
6 -1.217305 -5.198251
1 8.633208 0.381421
7 -8.224828 10.608155
6 -2.646293 -5.198251
9 -1.357770 -8.914876
9 -9.541252 9.512497
5 0.408060 4.693750
6 -7.145702 -8.816370
6 -2.646293 -9.524682
6 -2.646293 -5.198251
5 2.272403 7.487498
10 4.984569 2.667352
8 -3.785082 -2.655075
8 -3.785082 -2.655075
8 -7.422435 -1.047173
1 8.633208 -2.151086
5 0.408060 4.693750
7 -3.768499 7.773758
1 12.962113 0.381421
5 1.400579 -4.496132
5 0.408060 4.693750
9 8.475114 -5.154000
2 4.901115 7.079802
9 -1.357770 -8.914876
4 12.905383 4.070840
3 8.633208 -2.151086
2 4.901115 7.079802
4 12.905383 8.940902
8 7.085570 -3.558354
8 -3.785082 -2.655075
5 -3.422275 -6.727938
2 4.901115 7.079802
3 -2.354376 -5.116408
8 -3.785082 -2.655075
7 3.241427 6.788721
5 4.725565 0.053555
2 4.901115 7.079802
