10 100
K 1.139742 2.850074 2.550822
K -3.220105 8.256574 4.671434
K -4.848686 3.053992 4.428468
Z 2 -3.220105 8.256574 -2.794107 7.351849
K -0.209783 2.679473 1.596425
P 8.589409 6.830937 12.459054 11.452286
Z 5 1.364189 2.412673 1.531313 3.398609
K -5.122584 3.101717 4.113210
P -5.327727 0.463837 -0.456449 4.201988
Z 8 -5.122584 3.101717 -4.649439 2.220733
10 -5.1226 3.1017
9 6.4173 5.0021
7 2.9382 2.1459
2 -3.2201 8.2566
7 2.9382 2.1459
9 -5.3277 0.4638
10 -5.1226 3.1017
4 2.1089 -6.0966
7 -8.8646 -0.0467
10 -0.9461 -4.1151
9 -1.2420 0.5365
1 1.1397 2.8501
1 1.1397 2.8501
5 -0.2098 2.6795
10 -5.1226 3.1017
10 -5.3613 4.2756
2 8.9180 1.2635
3 -9.2430 -7.5622
3 4.7673 -4.9559
1 1.1397 2.8501
4 -3.2201 8.2566
4 -3.2201 8.2566
8 9.6669 7.0397
7 -0.2098 2.6795
2 -3.2201 8.2566
2 -3.2201 8.2566
2 -3.2201 8.2566
4 -3.2201 8.2566
5 -0.2098 2.6795
2 -3.2201 8.2566
7 2.9382 2.1459
9 2.1100 9.3485
6 1.0201 5.6965
9 -5.3277 4.2020
9 9.2269 -3.8235
10 -7.5953 -3.8093
8 -5.1226 3.1017
9 -6.5140 -3.5241
5 -0.2098 2.6795
9 -3.8320 -8.6285
6 12.4591 6.8309
9 -2.6460 6.9986
8 -5.1226 3.1017
8 -5.1226 3.1017
8 7.5569 4.2371
10 -5.1226 3.1017
1 -3.6817 -0.5130
7 4.3531 -0.2503
7 2.9382 2.1459
2 3.9825 -7.0931
3 -4.8487 3.0540
7 2.9382 2.1459
4 -3.2201 8.2566
8 -3.8181 6.0498
6 -9.1138 3.6638
6 12.4591 11.4523
6 8.5894 6.8309
5 5.4263 4.2673
5 -0.2098 2.6795
9 -9.7596 1.3608
9 -9.3376 6.0752
8 -5.1226 3.1017
7 2.9382 2.1459
4 -9.8953 -0.8052
1 1.1397 2.8501
5 -0.2098 2.6795
1 -3.7567 -4.3110
7 7.3639 2.2845
7 -0.2098 2.6795
8 -5.1226 3.1017
4 1.0223 -5.4585
5 -0.2098 2.6795
3 -4.8487 3.0540
3 -4.8487 3.0540
7 2.9382 2.1459
8 2.8730 1.1988
2 -3.2201 8.2566
5 -0.2098 2.6795
10 -5.1226 3.1017
8 -1.1163 -1.6034
7 -0.2098 2.6795
7 7.6923 -2.4815
5 -0.2098 2.6795
3 -6.0001 -4.8225
10 -5.1226 3.1017
6 -8.3203 9.0553
1 -2.8171 1.6190
4 5.1687 -6.1235
5 -8.2134 -0.7181
3 -4.8487 3.0540
9 -5.3277 0.4638
7 2.9382 2.1459
10 -5.1226 3.1017
1 1.1397 2.8501
6 -5.2867 -7.8491
5 -0.2098 2.6795
2 -9.5397 0.0747
3 -4.8487 3.0540
2 -9.8214 -9.0556
4 -3.2201 8.2566
