10 100
P 8.271294 -2.008211 10.777188 1.731946
Z 1 0.298931 6.921776 6.228866 2.965224
K -4.302730 -5.481635 1.853513
Z 3 -9.490673 -8.535831 8.797296 3.499992
P 8.195391 -5.566190 12.161120 -1.781617
P 0.761285 -8.258992 5.534019 -6.766216
P 8.260058 -0.625005 12.126566 1.043873
P 2.326398 4.730658 5.255890 6.626943
Z 2 6.711712 -9.229492 -7.193677 6.036646
K -6.275443 -5.517737 1.983202
5 12.1611 -5.5662
9 12.5673 0.6748
2 -1.4275 5.7979
7 -2.5264 0.1431
8 1.4806 5.3021
8 -0.3527 -6.2783
2 11.6053 2.9887
6 0.7613 -6.7662
1 10.7772 -2.0082
2 2.7370 7.0849
10 -6.2754 -5.5177
8 -9.6568 8.3576
3 -4.3027 -5.4816
2 10.7772 1.7319
8 5.2559 4.7307
6 0.7613 -6.7662
8 2.3264 6.6269
5 12.1611 -1.7816
9 -3.6947 -14.1377
9 8.1415 -8.4248
5 12.1611 -1.7816
9 -7.9860 5.0099
9 -1.9435 -10.8328
7 -3.8944 -9.1741
7 8.2601 1.0439
7 -2.8751 -4.0433
4 -4.3027 -5.4816
7 2.1855 -9.3703
4 -4.6335 -4.9791
6 0.7613 -8.2590
5 4.6421 3.3141
9 8.2713 -2.0082
3 5.9239 4.4380
10 -6.2754 -5.5177
3 4.8589 8.0196
1 10.7772 1.7319
1 8.2713 1.7319
3 9.0987 -0.7664
4 -0.0981 -1.0410
2 11.6053 2.9887
5 12.1611 -1.7816
7 8.2601 1.0439
9 8.1518 1.5528
6 5.5340 -8.2590
8 2.3264 4.7307
9 10.7772 -2.0082
1 -6.4987 -4.5723
9 1.4885 9.6947
1 8.2713 -2.0082
2 -4.5475 0.5559
6 0.7613 -6.7662
1 -8.8861 6.8646
4 -4.3027 -5.4816
8 1.1160 -2.4446
10 -6.2754 -5.5177
1 10.7772 -2.0082
3 -4.3027 -5.4816
2 11.6053 2.9887
6 5.5340 -8.2590
4 -4.6335 -4.9791
8 2.3264 4.7307
2 9.1138 -0.7611
8 5.2559 6.6269
10 -6.2754 -5.5177
9 -3.6947 -14.1377
7 8.2601 1.0439
6 -3.7203 1.7744
5 8.1954 -1.7816
9 10.7772 -2.0082
1 -4.6178 8.0293
1 10.7772 -2.0082
8 2.3264 6.6269
4 -4.3027 -5.4816
8 2.3264 6.6269
4 -4.3027 -5.4816
6 -3.8824 -5.1052
2 8.2713 -2.0082
6 2.0488 0.6472
7 12.1266 1.0439
5 12.1611 -5.5662
2 8.2713 1.7319
5 1.6650 6.9352
9 -6.9191 -5.8626
10 -6.2754 -5.5177
3 -4.3027 -5.4816
10 -6.2754 -5.5177
7 8.2601 -0.6250
4 -4.3027 -5.4816
10 -6.2754 -5.5177
8 2.3264 4.7307
6 0.7613 -8.2590
5 8.1954 -1.7816
3 -4.3027 -5.4816
7 8.2601 1.0439
7 8.2601 1.0439
2 8.2713 1.7319
9 8.1518 1.5528
10 -6.2754 -5.5177
1 8.2713 1.7319
6 5.5340 -8.2590
