10 100
K 7.742675 -5.125006 1.941829
P -9.723006 -3.942106 -7.072449 0.809201
K 6.333886 -8.527116 2.017294
Z 1 7.742675 -5.125006 8.193989 -4.232641
Z 4 6.381582 -6.509970 7.094808 -7.210904
P 2.699591 -7.432450 6.300025 -3.780191
P 5.890850 3.200449 8.709082 4.603810
K 0.604949 1.288632 4.448014
K -8.277151 4.069517 2.920997
K 1.367418 7.786777 2.544717
5 4.4381 1.7355
1 7.7427 -5.1250
1 7.7427 -5.1250
5 7.7427 -5.1250
4 7.7427 -5.1250
6 6.3000 -3.7802
4 7.7427 -5.1250
2 -7.0724 0.8092
4 7.7427 -5.1250
2 -7.0724 0.8092
1 7.7427 -5.1250
10 -8.8721 2.2804
6 6.3000 -3.7802
5 2.9151 8.2167
7 8.7091 4.6038
8 0.6049 1.2886
2 -9.7230 -3.9421
5 -7.1051 -1.0264
7 8.7091 3.2004
6 6.3000 -7.4325
5 5.0205 -7.8949
9 -8.2772 4.0695
10 -2.5756 0.6737
6 6.3000 -3.7802
3 6.3339 -8.5271
3 -7.4262 4.0092
10 1.3674 7.7868
3 6.3339 -8.5271
1 7.7427 -5.1250
10 6.6648 3.4372
7 8.7091 3.2004
8 0.6049 1.2886
7 8.7091 3.2004
2 -9.7230 -3.9421
7 5.8908 3.2004
10 1.3674 7.7868
10 8.1274 6.9919
3 6.3339 -8.5271
8 0.6049 1.2886
7 8.7091 4.6038
1 -6.5129 -6.3939
6 6.3000 -3.7802
3 6.3339 -8.5271
2 -9.7230 0.8092
1 7.7427 -5.1250
7 -2.1332 -3.1511
2 -9.7230 0.8092
4 7.7427 -5.1250
5 -9.9382 -5.0195
4 7.7427 -5.1250
2 -7.0724 -3.9421
4 -2.7338 2.5694
6 2.6996 -7.4325
1 7.7427 -5.1250
2 -7.0724 0.8092
4 -4.0579 -5.2381
9 -3.7157 -1.6790
4 -5.3356 3.5728
4 9.2231 2.3233
4 7.7427 -5.1250
5 5.0205 -7.8949
1 7.7427 -5.1250
2 -9.7230 0.8092
5 7.7427 -5.1250
8 0.6049 1.2886
10 1.3674 7.7868
10 1.3674 7.7868
6 1.8125 -4.6517
3 8.7328 5.4465
9 -8.2772 4.0695
5 5.3184 7.6981
1 9.7067 -2.2244
6 6.3000 -3.7802
10 1.3674 7.7868
8 8.6554 3.5219
9 -8.2772 4.0695
10 6.2481 -3.2179
7 8.7091 3.2004
8 0.6049 1.2886
9 -8.2772 4.0695
8 -1.9992 2.8806
7 8.7091 3.2004
6 -2.0093 3.7590
5 -5.2438 6.9015
2 -7.0724 0.8092
7 8.7091 4.6038
4 -4.5589 7.5848
3 6.3339 -8.5271
6 6.3000 -7.4325
7 2.2281 5.6306
7 8.7091 3.2004
5 -9.1603 -6.3361
4 7.7427 -5.1250
6 -3.4981 -2.4086
5 5.0205 -7.8949
10 1.3674 7.7868
1 7.7427 -5.1250
8 0.6049 1.2886
7 -6.9202 9.7439
9 -8.2772 4.0695
