10 100
P 9.851305 9.498716 13.865399 10.511780
P -0.650482 0.123703 3.949174 1.384531
P -2.382907 7.193940 2.520756 9.660436
P 4.714837 -8.162203 7.409933 -5.166779
Z 1 13.865399 10.511780 14.714747 9.983947
K 2.707090 -1.989878 2.096218
P -1.535058 -9.122980 0.117192 -4.467150
K 4.856890 -4.088544 2.046320
P 6.978516 -4.792419 11.935870 -0.264943
P -2.025505 8.836105 0.303366 12.077450
4 -8.558734 -8.856705
4 7.409933 -8.162203
7 6.134427 -8.395028
10 -2.025505 12.077450
6 -4.646966 -2.225766
10 1.495484 -6.345619
1 3.891308 7.542551
10 0.303366 12.077450
4 4.714837 -5.166779
6 2.707090 -1.989878
10 2.470038 4.107168
7 2.723665 -9.820932
9 -4.613195 5.274625
4 7.409933 -5.166779
10 0.303366 12.077450
6 2.707090 -1.989878
5 2.893789 -6.555515
10 -2.025505 12.077450
4 7.409933 -8.162203
8 4.163251 7.337844
3 -2.382907 7.193940
5 9.851305 10.511780
6 -1.105806 2.646096
5 12.996364 14.559499
3 -2.382907 9.660436
8 -8.798817 -1.436616
2 3.949174 0.123703
6 2.707090 -1.989878
9 11.935870 -4.792419
5 9.851305 10.511780
4 7.409933 -8.162203
8 4.856890 -4.088544
6 2.707090 -1.989878
5 12.996364 14.559499
9 -0.321433 -8.131913
1 13.865399 9.498716
7 6.001742 -9.493131
3 1.043258 7.453398
6 2.707090 -1.989878
6 2.707090 -1.989878
1 9.851305 10.511780
5 14.773741 10.960349
9 -2.756849 4.041369
3 2.520756 7.193940
8 4.856890 -4.088544
1 2.630884 8.138319
10 2.895298 2.868790
6 2.707090 -1.989878
7 -1.535058 -4.467150
2 3.949174 0.123703
1 -3.386273 4.901905
3 -2.382907 7.193940
8 2.264837 -5.168194
4 8.102478 -1.608136
1 9.851305 10.511780
4 8.943126 7.799946
2 -1.468723 2.844205
5 9.851305 10.511780
3 9.530584 -4.970558
2 3.949174 1.384531
9 6.978516 -0.264943
1 9.851305 9.498716
8 4.856890 -4.088544
2 3.949174 1.384531
8 4.856890 -4.088544
9 11.935870 -4.792419
6 2.707090 -1.989878
4 7.409933 -8.162203
3 -2.382907 9.660436
7 0.117192 -4.467150
8 -1.958954 3.048083
2 -0.650482 1.384531
4 7.409933 -5.166779
5 14.773741 10.960349
9 11.935870 -0.264943
10 -2.025505 8.836105
5 13.865399 10.511780
9 6.978516 -0.264943
4 7.409933 -5.166779
10 -3.727197 1.836551
2 -2.646744 -6.603623
6 -2.500228 -3.966595
2 -6.125264 -3.438130
10 2.213738 0.806052
1 13.865399 10.511780
10 0.303366 12.077450
9 11.935870 -0.264943
9 11.935870 -0.264943
2 -7.072493 -8.807606
4 4.714837 -5.166779
6 2.707090 -1.989878
9 -1.611744 -2.492075
9 6.978516 -4.792419
10 -2.494076 -2.317721
7 -1.535058 -9.122980
2 -1.645059 -6.668938
7 0.117192 -9.122980
7 -7.021175 -0.016994
8 4.856890 -4.088544
3 5.754804 -4.782243
