10 100
P -6.106127 2.309571 -2.628957 5.379707
K -1.282150 0.912768 1.364756
K 7.483438 6.623340 3.041491
P 8.527336 -2.315398 10.717770 0.892394
P -2.077383 -1.092219 0.822445 0.585332
Z 4 -8.253731 5.497302 -0.925776 -5.876929
Z 5 -3.063374 1.415595 2.159804 4.453781
P -0.504071 -8.267806 3.035061 -4.763147
Z 1 9.854006 -2.567997 3.358413 3.065901
K 5.755429 -8.976011 2.547122
2 -1.2822 0.9128
8 -0.5041 -4.7631
7 0.1404 -5.7102
4 10.7178 0.8924
10 3.8396 -8.6557
9 3.2607 9.1001
1 -2.6290 5.3797
8 -0.5041 -8.2678
3 7.4834 6.6233
9 -2.6290 5.3797
1 -2.6290 2.3096
1 -6.1061 5.3797
8 -2.2657 -3.2299
4 8.5273 0.8924
6 0.0382 -4.7429
9 -0.2701 12.1083
5 4.1637 6.5410
8 -3.7658 -4.2795
5 0.8224 -1.0922
1 -6.1061 5.3797
7 -3.2976 2.6831
6 -8.8883 9.7227
1 6.0904 -5.1974
5 -2.0774 0.5853
8 3.0351 -4.7631
2 -1.2822 0.9128
8 3.0351 -4.7631
8 -2.6982 -5.8315
7 0.8224 0.5853
3 -6.1322 2.2067
8 -2.9272 5.2242
1 -3.1342 -9.9849
2 -1.2822 0.9128
6 -11.9027 -13.6810
7 -2.0774 -1.0922
3 7.4834 6.6233
5 -2.0774 -1.0922
3 7.4834 6.6233
4 9.5936 2.9375
5 -2.0774 0.5853
4 8.5273 0.8924
5 -4.8149 -7.9981
3 -2.8184 -7.4244
9 -2.6290 5.3797
8 -0.5041 -4.7631
6 -8.0763 -13.0125
6 -10.9972 -11.6865
8 -0.5041 -4.7631
8 -0.5041 -8.2678
4 8.5273 -2.3154
10 5.7554 -8.9760
5 -2.0774 0.5853
2 -1.2822 0.9128
6 -11.9027 -13.6810
9 3.2607 9.1001
1 -2.6290 5.3797
7 -2.0774 -1.0922
1 9.7249 -4.7672
5 0.8224 0.5853
4 10.7178 0.8924
10 5.7554 -8.9760
10 5.7554 -8.9760
8 3.0351 -4.7631
4 -0.6513 -8.0476
1 -2.6290 5.3797
8 -0.5041 -8.2678
7 5.2690 -7.3034
8 -2.2438 8.7962
7 -4.7558 3.5125
2 -1.2822 0.9128
8 6.4473 6.3528
2 5.5106 -4.3548
10 5.7554 -8.9760
10 5.7554 -8.9760
10 5.7554 -8.9760
5 0.8224 -1.0922
9 -0.2810 -6.0899
9 -6.1061 5.3797
7 -1.8640 5.2038
3 7.4834 6.6233
2 -1.2822 0.9128
6 8.5273 -2.3154
7 -2.0774 0.5853
3 7.4834 6.6233
9 0.2974 -6.4040
5 0.8224 -1.0922
8 3.0351 -4.7631
1 -6.1061 2.3096
4 8.5273 0.8924
1 -6.1061 2.3096
5 -2.0774 0.5853
4 10.7178 0.8924
1 -2.6290 2.3096
3 2.5653 5.0447
9 4.0203 7.7203
10 5.7554 -8.9760
7 -2.0774 -1.0922
10 -1.3746 5.1348
2 -1.2822 0.9128
10 5.7554 -8.9760
