10 100
K 9.901468 7.535408 1.294260
K -7.710295 1.214720 2.979939
Z 1 1.677949 7.008996 -8.176384 1.480801
P -3.566882 -4.801507 -0.246756 -2.415580
P -0.804280 -7.821967 2.947977 -5.433387
P -9.607605 -4.821389 -7.602195 -1.079766
K -3.935328 -5.504856 4.140010
P -6.693994 4.576454 -1.875696 8.224952
K -8.390277 -0.281314 4.063823
K -5.269746 1.578331 4.929303
10 -5.269746 1.578331
2 -7.710295 1.214720
7 -3.935328 -5.504856
2 -7.710295 1.214720
8 -7.848921 7.559578
1 9.901468 7.535408
4 -0.246756 -2.415580
7 -3.935328 -5.504856
9 -8.390277 -0.281314
9 -8.390277 -0.281314
9 -8.390277 -0.281314
6 -7.602195 -1.079766
6 -7.602195 -4.821389
7 -3.935328 -5.504856
1 9.901468 7.535408
6 -5.350406 7.550836
5 2.947977 -7.821967
4 -0.246756 -4.801507
1 7.368352 -5.700290
2 -7.710295 1.214720
9 5.500412 -0.320704
7 -3.935328 -5.504856
3 6.413673 13.752608
6 9.695763 8.881385
10 -5.269746 1.578331
8 -1.824162 -4.262062
10 -5.269746 1.578331
7 2.603419 0.312250
5 2.947977 -5.433387
3 6.413673 13.752608
3 6.413673 13.752608
2 -7.710295 1.214720
7 -3.935328 -5.504856
1 9.901468 7.535408
2 -7.710295 1.214720
5 -0.804280 -5.433387
9 -8.390277 -0.281314
9 -9.927630 -2.028962
7 -3.935328 -5.504856
7 -3.935328 -5.504856
3 6.413673 13.752608
4 -6.566255 -9.806254
7 -3.935328 -5.504856
1 9.901468 7.535408
10 -5.269746 1.578331
7 -3.935328 -5.504856
7 -1.265549 -6.324887
6 7.760505 9.165487
8 -6.693994 4.576454
3 4.216201 3.348609
9 8.880983 3.295537
6 -7.602195 -4.821389
3 9.901468 7.535408
8 -8.482199 4.758659
2 -7.710295 1.214720
3 9.901468 7.535408
3 6.413673 13.752608
9 -8.390277 -0.281314
6 -9.607605 -1.079766
1 9.901468 7.535408
2 -7.710295 1.214720
7 -3.935328 -5.504856
1 8.923482 2.868213
1 9.901468 7.535408
8 -1.875696 4.576454
2 -7.710295 1.214720
3 6.413673 13.752608
9 6.358431 -0.059950
3 9.901468 7.535408
3 6.413673 13.752608
10 -3.625974 2.925220
7 -3.935328 -5.504856
3 6.413673 13.752608
5 2.947977 -5.433387
5 -0.882641 5.778976
9 -9.287965 7.284082
7 -5.992087 2.268201
8 -6.693994 8.224952
6 -8.423417 4.620981
1 9.901468 7.535408
3 9.901468 7.535408
2 -7.710295 1.214720
3 8.312914 -3.182119
5 -0.804280 -5.433387
6 -9.607605 -1.079766
5 -0.804280 -7.821967
9 -8.390277 -0.281314
5 2.171948 -3.670108
6 -8.162636 -4.880791
6 -9.607605 -4.821389
8 -1.875696 4.576454
10 -5.269746 1.578331
6 -9.607605 -1.079766
1 9.901468 7.535408
4 -3.566882 -4.801507
8 -6.693994 8.224952
6 1.639617 4.415087
9 -8.390277 -0.281314
6 8.802608 -8.821027
10 -5.269746 1.578331
