10 100
P -0.690869 9.661898 3.753953 12.121759
Z 1 -5.210657 -4.465413 -2.193755 8.558250
K 3.830640 5.680766 2.393876
P 4.086935 -5.676829 7.002612 -2.762588
Z 3 8.895702 -2.035197 4.122441 9.823035
K 5.979477 -8.140667 2.262298
K -6.410529 9.256861 4.398973
Z 7 -6.410529 9.256861 -5.790692 10.041592
Z 6 1.314201 -9.297718 9.166357 3.455762
Z 1 -0.690869 9.661898 -1.635673 9.334261
4 4.086935 -5.676829
6 5.979477 -8.140667
1 -0.690869 9.661898
1 5.848416 -0.744260
10 -7.962930 9.068368
6 5.979477 -8.140667
5 7.202635 7.038086
8 -4.926228 5.348503
6 -6.799158 -5.232725
8 -6.648250 -8.173086
6 5.434081 -1.018586
3 0.582775 9.106779
8 -6.410529 9.256861
5 3.830640 5.680766
10 2.799685 12.413711
3 3.830640 5.680766
3 3.830640 5.680766
2 -1.893375 8.938856
8 -6.410529 9.256861
2 -8.832175 -1.933587
5 -2.487630 1.724233
4 7.002612 -5.676829
8 -6.410529 9.256861
9 0.246785 -4.611121
7 -6.410529 9.256861
3 3.830640 5.680766
3 -1.980828 7.719081
2 -1.976685 12.419615
3 3.830640 5.680766
2 3.002821 3.033468
6 5.979477 -8.140667
10 -0.690869 9.661898
8 -6.410529 9.256861
5 3.830640 5.680766
9 0.736231 3.286313
8 -9.603696 -7.263674
3 3.830640 5.680766
8 -6.410529 9.256861
5 7.202635 7.038086
4 7.002612 -2.762588
3 3.830640 5.680766
5 -1.849699 -9.624549
8 -6.410529 9.256861
9 8.011831 2.903106
5 7.202635 7.038086
4 4.086935 -5.676829
3 3.830640 5.680766
1 -4.821522 2.411661
10 -0.690869 12.121759
3 3.830640 5.680766
2 -5.390212 -2.861459
10 -0.690869 12.121759
10 3.753953 9.661898
8 -6.410529 9.256861
4 7.002612 -5.676829
5 7.202635 7.038086
10 -0.176645 2.814444
4 4.086935 -2.762588
2 -1.976685 12.419615
8 -6.410529 9.256861
8 -6.410529 9.256861
4 7.002612 -2.762588
8 -6.410529 9.256861
4 7.002612 -2.762588
3 3.830640 5.680766
6 8.229393 7.247914
3 3.830640 5.680766
6 5.979477 -8.140667
6 5.979477 -8.140667
1 0.141163 -6.608659
8 2.227460 -0.484281
10 -8.153971 -3.047414
4 4.086935 -2.762588
6 -5.396440 -5.459514
9 3.438650 1.867792
10 -0.690869 9.661898
8 -6.410529 9.256861
5 -6.038951 1.921399
6 -6.956393 -1.217035
5 3.830640 5.680766
2 -0.690869 12.121759
8 -6.410529 9.256861
2 -0.690869 12.121759
1 3.753953 12.121759
3 -0.695688 -8.231075
6 5.979477 -8.140667
10 -2.546261 -0.687114
9 8.243407 -3.931512
2 -3.058288 10.210305
2 -5.968777 14.374008
9 -3.276373 6.820354
6 -1.377365 -0.816249
3 8.814144 7.848551
7 -6.410529 9.256861
5 7.362782 8.518372
10 1.095290 2.898265
1 3.753953 9.661898
6 -8.298667 -5.730906
10 3.753953 12.121759
9 0.246785 -4.611121
