10 100
K 7.945004 -0.621822 3.745757
K -7.722158 1.084439 1.832884
K -9.146794 -4.673954 2.140910
Z 3 2.574770 7.108054 5.835163 1.219310
Z 4 5.623831 5.255284 -5.470852 8.724078
K -9.790021 9.333204 3.444814
P 6.115869 8.070653 7.617257 12.513591
Z 3 6.480634 -0.179940 4.503524 5.551702
K -8.874837 2.024179 2.573007
Z 2 8.228364 6.873002 -9.403858 9.428606
9 -8.8748 2.0242
5 18.7816 10.7890
6 -9.7900 9.3332
7 -0.3405 -5.1812
10 -7.7222 1.0844
6 -9.7900 9.3332
1 -9.0028 -8.2617
10 3.7817 -5.6138
4 1.5152 5.1640
5 -2.2764 -4.7232
10 -6.6323 2.1496
10 -7.7222 1.0844
8 -9.1468 -4.6740
3 -9.1468 -4.6740
9 3.4005 -0.8873
8 -9.1468 -4.6740
6 -9.7900 9.3332
1 7.9450 -0.6218
3 -3.5203 4.1261
5 5.6435 9.9472
4 9.5949 6.2912
2 -7.7222 1.0844
6 1.3707 2.4165
5 2.7152 3.3659
6 -9.7900 9.3332
7 0.0115 7.7073
6 -9.7900 9.3332
4 -9.1468 -4.6740
3 -9.1468 -4.6740
3 1.0976 2.4612
4 18.7816 10.7890
1 5.2049 0.6313
9 -8.8748 2.0242
10 -7.7222 1.0844
6 -5.3593 -3.0340
10 -7.7222 1.0844
10 -7.7222 1.0844
10 -7.7222 1.0844
4 4.8810 1.3143
2 -7.7222 1.0844
6 -9.7900 9.3332
2 -7.7222 1.0844
2 -7.7222 1.0844
7 7.6173 12.5136
5 -9.1468 -4.6740
7 7.6173 12.5136
5 -3.9876 7.0686
9 -8.8748 2.0242
2 -2.2071 2.1380
8 21.5553 5.9166
10 6.3852 0.9452
4 18.7816 10.7890
3 -9.1468 -4.6740
6 2.0976 4.4635
5 -0.8603 21.8299
9 -8.8748 2.0242
4 18.7816 10.7890
3 -9.1468 -4.6740
9 1.3198 -2.6587
6 -9.7900 9.3332
5 1.9109 -9.2959
8 -2.2933 -9.3094
5 -0.8603 21.8299
8 3.5830 -4.3332
4 -9.1468 -4.6740
2 -1.1590 2.9717
6 -0.3901 -1.0226
1 7.9450 -0.6218
7 -8.6428 -9.2485
10 -7.7222 1.0844
7 5.8934 8.8138
3 9.1666 3.1763
7 6.1159 12.5136
1 7.9450 -0.6218
1 7.9450 -0.6218
3 9.9432 5.0891
5 13.2861 -6.7879
5 0.6019 -0.0120
10 -5.4223 16.9519
6 -9.7900 9.3332
5 -6.5785 5.0802
2 2.7627 -4.2275
6 -9.7900 9.3332
8 21.5553 5.9166
6 -9.7900 9.3332
5 -9.1468 -4.6740
2 -7.7222 1.0844
2 -7.7222 1.0844
3 -9.1468 -4.6740
3 -9.1468 -4.6740
1 7.9450 -0.6218
9 -6.0679 -1.4192
1 6.1744 9.4485
7 -5.3676 -7.1578
7 6.1159 8.0707
8 -9.1468 -4.6740
5 8.7052 -8.2743
10 -7.7222 1.0844
7 6.2898 1.2334
5 13.2861 -6.7879
