10 100
P 6.675610 -5.499423 9.050056 -4.278895
P -9.438820 -4.649957 -5.579100 -1.850673
P 5.047481 6.520547 9.560968 9.554544
K 9.751962 7.186089 1.578464
P -6.155624 -8.045489 -4.530151 -6.176197
Z 5 1.487362 -5.012076 -4.045939 4.236783
K -0.429971 1.310117 3.662761
Z 5 -6.155624 -8.045489 -7.150798 -7.947365
Z 2 7.221417 -2.496503 0.618259 6.266464
Z 1 4.127465 6.485381 9.422162 3.114908
2 7.757757 -0.394165
2 -5.579100 -1.850673
2 -9.438820 -1.850673
2 -5.579100 -4.649957
6 7.005549 -1.144043
6 -6.155624 -6.176197
4 9.751962 7.186089
5 -9.617337 -0.813686
5 -6.155624 -8.045489
3 5.047481 9.554544
7 2.277728 1.934495
5 -6.155624 -6.176197
4 -9.194407 -7.281330
2 -9.438820 -1.850673
10 9.050056 -4.278895
10 17.069335 7.098109
7 -8.501130 -3.215931
8 -6.520699 -9.878785
7 -0.429971 1.310117
4 7.491878 -4.679747
8 -4.530151 -6.176197
10 2.937581 5.552204
4 9.751962 7.186089
2 -5.579100 -4.649957
3 5.047481 6.520547
8 -6.155624 -8.045489
7 -0.429971 1.310117
4 4.719224 8.619043
7 -4.899801 9.890087
4 9.751962 7.186089
7 -0.429971 1.310117
8 6.314466 8.830457
4 9.343395 5.861921
5 -4.530151 -6.176197
5 -6.155624 -6.176197
1 6.675610 -5.499423
6 -6.155624 -6.176197
9 -9.438820 -4.649957
2 -9.438820 -1.850673
4 0.462885 -9.915220
10 6.002763 8.844070
7 -5.485623 -7.302758
7 -0.429971 1.310117
6 -4.530151 -8.045489
4 9.751962 7.186089
10 6.675610 -5.499423
6 5.358420 -0.260176
9 -5.579100 -4.649957
3 8.411045 -5.753876
3 6.638175 6.360239
3 -4.394260 2.075889
6 7.259745 2.287579
4 9.751962 7.186089
4 -7.425281 -2.474185
10 -3.328618 -9.175586
4 9.751962 7.186089
9 13.884107 12.924568
1 2.824721 -6.301174
5 -0.060411 -0.973552
7 -1.057941 -6.127979
2 1.330936 -7.793817
6 1.026764 -7.225566
7 -0.429971 1.310117
3 9.560968 9.554544
1 6.675610 -4.278895
3 5.047481 6.520547
1 9.050056 -5.499423
6 -4.530151 -6.176197
7 5.472576 2.319940
8 -6.520699 -9.878785
8 0.455604 4.358839
3 5.047481 9.554544
1 -8.455014 -2.213186
5 0.370530 -0.890299
8 -6.520699 -9.878785
10 8.472983 -3.421536
3 -3.825262 -0.524102
7 -0.429971 1.310117
3 9.560968 6.520547
6 3.114919 4.423447
7 -0.289184 -7.392723
9 7.350165 -5.112080
4 0.635352 2.237222
9 2.252295 3.231966
4 9.751962 7.186089
2 -9.438820 -1.850673
3 9.560968 9.554544
8 2.238403 7.561616
6 7.697714 -3.221643
8 -6.088759 3.341716
5 -5.370918 -8.531523
8 -1.369868 -6.982810
9 5.209832 4.246102
7 -0.429971 1.310117
7 -0.429971 1.310117
7 -8.976288 3.010557
9 -7.458086 7.736551
3 1.039585 2.724384
2 -5.579100 -4.649957
4 9.751962 7.186089
