10 100
K -5.656335 -9.400169 1.130418
K 2.633505 -3.400771 2.893185
P -8.384804 -0.526721 -6.893054 3.034254
P 9.230007 9.150315 13.822328 13.078505
Z 2 2.633505 -3.400771 2.584633 -4.399576
Z 5 2.633505 -3.400771 1.938980 -2.681303
Z 6 2.633505 -3.400771 3.624702 -3.268372
P 0.982699 -8.147339 5.833417 -3.808649
Z 8 4.028545 7.134675 4.702045 6.330929
Z 2 -0.253874 -3.583973 -0.190552 -4.581966
4 -3.4338 0.8848
5 2.6335 -3.4008
6 2.6335 -3.4008
4 4.3548 -8.0082
5 2.6335 -3.4008
7 2.6335 -3.4008
3 -6.8931 -0.5267
1 6.7166 0.5638
8 0.9827 -8.1473
2 2.7718 -0.2525
2 -8.6030 -9.9831
3 -6.8931 3.0343
3 -6.8931 -0.5267
10 -0.3455 2.0346
1 -5.6563 -9.4002
9 0.9827 -8.1473
9 -3.1854 1.8003
4 7.6461 9.7287
6 8.8761 -0.8304
2 -0.4818 1.2196
6 2.6335 -3.4008
3 -8.3848 3.0343
7 2.6335 -3.4008
5 2.6335 -3.4008
4 9.2300 9.1503
8 5.8334 -3.8086
2 2.6335 -3.4008
1 -5.6563 -9.4002
5 2.6335 -3.4008
8 5.8334 -8.1473
8 3.7668 8.8307
3 -6.8931 -0.5267
10 -3.1413 -3.7672
6 -3.0177 1.8037
5 2.6335 -3.4008
5 2.6335 -3.4008
7 2.6335 -3.4008
3 -8.3848 -0.5267
9 5.2395 3.3988
10 2.6335 -3.4008
10 -2.4192 3.7267
10 2.6335 -3.4008
6 2.6335 -3.4008
8 0.9827 -8.1473
1 7.0273 3.7900
2 -4.0878 9.7215
7 -4.6230 -3.8294
8 0.9827 -3.8086
3 -8.3848 -0.5267
6 2.6335 -3.4008
6 2.6335 -3.4008
9 0.9827 -8.1473
5 2.6335 -3.4008
1 -5.6563 -9.4002
7 2.6335 -3.4008
7 2.6335 -3.4008
9 0.9827 -8.1473
4 9.2300 13.0785
5 2.6335 -3.4008
3 -6.8931 -0.5267
1 -5.6563 -9.4002
8 5.8334 -3.8086
4 9.2300 13.0785
4 13.8223 9.1503
2 2.6335 -3.4008
5 2.6335 -3.4008
6 -6.5993 -6.3015
2 2.6335 -3.4008
2 2.6335 -3.4008
7 2.6335 -3.4008
1 -4.6395 -4.1703
7 1.4273 4.4438
4 13.8223 13.0785
7 2.6335 -3.4008
8 5.8334 -3.8086
1 -7.8574 -0.5477
5 2.6335 -3.4008
4 0.6353 7.2484
8 0.9827 -8.1473
6 3.4210 -5.3052
2 2.6335 -3.4008
10 3.4388 -4.1097
7 2.6335 -3.4008
5 -8.4561 -1.0537
6 2.6335 -3.4008
10 2.6335 -3.4008
9 19.6077 7.4595
2 2.6335 -3.4008
3 -4.0170 -2.0989
7 2.6335 -3.4008
5 2.6335 -3.4008
1 -5.6563 -9.4002
2 2.6335 -3.4008
4 13.8223 9.1503
4 7.0034 5.2825
5 2.6335 -3.4008
6 2.6335 -3.4008
3 -2.1051 -0.7295
8 -6.8168 5.1888
10 2.6335 -3.4008
