10 100
K 5.610021 1.504039 1.925254
P 3.460398 -3.202056 4.716366 1.120338
P 8.333494 5.160300 11.080299 7.028546
Z 2 -4.687434 0.726455 -3.698861 4.995551
K 5.823270 -9.568805 3.376693
P -5.885073 -0.858313 -4.269913 2.110251
K 4.519846 7.365719 3.255582
P -4.478238 2.107435 -1.202192 5.262244
K -1.461552 8.655578 1.941060
P 8.093918 7.610145 11.213484 9.606872
2 4.716366 1.120338
2 3.460398 1.120338
4 4.716366 -3.202056
4 -12.960919 5.213774
10 -2.352890 2.630932
7 4.519846 7.365719
6 -9.823437 -6.652272
1 4.696978 5.295319
9 -1.461552 8.655578
8 -4.478238 2.107435
1 5.610021 1.504039
8 -1.202192 5.262244
9 -1.461552 8.655578
5 5.823270 -9.568805
10 8.093918 7.610145
9 -1.461552 8.655578
5 5.823270 -9.568805
8 5.857364 4.463124
8 -1.202192 2.107435
5 5.823270 -9.568805
9 -1.461552 8.655578
6 -5.885073 -0.858313
10 -7.942292 -1.903912
2 3.460398 1.120338
2 4.716366 -3.202056
8 -3.673068 -6.754359
4 -11.832791 4.661701
8 -5.383927 5.496017
1 5.610021 1.504039
8 -1.202192 5.262244
2 3.460398 -3.202056
1 5.610021 1.504039
3 3.057119 8.247512
8 0.372561 9.154407
8 -1.202192 5.262244
6 -5.885073 -0.858313
1 1.799009 0.086797
6 -4.269913 -0.858313
2 7.211830 -6.338457
7 4.519846 7.365719
3 8.333494 5.160300
5 8.168780 9.361840
6 -4.269913 2.110251
1 5.610021 1.504039
7 4.519846 7.365719
10 8.093918 9.606872
3 11.080299 5.160300
2 3.460398 -3.202056
3 8.333494 5.160300
3 11.080299 7.028546
7 4.519846 7.365719
1 5.610021 1.504039
8 -1.202192 2.107435
8 -1.380628 -1.793439
5 5.823270 -9.568805
9 -1.461552 8.655578
7 5.045662 -5.738625
2 3.460398 1.120338
6 -5.885073 2.110251
9 -1.461552 8.655578
3 11.080299 7.028546
5 5.823270 -9.568805
1 5.610021 1.504039
2 4.716366 1.120338
5 5.823270 -9.568805
2 4.716366 1.120338
4 4.716366 1.120338
8 -7.043241 4.837844
2 -3.152794 4.420619
3 11.080299 7.028546
9 2.844617 -5.564039
3 -5.056838 -7.103549
4 -12.960919 5.213774
7 4.519846 7.365719
10 8.093918 9.606872
9 -1.461552 8.655578
8 -9.709612 2.680613
8 8.128721 8.866392
2 4.716366 1.120338
6 -1.831900 -6.482204
6 -5.885073 2.110251
6 -4.269913 2.110251
9 -7.927401 -3.206052
1 5.610021 1.504039
10 11.213484 7.610145
8 -4.478238 2.107435
5 0.098849 -3.300390
4 -12.960919 5.213774
2 3.460398 -3.202056
9 -8.019131 -2.990239
7 4.519846 7.365719
4 -12.960919 5.213774
3 -2.990080 4.076548
5 5.823270 -9.568805
4 3.460398 1.120338
6 -0.231856 -6.577194
3 11.080299 5.160300
10 -9.245158 0.807525
5 1.380232 6.926373
1 5.610021 1.504039
