10 100
P 2.424078 -2.424945 7.170888 -1.375752
P 4.341013 -8.924023 8.407193 -5.943055
Z 2 -3.092749 0.735043 2.515004 9.292030
P -0.496588 -5.012415 2.162380 -2.472241
K -1.116945 -3.767811 1.940620
K 9.069116 -0.969564 1.906818
P 5.297274 -5.265667 8.883965 -0.756399
P 6.942316 -4.105042 8.424636 -1.672064
K -9.628664 -8.027511 3.690424
Z 8 6.942316 -4.105042 6.775949 -3.118978
2 8.407193 -8.924023
10 6.942316 -1.672064
3 4.341013 -8.924023
5 -1.116945 -3.767811
4 2.162380 -2.472241
8 8.424636 -1.672064
2 1.175983 -4.579646
8 -5.284573 -6.345422
10 6.942316 -1.672064
5 1.615194 8.515078
4 5.853516 5.579426
10 6.942316 -1.672064
2 8.407193 -8.924023
9 -9.628664 -8.027511
10 6.942316 -4.105042
2 -3.727918 -8.468809
4 7.146146 -0.322252
8 8.424636 -4.105042
3 -7.138704 3.756637
7 -4.135663 -9.251931
3 -0.451683 -6.153079
2 4.341013 -8.924023
5 -1.116945 -3.767811
9 -9.628664 -8.027511
3 -6.247785 -5.018842
2 4.341013 -5.943055
7 5.297274 -0.756399
7 8.883965 -5.265667
1 -7.796651 -6.475520
7 8.883965 -5.265667
9 -9.628664 -8.027511
1 7.170888 -1.375752
6 9.069116 -0.969564
5 -1.116945 -3.767811
7 8.883965 -5.265667
1 7.170888 -1.375752
8 6.942316 -1.672064
6 9.069116 -0.969564
4 -0.667820 -5.264363
9 -6.120594 -0.189057
6 9.069116 -0.969564
7 8.883965 -5.265667
8 8.424636 -4.105042
6 -3.242072 2.337483
7 8.883965 -5.265667
1 7.170888 -2.424945
4 2.162380 -5.012415
1 7.170888 -1.375752
2 6.223142 -2.725998
2 -1.110338 -8.171252
8 2.206750 -9.310790
5 0.004715 7.328720
10 -5.267246 0.149067
8 8.424636 -1.672064
4 -7.144713 -0.270128
7 8.883965 -5.265667
2 8.407193 -8.924023
5 1.607238 8.092818
8 8.424636 -4.105042
8 6.942316 -1.672064
5 -3.278046 4.192953
3 -3.962859 -6.756394
2 4.341013 -8.924023
7 -2.230170 5.829188
9 -2.754523 -2.023406
9 -9.628664 -8.027511
3 -14.916087 3.695963
9 -2.710197 -7.111081
8 6.942316 -4.105042
5 -1.116945 -3.767811
2 -8.195738 8.725017
6 9.069116 -0.969564
7 5.297274 -5.265667
10 8.424636 -4.105042
3 8.407193 -5.943055
7 -0.992751 4.752514
1 2.424078 -2.424945
3 -8.166354 2.088201
1 7.170888 -2.424945
6 -5.406713 1.906587
1 7.170888 -1.375752
9 -9.825700 -0.660045
7 8.883965 -0.756399
4 -0.496588 -5.012415
8 8.424636 -4.105042
9 -9.628664 -8.027511
2 4.341013 -8.924023
7 -2.079924 4.085536
1 7.170888 -2.424945
10 2.193700 1.984098
7 8.883965 -5.265667
5 -1.116945 -3.767811
4 0.105790 -3.566131
7 -9.387773 0.628440
6 9.069116 -0.969564
4 -0.496588 -5.012415
2 -6.510338 8.590894
2 -1.720075 9.430408
1 -9.957785 -6.886732
1 0.912485 5.920705
