10 100
P -0.599310 -4.055263 0.903619 -0.415777
P 0.874195 -5.639517 4.521297 -0.846372
K 1.868473 5.087316 2.937709
K -9.171191 3.438722 3.653808
Z 4 6.004433 3.425387 8.959485 2.901065
K 8.365322 2.390547 2.221811
K 6.178103 -5.159439 2.952667
P 8.847711 -4.485572 11.955478 -1.760460
K 9.409496 -8.157010 4.236446
P -4.508390 9.393723 -3.214385 10.948048
4 -9.1712 3.4387
8 11.9555 -4.4856
7 6.1781 -5.1594
2 -9.7497 5.9852
9 -8.3826 2.3417
9 4.6652 -9.7922
10 -3.2144 10.9480
8 -4.2905 -4.3965
2 0.8742 -5.6395
9 9.4095 -8.1570
2 0.8742 -0.8464
7 6.1781 -5.1594
9 9.4095 -8.1570
5 -9.1712 3.4387
3 1.8685 5.0873
1 -0.5993 -4.0553
9 4.4537 8.0171
9 9.4095 -8.1570
2 4.5213 -0.8464
7 6.1781 -5.1594
3 3.4325 6.3281
3 1.8685 5.0873
6 1.6602 -0.8934
2 0.8742 -0.8464
7 6.1781 -5.1594
7 6.1781 -5.1594
10 -3.2144 10.9480
5 -9.1712 3.4387
7 6.1781 -5.1594
10 -4.5084 10.9480
9 9.4095 -8.1570
8 -3.5424 -5.1760
1 -8.5958 7.9203
7 6.1781 -5.1594
8 8.8477 -4.4856
2 -3.8479 0.6582
5 3.2047 0.5284
8 8.8477 -4.4856
4 -9.1712 3.4387
1 2.4818 -0.2854
10 5.5518 -4.3596
4 -9.1712 3.4387
1 -6.8392 9.2092
3 4.3314 9.5367
6 -5.4830 -5.7354
2 0.8742 -5.6395
2 0.8742 -0.8464
5 -9.1712 3.4387
2 0.8742 -5.6395
5 -8.2494 8.6338
1 0.5323 8.3153
5 -9.1712 3.4387
7 6.1781 -5.1594
3 1.8685 5.0873
6 8.3653 2.3905
2 0.8742 -5.6395
8 -2.3968 5.0530
8 11.9555 -1.7605
3 2.0747 2.9711
8 8.8477 -1.7605
4 -6.9960 9.9719
10 -3.2144 9.3937
2 0.8742 -5.6395
3 1.8685 5.0873
5 -8.2494 8.6338
8 6.6702 -5.4785
10 8.8018 7.1734
8 8.8477 -1.7605
10 -3.2144 10.9480
10 -3.2144 10.9480
9 9.4095 -8.1570
1 -0.5993 -0.4158
5 7.4707 8.9265
10 -4.5084 9.3937
10 -1.5318 -8.8517
6 8.3653 2.3905
1 0.9036 -0.4158
5 -8.5367 7.2502
10 -4.5084 10.9480
4 9.5980 2.1309
3 1.8685 5.0873
3 1.8685 5.0873
2 4.5213 -0.8464
4 -9.1712 3.4387
1 -7.8643 1.2375
8 3.6395 7.0024
2 4.5213 -5.6395
5 -8.2494 8.6338
5 -4.8713 4.5644
4 -9.1712 3.4387
7 6.1781 -5.1594
2 4.5213 -5.6395
3 0.4926 5.0847
9 9.4095 -8.1570
8 -6.8537 -6.8879
10 3.4502 1.5054
1 8.7014 -8.7685
2 4.5213 -0.8464
9 -1.6004 -3.3890
1 -0.5993 -4.0553
