10 100
P 6.905633 8.988025 9.494912 11.788567
Z 1 5.711870 9.026801 -9.821728 -0.525275
K -7.948913 -8.304381 1.958954
K -5.536300 6.825584 3.838952
P 1.319249 1.388758 4.699656 5.283325
K -5.689623 -8.434620 1.891816
Z 2 6.215931 10.109620 5.528060 9.383787
Z 5 5.685512 -3.248414 -8.405669 1.594564
Z 2 -5.223958 6.268949 7.872031 -6.870808
Z 1 -5.131599 -8.021940 -6.987695 -8.622603
5 4.6997 5.2833
10 6.9056 11.7886
3 -7.9489 -8.3044
8 -7.4047 3.0716
6 -5.6896 -8.4346
7 7.0646 13.8281
9 3.7599 -0.4988
5 1.3192 1.3888
5 4.6997 5.2833
9 -2.9388 -3.4431
9 7.3843 12.4203
7 -6.8079 -7.7448
10 16.6875 -13.2375
9 -9.1028 -5.1581
5 4.6997 5.2833
9 -9.5067 4.2289
6 -5.6896 -8.4346
5 4.6997 1.3888
3 -7.9489 -8.3044
4 -5.5363 6.8256
4 6.7772 2.0105
3 8.0812 -9.1455
7 5.6283 1.2477
9 -7.8474 -7.6615
8 1.3192 1.3888
8 2.0572 -6.2998
3 6.4388 9.3899
7 8.7276 -8.4110
1 9.4949 8.9880
2 9.8835 11.1566
2 9.4949 11.7886
6 -5.6896 -8.4346
8 4.6997 1.3888
9 4.8425 -3.2050
10 6.9056 11.7886
2 8.7152 8.8459
3 -4.5264 -4.6761
6 -5.6896 -8.4346
4 -5.5363 6.8256
6 -5.6896 -8.4346
7 7.3843 12.4203
1 6.9056 11.7886
6 -5.6896 -8.4346
10 9.4949 11.7886
4 -5.5363 6.8256
5 4.6997 5.2833
2 6.2159 10.1096
7 7.0646 13.8281
8 0.4550 3.0182
6 -5.6896 -8.4346
8 5.7144 -9.7291
8 4.6997 5.2833
3 7.8336 2.5521
2 8.7152 8.8459
9 -5.7039 4.1062
6 -5.6896 -8.4346
6 -5.6896 -8.4346
8 5.3191 -2.6721
10 18.3282 -15.5071
8 -3.0032 -7.2933
8 -2.7593 -0.9928
9 -7.9835 -5.8515
3 -7.9489 -8.3044
1 7.5728 -6.1174
1 9.4949 11.7886
3 -7.9489 -8.3044
7 7.0646 13.8281
5 4.6997 1.3888
9 -6.2173 -2.9515
1 6.9056 11.7886
4 -5.5363 6.8256
10 14.5891 -14.7545
2 9.8835 11.1566
8 -0.6090 -4.2216
8 -8.1622 7.1931
3 -7.9489 -8.3044
7 1.1824 5.3874
7 9.4949 8.9880
2 7.3843 12.4203
3 -7.9489 -8.3044
6 -5.6896 -8.4346
8 -0.3370 -9.3714
8 -8.2050 7.2750
5 -8.5896 -9.0337
5 4.6997 5.2833
9 9.8835 11.1566
4 -5.5363 6.8256
10 18.3282 -15.5071
7 7.8554 10.8884
6 -5.6896 -8.4346
6 -5.6896 -8.4346
3 8.7568 -1.4993
2 -9.1983 1.6055
9 -11.4174 -6.3187
3 -7.9489 -8.3044
8 -7.2945 -0.7238
3 -7.9489 -8.3044
1 6.9056 8.9880
6 -5.6896 -8.4346
3 -7.9489 -8.3044
