10 100
K 0.344860 -1.920876 3.429824
P -7.518675 3.758985 -3.440877 7.052470
K 4.147144 5.941963 4.399516
P -5.339601 -1.865380 -2.433658 0.033993
Z 3 4.147144 5.941963 3.877834 4.978909
K -0.158154 2.290292 2.139779
K 9.113408 -0.392019 2.747186
P -4.933805 9.582833 -3.801455 12.554870
Z 1 0.344860 -1.920876 0.723621 -2.846370
P -6.586292 -3.334137 -5.446770 0.442943
5 -3.9507 -0.9582
2 -8.6046 -1.4474
6 5.3353 0.6466
1 6.7390 -4.8750
10 -6.5863 -3.3341
4 -2.4337 -1.8654
3 5.3088 3.3848
10 -6.5863 -3.3341
5 -8.7758 2.5082
7 9.1134 -0.3920
9 0.3449 -1.9209
9 0.3449 -1.9209
3 6.4961 -3.1423
4 -1.2125 -2.7536
4 -2.4337 -1.8654
2 6.3995 9.4697
3 4.1471 5.9420
6 -0.1582 2.2903
4 -2.4337 -1.8654
6 -0.1582 2.2903
10 -3.1983 -5.3945
7 9.1134 -0.3920
10 -8.9712 -0.0111
3 4.1471 5.9420
4 -5.3396 -1.8654
5 4.1471 5.9420
1 0.3449 -1.9209
8 -4.9338 9.5828
5 4.1471 5.9420
10 -5.4468 -3.3341
10 -6.5863 -3.3341
8 -0.7805 -7.8105
4 -5.3396 -1.8654
3 0.9225 -4.9149
2 -3.4409 3.7590
4 -2.4337 0.0340
4 -2.4337 0.0340
3 4.1471 5.9420
6 6.5741 2.8364
8 -3.8015 12.5549
5 4.1471 5.9420
10 -6.5863 0.4429
1 0.3449 -1.9209
7 7.2429 -0.5739
6 -0.1582 2.2903
1 0.3449 -1.9209
8 -2.0024 -7.3907
1 0.3449 -1.9209
2 -7.5187 7.0525
8 7.8176 -2.3528
8 -0.6302 5.3570
1 0.3449 -1.9209
9 0.3449 -1.9209
4 -2.4337 0.0340
3 4.1471 5.9420
9 3.0254 -1.8066
9 0.3449 -1.9209
2 -3.4409 7.0525
9 0.3449 -1.9209
7 -5.9192 -6.6547
2 -7.5187 3.7590
9 5.0038 -8.3488
6 -0.1582 2.2903
9 -3.7965 9.7587
9 6.0591 -3.8992
6 -0.1582 2.2903
2 -3.4409 7.0525
1 8.3706 8.7457
1 0.3449 -1.9209
8 -3.8015 12.5549
1 0.3449 -1.9209
5 4.1471 5.9420
5 4.1471 5.9420
10 2.4783 2.5288
3 -7.8519 -8.2706
8 -3.8015 9.5828
2 -3.4409 3.7590
9 0.4870 1.8606
2 -3.4409 7.0525
5 4.7864 6.2194
6 -9.1003 6.0456
1 0.3449 -1.9209
4 -2.4337 -1.8654
9 0.3449 -1.9209
6 -0.1582 2.2903
3 -6.3522 2.1525
7 8.0184 -9.7618
7 9.1134 -0.3920
8 -4.9338 12.5549
5 4.1471 5.9420
7 9.1134 -0.3920
8 -2.8659 4.7731
4 -8.4009 4.5163
1 -3.5468 -4.1659
5 4.1471 5.9420
9 -5.8547 -4.9540
8 -2.4785 2.7163
9 0.3449 -1.9209
3 4.1471 5.9420
6 -0.1582 2.2903
