10 100
K -4.033294 9.383996 2.411825
Z 1 -6.154192 -4.130329 1.331273 -7.956148
K 2.702284 -6.427694 3.555918
P -1.532025 -5.744735 2.068450 -2.372396
K -4.418953 -1.534267 2.558271
Z 5 -4.418953 -1.534267 -4.614019 -0.553477
K 8.247475 3.614951 3.136030
P -9.420930 -7.303998 -5.182464 -2.761019
K 7.643713 -4.173343 3.109138
K 8.268229 4.322749 2.152972
3 2.7023 -6.4277
2 -15.8650 -13.7655
5 -4.4190 -1.5343
5 -4.4190 -1.5343
5 -4.4190 -1.5343
8 -5.1825 -7.3040
8 -9.4209 -2.7610
6 -4.4190 -1.5343
4 6.1153 3.6685
4 9.4789 8.5597
3 2.7023 -6.4277
6 6.1165 -2.3704
7 8.2475 3.6150
9 7.6437 -4.1733
10 8.2682 4.3227
3 2.7023 -6.4277
1 9.6400 -5.9225
10 8.2682 4.3227
1 7.5771 -9.0683
9 7.6437 -4.1733
8 -9.4209 -2.7610
6 -1.2022 -6.3117
4 -8.3312 -1.0453
5 -4.4190 -1.5343
8 -5.1825 -7.3040
1 -4.0333 9.3840
6 -4.4190 -1.5343
10 -1.8519 0.5039
9 8.9316 -1.6218
3 2.7023 -6.4277
4 2.0685 -5.7447
8 6.7748 -9.5480
3 3.9496 -5.7598
6 5.7615 5.4615
6 7.8148 8.1264
5 -1.5375 6.0346
1 -4.0333 9.3840
3 3.9663 -6.8442
3 2.7023 -6.4277
8 -5.1825 -2.7610
6 -4.4190 -1.5343
4 2.0685 -2.3724
3 2.7023 -6.4277
6 -4.4190 -1.5343
7 -6.9544 -9.7385
4 -1.5320 -5.7447
2 -4.0333 9.3840
10 9.3278 -6.1931
10 8.2682 4.3227
8 -5.1825 -2.7610
4 2.0685 -5.7447
6 -1.1910 -5.9966
3 2.7023 -6.4277
5 8.0452 5.0803
5 -4.4190 -1.5343
2 -4.0333 9.3840
9 -2.5311 -4.9959
7 8.2475 3.6150
8 -9.4209 -7.3040
10 8.2682 4.3227
3 9.3215 7.9149
7 8.3885 -6.3310
9 7.6437 -4.1733
5 -4.4190 -1.5343
5 -6.3975 -9.4896
9 7.6437 -4.1733
3 -8.7871 -4.0169
10 8.3984 9.3793
1 1.7634 8.9685
2 -4.0333 9.3840
6 -4.4190 -1.5343
5 5.1184 -5.5516
5 -4.4190 -1.5343
7 1.5570 -3.4921
1 -4.0333 9.3840
10 8.2682 4.3227
3 2.7023 -6.4277
10 8.2682 4.3227
3 -0.6134 -9.1986
6 -4.4190 -1.5343
7 -5.4265 -3.7052
9 7.6437 -4.1733
6 2.7837 1.1576
5 -4.4190 -1.5343
6 -2.0779 3.5224
10 8.2682 4.3227
7 8.2475 3.6150
3 -3.0286 0.1418
8 0.0818 -1.8145
4 -5.3302 3.6619
7 8.2475 3.6150
10 8.2682 4.3227
1 -4.0333 9.3840
5 -9.3935 -7.1588
7 8.2475 3.6150
10 4.5226 6.4222
8 -9.4209 -7.3040
10 8.2682 4.3227
3 2.6858 7.7114
4 -1.9357 -8.3222
