10 100
K 4.739228 -6.940036 2.527950
P -2.602432 0.675897 2.332787 4.982090
K -9.101379 5.703694 2.094689
K -4.553281 -7.677032 4.403743
Z 2 -2.602432 0.675897 -2.487013 1.669214
K 0.361281 -4.519884 4.577474
Z 4 -8.468027 -9.693890 -8.010039 -10.582849
Z 6 4.774824 -3.305837 4.509602 -2.341650
Z 2 -2.358952 -2.001739 -8.380938 0.110439
P 0.513461 -1.568911 2.429140 1.331844
7 8.6600 -0.7452
1 4.7392 -6.9400
9 -2.1800 8.0420
1 4.7261 -1.0834
5 -1.6150 4.8674
10 8.2977 0.8068
6 0.3613 -4.5199
5 -7.4248 -4.2231
3 5.7067 1.8938
10 2.4291 1.3318
1 4.7392 -6.9400
1 4.7392 -6.9400
2 6.1473 9.1454
4 -4.5533 -7.6770
6 0.3613 -4.5199
3 -3.6265 -3.9309
10 -0.2129 4.0889
6 0.3613 -4.5199
10 2.4291 -1.5689
8 -2.4511 -4.4100
1 4.7392 -6.9400
4 -4.5533 -7.6770
1 8.0638 3.0607
2 2.3328 0.6759
9 5.5039 -8.0099
9 -0.3677 -7.0234
4 -4.5533 -7.6770
6 -3.3977 -8.4252
10 0.5135 -1.5689
1 4.7392 -6.9400
5 -2.6024 4.9821
6 0.3613 -4.5199
4 -4.5533 -7.6770
10 -4.7407 -4.4794
3 -9.1014 5.7037
4 -4.5533 -7.6770
3 -9.1014 5.7037
5 2.3328 0.6759
8 9.1884 -2.0918
9 -4.2217 -3.9406
5 -1.4990 -6.1897
7 -4.5533 -7.6770
6 -5.5856 -5.2670
9 -2.6024 0.6759
1 4.7392 -6.9400
6 0.3613 -4.5199
6 0.3613 -4.5199
5 -7.4062 1.8075
5 -7.4062 1.8075
5 -9.6789 -0.8270
8 0.3613 -4.5199
1 4.7392 -6.9400
8 -6.4683 6.5574
3 -1.3188 1.3778
8 0.3613 -4.5199
5 -1.6150 4.8674
3 7.5207 5.6345
4 0.5793 3.7910
2 -7.4469 -6.3197
4 -4.5533 -7.6770
9 7.0736 9.8964
8 9.1884 -2.0918
10 -0.4127 -6.3688
2 5.6264 -2.3843
6 0.3613 -4.5199
3 -9.1014 5.7037
5 -7.4062 1.8075
3 -9.1014 5.7037
4 -2.3295 3.0030
3 -9.1014 5.7037
6 0.3613 -4.5199
7 -4.5533 -7.6770
6 0.3613 -4.5199
4 -4.5533 -7.6770
3 -9.1014 5.7037
2 -3.7705 5.8446
5 -2.6024 4.9821
10 2.4291 -1.5689
6 0.3613 -4.5199
1 4.7392 -6.9400
10 2.4291 -1.5689
3 -9.1014 5.7037
4 -4.5533 -7.6770
7 -4.5533 -7.6770
6 0.3613 -4.5199
2 2.3328 4.9821
7 -12.3828 -11.7107
5 -2.6024 0.6759
1 4.7392 -6.9400
2 2.3328 4.9821
7 -12.3828 -11.7107
3 2.7673 -7.4126
6 0.3613 -4.5199
8 9.1884 -2.0918
3 5.1392 5.7078
8 9.1884 -2.0918
10 -6.7377 -4.3989
10 8.3923 -6.2976
8 2.0745 -3.8810
9 6.6136 8.7141
