10 100
P 5.817068 -8.849787 7.094297 -7.163238
P -0.044382 -7.293508 1.596025 -4.174849
P 1.134086 -0.757997 3.436369 3.483052
K -5.045203 8.133227 2.241921
Z 2 5.239492 8.779276 9.256906 -3.757279
P 3.189436 4.241776 6.958348 8.941338
P -4.512572 9.103486 0.163401 11.745286
Z 4 8.662049 -5.263478 -5.904665 -2.152212
Z 3 1.792405 -5.828011 -7.090048 3.240464
Z 3 3.436369 -0.757997 2.637477 -0.156523
8 -5.0452 8.1332
2 -9.1481 6.4921
9 -7.5030 -4.9769
3 3.4364 -0.7580
5 15.7336 0.3556
9 -7.5507 -7.2787
7 0.1634 11.7453
6 -0.2778 7.5160
9 3.4364 3.4831
5 -9.7164 -9.8695
1 7.0943 -8.8498
8 -9.3222 -11.8913
9 -8.3358 -5.2100
7 0.1634 11.7453
5 -9.9438 -2.9100
4 -5.0452 8.1332
9 1.1341 3.4831
8 -9.3222 -11.8913
5 17.5462 -2.1822
9 3.4364 3.4831
7 0.1634 11.7453
6 3.1894 8.9413
4 9.0828 0.8262
4 -5.0452 8.1332
3 3.4364 3.4831
9 1.1341 3.4831
4 -5.0452 8.1332
4 -5.0452 8.1332
4 -5.0452 8.1332
6 6.9583 4.2418
4 -5.0452 8.1332
5 9.8948 6.2097
9 -3.3106 -7.3666
5 0.7809 -7.1686
8 -5.0452 8.1332
7 -4.5126 9.1035
5 2.0970 9.8119
3 1.1341 3.4831
2 -8.3943 5.4629
7 -4.5126 11.7453
6 3.1894 4.2418
2 -0.0444 -4.1748
8 -9.3222 -11.8913
6 6.9583 4.2418
10 -1.2759 0.2821
1 5.8171 -7.1632
4 -5.0452 8.1332
2 1.5960 -4.1748
6 3.1894 8.9413
1 -2.6715 3.3152
4 -0.5925 -3.7299
5 18.8811 -1.2287
9 9.9884 -3.8803
9 3.4364 -0.7580
1 5.8171 -7.1632
5 17.5462 -2.1822
9 -7.5030 -4.9769
4 -5.0452 8.1332
3 -0.5486 -8.7890
3 -9.7028 -3.4794
6 6.9583 4.2418
10 3.4364 3.4831
9 1.1341 3.4831
8 -5.0452 8.1332
3 3.4364 3.4831
5 1.5960 -4.1748
8 -9.3222 -11.8913
9 -3.2629 -5.0648
2 1.5960 -7.2935
9 -7.5507 -7.2787
1 7.0943 -7.1632
4 -5.0452 8.1332
1 7.0943 -7.1632
7 0.1634 11.7453
1 5.8171 -8.8498
2 -0.6023 7.2959
7 -4.5126 11.7453
8 -9.3222 -11.8913
1 9.6767 8.2894
10 -0.6394 -1.9305
10 1.1341 3.4831
7 0.1634 11.7453
5 1.5960 -4.1748
6 8.4350 6.0561
8 -6.1626 -7.0843
2 -0.0444 -4.1748
2 -0.0444 -4.1748
7 2.5652 9.4068
7 2.0118 6.2989
10 1.1341 -0.7580
3 -1.5155 -4.7616
4 4.8406 -4.7519
4 -5.0452 8.1332
2 -0.0444 -4.1748
10 1.1341 3.4831
9 1.1341 3.4831
4 -5.0452 8.1332
10 3.4364 -0.7580
8 -5.0452 8.1332
6 -9.2515 5.8639
