10 100
K -1.097089 1.542457 3.937673
K 7.053400 -6.794722 4.966927
P 8.042433 7.563833 12.175205 11.935895
Z 3 8.042433 11.935895 8.699785 12.689479
P 3.406512 3.790739 6.562418 5.585559
P -7.039479 5.847933 -3.883851 10.646222
Z 6 8.586308 -2.347478 8.029448 1.027888
K 0.848957 -4.710279 1.971201
P -3.556389 -6.230271 -0.778971 -4.554820
P 5.867064 -3.998467 10.324029 -0.688746
5 6.5624 5.5856
6 7.3127 9.3787
6 -3.8839 5.8479
10 10.3240 -3.9985
3 8.0424 11.9359
4 7.4813 16.0304
6 -3.8839 10.6462
7 20.7516 10.4328
5 6.5624 5.5856
6 -7.0395 5.8479
9 5.0532 8.3495
1 -1.0971 1.5425
9 -0.7790 -6.2303
2 2.4792 1.9848
3 -6.7255 4.2347
6 -3.8839 10.6462
3 8.0424 7.5638
8 0.8490 -4.7103
6 -7.0395 10.6462
9 -3.7267 9.3916
6 -7.0395 5.8479
10 5.8671 -3.9985
2 3.8399 -3.2166
8 0.8490 -4.7103
7 -0.9609 4.4932
6 -7.0395 10.6462
8 0.8490 -4.7103
5 -3.2418 -4.2930
1 -1.0971 1.5425
9 6.9910 1.7344
6 -7.0395 5.8479
8 -5.9493 8.5313
1 -5.2427 5.5240
4 12.1752 11.9359
9 -4.3352 -8.3864
2 3.9913 4.9983
9 -0.7790 -4.5548
2 -3.8251 -4.8922
4 -3.5827 -5.8803
9 -3.5564 -4.5548
2 7.0534 -6.7947
6 -7.9447 9.7561
7 -3.8839 10.6462
8 0.8490 -4.7103
4 3.1497 15.4368
7 -7.0395 10.6462
4 -5.5395 5.6335
9 -0.7790 -6.2303
6 5.7411 0.3964
9 -3.5564 -6.2303
5 6.5624 5.5856
2 1.2434 -5.2953
9 -3.5564 -6.2303
2 7.0534 -6.7947
8 7.5842 4.6608
4 3.7109 11.3423
9 -0.7790 -4.5548
3 8.0424 7.5638
7 -7.0395 10.6462
10 5.8671 -3.9985
8 -0.0294 1.3399
4 8.0424 11.9359
1 -1.0971 1.5425
3 12.1752 11.9359
6 -7.0395 5.8479
7 9.8588 8.2855
6 -7.0395 5.8479
8 0.8490 -4.7103
2 7.0534 -6.7947
5 6.5624 3.7907
7 19.2103 14.9769
10 10.3240 -3.9985
2 -4.1595 9.7716
10 10.3240 -3.9985
6 -3.9663 9.3259
4 -9.8001 -6.2059
9 4.7945 -0.2500
8 0.8490 -4.7103
3 8.0424 11.9359
5 3.2736 -4.2541
6 -7.0395 10.6462
9 0.3195 -4.9441
7 19.2103 14.9769
9 6.9389 9.1143
9 -3.5564 -6.2303
7 20.7516 10.4328
4 3.1497 15.4368
3 8.0424 11.9359
3 12.1752 7.5638
6 -7.0395 10.6462
4 12.1752 11.9359
5 3.4065 3.7907
2 7.0534 -6.7947
9 -0.7790 -6.2303
8 -3.8046 -5.6481
1 9.5551 4.2768
2 7.0534 -6.7947
2 7.0534 -6.7947
10 10.3240 -0.6887
3 -1.7349 -3.1368
