10 100
P 1.697918 -2.749185 4.409811 1.936076
K -6.636062 -7.341372 1.710125
P 9.313699 -7.773313 12.845741 -2.888765
Z 3 9.313699 -2.888765 9.386299 -3.886126
Z 1 -1.125449 8.325764 7.982384 6.601942
K -8.929141 -3.443562 4.524847
P -9.117145 -6.577676 -7.135894 -1.924718
Z 3 4.470395 2.899442 6.545711 5.501783
Z 8 12.845741 -2.888765 11.942440 -2.459758
P -4.193077 -5.717199 -0.229397 -1.065344
7 -1.0051 1.7753
3 -4.6671 -2.2205
5 1.6979 1.9361
1 4.4098 1.9361
5 2.3565 2.4297
9 9.3137 -7.7733
10 -0.2294 -1.0653
5 4.4098 1.9361
10 -4.1931 -1.0653
3 -0.1784 7.8713
9 14.3996 2.9353
7 -7.1359 -6.5777
3 9.3137 -7.7733
10 -2.2591 0.2658
5 1.6979 1.9361
1 -0.2719 -2.6740
4 9.3137 -2.8888
8 5.3253 -9.1107
8 -3.0363 9.7769
10 -0.2294 -5.7172
10 -4.1931 -5.7172
2 -6.6361 -7.3414
1 4.4098 1.9361
1 -2.2255 -3.7594
1 1.6979 -2.7492
4 9.3137 -2.8888
10 -0.2294 -1.0653
5 -7.1093 -9.6035
4 0.5704 4.4840
1 1.6979 1.9361
10 -6.6050 -9.8191
8 9.3137 -2.8888
4 10.0211 -7.7218
3 9.3137 -2.8888
3 12.8457 -2.8888
10 -0.2294 -5.7172
9 5.2431 -9.1867
3 6.3010 -1.5014
1 1.6979 -2.7492
3 9.3137 -2.8888
10 -5.6778 4.3515
8 12.8457 -7.7733
8 -7.7984 8.6900
1 4.4098 1.9361
8 9.3137 -7.7733
3 -6.9852 3.1581
5 4.4098 -2.7492
4 5.8189 -3.4003
4 10.0211 -7.7218
2 -6.6361 -7.3414
2 -9.5427 2.0035
3 12.8457 -2.8888
7 -9.1171 -6.5777
7 8.9696 0.1786
6 -7.6443 -8.7444
1 1.6979 -2.7492
10 -3.7480 -0.2063
5 2.7452 2.1219
4 9.3137 -7.7733
10 1.4600 -2.2218
1 -0.2793 -8.7295
4 1.6766 -1.6056
5 1.6979 1.9361
5 6.3620 12.2507
3 12.8457 -2.8888
4 1.2964 4.8418
5 6.3620 12.2507
2 -6.7341 1.7347
7 -8.8954 -9.8750
2 8.3768 8.2682
8 -2.2504 6.3334
3 -1.6213 -5.4899
7 -9.1171 -1.9247
4 8.2265 9.1122
9 -7.0125 5.2465
6 -9.9349 3.4702
8 -0.9411 3.9921
9 -7.0125 5.2465
4 10.0211 -7.7218
10 -0.2294 -5.7172
4 -4.4468 6.6961
7 -9.1171 -6.5777
8 -2.2504 6.3334
5 4.4098 1.9361
2 -6.6361 -7.3414
3 1.4631 -9.3969
6 -8.9291 -3.4436
2 -6.6361 -7.3414
2 -6.6361 -7.3414
8 -0.1584 -4.1927
1 1.6979 1.9361
10 -0.2294 -5.7172
9 -5.0410 9.2022
5 3.2063 -5.5391
9 9.3137 -7.7733
7 2.9750 -5.5225
8 -7.7984 8.6900
5 6.3620 12.2507
6 -8.9291 -3.4436
2 -2.9650 6.9365
