10 100
P 5.514925 2.813292 10.405684 6.978836
P -8.552712 2.738475 -3.836735 7.652287
K 4.761220 -3.188805 2.182462
K -4.537304 5.402723 1.550373
K -3.726596 -3.209091 4.453937
P 2.376428 0.115816 4.871948 3.430888
K -3.169021 -0.217921 2.530957
P 8.311855 0.779368 12.487029 1.911999
P -8.415416 0.195029 -6.560518 3.660672
K 9.837707 -3.491251 2.739069
1 -3.5705 2.4252
5 -3.7266 -3.2091
9 -6.5605 3.6607
7 -3.1690 -0.2179
7 -3.1690 -0.2179
2 -8.5527 7.6523
3 4.7612 -3.1888
9 -8.4154 3.6607
4 -4.5373 5.4027
6 -8.4007 -4.6535
3 4.7612 -3.1888
3 4.7612 -3.1888
1 10.4057 6.9788
7 0.2854 -3.1411
10 9.8377 -3.4913
5 -3.7266 -3.2091
4 -4.5373 5.4027
4 -4.5373 5.4027
8 12.4870 1.9120
2 6.9576 -5.6730
6 4.8719 3.4309
10 9.8377 -3.4913
5 0.1379 -6.4444
1 10.4057 2.8133
5 -5.1835 1.2004
6 -1.0176 -9.4489
2 -8.5527 7.6523
6 2.3764 3.4309
8 12.4870 0.7794
10 9.8377 -3.4913
6 7.0066 1.8649
7 7.9932 -9.8032
4 -4.5373 5.4027
4 -4.5373 5.4027
10 7.0056 -9.6990
6 2.3764 3.4309
9 4.1995 7.8120
5 -3.7266 -3.2091
1 -5.7088 -5.0288
8 12.4870 1.9120
9 -6.5605 0.1950
10 9.8377 -3.4913
1 5.0422 2.2338
9 6.8450 -2.7100
4 -4.5373 5.4027
7 -3.1690 -0.2179
4 -4.5373 5.4027
7 -3.1690 -0.2179
7 -3.3966 5.5161
9 -8.4154 0.1950
9 -1.2755 -6.8869
6 4.8719 0.1158
8 8.3119 1.9120
7 -3.1690 -0.2179
8 8.3119 0.7794
7 -3.1690 -0.2179
1 5.5149 6.9788
1 10.4057 6.9788
7 3.5037 -4.6710
6 4.8719 0.1158
4 -4.5373 5.4027
6 -6.0223 8.7037
5 7.4126 3.6485
7 -3.1690 -0.2179
9 -8.4154 3.6607
5 -3.7266 -3.2091
9 -8.4154 0.1950
7 -3.1690 -0.2179
5 -3.7266 -3.2091
1 -8.0913 0.7153
7 -3.1690 -0.2179
1 5.5149 2.8133
6 2.3764 3.4309
5 -3.7266 -3.2091
3 -1.6201 -9.4236
3 3.4535 -3.7024
10 2.2716 4.6525
9 -8.4154 3.6607
8 12.4870 0.7794
8 12.4870 1.9120
4 -4.5373 5.4027
9 -8.4154 3.6607
6 2.3764 3.4309
4 -4.7407 9.1589
9 4.7392 -2.0290
9 -6.5605 3.6607
2 -8.5527 2.7385
2 -8.5527 2.7385
4 -8.8653 8.2604
2 2.1381 -1.6864
9 -8.4154 0.1950
3 4.7612 -3.1888
2 -3.8367 2.7385
10 -1.6022 7.3687
2 -3.8367 7.6523
10 3.6491 3.0633
1 10.4057 2.8133
5 -3.7266 -3.2091
4 -4.5373 5.4027
6 2.3764 3.4309
