10 100
P 2.314728 -5.086153 4.699064 -2.530189
K -8.514998 -5.720640 2.314404
K -4.147316 -3.305946 1.476868
Z 3 -5.561106 -2.878939 -5.850236 -3.836229
P -0.807650 -9.216385 1.077424 -7.261409
K 1.419218 4.358904 2.104111
P -1.663694 -3.215473 -0.363664 -1.753473
Z 6 2.106230 2.370111 3.051424 2.696621
K -3.130548 -7.036754 2.014656
K 7.110927 6.085616 1.510614
6 1.419218 4.358904
6 1.419218 4.358904
7 -1.663694 -3.215473
9 -3.130548 -7.036754
8 -1.855302 7.163425
10 5.045287 1.228135
9 -3.130548 -7.036754
5 1.077424 -7.261409
9 -3.130548 -7.036754
3 -4.147316 -3.305946
8 2.793242 0.381318
9 -3.130548 -7.036754
3 -4.147316 -3.305946
5 -6.000174 5.624850
9 -3.130548 -7.036754
3 -4.147316 -3.305946
3 -4.147316 -3.305946
3 1.548804 1.323112
8 1.419218 4.358904
3 6.464498 7.571483
5 1.077424 -9.216385
10 7.110927 6.085616
4 -8.327855 -0.152608
10 -6.714959 -8.848032
8 5.588737 5.524772
8 2.793242 0.381318
9 -3.270137 -2.775262
9 -3.130548 -7.036754
4 -6.974896 -2.451932
1 4.699064 -2.530189
6 1.419218 4.358904
1 4.699064 -2.530189
4 -4.147316 -3.305946
8 7.787619 3.279470
6 1.419218 4.358904
3 -4.147316 -3.305946
1 5.558390 -2.136373
9 -3.130548 -7.036754
2 -8.514998 -5.720640
6 1.419218 4.358904
6 1.419218 4.358904
8 1.419218 4.358904
7 -1.663694 -3.215473
4 4.158079 -4.715734
4 -6.336668 6.277448
10 7.110927 6.085616
3 -4.147316 -3.305946
10 7.110927 6.085616
4 -4.147316 -3.305946
3 -4.147316 -3.305946
9 -3.130548 -7.036754
10 7.110927 6.085616
3 -4.147316 -3.305946
6 -6.831531 4.321568
10 7.110927 6.085616
6 -0.109457 -2.542264
1 4.699064 -2.530189
10 7.110927 6.085616
8 2.793242 0.381318
4 -1.788620 3.498076
10 7.110927 6.085616
3 -4.147316 -3.305946
2 -8.514998 -5.720640
10 7.110927 6.085616
4 -3.674729 9.211669
2 -2.416417 0.211115
3 9.215410 -3.624809
1 -8.685242 -6.552019
6 1.419218 4.358904
8 5.623919 -1.679169
2 -8.514998 -5.720640
8 5.343568 -6.306320
3 -4.147316 -3.305946
9 -3.130548 -7.036754
4 -4.147316 -3.305946
6 1.419218 4.358904
10 7.110927 6.085616
3 -4.147316 -3.305946
8 1.419218 4.358904
1 2.314728 -5.086153
10 -9.559850 -1.830658
7 -1.663694 -3.215473
2 -4.535625 -4.931125
5 -0.807650 -7.261409
10 7.110927 6.085616
3 -4.147316 -3.305946
4 -4.147316 -3.305946
8 2.587096 7.736606
2 -8.514998 -5.720640
1 4.699064 -5.086153
7 -1.663694 -1.753473
6 -2.611251 -6.186917
4 -6.974896 -2.451932
8 2.793242 0.381318
6 3.037286 0.669981
5 -0.807650 -7.261409
8 1.419218 4.358904
8 -7.252187 0.597578
6 1.419218 4.358904
5 1.077424 -9.216385
