10 100
P -9.930666 -3.562189 -5.302417 -1.617038
Z 1 -9.930666 -1.617038 -9.208577 -0.925238
K 5.897230 -4.863320 2.749561
K 5.665484 6.610175 4.868000
Z 1 -9.930666 -3.562189 -10.718205 -2.945925
Z 5 3.544330 -5.601213 0.637274 9.179802
K -8.178332 -4.641608 4.921685
P 6.910673 -7.566403 8.702679 -2.686807
P 6.284277 -2.667506 7.501863 -1.487811
P -9.369669 4.806229 -6.663015 6.087229
3 5.8972 -4.8633
2 8.3821 -7.9192
2 7.3397 4.8600
5 -9.9307 -3.5622
1 -9.9307 -1.6170
8 6.9107 -7.5664
7 -8.1783 -4.6416
7 -1.8884 2.3335
6 -10.7060 -8.5224
3 5.3877 -4.7177
10 -9.0289 -6.2341
6 15.2435 1.3889
6 -6.1993 6.8848
3 5.8972 -4.8633
10 5.4721 -1.2314
10 -6.6630 6.0872
2 -11.8740 -1.5337
10 5.2245 1.2917
4 5.6655 6.6102
7 -8.1783 -4.6416
9 -0.6269 -5.5408
8 6.9107 -2.6868
5 -9.9307 -3.5622
8 -1.6729 -9.1395
2 -11.8740 -1.5337
9 6.2843 -1.4878
9 7.5019 -2.6675
2 -5.1567 0.8760
7 -8.1783 -4.6416
1 -5.3024 -3.5622
5 -9.9307 -1.6170
1 4.3490 9.7946
8 8.7027 -2.6868
1 9.8473 0.0331
10 -6.6630 6.0872
7 9.7884 -4.8642
1 -5.3024 -3.5622
7 -8.1783 -4.6416
6 -5.3024 -3.5622
9 7.5019 -1.4878
4 5.6655 6.6102
1 -9.9307 -3.5622
5 2.4946 -6.9455
6 -11.8188 -4.0299
2 -11.8740 -1.5337
7 4.8523 5.0105
2 -11.6758 3.0903
9 6.2843 -2.6675
9 6.2843 -1.4878
6 -8.8179 -8.0547
2 -5.3024 -1.6170
10 -6.6630 4.8062
8 8.7027 -2.6868
8 8.7027 -2.6868
3 5.8972 -4.8633
4 5.6655 6.6102
7 -8.1783 -4.6416
8 2.8487 -7.4328
9 6.2843 -1.4878
1 -9.9307 -3.5622
5 0.1612 5.7359
6 -5.3024 -3.5622
3 5.8972 -4.8633
7 4.7919 -9.2045
4 -6.4619 4.7473
6 -10.7060 -8.5224
7 -8.1783 -4.6416
1 -7.8775 4.6983
10 9.7672 0.3608
5 -9.9307 -3.5622
8 8.7027 -7.5664
5 -9.9307 -1.6170
3 5.8972 -4.8633
1 -9.9307 -3.5622
10 -6.6630 6.0872
8 -7.4948 0.7296
1 -8.3656 8.6947
6 5.9819 2.5961
9 6.2843 -2.6675
9 6.2843 -1.4878
6 -4.6722 9.8099
8 6.9107 -2.6868
3 5.8972 -4.8633
9 6.2843 -2.6675
5 -5.3024 -3.5622
2 8.1411 -5.3247
9 5.1244 1.2320
9 6.2843 -1.4878
5 -11.8188 -4.0299
9 6.2843 -1.4878
8 0.3506 1.2251
3 -6.5981 6.7855
1 -9.9307 -3.5622
10 5.3731 8.1624
8 6.9107 -2.6868
5 7.4816 -3.7651
9 6.2843 -1.4878
3 5.8972 -4.8633
1 -5.3024 -3.5622
10 -9.3697 4.8062
