10 100
P 8.403831 4.754158 11.686251 6.647382
Z 1 2.633309 -6.893779 -2.999405 7.368664
Z 2 8.073567 -0.643667 0.048237 1.067886
P -3.568978 4.858297 -2.197595 6.489887
Z 1 8.403831 4.754158 7.647023 4.100521
K -2.972706 -0.508049 3.562761
Z 3 4.964315 3.305966 0.118885 -1.793945
K 7.885891 5.295670 4.950091
Z 8 7.885891 5.295670 7.634854 6.263648
P -0.829209 -7.130983 1.958850 -5.902175
10 -0.829209 -7.130983
10 -4.659533 0.470109
10 -4.050473 8.089922
2 -2.291847 -3.422389
2 11.686251 4.754158
2 -10.832576 -0.949717
4 -2.197595 4.858297
8 7.885891 5.295670
5 1.182178 -7.499410
6 -2.972706 -0.508049
6 -2.972706 -0.508049
4 -3.568978 6.489887
5 11.686251 4.754158
10 -1.292831 -5.740270
10 -0.829209 -5.902175
6 -1.143135 6.615707
3 -7.317665 8.083382
4 3.063737 3.469435
6 -2.972706 -0.508049
8 -9.082838 6.763033
3 11.686251 4.754158
5 11.686251 6.647382
8 -5.318833 -2.614863
5 11.686251 4.754158
7 6.973227 4.316475
4 -3.568978 6.489887
8 7.885891 5.295670
9 0.326437 4.190215
4 -4.760260 -4.716137
4 -3.568978 4.858297
7 -5.784968 3.192241
9 7.885891 5.295670
10 -0.829209 -7.130983
3 -10.832576 -0.949717
5 11.686251 4.754158
7 6.530535 9.165989
1 4.467379 -0.433305
9 9.887667 6.976449
5 8.881480 8.001639
2 -3.418715 7.951780
7 -0.595253 -15.196111
10 1.958850 -7.130983
4 4.857315 7.450868
5 1.712038 -4.635338
2 -0.360279 -3.360611
1 11.686251 6.647382
1 11.686251 4.754158
2 8.403831 4.754158
9 7.885891 5.295670
10 1.958850 -7.130983
8 7.885891 5.295670
1 8.403831 4.754158
9 7.885891 5.295670
2 8.403831 4.754158
10 1.958850 -5.902175
10 1.958850 -7.130983
10 6.261704 7.956027
4 -2.197595 4.858297
5 8.403831 6.647382
6 -2.972706 -0.508049
6 -2.972706 -0.508049
1 8.403831 6.647382
2 11.686251 4.754158
1 11.686251 6.647382
6 -2.972706 -0.508049
1 8.403831 6.647382
2 -10.832576 -0.949717
6 -2.972706 -0.508049
7 -8.657596 -2.485387
6 -2.972706 -0.508049
8 7.885891 5.295670
5 11.686251 4.754158
10 -0.829209 -5.902175
3 9.169700 -7.045737
2 8.403831 6.647382
10 -3.722560 -0.089791
1 8.403831 6.647382
2 4.404725 1.788211
2 11.686251 4.754158
5 6.008332 -2.477232
9 7.885891 5.295670
8 0.629514 5.004172
8 2.730570 -4.968489
4 2.600525 8.603141
6 -2.972706 -0.508049
1 8.657261 -0.422252
7 10.363610 -8.715613
4 -3.568978 4.858297
7 -4.029808 -9.154818
5 11.686251 4.754158
7 10.363610 -8.715613
10 -0.829209 -5.902175
1 8.403831 4.754158
9 7.885891 5.295670
7 5.400483 -7.435066
4 9.396970 0.635462
6 -2.972706 -0.508049
8 7.885891 5.295670
7 1.059789 8.659045
10 -0.829209 -7.130983
