10 100
K 2.328215 8.693780 4.492003
K -0.648279 -2.351845 4.091281
P 1.180887 -3.338017 6.023231 -0.105635
K 3.679643 -5.947505 3.169039
P 2.995275 5.660301 5.065673 7.148267
K -9.559128 2.449931 2.291940
K 6.599161 -6.188835 1.772766
P -4.384758 -3.608569 -0.042590 0.651550
P -0.857862 -2.873626 1.550630 0.123807
P 0.510594 3.917948 4.740733 7.325654
3 1.1809 -3.3380
5 -2.6341 -3.8918
1 2.3282 8.6938
7 1.9149 -7.0058
7 5.5547 0.9138
8 -0.0426 -3.6086
8 1.5847 -8.9969
6 -7.6662 -2.3524
3 1.1809 -3.3380
10 -8.8860 3.0197
6 -9.5591 2.4499
8 -0.0426 0.6515
6 -9.5591 2.4499
1 2.3282 8.6938
5 5.0657 7.1483
10 0.5106 7.3257
4 3.6796 -5.9475
2 -0.6483 -2.3518
8 -4.3848 -3.6086
1 2.3282 8.6938
5 2.9953 7.1483
10 4.7407 3.9179
6 -9.5591 2.4499
8 -0.0426 -3.6086
4 3.6796 -5.9475
6 -1.2060 6.3728
10 0.5106 3.9179
8 -4.3848 0.6515
3 6.0232 -0.1056
8 -0.0426 -3.6086
5 9.0131 7.8089
5 2.9953 5.6603
6 -7.7004 -0.7487
6 -9.5591 2.4499
8 -0.0426 -3.6086
5 2.9953 7.1483
6 -7.9505 0.3825
7 6.5992 -6.1888
1 2.3282 8.6938
7 6.5992 -6.1888
4 3.6796 -5.9475
1 2.3282 8.6938
8 1.4766 -3.0354
7 6.5992 -6.1888
6 -9.5591 2.4499
2 -0.6483 -2.3518
3 1.1809 -3.3380
9 -0.8579 -2.8736
9 -0.8579 -2.8736
2 2.7444 -3.1767
6 -9.5591 2.4499
9 7.5328 -8.8719
3 6.0232 -0.1056
1 2.3282 8.6938
4 0.4390 -9.6547
6 5.8287 8.9437
4 3.6796 -5.9475
10 0.5106 3.9179
2 -0.6483 -2.3518
9 -0.8579 -2.8736
4 3.6796 -5.9475
3 1.1809 -3.3380
4 9.7460 -0.0008
2 -0.6483 -2.3518
6 -9.5591 2.4499
5 5.0657 7.1483
4 3.6796 -5.9475
10 4.7407 3.9179
4 3.6796 -5.9475
2 -0.6483 -2.3518
1 2.3282 8.6938
5 2.9953 7.1483
2 3.9425 -3.0033
4 3.6796 -5.9475
5 5.0657 7.1483
8 -8.8984 2.0424
8 -0.0426 0.6515
1 2.3282 8.6938
5 8.3373 0.3379
1 2.3282 8.6938
5 2.9953 7.1483
1 2.3282 8.6938
2 -0.6483 -2.3518
7 6.5992 -6.1888
2 -0.6483 -2.3518
1 2.3282 8.6938
9 -3.0972 7.1122
6 -8.1521 -3.3998
3 6.0232 -0.1056
5 2.9953 7.1483
8 -4.3848 -3.6086
8 -0.0426 0.6515
10 -7.2132 4.8270
9 1.5506 -2.8736
2 -0.6483 -2.3518
7 6.5992 -6.1888
4 3.6796 -5.9475
9 1.5506 -2.8736
7 6.5992 -6.1888
6 -9.5591 2.4499
