10 100
K -5.072043 -0.685889 3.855402
Z 1 -5.072043 -0.685889 -4.107233 -0.422940
Z 1 -5.072043 -0.685889 -5.385308 -1.635555
P 8.374829 -8.460929 10.896510 -4.396671
K -6.760293 -1.145405 1.653400
K -0.400900 -9.419413 2.808732
Z 5 -5.791234 0.194242 -6.601471 0.780343
Z 2 -5.072043 -0.685889 -4.079959 -0.560313
P -1.055888 -6.786066 3.543753 -5.333808
Z 9 3.543753 -6.786066 2.664417 -7.262268
9 -1.055888 -6.786066
7 -6.760293 -1.145405
9 -1.055888 -5.333808
5 -6.760293 -1.145405
5 -6.760293 -1.145405
4 6.574082 5.594768
2 -5.072043 -0.685889
6 -0.400900 -9.419413
1 9.386416 4.005700
2 6.980416 3.484516
9 3.543753 -5.333808
9 -1.055888 -6.786066
3 2.495365 -6.602852
4 10.896510 -4.396671
7 -6.760293 -1.145405
10 3.361374 9.828545
6 6.082563 -1.353215
2 -7.991300 0.293307
7 -6.760293 -1.145405
2 -5.072043 -0.685889
10 -3.815517 -8.825297
3 -5.072043 -0.685889
1 -5.072043 -0.685889
10 4.759994 -7.579671
5 -6.760293 -1.145405
6 -0.400900 -9.419413
2 -5.072043 -0.685889
6 -0.400900 -9.419413
8 -6.500899 2.804798
7 -4.822174 1.533888
5 -6.760293 -1.145405
5 -6.760293 -1.145405
9 1.382131 0.999307
3 -5.072043 -0.685889
4 10.896510 -4.396671
4 -6.775965 0.095029
7 -4.822174 1.533888
3 -5.072043 -0.685889
4 10.896510 -4.396671
5 -6.760293 -1.145405
6 -0.400900 -9.419413
6 -0.400900 -9.419413
3 -9.439531 -0.985423
2 8.712100 -9.380127
6 -0.400900 -9.419413
10 1.030218 -10.638187
4 3.916598 0.135781
8 -5.072043 -0.685889
1 -5.072043 -0.685889
6 5.998980 -2.022101
8 -5.072043 -0.685889
8 -5.072043 -0.685889
1 -5.072043 -0.685889
4 -9.102465 -1.850710
5 -6.016902 -9.046622
7 -4.822174 1.533888
1 -6.373873 3.902129
7 9.775689 0.119578
3 0.885098 2.207255
1 -5.072043 -0.685889
5 -6.760293 -1.145405
8 8.476666 -2.954671
5 -2.411157 -4.847880
2 7.839875 0.700858
8 -5.072043 -0.685889
6 -0.400900 -9.419413
5 -6.760293 -1.145405
9 -4.174763 5.540912
3 -5.072043 -0.685889
1 -5.072043 -0.685889
10 -9.232872 4.065604
7 9.059742 -7.699266
9 -8.685739 1.719408
2 -5.072043 -0.685889
6 5.840504 8.215747
5 -6.760293 -1.145405
3 2.848686 -8.619541
6 -0.400900 -9.419413
4 10.896510 -4.396671
9 -2.768532 5.594777
4 8.374829 -8.460929
3 -5.072043 -0.685889
7 -8.769340 -5.819820
4 8.374829 -4.396671
8 -5.072043 -0.685889
7 -6.760293 -1.145405
2 -5.072043 -0.685889
3 -5.072043 -0.685889
8 -5.072043 -0.685889
6 -0.400900 -9.419413
8 -5.072043 -0.685889
1 -5.072043 -0.685889
6 -0.400900 -9.419413
5 2.041454 8.213492
3 -5.072043 -0.685889
1 -5.072043 -0.685889
8 -5.072043 -0.685889
7 -8.318446 -4.848695
4 8.374829 -4.396671
2 -5.072043 -0.685889
