10 100
K 7.992701 8.852943 4.129515
K -0.100007 -7.249018 1.696246
K 1.486988 8.716578 4.899581
P 3.004857 9.041441 7.671184 12.021835
K 3.581832 -0.792483 4.033856
K -6.902634 1.569638 2.941723
Z 1 7.992701 8.852943 8.992673 8.860477
P 3.006427 -7.292549 5.561240 -5.423731
K 5.140871 -2.912478 3.682798
P 6.751708 -8.424300 11.606687 -4.835577
5 7.9909 -8.4852
5 3.5818 -0.7925
6 -6.9026 1.5696
9 5.1409 -2.9125
10 6.7517 -4.8356
7 7.9927 8.8529
3 5.3346 0.6103
4 3.0049 12.0218
7 -7.6068 -7.9645
5 3.5818 -0.7925
6 6.7466 -4.6769
10 6.7517 -4.8356
1 7.9927 8.8529
5 3.5186 -2.8338
7 7.9927 8.8529
1 7.9927 8.8529
1 7.9927 8.8529
2 -0.1000 -7.2490
5 3.5818 -0.7925
8 3.0064 -5.4237
2 -0.1000 -7.2490
7 8.3968 -3.3120
9 5.0839 0.5277
8 -3.7091 -9.7574
5 5.9250 -3.9760
10 11.6067 -8.4243
10 11.6067 -8.4243
9 5.1409 -2.9125
2 5.2567 2.0200
3 -5.9982 0.0655
8 5.5612 -7.2925
6 -6.9026 1.5696
2 -0.1000 -7.2490
3 1.4870 8.7166
4 -7.2056 0.4363
3 1.4870 8.7166
4 -0.0377 4.4001
8 -0.6804 -3.9888
5 3.5818 -0.7925
7 8.9615 -5.1321
10 4.5087 -7.1507
3 1.4870 8.7166
5 3.5818 -0.7925
2 2.1060 5.2563
7 7.9927 8.8529
4 7.6712 9.0414
8 5.5612 -5.4237
3 1.4870 8.7166
8 5.5612 -5.4237
10 6.7517 -8.4243
10 -3.7951 7.7679
9 5.1409 -2.9125
9 -9.7987 8.6514
5 3.5818 -0.7925
1 7.9927 8.8529
2 -0.1000 -7.2490
8 5.5612 -5.4237
7 7.9927 8.8529
8 3.0064 -7.2925
3 1.4870 8.7166
8 5.5612 -5.4237
3 1.4870 8.7166
4 3.0049 12.0218
6 -6.9026 1.5696
10 11.6067 -4.8356
4 3.0049 12.0218
5 3.5818 -0.7925
10 11.6067 -8.4243
5 3.5818 -0.7925
6 9.9380 7.3918
5 3.5818 -0.7925
1 1.7742 2.3788
4 3.0049 9.0414
2 3.6158 -3.6631
9 5.1409 -2.9125
6 7.7843 7.2162
5 3.5818 -0.7925
3 1.4870 8.7166
2 -0.1000 -7.2490
3 1.4870 8.7166
6 4.0875 4.9668
9 5.1409 -2.9125
10 5.5661 -1.4256
9 5.1409 -2.9125
2 -6.8380 0.9282
10 11.6067 -4.8356
7 7.9927 8.8529
1 7.9927 8.8529
4 -6.6417 -9.0844
8 5.5612 -7.2925
10 6.7517 -8.4243
9 5.1409 -2.9125
10 11.6067 -4.8356
8 2.7218 1.0744
1 -4.5433 -3.1651
10 -5.2966 6.5721
7 7.9927 8.8529
6 -6.9026 1.5696
3 1.4870 8.7166
7 5.0930 -7.6295
