10 100
P -5.558068 6.564174 -3.907688 10.355432
P -4.827431 -8.845034 -3.049231 -4.656021
Z 2 -0.840145 6.294317 -8.256000 -4.611967
P 7.071936 8.779166 9.017138 13.074180
Z 2 -3.850390 -5.913998 7.641293 -5.561847
K 8.859952 -8.097881 2.959128
P -0.863062 3.040916 3.242492 7.396945
P 9.582828 9.594635 11.862814 14.095405
P -2.641581 2.133642 0.367257 5.235194
P 2.794075 -0.201475 6.292381 2.591496
6 1.450676 -1.919611
3 -14.106918 -1.326230
7 -9.801899 -8.503088
7 -4.131844 6.219269
7 8.282346 -6.030218
6 -1.440179 0.898632
9 0.367257 5.235194
7 3.242492 7.396945
4 9.017138 8.779166
7 3.242492 3.040916
5 -4.827431 -4.656021
7 -0.863062 3.040916
4 7.071936 8.779166
4 2.716413 -4.207377
10 2.794075 -0.201475
9 7.657739 4.499925
10 6.292381 2.591496
2 -7.022069 -8.338227
5 -4.827431 -8.845034
2 -4.827431 -8.845034
9 0.367257 2.133642
6 4.996370 -2.787211
8 11.862814 14.095405
7 -0.863062 3.040916
2 -4.827431 -8.845034
9 -2.641581 2.133642
3 -4.827431 -8.845034
1 -8.991944 2.092342
6 8.859952 -8.097881
3 -10.211308 0.213917
9 -9.628801 3.515850
6 8.859952 -8.097881
3 -13.453139 -2.979884
5 -3.049231 -4.656021
1 -5.558068 6.564174
2 -4.827431 -4.656021
10 -4.678316 1.148310
2 -4.827431 -8.845034
5 -4.748572 -7.229440
9 -9.347364 -9.371584
4 6.148113 4.392594
1 -3.907688 6.564174
9 0.367257 5.235194
5 -4.748572 -7.229440
8 -6.990015 -3.262098
7 1.914932 -8.102053
2 2.668276 2.319218
7 -2.652736 4.176781
9 -2.641581 2.133642
9 0.367257 5.235194
2 -3.049231 -8.845034
7 3.242492 7.396945
5 -5.923714 1.049432
7 -1.815076 8.974674
5 -4.827431 -8.845034
7 -8.913025 1.376391
8 6.932537 2.426150
1 -3.907688 6.564174
5 -2.973708 -7.120560
9 0.367257 2.133642
7 -2.067198 6.824598
4 7.774958 -6.163019
2 -4.827431 -4.656021
4 9.017138 8.779166
5 -2.973708 -7.120560
1 5.778340 6.509854
5 -4.748572 -7.229440
5 -2.973708 -7.120560
4 7.071936 13.074180
8 11.862814 14.095405
2 -9.082202 -9.963129
3 -3.049231 -8.845034
7 6.861117 4.463223
8 11.862814 14.095405
10 2.794075 2.591496
4 -5.146849 8.387483
8 -0.706426 9.344927
3 1.784606 4.062109
8 11.862814 9.594635
6 8.859952 -8.097881
2 -4.827431 -8.845034
3 2.345151 0.666661
8 11.862814 9.594635
4 6.687284 4.251329
5 -5.991881 7.611967
5 -3.230203 -2.939406
3 6.017915 8.631013
4 9.017138 8.779166
10 9.283789 3.740534
1 -3.907688 10.355432
3 -10.211308 0.213917
1 7.953345 8.057317
9 7.146251 -4.954013
7 -0.863062 3.040916
1 -3.907688 10.355432
10 2.794075 -0.201475
2 -3.049231 -4.656021
7 -3.150524 -6.481236
1 -5.558068 10.355432
1 -3.907688 10.355432
