10 100
K -5.281391 -3.881296 4.425007
K -1.766179 -8.958150 4.215903
Z 2 2.416220 -9.488596 2.542040 -8.496543
K 6.344215 -9.158741 4.801095
Z 1 -2.653378 9.142956 6.254597 -5.573207
Z 4 6.344215 -9.158741 7.132299 -9.774310
K 0.350894 -8.898023 2.858947
K 8.247388 9.979087 2.533557
K -7.777377 -9.595253 4.390255
Z 6 -5.989386 1.519364 7.071475 -3.980267
7 0.3509 -8.8980
9 -7.7774 -9.5953
3 2.4727 2.9398
2 -1.7662 -8.9581
7 0.3509 -8.8980
5 -5.2814 -3.8813
4 -4.3480 6.8131
2 -1.7662 -8.9581
4 6.3442 -9.1587
6 1.3516 -3.3756
6 6.3442 -9.1587
8 6.6504 5.0001
1 8.7791 8.6108
6 6.3442 -9.1587
3 -1.7662 -8.9581
1 -5.2814 -3.8813
6 6.3442 -9.1587
6 -1.0478 -2.8121
5 -5.2814 -3.8813
3 9.6493 3.4134
8 8.2474 9.9791
1 -2.7517 6.1141
6 -9.8455 8.3335
2 8.9597 -5.3337
3 4.4989 -6.6792
6 6.3442 -9.1587
6 6.3442 -9.1587
8 3.2704 9.8547
10 -1.0791 9.1642
8 6.5685 5.3420
10 9.3002 1.5678
2 -1.7662 -8.9581
3 6.5986 -10.0190
1 -2.1951 -3.4420
10 6.3442 -9.1587
6 4.9637 6.1028
10 10.2676 0.1586
2 -1.7662 -8.9581
8 8.2474 9.9791
8 8.2474 9.9791
2 5.8131 -0.1444
9 -7.7774 -9.5953
7 -0.4204 -2.1605
6 6.3442 -9.1587
8 8.2474 9.9791
7 -3.6443 6.7416
8 -7.7561 1.5935
6 6.3442 -9.1587
7 0.3509 -8.8980
7 0.3509 -8.8980
5 -1.5657 -2.3765
1 7.5724 -3.9125
6 7.1868 7.6336
8 8.2474 9.9791
3 -1.2449 -2.1774
10 6.3442 -9.1587
9 -7.7774 -9.5953
6 -8.5719 9.9949
7 0.3509 -8.8980
8 -3.5629 4.7648
4 4.6084 -8.8256
9 -7.7774 -9.5953
8 8.2474 9.9791
5 10.1047 5.4322
10 6.3442 -9.1587
5 -5.2814 -3.8813
7 -4.4536 2.1436
10 -9.4613 8.8112
5 10.1047 5.4322
8 8.2474 9.9791
8 8.2474 9.9791
7 -3.3247 -7.4834
2 -1.7662 -8.9581
3 6.5986 -10.0190
8 8.2474 9.9791
4 6.3442 -9.1587
8 8.2474 9.9791
5 9.7711 6.0478
2 0.7996 0.2643
2 -1.7662 -8.9581
2 -1.7662 -8.9581
3 -8.2194 -6.4519
9 -7.7774 -9.5953
3 6.5986 -10.0190
7 2.3156 -9.9766
7 4.4856 4.6552
3 1.1824 -4.9537
7 0.3509 -8.8980
2 -4.4837 4.9660
4 6.3442 -9.1587
1 -5.2814 -3.8813
5 10.1047 5.4322
1 -5.2814 -3.8813
8 8.2474 9.9791
1 3.7577 3.3691
6 6.3442 -9.1587
6 6.3442 -9.1587
8 8.2474 9.9791
8 7.5861 1.3054
6 6.3442 -9.1587
