10 100
K 1.541372 5.942381 3.531375
P 8.212739 -9.338388 11.333123 -4.565139
K 9.539970 -0.911774 3.324398
P 9.658793 -3.807695 13.625799 -0.626422
K -4.877043 -8.842892 2.232324
K 5.931628 -7.961517 2.562433
Z 4 -8.136504 9.131678 -4.621957 3.044079
K 5.257764 -2.201575 3.301664
K -5.170538 3.310626 1.758391
P 2.277468 1.217979 4.594201 3.254802
2 -0.018352 3.961445
4 13.625799 -0.626422
2 11.333123 -4.565139
5 -4.877043 -8.842892
3 9.539970 -0.911774
9 -5.170538 3.310626
5 -4.877043 -8.842892
7 3.888243 1.362424
4 13.625799 -3.807695
2 8.212739 -9.338388
3 7.108007 -9.910550
2 11.333123 -9.338388
10 -6.773005 -0.345723
9 -5.170538 3.310626
1 1.541372 5.942381
3 9.539970 -0.911774
8 -9.963867 4.661905
3 9.539970 -0.911774
7 3.015083 -3.143315
3 9.539970 -0.911774
10 2.277468 3.254802
10 -2.043114 5.261153
10 4.594201 1.217979
3 -5.988048 8.204175
6 5.931628 -7.961517
9 -5.170538 3.310626
5 -4.877043 -8.842892
7 -8.584041 -11.158537
3 9.362996 0.253400
3 9.539970 -0.911774
2 8.212739 -9.338388
8 5.257764 -2.201575
4 5.941685 0.473608
5 -7.119935 -2.259210
6 5.931628 -7.961517
4 -2.368005 -0.538518
8 -9.493537 3.921488
10 -6.276981 6.903887
10 2.528952 8.675797
9 -5.170538 3.310626
5 -6.127095 -4.170414
3 9.539970 -0.911774
3 8.824589 -7.470315
2 11.333123 -9.338388
3 -9.643471 -1.260872
10 2.277468 3.254802
10 2.277468 1.217979
5 9.403309 0.198197
7 13.625799 -3.807695
10 6.319609 7.312002
8 5.257764 -2.201575
4 13.625799 -0.626422
4 9.658793 -0.626422
6 5.931628 -7.961517
9 8.033110 4.850322
6 5.931628 -7.961517
4 9.658793 -0.626422
7 13.625799 -0.626422
5 -0.441354 8.277276
8 1.647998 1.076645
7 -5.763804 3.282327
3 9.539970 -0.911774
9 -7.300399 9.159209
3 9.539970 -0.911774
7 -7.793162 -2.045233
4 5.075001 -2.293415
3 9.539970 -0.911774
1 1.541372 5.942381
1 1.541372 5.942381
6 5.931628 -7.961517
4 9.034434 -8.103694
5 -4.877043 -8.842892
10 1.641649 -0.098125
4 9.658793 -3.807695
6 5.931628 -7.961517
8 5.257764 -2.201575
1 1.541372 5.942381
2 8.212739 -9.338388
7 -5.829028 -12.749262
2 8.212739 -9.338388
2 -7.440974 7.090508
5 -4.877043 -8.842892
10 -0.950499 1.165936
3 9.539970 -0.911774
10 4.594201 1.217979
2 -3.459388 8.913146
6 5.931628 -7.961517
6 5.219944 6.715191
2 5.582744 -3.312122
5 -4.877043 -8.842892
8 -8.486826 3.218450
1 2.126852 2.190952
1 1.541372 5.942381
9 0.526695 3.775145
2 5.544825 -1.608882
5 -4.877043 -8.842892
2 4.383562 5.749830
9 -5.170538 3.310626
3 9.539970 -0.911774
3 9.539970 -0.911774
