10 100
K 1.216514 2.577923 1.678999
Z 1 -2.263963 5.888333 1.412354 9.524457
Z 1 0.313286 3.993274 -0.529687 3.455318
Z 2 2.816444 3.012041 8.860914 -6.467521
K -5.690025 -9.572956 2.587000
K 1.877567 9.162045 3.992833
K 8.903010 -7.173773 1.537057
P 3.115385 6.338925 4.573756 9.835255
P 0.156781 -1.210568 4.004265 2.249505
Z 9 4.004265 -1.210568 4.687697 -1.940583
7 8.903010 -7.173773
5 8.809223 4.814942
5 -5.690025 -9.572956
4 1.216514 2.577923
4 3.885035 4.279458
9 4.004265 -1.210568
2 -5.535912 9.404991
8 3.115385 9.835255
9 -4.558024 0.094100
5 7.464106 0.721181
3 -0.589943 5.408625
7 3.073093 2.646684
2 1.216514 2.577923
7 8.903010 -7.173773
6 4.918905 -7.174777
8 4.573756 6.338925
2 -0.555491 8.332327
6 -4.336121 -5.237098
5 7.879601 7.869449
9 4.004265 2.249505
8 3.115385 6.338925
6 1.877567 9.162045
7 8.903010 -7.173773
8 4.573756 6.338925
9 0.156781 -1.210568
1 1.216514 2.577923
3 1.216514 2.577923
2 5.135054 6.726998
8 4.573756 9.835255
9 4.004265 2.249505
6 1.877567 9.162045
3 -0.589943 5.408625
10 0.156781 -1.210568
3 1.216514 2.577923
9 0.156781 2.249505
7 8.903010 -7.173773
7 8.903010 -7.173773
7 8.903010 -7.173773
5 -5.690025 -9.572956
4 0.544118 13.281812
6 1.877567 9.162045
8 4.573756 9.835255
7 8.903010 -7.173773
9 0.156781 -1.210568
6 -3.782100 -7.027572
1 1.137138 3.667990
4 0.544118 13.281812
4 6.887245 -0.847171
7 8.903010 -7.173773
4 0.544118 13.281812
5 2.076988 -5.209944
6 -8.779036 -3.055317
8 4.573756 6.338925
6 1.877567 9.162045
4 3.885035 4.279458
5 -0.215320 7.398179
1 1.216514 2.577923
6 1.877567 9.162045
8 3.869179 -6.712351
6 1.877567 9.162045
2 -4.117516 -0.567480
7 -7.468377 -8.077493
10 0.156781 -1.210568
4 2.171380 -0.418811
1 -0.400298 -6.766690
6 -6.106516 -2.630439
2 -5.535912 9.404991
9 4.004265 -1.210568
5 -5.690025 -9.572956
3 1.216514 2.577923
3 -0.589943 5.408625
5 -0.549642 -0.880768
8 4.573756 6.338925
8 3.115385 9.835255
10 0.805032 2.856390
8 4.573756 9.835255
8 4.573756 6.338925
8 3.115385 6.338925
10 0.551700 -0.982745
3 1.216514 2.577923
8 7.673596 1.504836
6 1.877567 9.162045
8 3.885260 5.239043
5 0.650991 -9.774128
10 4.004265 -1.210568
4 6.830058 2.693750
8 4.573756 9.835255
7 6.697126 -2.784789
4 3.885035 4.279458
3 -0.589943 5.408625
2 1.216514 2.577923
8 7.373557 6.075502
9 8.186579 2.969145
3 -0.589943 5.408625
5 -6.140720 -5.778155
4 -5.535912 9.404991
4 3.885035 4.279458
3 -7.930966 7.487325
3 -0.589943 5.408625
2 1.216514 2.577923
