10 100
P -2.865296 -7.064534 0.665697 -4.665759
K -1.196893 -9.953741 1.651881
K -6.556181 -1.640171 4.295511
Z 1 -7.889189 -4.339944 7.428236 2.253916
P 6.707235 0.214147 11.312792 4.552159
K -2.346696 -3.278939 1.784772
P 2.965244 5.048102 5.352039 7.157368
K -2.817636 -3.868630 2.702478
K 1.732881 -5.483868 2.231037
P 3.161451 3.939879 6.564455 8.237404
2 -1.196893 -9.953741
1 0.665697 -4.665759
1 -5.006017 5.412318
6 3.533681 -3.605743
9 0.242399 8.072579
2 5.664448 9.482678
8 -2.817636 -3.868630
7 -2.165248 -8.547757
6 -2.346696 -3.278939
8 6.473109 6.679195
9 -8.209099 0.079904
8 -2.817636 -3.868630
2 -1.196893 -9.953741
1 0.665697 -4.665759
9 1.732881 -5.483868
5 6.707235 0.214147
3 -6.556181 -1.640171
4 0.665697 -7.064534
5 11.312792 4.552159
9 1.732881 -5.483868
8 2.669825 -0.734103
2 7.324860 6.526789
5 11.312792 4.552159
3 -6.556181 -1.640171
1 0.665697 -4.665759
2 -1.196893 -9.953741
4 -2.865296 -4.665759
3 -6.556181 -1.640171
1 0.665697 -7.064534
7 2.965244 7.157368
9 1.732881 -5.483868
8 -2.817636 -3.868630
4 -3.988299 3.746621
9 -4.791859 -9.218370
10 2.989979 -1.198125
9 -9.264650 -3.623798
7 2.965244 7.157368
4 0.665697 -4.665759
7 5.352039 7.157368
3 -6.556181 -1.640171
5 11.312792 0.214147
9 1.732881 -5.483868
8 -2.817636 -3.868630
1 6.776294 2.378426
6 -2.346696 -3.278939
5 -8.561653 -8.891099
9 1.732881 -5.483868
4 0.665697 -4.665759
1 8.543053 5.748445
5 11.312792 0.214147
3 -2.725257 -7.521335
6 -2.346696 -3.278939
2 -4.174819 8.504986
5 8.919616 9.916584
2 -1.196893 -9.953741
2 -1.196893 -9.953741
7 2.965244 7.157368
6 -2.346696 -3.278939
2 1.469764 4.023086
8 -2.817636 -3.868630
2 -1.196893 -9.953741
6 -6.338186 -1.706302
5 6.707235 0.214147
6 -2.346696 -3.278939
9 6.900961 9.166740
2 -4.568353 6.489926
3 -0.902461 9.691529
7 2.965244 5.048102
5 6.707235 4.552159
6 -2.346696 -3.278939
2 -1.196893 -9.953741
8 -2.817636 -3.868630
10 6.564455 8.237404
6 -2.346696 -3.278939
10 6.564455 8.237404
3 3.879115 3.402331
5 8.200230 -9.604473
10 4.031080 -1.772627
6 -2.346696 -3.278939
7 2.965244 7.157368
10 6.282996 -8.039788
5 8.842101 6.979255
9 1.732881 -5.483868
10 6.564455 8.237404
2 -1.196893 -9.953741
5 11.312792 4.552159
10 6.564455 3.939879
1 -1.286806 -9.213002
8 -2.817636 -3.868630
8 -2.817636 -3.868630
5 11.312792 4.552159
3 -6.556181 -1.640171
2 -1.196893 -9.953741
6 1.460419 6.717161
7 -0.830835 -8.903648
7 5.352039 7.157368
5 6.707235 4.552159
9 1.732881 -5.483868
2 -1.196893 -9.953741
4 0.665697 -4.665759
