10 100
P -1.322002 9.359208 0.718872 11.775626
Z 1 -5.926236 7.857439 5.970617 2.966321
K -8.385409 2.664360 3.472398
P -2.196429 -0.666946 0.312226 0.404968
P 1.124556 -7.492391 3.538132 -4.498883
K 1.892060 -5.211069 4.843021
P 4.898400 -4.118883 7.575417 -1.200019
Z 5 3.538132 -4.498883 3.175224 -5.430709
Z 8 8.409478 -3.657959 -6.275852 3.340337
Z 8 8.026481 2.657719 -0.105910 9.313247
5 3.538132 -7.492391
3 -8.385409 2.664360
4 0.312226 -0.666946
4 1.420263 -5.026152
4 -2.196429 -0.666946
5 1.124556 -7.492391
2 -5.409347 1.833820
3 -8.385409 2.664360
3 7.825455 -8.331429
6 1.892060 -5.211069
2 6.848861 -4.453977
7 4.898400 -1.200019
7 8.348786 5.168714
8 3.538132 -7.492391
8 1.124556 -4.498883
2 -2.259010 2.115991
9 -0.248903 -8.848414
8 3.538132 -4.498883
10 17.866880 9.473565
6 1.892060 -5.211069
6 1.892060 -5.211069
4 0.312226 -0.666946
2 -7.491121 7.045621
3 -8.385409 2.664360
6 1.892060 -5.211069
10 17.088472 9.064774
6 1.892060 -5.211069
2 0.718872 11.775626
4 -2.196429 0.404968
8 1.513526 -6.703892
6 3.231519 9.090476
7 4.898400 -1.200019
2 -2.259010 2.115991
2 6.795929 -0.214040
6 1.892060 -5.211069
8 1.124556 -7.492391
8 3.538132 -7.492391
3 8.892337 -9.591057
2 0.718872 9.359208
7 -8.675333 -3.001152
5 3.538132 -4.498883
2 -3.709718 3.551475
10 -0.191782 8.520774
10 5.272292 -8.912645
6 1.892060 -5.211069
10 16.105822 7.052870
10 5.315964 -6.131262
7 4.898400 -1.200019
3 -8.385409 2.664360
9 6.799244 4.415461
5 3.538132 -4.498883
2 -4.082408 1.819600
1 -1.322002 11.775626
1 -1.322002 9.359208
3 -8.385409 2.664360
3 -8.385409 2.664360
1 5.310939 4.605513
1 0.718872 9.359208
7 4.898400 -1.200019
2 -1.322002 9.359208
8 3.291358 -8.336270
8 7.743854 9.955495
1 -1.322002 11.775626
6 1.892060 -5.211069
5 -7.774606 -8.006772
2 -5.409347 1.833820
6 1.892060 -5.211069
8 1.513526 -6.703892
3 -2.710849 9.419931
10 -4.079451 -3.597140
4 -2.196429 0.404968
2 1.709534 -1.388666
6 1.892060 -5.211069
6 1.892060 -5.211069
9 4.474158 2.529973
1 -1.658856 -1.460969
1 -1.322002 9.359208
3 -2.451535 1.292623
3 -8.385409 2.664360
4 0.312226 -0.666946
10 7.715031 -7.632389
4 -3.885740 -2.486174
9 6.799244 4.415461
7 7.575417 -1.200019
3 -8.385409 2.664360
6 1.892060 -5.211069
7 4.898400 -4.118883
8 1.124556 -7.492391
4 -2.196429 0.404968
8 1.513526 -6.703892
1 0.718872 9.359208
8 3.291358 -8.336270
5 4.994495 -3.459512
5 3.538132 -7.492391
8 1.124556 -7.492391
5 1.124556 -4.498883
8 1.124556 -4.498883
1 -1.322002 9.359208
1 0.718872 11.775626
1 -1.322002 9.359208
