10 100
K -4.838938 8.613792 3.399197
Z 1 1.728021 -3.161577 6.110529 8.015475
P 1.831431 -1.342398 5.846732 3.188024
Z 1 -3.357936 5.554189 -2.457840 5.989881
Z 2 2.151104 3.709857 -6.960226 1.790428
K 7.916804 1.188244 2.737097
Z 2 7.244318 -5.413102 -6.162868 -9.750184
K -2.479920 -9.878625 4.737326
K 9.113029 -3.953764 4.317604
Z 3 -7.161648 1.391149 -1.267241 -6.335670
4 -1.8769 2.4946
9 9.1130 -3.9538
1 -4.8389 8.6138
4 -4.8389 8.6138
3 1.8314 3.1880
8 -2.4799 -9.8786
5 -2.2665 -3.5973
2 -4.8389 8.6138
9 9.1130 -3.9538
10 5.8467 3.1880
1 -4.8389 8.6138
2 -9.0609 1.3812
1 0.5244 -5.9595
6 5.9216 4.4508
2 14.5485 1.0120
1 -1.5423 -5.7170
8 -2.4799 -9.8786
2 14.5485 1.0120
8 4.1375 3.3990
4 7.7992 3.1097
8 -2.4799 -9.8786
2 14.5485 1.0120
9 -4.3415 9.5733
5 -1.9056 9.2585
9 5.6123 -9.6687
2 14.5485 1.0120
10 -6.9019 -8.0046
9 4.1051 -2.9679
5 14.5485 1.0120
6 7.9168 1.1882
7 -4.8389 8.6138
10 -11.2712 -6.8074
9 -9.1588 1.9280
3 5.8467 -1.3424
8 -2.4799 -9.8786
9 9.1130 -3.9538
7 -1.1247 6.6345
4 -4.8389 8.6138
3 5.8467 3.1880
5 -4.8389 8.6138
9 9.1130 -3.9538
2 -6.5235 5.5227
6 7.9168 1.1882
3 -7.7275 0.0360
2 -4.8389 8.6138
7 7.0475 2.0436
8 -2.4799 -9.8786
5 -5.0427 2.1185
9 -8.1332 7.1656
9 9.1130 -3.9538
5 14.5485 1.0120
2 14.5485 1.0120
3 5.8467 -1.3424
3 5.9564 4.7525
5 -2.2665 -3.5973
10 -7.9630 -11.8772
9 9.3842 1.6281
8 -2.6730 -7.8696
2 14.5485 1.0120
6 7.9168 1.1882
7 -4.8389 8.6138
1 -4.8389 8.6138
2 14.5485 1.0120
9 9.1130 -3.9538
7 16.9278 -6.3429
1 8.2097 -7.4760
10 -7.9630 -11.8772
4 -1.8769 2.4946
5 -2.2665 -3.5973
9 5.1296 8.8279
9 9.1130 -3.9538
5 -1.7025 -8.4537
2 -4.8389 8.6138
7 -2.2955 1.2137
3 5.8467 3.1880
10 -1.2611 -7.8882
8 -2.4799 -9.8786
3 1.8314 -1.3424
3 -8.9629 5.5690
6 -5.1439 1.8274
3 5.8467 -1.3424
3 7.0231 9.1972
4 2.0967 4.9748
7 14.5485 1.0120
8 -2.4799 -9.8786
10 -12.3324 -10.6799
7 -3.1262 -4.0173
6 7.9168 1.1882
2 -4.8389 8.6138
2 14.5485 1.0120
10 5.8467 3.1880
2 -4.8389 8.6138
8 -2.4799 -9.8786
3 5.8467 -1.3424
7 -4.8389 8.6138
3 5.7682 8.1253
5 -4.8389 8.6138
3 -7.1144 -9.4877
1 -4.8389 8.6138
5 -8.3063 -8.7931
