10 100
P -7.291234 -4.988606 -5.652331 -0.545113
P 9.185821 8.469018 11.734688 9.635520
P 6.589941 3.673933 9.655089 7.493158
P -6.186594 -6.970069 -2.058410 -2.845283
Z 2 6.171749 -3.493029 -1.705117 -8.918963
P -4.930026 0.257982 -0.381026 3.932078
Z 1 -7.291234 -4.988606 -6.665745 -4.208373
K 7.504208 -0.545627 3.297900
Z 5 -8.254213 -0.620406 3.238232 7.324217
K -2.325938 0.201021 1.117046
7 0.9492 0.7325
10 1.7496 2.0305
4 -6.1866 -2.8453
5 11.7347 9.6355
10 5.2395 -8.4905
1 -7.2912 -0.5451
1 -5.6523 -4.9886
7 -1.4426 6.8553
1 -5.6523 -0.5451
5 9.1858 9.6355
2 9.1858 9.6355
4 -6.1866 -2.8453
5 18.4225 -4.9400
1 -7.2912 -4.9886
3 9.6551 7.4932
6 -5.1365 -6.4037
4 -6.1866 -2.8453
1 -7.2912 -0.5451
5 20.4208 -2.9742
10 5.3289 3.8461
10 0.7470 -1.3870
9 -2.6327 9.3763
9 -6.7229 7.8484
8 7.5042 -0.5456
8 7.5042 -0.5456
1 -7.2912 -4.9886
2 11.7347 9.6355
10 -2.3259 0.2010
10 -5.6346 0.0501
9 19.3309 -2.5585
3 9.6551 3.6739
1 -7.2912 -0.5451
5 11.7347 8.4690
7 -7.2912 -0.5451
7 -7.6477 -3.3889
5 11.7347 9.6355
7 5.8492 -3.4755
7 -2.9541 -4.0220
4 -2.0584 -2.8453
6 2.6130 -3.8397
1 -2.8195 0.2637
3 5.6261 4.0161
6 4.4647 -8.8734
5 2.3201 7.0815
6 -0.3810 3.9321
2 9.1858 8.4690
5 11.7347 9.6355
8 7.5042 -0.5456
1 -4.1385 1.9385
3 6.5899 3.6739
2 11.7347 9.6355
1 -5.6523 -0.5451
4 -6.1866 -6.9701
2 8.5278 -5.2239
2 11.7347 8.4690
1 -5.6523 -4.9886
1 -7.2912 -4.9886
4 -6.9062 -9.3447
8 -8.1798 -2.5095
3 9.6551 7.4932
7 -6.4475 -1.2859
5 19.3309 -2.5585
8 6.9878 -1.2127
8 7.5042 -0.5456
8 6.6750 -0.5868
9 -6.8042 -5.4415
5 11.7347 8.4690
8 7.5042 -0.5456
3 6.5899 3.6739
3 8.9013 9.5719
2 11.7347 9.6355
9 8.4022 14.4562
4 -2.0584 -2.8453
4 -2.0584 -6.9701
10 3.8956 -7.6162
6 0.4534 -4.3974
3 9.6551 3.6739
4 -6.1866 -6.9701
1 7.4478 -2.6617
7 -7.6477 -3.3889
6 -0.3810 3.9321
10 -2.3259 0.2010
8 -1.7052 0.7850
2 9.1858 8.4690
8 7.5042 -0.5456
8 7.5042 -0.5456
6 -8.7642 -4.7116
2 9.1858 8.4690
7 -2.6376 2.0587
8 7.5042 -0.5456
1 -6.0219 -2.3575
10 -2.3259 0.2010
3 9.6551 7.4932
6 -8.4226 -8.3455
4 -6.1866 -2.8453
1 1.3162 -5.9859
1 -5.6523 -0.5451
1 7.5707 7.9446
3 -2.5177 6.4781
1 -7.2912 -4.9886
