10 100
K -3.527725 -5.923147 1.264591
Z 1 -3.839979 -4.697714 -4.809015 -4.944636
K 5.916533 6.671016 3.625745
K -2.148797 -9.332120 1.459345
Z 3 5.916533 6.671016 5.095683 7.242159
K -4.093924 -3.167745 3.444534
P 5.670257 -4.890171 6.831189 -2.180840
K 5.490302 3.048065 1.846971
Z 7 -4.329070 -0.324093 -9.825042 -6.265664
Z 5 4.632391 1.002765 1.237179 -3.047228
5 5.396539 8.282070
10 5.916533 6.671016
2 8.093041 8.381071
7 5.670257 -4.890171
4 -2.148797 -9.332120
6 -4.093924 -3.167745
2 -3.527725 -5.923147
8 5.490302 3.048065
4 0.952349 -2.101659
5 5.916533 6.671016
1 -3.527725 -5.923147
7 5.670257 -4.890171
7 5.670257 -2.180840
6 -4.093924 -3.167745
1 -3.527725 -5.923147
7 6.831189 -4.890171
7 6.831189 -4.890171
2 -4.152234 -3.472281
8 2.062775 -4.723826
10 5.916533 6.671016
1 -3.527725 -5.923147
7 5.670257 -4.890171
10 5.091969 -3.066358
1 -9.345456 -1.642688
3 -1.979076 -2.142967
1 -3.527725 -5.923147
4 5.817404 -0.693958
7 6.831189 -2.180840
3 5.916533 6.671016
4 -2.148797 -9.332120
4 -2.148797 -9.332120
7 5.670257 -2.180840
2 2.276508 -1.317461
5 5.916533 6.671016
4 -2.148797 -9.332120
9 5.670257 -2.180840
2 5.585527 -3.419074
1 -3.527725 -5.923147
6 -4.093924 -3.167745
3 5.871571 -7.745407
7 6.831189 -4.890171
8 -0.356845 -1.474367
4 -6.330108 -3.311306
8 5.490302 3.048065
8 5.490302 3.048065
10 8.438655 -4.102268
6 -9.483694 -3.196967
5 0.908312 -1.827708
4 -3.282835 1.016441
1 -3.527725 -5.923147
4 2.500004 -2.199632
1 -3.527725 -5.923147
7 -0.882990 4.825292
3 5.916533 6.671016
4 -2.148797 -9.332120
3 5.916533 6.671016
6 -3.941932 0.020493
4 -0.900882 7.918163
6 -4.093924 -3.167745
2 -4.152234 -3.472281
10 9.989493 3.256549
4 -2.148797 -9.332120
4 -2.148797 -9.332120
8 5.490302 3.048065
7 -5.707566 9.037164
3 5.916533 6.671016
3 -1.727299 -7.234598
7 -3.805122 -2.868651
1 -3.527725 -5.923147
7 5.670257 -2.180840
3 -1.816748 -3.780900
7 -4.919820 -1.166627
8 3.332490 -1.792111
4 -2.148797 -9.332120
4 -2.148797 -9.332120
9 -1.529579 0.681107
6 4.976623 -9.468712
7 6.831189 -4.890171
6 -4.093924 -3.167745
1 8.500271 -8.251058
8 8.810298 3.462330
6 -4.093924 -3.167745
4 6.955121 8.729909
1 -3.527725 -5.923147
1 -3.527725 -5.923147
4 -2.148797 -9.332120
5 5.916533 6.671016
4 -2.148797 -9.332120
4 -2.148797 -9.332120
9 -9.749581 10.447096
3 -4.478886 4.701019
6 -4.093924 -3.167745
8 5.490302 3.048065
5 5.916533 6.671016
9 -9.659260 9.289682
6 -4.093924 -3.167745
9 -9.659260 9.289682
5 -2.226977 -0.566822
7 8.442017 9.511423
4 -3.973506 -3.675776
