10 100
P 2.014804 -6.910696 4.995006 -4.352381
P -7.929104 4.751083 -4.692507 6.135799
K 6.190318 7.320691 2.715070
P -3.298959 -0.357291 0.837892 3.302300
P -5.098565 -4.175870 -0.269713 0.215073
P 7.479053 -7.183054 9.423322 -3.949835
Z 6 -2.670790 3.521320 2.061053 6.815557
K -0.783983 -0.652920 2.474413
K -1.654684 -4.123778 3.922654
K 5.974958 7.193016 4.672986
3 -3.089116 -5.575574
9 7.498419 -9.334299
9 2.362982 5.359072
4 0.837892 -0.357291
6 -2.722390 8.378153
3 6.279002 -9.091923
10 5.141332 -9.062217
2 6.261561 0.457099
9 -8.222110 3.478899
4 -3.298959 -0.357291
7 -6.301721 -4.025839
2 5.060592 1.275016
8 5.926695 2.569899
1 7.156620 -8.028269
8 -0.783983 -0.652920
1 2.014804 -6.910696
5 -7.434858 -9.924633
1 4.995006 -4.352381
5 3.150628 5.207703
6 9.423322 -3.949835
4 -3.298959 -0.357291
7 -5.479612 17.456751
7 7.479053 -7.183054
2 0.667149 -1.365013
8 9.328575 -4.390535
5 -0.269713 0.215073
8 -0.783983 -0.652920
8 -0.783983 -0.652920
7 9.423322 -7.183054
8 -9.954310 3.903129
7 9.423322 -3.949835
7 7.479053 -3.949835
9 -1.654684 -4.123778
7 -8.511819 18.578996
9 -1.654684 -4.123778
9 -1.654684 -4.123778
6 -3.757878 -1.695853
2 6.867624 6.420438
2 -4.692507 4.751083
8 7.816919 -0.586573
4 -6.166064 2.818262
2 0.716451 3.635506
10 4.160653 -6.923527
3 -2.772654 8.692934
10 5.974958 7.193016
3 6.190318 7.320691
5 -0.269713 -4.175870
5 1.258028 9.672437
2 -7.929104 6.135799
7 7.479053 -7.183054
5 -7.168885 -3.002607
4 -3.298959 3.302300
7 -1.398923 -0.564534
9 -1.654684 -4.123778
5 -5.098565 -4.175870
8 -4.851766 3.560102
3 -5.279122 0.672153
6 9.423322 -3.949835
10 5.974958 7.193016
1 9.653498 -3.001853
3 -7.516790 -9.114859
2 3.048753 4.263046
9 -1.654684 -4.123778
1 4.995006 -4.352381
1 4.995006 -4.352381
7 4.774467 7.866961
10 5.974958 7.193016
4 -3.298959 -0.357291
8 -0.783983 -0.652920
1 2.014804 -6.910696
9 -1.654684 -4.123778
3 6.190318 7.320691
10 5.974958 7.193016
6 -7.758824 -0.683594
1 -5.437511 -4.963292
1 4.995006 -6.910696
8 -8.739920 5.979377
9 -1.654684 -4.123778
7 6.382559 -8.862859
9 -1.654684 -4.123778
8 -0.783983 -0.652920
5 -5.098565 0.215073
9 -1.654684 -4.123778
3 6.190318 7.320691
8 -0.783983 -0.652920
10 5.974958 7.193016
3 9.544284 -8.585872
6 1.146393 5.784371
2 -4.692507 4.751083
10 -8.721005 2.022434
8 3.702800 6.672454
4 0.837892 -0.357291
2 -4.692507 6.135799
7 -9.186671 16.755604
5 -0.269713 0.215073
10 5.974958 7.193016
1 -9.361603 8.522125
3 -2.563614 -9.059102
10 5.974958 7.193016
1 -4.334994 -3.421151
