10 100
P -6.373561 -7.310826 -3.402832 -5.462918
Z 1 -6.373561 -7.310826 -6.933020 -8.139685
K -5.445104 5.690602 4.365166
P 9.375718 -3.958604 13.844043 -1.836226
Z 3 -5.445104 5.690602 -6.412330 5.436685
Z 2 5.425550 5.472878 7.467606 6.182358
Z 1 -4.123830 7.582541 2.431634 2.420821
P 4.556887 -2.624372 5.594752 2.079979
K 5.324843 -5.857131 2.591510
P -7.403769 -1.473251 -4.217841 1.079719
1 -6.3736 -5.4629
9 5.3248 -5.8571
9 6.0157 -4.7439
10 -7.4038 1.0797
3 -5.4451 5.6906
9 0.8442 0.3687
6 -10.9215 5.3365
6 -6.3736 -7.3108
4 9.3757 -1.8362
10 -7.4038 1.0797
5 -5.4451 5.6906
5 -7.8110 5.7736
7 10.5231 10.3753
1 -6.3736 -5.4629
1 -6.3736 -7.3108
5 -5.4451 5.6906
2 -6.3736 -7.3108
5 -5.4451 5.6906
10 -7.4038 1.0797
9 -6.8222 -3.8752
10 -7.4038 -1.4733
9 4.9413 -3.4048
10 -3.7400 9.2230
2 -6.2326 8.1765
8 5.5948 -2.6244
7 1.8820 -2.3180
3 -7.7310 -3.1065
8 5.5948 -2.6244
2 -4.6598 -6.6197
9 7.0258 -4.1624
6 -11.7580 8.1870
10 -0.4216 -6.5452
3 -5.1564 -5.5101
8 3.9132 1.0733
5 -5.4451 5.6906
6 -4.6598 -6.6197
5 -0.8222 -1.4405
7 9.8262 13.2632
4 -0.8310 3.9292
9 5.3248 -5.8571
8 4.5569 2.0800
2 -4.4036 -7.9453
4 13.8440 -3.9586
3 3.1646 2.5805
10 -4.2178 1.0797
9 5.3248 -5.8571
6 0.0816 1.1907
3 -5.4451 5.6906
7 8.7268 9.9418
6 2.1645 0.6572
6 -11.7580 8.1870
9 4.1928 4.1047
10 -4.3868 9.6949
2 -5.7709 -3.8646
4 13.8440 -3.9586
9 5.3248 -5.8571
1 -3.4028 -5.4629
9 5.3248 -5.8571
2 -6.3736 -7.3108
3 -0.8232 9.8048
8 4.5569 -2.6244
10 -8.0968 -5.4138
6 -8.9979 9.3122
1 -6.3736 -5.4629
2 -7.1811 -7.0517
9 5.3248 -5.8571
1 -3.4028 -7.3108
9 5.0387 -2.2414
9 5.3248 -5.8571
9 -4.1343 7.2785
10 -5.0955 -8.3406
5 -6.4567 5.9306
6 -7.4847 -4.5557
9 5.3248 -5.8571
9 5.3248 -5.8571
3 -5.4451 5.6906
3 -1.0331 -4.7105
2 -6.3736 -7.3108
8 4.5569 -2.6244
7 3.7111 -0.2750
7 9.8262 13.2632
1 -5.3784 8.5357
7 10.5231 10.3753
8 -0.4037 -3.5439
7 8.7268 9.9418
10 -4.2178 1.0797
1 2.2021 2.2844
7 -6.9793 9.9562
3 -5.6262 -2.5314
3 -5.4451 5.6906
8 8.8337 0.7434
5 3.1516 0.0044
1 -6.3736 -5.4629
5 -5.4451 5.6906
9 5.3248 -5.8571
10 -4.2178 1.0797
6 -8.2815 8.5791
9 5.3248 -5.8571
2 -6.3736 -7.3108
10 -4.2178 -1.4733
