10 100
K -4.660272 0.415037 2.785212
Z 1 7.009081 0.698961 4.003267 -1.008962
K -3.623249 5.574343 4.716408
P -9.993400 -2.513963 -7.031683 1.314276
K 9.082347 -7.369030 1.013421
Z 3 -3.167521 3.192567 2.172175 -6.954258
K -3.889615 7.283672 2.702291
P 8.874907 -2.597343 10.394109 0.705298
K 3.001194 3.848840 3.934635
P 3.947445 6.207072 6.272027 8.715970
3 -6.093783 -8.888767
8 10.394109 0.705298
1 -4.660272 0.415037
4 -9.993400 -2.513963
9 -5.618202 -3.762309
1 -8.230559 9.586362
6 -3.623249 5.574343
4 -3.838654 -1.117922
7 -3.889615 7.283672
9 -3.456634 -3.564429
10 -8.893017 -0.507755
2 -4.660272 0.415037
9 3.001194 3.848840
1 -4.660272 0.415037
3 -3.623249 5.574343
7 -3.889615 7.283672
8 -6.918646 7.769171
5 -2.667158 -8.666443
8 8.874907 0.705298
5 9.082347 -7.369030
1 -4.660272 0.415037
6 -4.872595 4.916883
9 -5.706951 9.826810
4 1.739773 0.941448
9 3.001194 3.848840
7 3.862374 4.594163
9 3.001194 3.848840
9 3.001194 3.848840
7 -3.889615 7.283672
2 -0.516523 9.712871
5 9.082347 -7.369030
5 9.082347 -7.369030
10 -9.045170 -6.094763
8 8.874907 -2.597343
7 4.929909 9.985772
10 6.272027 8.715970
2 -2.159962 -4.308761
8 8.874907 -2.597343
5 9.082347 -7.369030
2 -4.660272 0.415037
5 9.082347 -7.369030
4 -9.993400 -2.513963
1 -4.660272 0.415037
7 -6.248616 6.641560
5 9.082347 -7.369030
1 -4.660272 0.415037
9 3.001194 3.848840
9 -7.264370 8.481588
1 -4.660272 0.415037
6 4.614585 5.307034
1 -4.660272 0.415037
5 9.082347 -7.369030
10 7.845371 -2.044671
7 -3.889615 7.283672
5 -4.575193 -6.886895
10 3.947445 6.207072
7 4.260789 0.160374
1 7.031079 -7.541627
3 -3.623249 5.574343
5 -4.741145 1.929686
1 -4.660272 0.415037
4 -7.031683 -2.513963
4 5.069855 -9.833677
5 9.082347 -7.369030
1 -4.660272 0.415037
8 8.874907 0.705298
8 8.874907 0.705298
8 8.874907 0.705298
1 -4.660272 0.415037
10 6.272027 6.207072
1 -3.934828 1.023622
7 -3.889615 7.283672
9 -9.042688 6.267750
3 -3.623249 5.574343
1 -4.660272 0.415037
6 0.703355 -5.927323
7 -3.889615 7.283672
5 9.082347 -7.369030
8 10.394109 -2.597343
3 -3.623249 5.574343
7 -3.889615 7.283672
9 3.001194 3.848840
5 9.082347 -7.369030
2 -1.724757 3.547821
2 -4.660272 0.415037
9 3.001194 3.848840
10 6.272027 8.715970
7 -8.919938 9.186438
4 -7.031683 -2.513963
8 10.394109 -2.597343
1 -4.660272 0.415037
1 -4.660272 0.415037
9 -6.647388 -9.394171
5 9.082347 -7.369030
3 -3.623249 5.574343
4 -7.031683 1.314276
5 9.082347 -7.369030
5 5.776912 0.808486
8 8.874907 -2.597343
4 -9.993400 -2.513963
