10 100
K -5.168729 6.535603 3.610757
Z 1 -5.168729 6.535603 -6.053669 7.001308
P 7.221257 -1.099912 8.533840 1.225933
Z 2 3.024266 -7.064432 3.437236 -1.753690
P 3.801499 -6.171638 6.535848 -2.454529
K 1.878999 5.013717 1.237267
P 6.613570 -7.873211 9.367931 -4.382653
Z 1 -5.168729 6.535603 -6.112137 6.203967
Z 3 8.533840 -1.099912 8.089052 -0.204276
K 4.113875 7.472765 2.678436
8 -5.168729 6.535603
9 8.533840 -1.099912
7 6.613570 -4.382653
5 6.535848 -6.171638
4 -5.168729 6.535603
9 -4.550910 -9.959349
3 -5.531331 -6.148992
5 3.801499 -2.454529
9 -6.827869 -4.390219
4 5.483592 -1.074575
2 7.353404 5.518984
2 -5.168729 6.535603
8 -5.168729 6.535603
2 -4.642962 0.673408
3 2.745983 3.105400
4 -5.168729 6.535603
4 2.024888 -3.700708
1 -5.168729 6.535603
7 6.613570 -4.382653
3 7.221257 1.225933
6 0.338796 7.660952
2 -5.168729 6.535603
4 -7.366245 9.792502
8 -4.607219 -7.080821
7 6.613570 -7.873211
5 -8.761063 0.893609
4 -5.168729 6.535603
5 3.801499 -2.454529
3 4.046004 -8.669745
8 -5.168729 6.535603
6 1.878999 5.013717
2 -5.168729 6.535603
10 4.113875 7.472765
4 -5.168729 6.535603
8 6.898926 -8.906378
8 -5.168729 6.535603
7 9.367931 -7.873211
9 8.533840 -1.099912
7 9.367931 -7.873211
8 4.093847 -8.963626
4 13.221174 5.105580
2 -5.168729 6.535603
4 13.221174 5.105580
3 7.221257 1.225933
1 7.400931 -5.315859
2 4.497359 -9.973724
8 -5.168729 6.535603
2 0.802275 -7.506089
8 -2.075107 -8.763473
6 1.878999 5.013717
8 -0.575554 3.609909
9 -4.717033 -2.735558
9 6.680753 0.305657
8 -5.168729 6.535603
2 -5.168729 6.535603
9 -6.265286 9.242052
10 4.113875 7.472765
10 8.921490 -8.239290
3 8.533840 1.225933
3 8.533840 1.225933
5 6.535848 -2.454529
1 4.144948 -7.814564
9 -0.962221 -1.195184
4 -5.168729 6.535603
8 -5.168729 6.535603
10 4.113875 7.472765
7 6.613570 -4.382653
10 4.113875 7.472765
7 9.209408 -6.598366
9 8.533840 1.225933
7 9.367931 -7.873211
4 -5.168729 6.535603
10 4.113875 7.472765
4 -5.168729 6.535603
5 1.003700 -2.645278
3 7.221257 1.225933
10 4.113875 7.472765
1 -5.168729 6.535603
8 -5.168729 6.535603
7 6.613570 -4.382653
7 9.367931 -7.873211
7 6.613570 -4.382653
7 6.613570 -4.382653
1 -5.168729 6.535603
3 8.533840 1.225933
10 4.113875 7.472765
2 -5.168729 6.535603
9 7.473981 1.351440
2 -2.436132 -0.794646
4 13.221174 5.105580
4 -5.168729 6.535603
6 -7.007266 -6.762109
3 8.533840 1.225933
8 -5.168729 6.535603
4 -5.168729 6.535603
2 -5.168729 6.535603
1 -7.763554 0.724122
9 7.221257 -1.099912
5 6.535848 -2.454529
9 -9.856131 2.924510
