10 100
K -7.132512 -6.055949 4.019134
P -5.091295 8.973977 -1.171212 13.648743
P 7.743647 2.194534 8.845864 5.410481
P -8.035173 8.012451 -5.505954 12.235308
Z 4 -8.035173 8.012451 -9.016332 8.205654
P -4.609519 -8.202205 -0.453595 -4.192773
P 8.600978 5.328444 11.442269 10.072017
K -2.567006 -9.160476 3.845976
Z 3 7.743647 2.194534 7.139480 1.397676
P 0.709781 -7.688131 4.754445 -3.871698
4 -5.505954 12.235308
10 4.754445 -7.688131
6 -0.453595 -8.202205
3 7.743647 2.194534
10 -6.642288 -5.216121
9 -9.480082 -1.030483
4 -8.035173 12.235308
7 11.442269 5.328444
4 -5.505954 12.235308
6 -4.609519 -8.202205
7 11.442269 10.072017
3 8.845864 2.194534
10 0.709781 -3.871698
9 3.438390 -2.217044
5 5.149355 -5.597221
6 -4.609519 -8.202205
2 -5.091295 8.973977
9 7.743647 2.194534
1 -7.132512 -6.055949
10 0.709781 -7.688131
6 -4.609519 -4.192773
7 11.442269 10.072017
6 -0.453595 -8.202205
8 -2.567006 -9.160476
7 11.442269 5.328444
6 -7.726132 7.094761
7 11.442269 5.328444
4 -5.505954 12.235308
3 -9.616131 -7.954218
9 10.840186 3.062728
4 -8.035173 12.235308
4 -5.505954 8.012451
6 -9.973489 -0.079322
1 -7.132512 -6.055949
3 -8.997385 -6.756652
2 -1.171212 8.973977
2 -5.091295 13.648743
9 10.542625 4.124020
5 -8.035173 8.012451
9 10.840186 3.062728
1 -0.307234 7.221923
3 7.743647 2.194534
7 0.985050 -1.785661
6 -4.609519 -4.192773
2 -5.091295 8.973977
2 -5.091295 8.973977
6 -4.211384 9.178944
2 -3.303527 2.345978
5 -8.035173 12.235308
6 -4.609519 -8.202205
9 10.840186 3.062728
10 4.531006 4.658569
8 -3.721477 9.487885
9 7.743647 5.410481
1 2.227244 -8.638623
4 0.896806 4.582041
3 8.845864 2.194534
8 -3.891042 -9.801944
8 -2.567006 -9.160476
7 11.442269 10.072017
10 -8.835600 1.872367
5 -8.035173 12.235308
1 -7.132512 -6.055949
9 8.409460 -7.665964
5 -8.035173 12.235308
6 -0.453595 -4.192773
8 -2.567006 -9.160476
3 9.062316 -2.430698
10 -4.014139 -0.145404
7 8.600978 5.328444
8 -4.778064 4.730844
5 -6.878007 -5.470716
4 -5.209663 8.531034
10 7.991364 -3.530768
6 -0.453595 -8.202205
8 -2.567006 -9.160476
1 -6.080486 4.264069
9 7.743647 5.410481
3 8.845864 2.194534
2 -5.091295 8.973977
7 11.442269 10.072017
9 8.845864 5.410481
1 -2.250341 6.357965
6 7.730656 -3.191998
10 0.709781 -3.871698
1 9.062708 5.763730
7 1.131351 6.250543
9 7.743647 2.194534
9 7.743647 5.410481
7 11.442269 10.072017
8 -2.567006 -9.160476
1 -8.302932 3.550554
8 -2.567006 -9.160476
9 10.840186 3.062728
10 0.709781 -7.688131
2 -5.770326 -6.859582
5 -8.035173 8.012451
7 8.600978 5.328444
2 -1.171212 13.648743
6 -5.884341 -9.180976
