10 100
P -2.295638 9.607435 0.469829 11.288390
Z 1 -6.003702 3.011785 -4.460855 -7.322625
Z 1 -1.385122 -6.932274 -0.719887 4.902137
K 5.950874 -1.419583 1.240444
Z 4 -3.383663 -4.226561 -5.315456 9.713922
P -0.179366 3.604656 2.790526 5.366973
Z 5 5.950874 -1.419583 5.189494 -0.771277
P -4.355433 5.743840 0.595388 7.765552
P -7.691297 -5.730830 -4.691722 -4.540433
Z 5 -0.329902 -6.479099 0.434113 -7.812036
1 -2.2956 11.2884
7 -3.0795 2.1593
8 0.5954 5.7438
1 -2.2956 9.6074
5 5.9509 -1.4196
8 6.1824 -0.5715
7 8.4154 -3.2932
1 0.4698 9.6074
2 -14.6123 9.0367
10 5.0569 -9.9585
2 -8.0580 5.5369
9 -4.6917 -5.7308
7 -13.1297 -4.0637
1 0.4698 9.6074
6 -0.1794 5.3670
2 0.4698 9.6074
3 1.5616 11.0716
7 -13.1297 -4.0637
10 4.0551 5.7864
1 -1.9647 -1.4282
10 5.9509 -1.4196
2 5.2126 -5.2146
9 -4.6917 -4.5404
7 5.9509 -1.4196
4 5.9509 -1.4196
8 -4.3554 7.7656
6 -0.5087 5.2295
2 0.4698 11.2884
2 9.2608 -0.4157
9 -4.6917 -5.7308
6 5.2408 -0.7471
6 -3.1384 9.8759
10 0.8495 3.3111
1 -3.7155 -8.8462
10 1.1935 7.1486
10 -8.3764 3.7232
7 -2.3622 8.2575
1 -2.2956 11.2884
1 -2.2956 9.6074
3 -1.1864 11.3815
3 1.5616 11.0716
7 5.9509 -1.4196
8 6.8451 7.2243
4 5.9509 -1.4196
6 2.7905 5.3670
3 -1.1864 11.3815
4 5.9509 -1.4196
7 1.3127 1.6776
6 2.7905 3.6047
1 0.4698 9.6074
10 -13.1297 -4.0637
9 -4.6917 -5.7308
9 -7.6913 -5.7308
3 -2.2956 9.6074
1 -2.2956 11.2884
3 1.5616 11.0716
3 1.3733 9.4012
8 6.9588 3.1999
4 8.5592 -7.6739
3 -2.2956 9.6074
1 -0.9508 5.6177
10 5.9509 -1.4196
1 1.7792 -5.0178
9 -7.6913 -5.7308
6 2.7905 5.3670
8 0.5954 7.7656
6 2.7905 5.3670
8 -4.3554 5.7438
7 5.5198 17.8385
8 -4.3554 7.7656
2 7.7386 8.7897
10 -7.8700 -9.3415
2 -2.2956 11.2884
10 -4.1344 4.6190
9 -4.6917 -4.5404
2 -5.1552 -1.3622
8 -4.3554 5.7438
6 2.7905 3.6047
9 -4.6917 -5.7308
6 3.4245 2.5865
4 5.9509 -1.4196
4 5.9509 -1.4196
7 5.5198 17.8385
3 0.4698 9.6074
9 -2.9082 4.7172
3 -8.0117 -8.6969
3 -1.1864 11.3815
1 0.4698 9.6074
10 5.9509 -1.4196
3 -1.3748 9.7111
1 -2.2956 11.2884
1 -2.2956 9.6074
10 -13.1297 -4.0637
10 -13.1297 -4.0637
2 -7.4420 8.2278
8 -4.3554 7.7656
6 5.5193 -4.8407
5 -13.1297 -4.0637
5 -13.1297 -4.0637
10 -7.8700 -9.3415
