10 100
K 8.825695 -9.672756 3.717126
P -3.388820 -7.875359 -1.171165 -5.223164
P -1.461617 3.903635 2.002348 7.379438
P 7.672185 -6.246211 10.412511 -4.564031
P 5.248510 -6.572315 10.209697 -1.698206
Z 4 -2.725673 5.511400 -5.829676 0.569163
K -9.429269 4.318178 2.381231
P 3.203616 9.150289 5.991119 11.401792
Z 3 2.375134 -8.415323 -0.873481 1.104139
K -3.576278 -2.894969 4.085280
1 8.8257 -9.6728
6 7.6722 -6.2462
8 -3.4580 9.5112
10 -3.5763 -2.8950
9 -4.2443 6.4298
8 -4.6051 -8.2787
5 5.2485 -6.5723
5 -0.3413 -7.3249
8 3.2036 11.4018
6 7.6722 -6.2462
5 10.2097 -1.6982
9 -6.9856 4.3122
8 5.9911 11.4018
7 -9.4293 4.3182
5 9.5948 -5.9990
2 3.9148 4.0970
1 8.8257 -9.6728
6 -19.0221 12.2404
10 -3.5763 -2.8950
8 3.2036 11.4018
10 -3.5763 -2.8950
2 -1.1712 -7.8754
3 2.0023 7.3794
6 -16.3168 10.5024
10 -3.5763 -2.8950
6 7.6722 -4.5640
3 9.8239 -3.1106
10 -3.5763 -2.8950
1 8.8257 -9.6728
9 1.5779 -2.2433
3 2.0023 7.3794
10 5.9151 3.4522
7 -9.4293 4.3182
3 2.0023 3.9036
9 2.3978 9.5968
2 2.3406 -1.7888
4 3.7719 -0.0745
8 -4.0023 2.4007
4 -0.3789 8.5097
10 -3.5763 -2.8950
9 -2.2835 9.3078
4 7.6722 -6.2462
4 10.4125 -4.5640
6 10.4125 -4.5640
8 3.2036 9.1503
1 8.8257 -9.6728
9 -4.2443 6.4298
6 6.2235 6.0405
8 -5.9130 2.5984
6 -19.0221 12.2404
3 5.5967 -7.6072
5 10.2097 -6.5723
6 -17.5068 12.9709
8 3.2036 9.1503
3 -1.4616 7.3794
8 3.2036 9.1503
5 -4.4890 6.7528
10 8.5922 1.8885
2 -1.1712 -5.2232
8 5.9911 11.4018
8 -5.0443 6.5389
4 7.6722 -6.2462
4 7.6722 -6.2462
10 8.5912 3.7448
5 10.2097 -6.5723
1 8.8257 -9.6728
5 -0.6638 -2.8045
4 10.4125 -4.5640
4 10.4125 -6.2462
9 -4.8608 1.5615
8 -1.6911 0.0507
5 5.2485 -1.6982
2 -1.1712 -7.8754
3 3.8752 -2.2273
4 10.4125 -4.5640
1 8.8257 -9.6728
1 8.8257 -9.6728
10 2.4115 5.1119
8 2.2038 3.1374
1 8.8257 -9.6728
7 -1.5083 3.3872
2 3.5569 -0.1751
7 -8.2351 3.4621
6 -17.8321 9.7719
6 -17.8321 9.7719
1 8.8257 -9.6728
2 -1.1712 -5.2232
4 7.6722 -4.5640
1 8.8257 -9.6728
7 -9.4293 4.3182
1 2.6710 7.9370
7 -9.4293 4.3182
5 10.2097 -1.6982
6 -16.3168 10.5024
4 -3.8446 -1.3515
2 -1.1712 -5.2232
10 -3.5763 -2.8950
2 -1.1712 -5.2232
6 10.4125 -6.2462
9 -2.1195 3.6791
