10 100
K 3.454874 5.569946 4.939432
P -1.148121 -7.291059 1.514909 -4.853458
K -8.835801 7.229116 4.406941
K -5.375444 -6.093049 3.022764
Z 4 -5.375444 -6.093049 -6.303391 -6.465760
P 3.259024 -5.348004 4.843401 -3.482272
K -9.698917 -6.940941 2.695151
K -6.006639 -1.104802 4.525364
P -4.491188 4.581690 -2.735895 7.920598
Z 1 -1.627850 3.559104 -7.088507 -2.038995
4 -5.375444 -6.093049
6 4.843401 -5.348004
6 4.843401 -5.348004
7 -7.027814 4.281324
5 -0.400475 -7.897897
9 -4.491188 7.920598
1 3.454874 5.569946
6 -3.403228 -1.268366
1 -2.364561 -2.491967
9 -2.307385 -1.872531
9 -2.735895 7.920598
9 -2.735895 7.920598
4 -5.375444 -6.093049
9 -4.491188 7.920598
5 -5.375444 -6.093049
10 3.454874 5.569946
1 3.454874 5.569946
9 -2.735895 7.920598
4 -5.375444 -6.093049
5 -5.375444 -6.093049
9 -2.735895 4.581690
10 4.314986 9.207657
2 -1.148121 -4.853458
4 -5.375444 -6.093049
7 -4.093858 9.354114
4 -5.375444 -6.093049
9 -2.735895 4.581690
8 4.702954 5.019435
1 -9.044658 7.918624
1 3.454874 5.569946
6 -6.622216 5.393685
6 -5.984850 4.112455
1 3.454874 5.569946
5 -8.397400 -8.514947
6 3.259024 -3.482272
9 8.730495 6.772324
8 -6.006639 -1.104802
5 6.631540 7.807525
6 3.259024 -5.348004
7 5.911160 -0.723582
4 -5.375444 -6.093049
5 -5.375444 -6.093049
5 0.792453 6.378305
9 -4.491188 7.920598
6 -2.990679 -4.861562
1 -1.236699 0.152347
1 3.454874 5.569946
8 -6.006639 -1.104802
9 -4.491188 4.581690
8 -6.006639 -1.104802
8 -6.006639 -1.104802
1 3.454874 5.569946
6 3.259024 -3.482272
4 -1.786964 -8.574916
9 -4.491188 7.920598
9 6.515951 -6.492050
2 4.551740 6.326615
9 -2.735895 7.920598
4 -5.375444 -6.093049
8 -9.043436 -3.410322
3 6.473690 3.832288
6 3.259024 -5.348004
9 -0.141198 5.085032
10 0.256050 8.690234
9 9.692801 -2.806495
9 -2.735895 7.920598
5 -5.375444 -6.093049
9 -4.491188 7.920598
3 -8.835801 7.229116
3 7.043273 -0.249234
10 0.256050 8.690234
10 0.256050 8.690234
10 3.543030 -7.039815
4 -5.375444 -6.093049
3 -8.835801 7.229116
6 3.259024 -5.348004
7 -9.698917 -6.940941
2 6.381738 -1.943229
4 -0.503085 7.490962
2 1.514909 -4.853458
3 -8.835801 7.229116
6 3.259024 -5.348004
2 -1.148121 -7.291059
10 0.256050 8.690234
10 0.256050 8.690234
2 1.514909 -4.853458
1 2.140922 -7.440921
3 -8.037893 -7.014682
6 3.259024 -5.348004
2 1.514909 -7.291059
10 -6.632824 -3.279750
3 -8.835801 7.229116
5 -5.375444 -6.093049
7 -9.698917 -6.940941
7 -9.698917 -6.940941
5 -5.375444 -6.093049
10 7.777180 -8.484490
9 -4.491188 7.920598
3 -8.835801 7.229116
2 3.259118 -8.675849
