10 100
P 8.859730 0.847532 10.594730 4.578328
P 7.589281 1.982102 12.095486 5.394956
P 4.610788 -2.370471 8.707071 0.636054
Z 1 -8.155494 -5.620652 4.219628 3.742024
K 7.110693 -9.613331 2.535862
Z 3 0.268563 1.405811 -5.098569 6.817966
K 0.571569 -4.159517 3.189699
Z 1 -8.385955 1.473419 -6.479141 7.412859
K 1.401969 -7.680124 4.592359
Z 6 4.610788 -2.370471 3.730598 -2.845092
2 7.5893 1.9821
5 7.1107 -9.6133
5 7.1107 -9.6133
1 8.8597 0.8475
1 10.5947 4.5783
7 -7.4913 6.0228
7 0.5716 -4.1595
5 7.1107 -9.6133
3 4.6108 -2.3705
1 10.5947 4.5783
1 10.5947 0.8475
1 -2.0591 -8.5874
10 -1.2914 -2.8491
4 10.5947 0.8475
7 0.5716 -4.1595
9 0.6188 -8.1561
4 -5.7425 7.5202
5 7.1107 -9.6133
4 10.5947 0.8475
10 0.9678 -7.0388
2 12.0955 5.3950
4 6.2862 7.9798
8 -24.1839 12.0130
2 7.5893 1.9821
10 -4.9709 -5.0731
1 10.5947 0.8475
2 7.5893 5.3950
2 7.5893 5.3950
10 8.7071 0.6361
7 -8.3729 9.7652
2 7.5893 5.3950
2 7.5893 5.3950
1 8.8597 4.5783
1 5.0061 -8.5530
1 10.5947 0.8475
10 4.0084 -2.9678
4 3.1679 10.6640
4 3.1679 10.6640
6 9.5252 -1.5475
6 -0.4917 -6.4611
7 0.5716 -4.1595
5 7.1107 -9.6133
3 2.7738 9.5450
7 0.5716 -4.1595
8 8.8597 0.8475
8 8.4969 2.8788
9 1.4020 -7.6801
10 3.9742 -7.0639
4 6.2862 7.9798
1 2.7213 5.5494
6 0.2094 -0.3925
2 7.5893 5.3950
4 3.1679 10.6640
9 1.4020 -7.6801
10 2.1498 -5.0712
3 4.6108 0.6361
2 7.5893 5.3950
8 -20.6015 14.0366
6 0.9678 -7.0388
9 1.4020 -7.6801
4 10.5947 0.8475
3 6.6478 -4.6196
10 5.2415 7.4576
8 -24.1839 12.0130
7 8.8343 9.8117
6 4.0084 -2.9678
7 -2.1193 2.0543
5 7.1107 -9.6133
1 10.5947 4.5783
7 9.5971 -0.2316
2 6.0697 3.8626
9 1.4020 -7.6801
8 -24.1839 12.0130
1 8.8597 0.8475
9 1.4020 -7.6801
3 8.6125 -4.3490
1 -4.9426 2.3110
10 0.9678 -7.0388
8 -22.7732 11.0030
8 -20.6015 14.0366
8 6.5246 -8.7204
2 7.5893 1.9821
10 7.1228 -4.0225
8 -22.7732 11.0030
1 8.8597 4.5783
3 -2.5183 4.8602
5 4.3900 -5.2229
6 -7.7123 8.1843
9 1.4020 -7.6801
1 0.9128 -4.0027
3 8.7071 -2.3705
4 10.5947 0.8475
9 -7.0610 1.2141
4 -6.7233 -5.8166
4 10.5947 4.5783
3 4.6108 -2.3705
6 0.1781 -3.0214
4 -4.4901 -3.4338
10 2.1498 -5.0712
8 2.3855 -9.0659
