10 100
P -1.435750 -5.851365 2.562830 -2.945968
P -6.522196 1.898724 -1.849371 6.070557
Z 1 -1.652299 -9.762713 -6.931168 -6.597468
P 3.002027 1.857516 5.076082 5.055977
K -4.015624 3.461607 1.942174
P -2.727247 2.162801 -0.533547 6.560503
P 3.381559 -0.238436 6.821170 0.910463
Z 4 3.906757 7.603533 0.949496 -2.529533
K -5.962150 4.335475 1.128968
P -1.331605 5.203717 1.840156 9.600458
7 3.3816 0.9105
9 -5.9622 4.3355
8 5.0761 5.0560
8 1.5507 6.0848
1 2.5628 -2.9460
5 8.8879 -1.5364
2 -7.4243 5.2457
2 7.6615 4.9753
7 3.3816 0.9105
6 -2.7272 2.1628
9 -5.9622 4.3355
2 -6.5222 1.8987
4 3.0020 1.8575
8 1.5788 2.2729
6 -0.5335 2.1628
8 1.5507 6.0848
3 -1.4358 -5.8514
9 -5.9622 4.3355
10 1.8402 5.2037
3 9.9200 5.0718
1 -9.9197 9.0507
7 6.8212 0.9105
8 5.0761 1.8575
7 3.3816 -0.2384
5 -4.0156 3.4616
8 3.0020 5.0560
3 -1.4358 -5.8514
1 2.5628 -2.9460
2 -6.5222 1.8987
3 -3.1167 -15.3234
9 -5.9622 4.3355
4 3.0020 1.8575
10 1.8402 9.6005
9 -5.9622 4.3355
7 6.8212 -0.2384
1 2.5628 -5.8514
1 8.3347 -9.4487
4 3.0020 5.0560
5 5.0338 6.1033
2 -1.8494 1.8987
2 -1.8494 6.0706
1 7.4720 2.7829
8 1.5788 2.2729
9 -8.2952 6.3524
9 -5.9622 4.3355
3 2.5628 -5.8514
5 -6.5584 -0.6183
3 -1.4358 -2.9460
3 -3.9499 -5.7485
2 -6.5222 1.8987
5 -4.0156 3.4616
2 -6.5222 1.8987
2 -1.8494 1.8987
3 2.5628 -5.8514
5 -4.0156 3.4616
9 1.6729 -6.3635
8 1.5507 6.0848
5 -1.1297 -9.9721
7 6.8212 0.9105
9 -5.9622 4.3355
2 -6.5222 6.0706
9 -5.9622 4.3355
2 -1.8494 1.8987
7 3.3816 0.9105
1 -1.0000 0.8446
9 -1.2397 7.9221
7 8.1378 8.6543
4 -5.3636 -4.6095
4 -9.9509 3.7694
7 3.3816 -0.2384
5 -4.0156 3.4616
5 -4.0156 3.4616
6 6.3740 -6.9575
4 -2.6092 -7.4566
4 8.2681 4.2279
2 -6.5222 6.0706
10 -1.3316 5.2037
4 5.0761 5.0560
9 -5.9622 4.3355
6 0.8647 -2.7560
7 3.3816 0.9105
3 -0.3125 -1.7836
9 -5.9622 4.3355
5 -4.0156 3.4616
9 -5.9622 4.3355
2 4.8727 -5.9778
3 -5.6795 -16.6922
10 -1.3316 5.2037
10 1.9713 8.2354
10 1.8402 5.2037
10 -0.7499 -8.9369
10 -1.3316 5.2037
5 -4.0156 3.4616
4 3.0020 1.8575
9 -5.9622 4.3355
6 -0.5335 6.5605
1 -1.4358 -2.9460
3 3.8886 3.8495
1 3.4876 -1.3939
8 3.0020 1.8575
