10 100
P 1.649044 7.258930 6.468588 11.085678
P -7.866216 -2.916640 -5.496668 -0.644921
Z 2 -5.496668 -2.916640 -5.656047 -3.903857
Z 2 2.723801 6.807490 9.628193 -7.500620
Z 1 1.649044 7.258930 0.656147 7.377904
P -0.735284 7.307205 3.840514 11.006624
Z 6 7.065681 -8.396707 -0.559642 7.992177
Z 3 6.661611 -7.337340 2.785904 -0.241200
P -4.332534 2.278241 -0.440025 6.563727
Z 2 -7.459546 4.862300 9.715099 0.619074
3 -1.1054 7.2165
3 -5.4967 -2.9166
7 -5.6996 6.5678
6 3.8405 7.3072
1 1.6490 11.0857
1 9.9265 3.3507
2 -5.4967 -2.9166
5 6.4686 7.2589
2 -7.8662 -0.6449
8 -9.1146 -8.5301
8 -9.6140 -1.9134
8 6.2852 8.0947
3 5.5555 1.2480
2 -1.9387 -4.7448
10 -7.8662 -0.6449
9 -0.4400 6.5637
1 1.6490 7.2589
7 6.8701 -6.5386
7 -0.7353 7.3072
1 6.4686 7.2589
6 3.8405 7.3072
4 -7.8662 -2.9166
8 -7.8662 -2.9166
3 -3.2475 -3.6623
10 -7.8662 -2.9166
10 -5.4967 -2.9166
7 1.9219 -9.0374
4 15.1473 10.4603
7 3.8405 7.3072
10 -7.8662 -0.6449
10 -5.2547 9.9253
4 15.1473 10.4603
6 9.7879 -1.7060
1 1.6490 7.2589
5 5.4281 2.4019
3 -5.4967 -2.9166
5 6.3321 6.1203
3 -7.8662 -0.6449
7 -7.0608 -6.1981
8 -7.8662 -2.9166
3 7.6544 5.0388
8 -2.5326 -1.5060
1 1.6490 11.0857
3 -3.4811 8.9172
6 -0.7353 7.3072
9 -0.4400 6.5637
9 -8.2523 -8.7969
7 7.0708 -5.4275
8 -5.4967 -2.9166
3 -5.4967 -2.9166
5 1.6490 7.2589
3 -4.7818 -0.7603
2 -5.4967 -0.6449
1 0.0205 -0.7909
6 1.3045 -2.9124
6 -0.7353 11.0066
1 1.6490 7.2589
3 -5.4967 -2.9166
7 9.6288 3.8936
7 -2.8698 4.1851
6 3.8405 11.0066
8 -5.4967 -2.9166
5 6.4686 7.2589
10 -2.8596 -3.1353
2 -5.4967 -2.9166
4 -0.5135 -2.2648
3 3.6792 -4.8335
8 -5.4967 -2.9166
5 5.0846 9.3823
8 -5.4967 -2.9166
2 -7.8662 -0.6449
2 -7.8662 -2.9166
7 -2.7524 10.0681
3 -7.8662 -0.6449
9 -4.3325 2.2782
1 1.6490 7.2589
3 -5.4967 -2.9166
2 -8.8063 7.0405
2 -5.4967 -2.9166
9 -3.6392 -2.5460
1 -8.7634 -2.4695
1 6.4686 11.0857
5 1.9415 -5.6894
6 -0.7353 7.3072
10 -2.0999 10.8321
10 -3.1578 8.8218
7 -5.6996 6.5678
2 -4.8633 8.5445
4 -7.8662 -2.9166
4 -5.4967 -0.6449
6 -0.7353 11.0066
9 -4.3325 2.2782
2 -5.4967 -0.6449
2 -5.4967 -0.6449
3 -6.4980 8.3383
10 -4.1968 11.9356
9 -4.3325 2.2782
4 -7.8662 -2.9166
3 -8.0786 -5.0917
2 -5.4967 -0.6449
