10 100
P -9.729247 5.929719 -5.374651 10.871153
K 9.467375 -2.009211 4.860984
P 4.845975 9.424418 8.764129 12.939044
P -9.894033 -3.303764 -5.434176 -1.615845
Z 1 8.731582 4.628659 8.490651 5.787489
K -7.480629 1.065871 1.595863
P 0.265776 -9.241143 4.141992 -4.430439
P 6.440621 7.479368 9.707401 11.704567
K -9.020439 -0.227378 2.084518
P -7.478661 -1.069578 -3.781407 1.780466
3 -6.3413 0.2976
1 -6.2297 0.8740
8 -3.0722 8.5706
8 9.7074 7.4794
5 -9.7292 5.9297
8 -0.0635 4.7407
9 -2.4763 -4.5477
10 7.3548 9.0862
8 9.7074 7.4794
5 -9.7292 5.9297
7 4.1420 -4.4304
7 0.7333 -4.5385
10 -3.7814 1.7805
4 -9.8940 -3.3038
7 2.6493 5.8572
2 9.4674 -2.0092
9 -9.0204 -0.2274
7 4.1420 -9.2411
5 -9.7292 10.8712
6 -7.4806 1.0659
3 -3.6229 6.3595
6 -7.4806 1.0659
4 -5.7278 3.6642
10 -5.6675 2.0498
9 -9.0204 -0.2274
10 5.7521 5.3047
2 9.4674 -2.0092
3 8.7641 12.9390
2 9.4674 -2.0092
4 2.4820 -2.3440
7 4.1420 -9.2411
2 9.4674 -2.0092
10 -7.4787 1.7805
4 -9.8940 -3.3038
7 4.1420 -4.4304
5 0.9278 0.5707
5 25.1440 13.1802
7 0.2658 -4.4304
2 9.4674 -2.0092
4 -5.4342 -3.3038
9 -9.0204 -0.2274
2 9.4674 -2.0092
6 -7.4806 1.0659
4 2.8333 -3.7400
6 -7.4806 1.0659
10 0.4339 -3.5203
6 1.5788 2.6781
7 0.2658 -4.4304
4 -5.4342 -3.3038
8 6.4406 7.4794
6 -7.4806 1.0659
9 -9.0204 -0.2274
6 -7.4806 1.0659
2 -4.5187 0.9576
1 -5.3747 5.9297
4 -8.4785 -9.3559
6 1.3172 -7.0580
6 -7.4806 1.0659
6 0.9767 -7.6407
7 -3.6257 8.2691
3 4.8460 12.9390
7 4.1420 -9.2411
3 -4.3975 -7.3256
3 8.7641 9.4244
6 -7.4806 1.0659
1 -5.3747 5.9297
9 -9.0204 -0.2274
10 -7.4787 1.7805
4 -9.8940 -3.3038
2 9.4674 -2.0092
1 -5.3747 5.9297
5 -5.1169 -8.9183
7 4.1420 -4.4304
3 4.8460 9.4244
8 9.7074 11.7046
5 19.1807 15.9764
5 6.7044 -3.1698
5 -9.7292 10.8712
10 -3.7814 -1.0696
3 4.8460 12.9390
6 1.9164 7.4041
2 -5.4271 -2.0303
2 9.4674 -2.0092
3 8.7641 9.4244
6 -7.4806 1.0659
9 -0.6847 6.1403
9 -9.0204 -0.2274
7 4.1420 -9.2411
10 8.2543 -0.3426
9 -9.0204 -0.2274
10 -7.4787 -1.0696
9 -9.0204 -0.2274
5 -5.8666 -4.6711
4 -9.8940 -3.3038
7 7.1417 1.0868
10 -3.7814 1.7805
4 -4.3233 0.0659
6 -7.4806 1.0659
7 6.2967 -8.5032
7 -3.7941 -6.2564
