10 100
P 9.494759 1.579425 13.994683 4.931441
P -5.823429 8.733282 -4.512663 10.476390
Z 2 -4.512663 10.476390 -4.164238 11.413726
P 0.594351 -6.320659 4.833557 -5.223709
P -7.980300 -1.926218 -3.063884 -0.564851
K -0.345730 -7.455747 1.408718
Z 3 -2.354956 -1.292876 -2.492151 -2.680227
K 0.784275 5.658096 2.301496
Z 4 0.594351 -5.223709 1.573329 -5.427677
P -1.043086 -0.918026 0.628396 1.899778
10 -1.043086 -0.918026
7 2.704802 -3.785658
3 -5.823429 8.733282
8 0.784275 5.658096
10 7.870747 9.467948
4 0.594351 -5.223709
8 0.784275 5.658096
6 -0.345730 -7.455747
1 9.494759 1.579425
5 -2.292895 -9.696977
6 -0.345730 -7.455747
2 -4.512663 10.476390
1 -3.683520 -5.798667
8 0.784275 5.658096
10 -1.043086 1.899778
1 -6.115886 -4.399865
9 0.594351 -6.320659
7 -5.823429 8.733282
9 4.918909 -5.911001
2 -5.823429 10.476390
5 -7.980300 -0.564851
1 -5.946795 -2.419688
4 0.594351 -6.320659
6 -0.345730 -7.455747
1 -7.775128 -6.029738
9 -3.364817 -0.629413
10 0.628396 -0.918026
9 1.032429 -4.218032
8 9.711904 -5.533106
8 -9.928728 9.596369
1 13.994683 1.579425
7 3.010095 7.859740
3 -4.512663 10.476390
8 -8.197961 -3.932342
7 9.160464 -5.952680
7 3.880050 -0.927873
10 9.841873 9.949923
3 8.323722 4.439002
1 13.994683 1.579425
7 -5.823429 8.733282
10 0.628396 1.899778
10 -1.043086 1.899778
5 -1.349242 9.011217
1 9.494759 1.579425
10 0.628396 -0.918026
9 7.095914 6.591322
1 13.994683 1.579425
2 -5.823429 10.476390
10 0.628396 1.899778
7 3.010095 7.859740
5 -7.980300 -0.564851
10 -1.043086 -0.918026
7 2.066128 9.825817
8 -5.645620 5.474258
4 0.594351 -6.320659
8 0.784275 5.658096
5 3.083051 5.000644
8 0.784275 5.658096
8 7.808008 1.481330
8 -5.981527 3.224092
10 -1.043086 -0.918026
1 9.494759 4.931441
10 0.628396 -0.918026
1 9.197553 -5.993924
5 -7.980300 -1.926218
7 -3.520151 9.620220
9 4.833557 -6.320659
5 -3.063884 -1.926218
4 0.594351 -6.320659
8 -5.412979 -7.267155
8 0.784275 5.658096
6 -0.345730 -7.455747
2 -5.823429 8.733282
10 0.628396 1.899778
8 6.649600 3.192479
1 4.904495 -4.841912
8 1.893417 -6.447386
8 0.784275 5.658096
3 -4.658718 8.300338
10 -9.006470 5.062257
7 3.500038 -6.889552
6 -0.345730 -7.455747
3 5.946555 -4.616922
9 0.594351 -6.320659
7 2.066128 9.825817
2 -5.823429 10.476390
6 -0.345730 -7.455747
10 -6.040934 6.574285
8 -2.468376 -8.095868
4 0.594351 -5.223709
6 4.683229 -5.201404
2 1.828343 -9.846562
3 -4.512663 10.476390
5 -7.980300 -1.926218
5 -7.980300 -1.926218
6 -0.345730 -7.455747
9 1.032429 -4.218032
1 13.994683 1.579425
5 -3.063884 -1.926218
7 8.746264 -0.329342
