10 100
P 9.714765 1.671218 11.251182 5.421805
K -1.169101 8.349917 2.032843
Z 1 5.514523 -3.044709 -4.691313 5.778140
K 2.268793 -8.830622 1.250018
K -7.303436 -7.426807 1.421535
K -0.845731 1.976046 2.951640
Z 2 -1.169101 8.349917 -2.056388 8.811135
P -2.817274 7.226389 -0.102401 9.283666
P 0.255990 9.276395 4.053466 12.463119
Z 1 4.086030 -2.171822 7.780210 0.902913
1 9.7148 1.6712
5 -7.3034 -7.4268
9 0.2560 12.4631
10 9.1768 3.7231
4 2.2688 -8.8306
10 9.7148 1.6712
8 0.8459 -8.9240
4 8.6845 9.9952
7 -1.1691 8.3499
8 -2.8173 9.2837
1 -7.8373 2.8706
5 -7.3034 -7.4268
7 -1.1691 8.3499
2 -1.1691 8.3499
5 4.7903 4.6778
2 -9.5440 3.1554
6 -5.7979 4.9860
7 -1.1691 8.3499
1 9.7148 1.6712
3 9.7148 5.4218
7 4.6722 -7.1846
4 2.2688 -8.8306
8 -2.8173 9.2837
3 11.2512 1.6712
2 -1.1691 8.3499
4 2.2688 -8.8306
7 -1.1691 8.3499
9 0.2560 9.2764
7 -1.1691 8.3499
6 -0.8457 1.9760
5 -5.5870 -7.9310
4 -6.4309 -6.5798
5 -7.3034 -7.4268
6 -0.8457 1.9760
7 -1.1691 8.3499
2 -1.1156 7.8516
7 -8.4071 8.7600
4 -6.9846 1.0696
4 2.2688 -8.8306
8 -5.3875 0.9915
5 8.7854 -0.1519
4 2.2688 -8.8306
10 9.7148 1.6712
1 -1.7986 9.0970
5 -7.3034 -7.4268
2 -1.1691 8.3499
7 -1.8918 -9.5064
1 11.2512 1.6712
10 11.2512 5.4218
4 2.2688 -8.8306
8 -0.1024 7.2264
8 -0.1024 9.2837
4 2.2688 -8.8306
3 -8.8662 -3.1836
2 -1.1691 8.3499
6 -0.8457 1.9760
1 -5.1421 -4.8054
6 -0.8457 1.9760
6 -0.8457 1.9760
4 2.2688 -8.8306
2 -2.1231 3.2191
4 -9.6794 -6.7716
4 2.2688 -8.8306
10 9.7148 1.6712
10 9.1658 4.1768
3 11.2512 5.4218
1 9.7148 5.4218
4 2.2688 -8.8306
9 4.0535 9.2764
6 7.0040 9.3497
10 12.5752 1.9851
8 -2.8173 7.2264
1 9.7148 5.4218
4 2.2688 -8.8306
1 11.2512 1.6712
7 -1.1691 8.3499
10 7.1099 9.9936
3 -6.0952 4.0506
7 -1.1691 8.3499
7 8.4380 -7.1328
5 -7.3034 -7.4268
3 -8.6234 -0.9654
5 -7.3034 -7.4268
2 -1.1691 8.3499
4 2.2688 -8.8306
10 9.7148 1.6712
4 -0.4311 6.6043
5 8.8672 3.6274
6 -3.5206 -6.5128
5 -7.3034 -7.4268
6 -0.8457 1.9760
1 9.7148 1.6712
4 2.2688 -8.8306
7 -1.1691 8.3499
8 -6.5989 -3.7899
3 1.6776 -9.4030
7 -1.1691 8.3499
10 -2.0643 1.0165
9 0.2560 12.4631
3 -2.0335 -9.9453
