10 100
K 7.490179 -6.956899 2.098134
Z 1 -7.139513 -0.842216 5.737090 0.461889
Z 2 7.479730 9.535555 6.786718 10.256480
K 6.989454 5.800169 2.965587
K 2.977163 7.433555 3.509836
K -6.481708 6.362830 2.801823
Z 1 9.906749 1.023276 -8.038432 -9.450287
Z 1 6.669516 -5.025921 5.749184 -5.417060
Z 1 5.465720 -6.118980 3.808953 5.970341
P -2.735293 0.409718 1.199607 2.302918
2 7.490179 -6.956899
3 23.958921 8.874202
9 3.741331 -7.470655
8 -9.975218 3.431670
4 6.989454 5.800169
8 -0.286187 9.532664
2 7.490179 -6.956899
6 -3.535735 6.981157
8 7.490179 -6.956899
9 -3.694394 -8.929569
5 7.771561 -4.539865
10 1.199607 2.302918
5 2.977163 7.433555
3 23.958921 8.874202
10 -2.735293 2.302918
4 3.000849 -6.154360
4 6.989454 5.800169
10 -2.735293 2.302918
5 2.977163 7.433555
4 6.989454 5.800169
10 1.199607 0.409718
2 -2.298543 -7.356696
1 7.490179 -6.956899
10 -1.299631 -8.624990
10 1.199607 2.302918
5 2.977163 7.433555
9 -6.422751 7.277194
3 8.992328 10.989588
2 4.009055 -4.325121
4 6.989454 5.800169
2 5.404212 -4.730517
9 -1.020986 -7.988946
9 3.741331 -7.470655
8 7.490179 -6.956899
8 -7.471218 7.326501
10 -5.532862 -0.393329
3 5.967132 8.081522
10 8.625207 5.242076
9 3.741331 -7.470655
10 1.199607 0.409718
5 2.977163 7.433555
5 7.943095 1.382272
7 -3.813203 -5.462651
3 5.967132 8.081522
8 5.848852 -3.094943
5 2.977163 7.433555
9 4.067099 6.014729
2 5.967132 8.081522
1 7.490179 -6.956899
8 7.490179 -6.956899
10 6.399707 -8.227801
3 7.490179 -6.956899
10 -2.735293 2.302918
1 7.490179 -6.956899
3 5.967132 8.081522
1 7.490179 -6.956899
8 7.490179 -6.956899
9 7.490179 -6.956899
5 6.472571 1.420631
7 1.769933 2.844051
9 3.741331 -7.470655
7 -4.078511 7.679655
2 5.967132 8.081522
9 7.490179 -6.956899
1 7.490179 -6.956899
10 1.199607 0.409718
2 7.490179 -6.956899
1 7.490179 -6.956899
4 6.989454 5.800169
8 5.848852 -3.094943
8 7.490179 -6.956899
6 -6.481708 6.362830
10 -2.735293 0.409718
2 2.779645 -3.225457
2 -8.309348 -2.683572
1 -5.455334 0.560035
2 5.967132 8.081522
6 -1.194243 1.739877
9 7.490179 -6.956899
3 5.967132 8.081522
4 6.989454 5.800169
5 2.977163 7.433555
8 7.490179 -6.956899
5 2.977163 7.433555
7 1.769933 2.844051
5 2.977163 7.433555
1 4.698160 -9.122446
4 6.398601 -6.343836
9 7.490179 -6.956899
2 5.967132 8.081522
8 5.044278 2.468415
5 2.977163 7.433555
7 7.490179 -6.956899
5 2.977163 7.433555
3 -6.494098 1.297691
7 2.857993 -4.771786
2 2.671627 6.500558
6 -0.703394 3.690401
5 2.977163 7.433555
6 1.670298 7.525962
