10 100
K -2.955677 7.747324 2.890652
P 1.297306 -2.226969 2.817920 0.323735
Z 2 -9.321349 2.027070 -6.254853 -3.726490
K -6.696045 7.368630 4.110834
Z 3 1.297306 0.323735 0.604326 1.044692
K -6.162086 -9.310458 2.719773
K 5.169458 6.871203 3.189720
K -4.255814 1.922238 3.118941
Z 6 -6.162086 -9.310458 -6.598059 -10.210417
K -6.686854 0.188713 1.307932
4 -1.0891 6.6402
2 6.1220 3.2127
6 -6.1621 -9.3105
10 -6.6869 0.1887
2 1.2973 0.3237
1 -2.9557 7.7473
8 4.2263 4.4566
6 -0.2469 2.6673
8 -4.2558 1.9222
10 -6.6869 0.1887
4 -6.6960 7.3686
8 9.9572 4.0297
10 -6.6869 0.1887
8 -4.2558 1.9222
10 -6.6869 0.1887
8 -4.2558 1.9222
4 -0.9254 1.9193
10 -6.6869 0.1887
10 -6.6869 0.1887
1 -3.4430 -2.1667
6 -6.1621 -9.3105
1 6.9087 -6.4535
1 -3.9657 -5.1225
1 -2.9557 7.7473
8 -4.2558 1.9222
8 -4.2558 1.9222
1 -2.9557 7.7473
5 11.2879 12.9461
5 3.7859 -1.2966
8 -1.8528 9.4595
2 2.8179 -2.2270
10 3.3382 4.1208
5 1.2973 0.3237
5 8.5313 9.5163
1 5.0927 6.7803
7 0.2462 6.1948
1 -2.9557 7.7473
8 -4.2558 1.9222
8 -6.4741 6.7159
4 -6.6960 7.3686
9 -6.1621 -9.3105
7 5.1695 6.8712
7 -0.4498 4.9560
2 1.2973 0.3237
1 -2.9557 7.7473
10 -6.6869 0.1887
7 5.1695 6.8712
10 -6.6869 0.1887
7 5.1695 6.8712
8 -4.2558 1.9222
3 -11.7104 -9.1598
1 0.2327 3.0298
3 -8.5429 -7.7242
5 0.3818 3.8895
8 -4.2558 1.9222
10 -6.6869 0.1887
6 -9.8005 -1.9617
3 5.1968 6.6239
7 -8.9334 -6.6665
9 -6.1621 -9.3105
5 5.1649 3.6586
1 -2.9557 7.7473
5 11.2879 12.9461
8 -4.2558 1.9222
8 -4.2558 1.9222
1 -9.8152 -5.5220
9 -6.1621 -9.3105
6 -6.1621 -9.3105
1 -2.9557 7.7473
1 -2.9557 7.7473
3 1.2973 0.3237
3 -11.7104 -9.1598
6 -6.1621 -9.3105
4 -6.6960 7.3686
1 -2.9557 7.7473
3 -12.5583 -10.4221
1 -2.9557 7.7473
5 1.2973 0.3237
4 -6.6960 7.3686
8 -4.2558 1.9222
9 8.4246 -7.3439
6 8.8374 -7.7872
1 -2.9557 7.7473
7 5.1695 6.8712
5 -9.6194 7.0177
3 -14.6757 -8.9999
3 -14.6757 -8.9999
5 1.2372 -1.1957
3 -11.7104 -9.1598
1 -2.9557 7.7473
3 1.2973 -2.2270
6 -6.1621 -9.3105
3 -0.7350 -0.6664
3 7.1972 8.2194
3 -11.7104 -9.1598
3 2.2138 7.0658
8 1.4567 -4.3324
2 2.8179 0.3237
6 9.1816 -1.9166
6 -6.1621 -9.3105
