10 100
K -9.763728 0.141087 1.715678
P 1.503716 -4.084983 3.039571 -0.597500
Z 1 -6.368980 -9.964152 2.337878 -1.426688
K -5.093362 -2.913778 1.800440
P -7.548543 -4.578536 -3.017467 -1.314122
P 6.294649 -8.667048 10.795027 -5.683994
P -6.126376 8.387324 -4.737876 9.999301
Z 4 -7.001139 -0.236957 6.750820 -9.724048
Z 7 -7.105583 4.988444 3.047971 3.977347
P -9.231520 8.664173 -6.304674 11.130271
1 -6.2153 -2.1665
1 -9.7637 0.1411
8 -3.8213 -1.0699
5 -3.0175 -1.3141
9 2.2571 -0.2434
5 -3.0175 -1.3141
2 3.0396 -0.5975
2 1.5037 -4.0850
2 3.0396 -0.5975
7 -6.1264 8.3873
9 -5.7725 -0.3909
3 -9.7637 0.1411
1 -9.7637 0.1411
5 -3.0175 -1.3141
6 10.7950 -5.6840
7 5.3596 6.4674
10 -0.9271 -7.3770
4 -8.5131 -4.0919
3 3.6676 -13.5568
5 -7.5485 -4.5785
2 0.6943 -2.8688
8 0.4807 -9.1574
10 -6.3047 11.1303
3 3.6676 -13.5568
7 -6.1264 8.3873
1 7.5564 9.5106
10 6.8395 3.6930
10 -9.2315 11.1303
4 -5.0934 -2.9138
6 -9.7570 -4.4926
3 3.6676 -13.5568
2 3.0396 -4.0850
4 -5.0934 -2.9138
5 -5.9133 -6.6332
6 6.2946 -8.6670
7 -6.1264 9.9993
4 -5.0934 -2.9138
5 -3.0175 -1.3141
7 -3.1630 -0.5342
8 -3.8213 -1.0699
8 2.4392 9.8504
7 -1.1183 -2.8071
3 -9.7637 0.1411
1 9.3328 4.3436
9 -5.7725 -0.3909
5 2.9995 3.3526
2 1.5037 -0.5975
2 2.1873 -8.4530
5 -3.0175 -4.5785
9 -7.1765 3.5748
4 -5.0934 -2.9138
3 6.4629 -1.3583
6 10.7950 -8.6670
7 -6.1264 9.9993
10 -6.3047 11.1303
8 1.2488 -0.8229
7 -1.7521 6.0012
7 -4.7379 9.9993
5 -3.0175 -4.5785
4 -5.0934 -2.9138
8 -5.0934 -2.9138
1 4.0803 1.4892
5 7.0048 -5.6689
8 -5.0934 -2.9138
3 -4.0862 3.6928
1 1.9373 6.0388
8 -3.8213 -1.0699
2 1.5037 -4.0850
2 3.0396 -0.5975
4 6.4914 1.3165
4 -5.0934 -2.9138
2 5.8905 1.0491
9 -6.9810 -5.7348
6 -5.9833 3.2128
5 -7.5485 -4.5785
1 -9.7637 0.1411
10 -9.2315 8.6642
5 -9.7069 8.3720
9 -6.8159 1.4632
1 -9.7637 0.1411
7 -6.1264 9.9993
8 -5.0934 -2.9138
9 -4.7379 9.9993
1 -8.0168 -0.7798
10 -6.3047 11.1303
1 -9.7637 0.1411
8 -3.8213 -1.0699
1 9.4626 4.6599
7 -6.1264 8.3873
6 10.7950 -5.6840
3 3.6043 7.3368
5 -8.4114 -8.1340
1 -9.7637 0.1411
2 1.5037 -4.0850
10 -9.2315 8.6642
3 7.6492 5.6188
6 0.4934 -9.6457
1 0.8885 -6.2112
1 7.0922 -4.1510
5 -5.3543 -7.8923
