10 100
P -3.129226 4.422860 0.400075 8.362060
P -6.077683 -8.468245 -4.334769 -5.901640
P -0.128662 0.112451 3.096234 1.659190
Z 3 8.616948 3.997579 4.183276 -4.169866
Z 2 4.714353 -7.447360 8.925934 5.414309
P -6.574627 1.800885 -3.456494 5.447006
Z 5 -5.402201 -7.619485 -6.033697 1.352369
P -4.906635 -9.550337 -0.652257 -6.307147
Z 5 -4.091427 -9.516220 0.879061 2.255596
K -0.865498 8.117859 1.987605
8 -0.652257 -6.307147
9 11.406984 -13.622916
8 -0.652257 -9.550337
1 -3.200396 6.733207
9 -19.137440 1.547029
2 -9.562591 -1.966637
4 10.123395 -5.452846
2 -4.334769 -8.468245
5 8.313280 -9.707850
6 -3.456494 5.447006
7 4.728484 0.620542
5 -6.077683 -8.468245
9 -19.561944 -0.984228
4 3.096234 1.659190
4 8.366536 -2.748516
5 11.406984 -13.622916
5 -6.077683 -5.901640
10 -0.865498 8.117859
6 -6.574627 1.800885
4 8.422626 4.879837
8 -0.652257 -6.307147
7 -4.614486 -8.365256
5 -9.680822 -5.835589
4 4.228172 5.360661
10 -9.373469 -9.673494
10 -0.865498 8.117859
8 -4.906635 -6.307147
3 -0.128662 1.659190
9 -17.418531 1.258759
7 -24.244807 -15.299488
6 -3.456494 5.447006
1 9.042868 7.610374
5 12.812326 -14.653819
2 9.737662 5.725331
4 3.096234 0.112451
6 -6.574627 5.447006
6 -3.456494 5.447006
6 -6.574627 5.447006
3 8.239139 -7.560367
3 3.096234 0.112451
2 5.765240 3.559824
4 8.366536 -2.748516
3 -0.128662 0.112451
3 -0.128662 1.659190
6 -6.574627 1.800885
10 -0.865498 8.117859
9 -17.843034 -1.272497
6 -3.456494 5.447006
4 3.096234 0.112451
2 -7.756942 1.874295
8 -0.652257 -9.550337
7 -4.334769 -5.901640
4 11.420458 -4.610213
7 -1.219007 -3.334913
7 12.925086 -11.553417
5 12.812326 -14.653819
9 -4.946096 7.103936
9 -19.137440 1.547029
3 -0.128662 0.112451
5 9.858393 6.653160
8 -0.652257 -9.550337
4 -1.863446 8.468451
10 -0.865498 8.117859
8 -0.652257 -9.550337
5 11.406984 -13.622916
7 -8.744268 2.278005
10 -0.865498 8.117859
2 -4.334769 -5.901640
9 -1.331164 -7.169871
5 12.925086 -11.553417
4 6.309503 -1.131598
6 9.630570 -9.158867
4 8.366536 -2.748516
1 -3.129226 4.422860
5 3.439999 -8.713369
2 -4.334769 -5.901640
5 12.925086 -11.553417
9 -5.971732 -6.908916
2 -4.334769 -5.901640
6 -6.574627 1.800885
2 -1.426177 4.262103
9 -2.125857 -1.963702
10 -0.865498 8.117859
2 -3.744528 -1.685332
3 4.715136 -8.817000
9 12.925086 -11.553417
2 -4.334769 -5.901640
9 12.812326 -14.653819
7 -4.974013 -5.823957
7 3.570729 8.389614
2 -6.077683 -5.901640
7 -21.204702 -15.918332
7 5.260017 -8.797789
9 -6.077683 -8.468245
2 -4.334769 -5.901640
6 7.757513 8.398315
8 7.171366 -0.357368
2 -4.334769 -5.901640
6 -7.192139 -5.480665
2 -4.334769 -8.468245
