10 100
P 4.725695 -3.272014 8.662880 -0.140461
Z 1 4.725695 -3.272014 4.937902 -4.249239
Z 2 6.061838 -4.100776 -1.332468 -7.122558
P -9.815473 -5.158150 -4.989976 -2.409522
P -1.234746 1.656636 1.514512 5.059329
P 3.436431 -8.128661 6.069609 -3.417631
P -8.779454 -8.772794 -5.990954 -4.588429
P 2.942261 -7.975693 5.121254 -3.619863
K 6.000165 -0.215157 1.657351
K -0.966158 -5.713508 2.216519
10 -0.966158 -5.713508
8 5.121254 -7.975693
2 1.143108 -4.904952
1 4.725695 -0.140461
1 4.725695 -0.140461
4 5.791478 2.682313
5 9.266194 -8.175817
10 -4.132787 -1.580119
3 8.498863 -2.870665
2 1.143108 -4.904952
3 -6.793691 9.041026
7 -5.990954 -8.772794
5 1.514512 5.059329
4 1.441639 9.929064
3 4.725695 -0.140461
9 -3.832343 -0.025963
4 -9.815473 -2.409522
9 6.000165 -0.215157
8 2.942261 -7.975693
5 -9.902756 1.893854
1 2.595070 4.038887
3 3.056316 -9.915240
8 5.121254 -7.975693
6 3.436431 -8.128661
6 3.436431 -3.417631
9 -5.735638 -4.394742
6 -3.216989 -2.305384
10 -0.966158 -5.713508
1 8.662880 -0.140461
10 -0.966158 -5.713508
3 7.611189 5.908480
4 3.978438 -8.129125
3 8.498863 -2.870665
6 6.069609 -8.128661
1 -9.535558 3.500659
7 -8.779454 -4.588429
10 -0.966158 -5.713508
8 2.942261 -3.619863
10 -5.940965 -9.031137
8 2.942261 -3.619863
5 1.514512 5.059329
6 6.069609 -3.417631
2 6.737675 -8.123556
10 7.604189 -2.468214
4 -4.989976 -5.158150
6 3.436431 -8.128661
6 8.668154 1.435666
1 -7.359839 1.400738
7 -8.779454 -4.588429
9 -9.962815 2.415718
4 -4.989976 -2.409522
8 5.830879 -5.191449
1 7.346926 -2.676738
7 -8.779454 -4.588429
8 5.121254 -7.975693
10 -6.463431 -8.013454
7 5.750283 -9.168877
2 -0.155697 -2.055438
9 6.000165 -0.215157
8 -6.548094 -1.335682
9 -2.687293 7.958830
2 -0.155697 -2.055438
9 6.000165 -0.215157
9 6.000165 -0.215157
7 -8.779454 -8.772794
10 -0.966158 -5.713508
5 -2.993533 -6.596333
2 4.725695 -3.272014
8 -5.544669 -3.754763
4 -9.815473 -5.158150
3 -9.158065 -3.536489
6 6.069609 -8.128661
3 1.143108 -4.904952
10 -0.966158 -5.713508
7 4.507377 -0.535660
1 4.725695 -0.140461
10 -0.966158 -5.713508
7 -5.990954 -4.588429
4 -9.815473 -5.158150
9 6.000165 -0.215157
1 4.725695 -0.140461
2 9.307958 5.610313
10 -0.966158 -5.713508
7 4.020406 -5.828417
1 8.662880 -3.272014
4 -9.815473 -5.158150
4 8.567808 -0.803687
8 5.121254 -7.975693
10 -0.966158 -5.713508
9 6.000165 -0.215157
1 8.662880 -3.272014
3 10.692085 -5.105929
7 -9.834802 9.784794
7 -5.990954 -8.772794
10 -0.966158 -5.713508
9 5.618081 -2.398279
6 3.436431 -8.128661
4 -9.815473 -5.158150
8 -1.871150 7.539341
10 -0.966158 -5.713508
