10 100
P -0.074373 5.179515 4.872731 9.450160
Z 1 4.872731 5.179515 4.334959 4.336424
K 8.103595 4.519333 2.207435
P -0.320232 -7.859521 2.590786 -5.233708
Z 4 0.094373 5.580215 3.629167 -4.575572
P 3.834607 -1.963364 8.524004 -0.563027
P 4.632762 -8.311036 6.255794 -5.691496
Z 5 -0.899504 -2.839369 -6.527187 0.921042
P 4.124792 -6.390036 7.189293 -3.706383
P 6.525926 8.135801 7.821537 12.457213
8 -4.182799 2.918398
4 -0.320232 -5.233708
10 4.542196 7.592049
10 7.821537 12.457213
7 4.632762 -8.311036
6 5.479709 -9.424533
7 6.255794 -5.691496
10 6.525926 12.457213
1 4.872731 5.179515
5 -3.645368 -4.796517
2 6.958440 0.693574
4 2.590786 -5.233708
6 8.524004 -1.963364
3 8.103595 4.519333
3 -6.817369 3.829688
2 -0.074373 5.179515
3 8.103595 4.519333
8 2.590786 -5.233708
4 -0.320232 -5.233708
1 4.872731 5.179515
7 -7.010837 6.347845
1 4.872731 9.450160
2 10.830980 2.494086
5 -6.614504 5.663183
2 4.872731 5.179515
4 4.985912 -0.753155
9 3.929995 -5.431155
9 7.189293 -3.706383
6 8.524004 -0.563027
2 6.958440 0.693574
3 8.103595 4.519333
6 8.524004 -1.963364
10 0.396325 4.747699
3 8.103595 4.519333
1 4.872731 5.179515
9 4.659595 -1.297203
8 2.648188 -5.147803
8 7.133706 -2.639313
10 7.821537 12.457213
9 -4.307991 6.605399
10 6.525926 12.457213
3 -9.527261 -8.700235
4 -0.320232 -7.859521
7 4.632762 -5.691496
4 -0.320232 -5.233708
9 9.578796 4.386129
6 0.527183 3.065100
2 4.872731 9.450160
7 4.632762 -8.311036
5 2.590786 -5.233708
4 2.590786 -5.233708
9 4.124792 -6.390036
7 6.255794 -8.311036
7 6.255794 -5.691496
7 4.632762 -5.691496
9 9.011181 9.364107
2 -0.074373 5.179515
6 8.524004 -1.963364
2 -8.682556 7.920558
10 2.243266 0.149839
1 4.872731 9.450160
8 1.971673 -3.268154
1 4.930012 -4.704231
6 -5.154198 3.674117
2 -8.900479 -9.300108
1 4.872731 5.179515
1 -6.009772 9.014778
5 2.590786 -5.233708
2 -4.030374 -1.757481
4 -0.320232 -7.859521
6 -7.267795 7.657424
10 7.821537 8.135801
1 2.681434 7.760458
6 3.834607 -0.563027
5 2.590786 -5.233708
10 6.525926 12.457213
1 1.321191 -3.088711
8 4.515196 -11.056354
1 -0.540946 3.933575
9 4.124792 -6.390036
5 9.358771 9.625489
7 6.255794 -5.691496
8 -0.320232 -5.233708
3 8.103595 4.519333
4 -0.320232 -5.233708
5 2.590786 -5.233708
9 7.189293 -3.706383
6 3.834607 -0.563027
5 2.590786 -7.859521
8 1.534265 -2.458342
10 6.525926 8.135801
9 7.189293 -6.390036
10 -5.651589 -4.471019
9 1.876759 8.046983
8 3.960228 -1.453555
9 0.278296 8.138017
7 4.632762 -8.311036
8 6.530569 0.491938
7 -9.217266 -2.960784
1 -0.074373 5.179515
