10 100
K 1.009335 -4.514144 2.984201
P -9.898318 2.912969 -4.975019 7.709586
Z 2 5.517150 -2.188763 1.378966 1.657444
K -5.613036 7.099681 3.142799
P 3.768734 -2.597783 8.237443 0.969210
K -8.236185 -0.900901 3.909788
Z 2 -4.074294 0.379533 -3.518884 -2.104324
K 3.784261 -1.132122 3.428478
Z 8 -9.277509 7.873430 -3.954206 5.899463
P -4.025601 0.064970 -2.039085 3.439763
2 3.922222 3.619787
2 -8.708760 -5.182827
1 1.009335 -4.514144
7 -6.382142 -0.665548
5 8.237443 -2.597783
5 8.237443 -2.597783
9 -9.579927 -4.651922
1 1.009335 -4.514144
2 -9.898318 7.709586
4 7.852933 -6.758445
4 -8.033971 -3.073366
10 -6.679598 -4.097928
5 -7.521380 1.220984
10 -4.025601 3.439763
9 6.497833 6.185712
2 -4.975019 7.709586
7 6.992838 -1.260313
9 3.784261 -1.132122
7 -6.381361 7.395118
9 6.497833 6.185712
3 -0.696889 12.812905
10 -5.779907 2.034236
9 9.384009 3.220349
3 -3.227394 -1.293760
6 -3.996324 -3.418512
5 8.237443 0.969210
9 8.808833 1.881602
4 -5.613036 7.099681
2 -9.898318 2.912969
5 8.237443 0.969210
8 4.419845 -2.235148
9 6.497833 6.185712
1 -4.318023 -1.223437
4 -5.613036 7.099681
4 -5.613036 7.099681
8 3.784261 -1.132122
6 -1.558773 -8.236986
10 -8.928867 -0.629962
8 8.741548 -3.507310
3 -9.898318 7.709586
2 3.925740 0.997386
5 -0.975670 9.440192
2 -9.898318 7.709586
2 -4.975019 7.709586
10 -8.520493 -0.116060
3 -0.696889 12.812905
3 -5.480696 12.462564
6 -8.236185 -0.900901
2 -9.898318 2.912969
5 -5.081673 -8.200334
1 -4.411359 -7.948062
10 -4.025601 0.064970
5 8.237443 -2.597783
1 1.009335 -4.514144
2 -4.975019 2.912969
1 1.009335 -4.514144
9 3.784261 -1.132122
3 -4.975019 7.709586
9 6.497833 6.185712
3 -4.975019 7.709586
4 -5.613036 7.099681
1 -4.470488 -2.580116
9 6.497833 6.185712
4 -5.613036 7.099681
1 1.632990 -1.492314
1 -9.374631 6.212851
1 1.009335 -4.514144
9 -2.811911 5.301897
6 -8.236185 -0.900901
2 -4.975019 2.912969
7 4.436059 9.898912
10 -4.025601 0.064970
7 -3.684989 -5.034974
3 2.480792 -4.079113
9 3.784261 -1.132122
8 3.784261 -1.132122
3 -5.480696 12.462564
2 -4.975019 2.912969
6 -8.236185 -0.900901
9 3.261279 -8.938977
9 0.838177 1.391714
1 1.009335 -4.514144
3 -4.975019 2.912969
7 -2.636252 4.391300
6 7.067103 8.441529
3 -0.696889 12.812905
3 -0.337295 7.902756
8 3.784261 -1.132122
7 -0.970661 -5.396977
9 3.784261 -1.132122
4 2.539634 -2.863696
10 -3.121332 -1.364412
8 -6.692000 -6.839436
8 3.784261 -1.132122
5 3.768734 -2.597783
2 -4.975019 2.912969
7 -6.381361 7.395118
7 -4.338390 3.055324
4 1.424049 6.367330
7 -9.898318 2.912969
