10 100
K -2.816390 7.217235 1.984762
K -8.877923 -4.103863 1.667217
P -4.430115 -4.906944 -2.696909 -3.837134
Z 3 7.530361 -0.990461 -0.086653 -0.820465
P -8.177433 5.446461 -4.719521 9.976049
K -5.264276 4.796171 2.444599
Z 2 -10.543103 -4.186253 -10.493686 -5.185031
Z 4 -4.243478 3.455722 -3.767769 4.335325
P 3.209449 0.503129 7.772669 1.860331
Z 4 -9.482721 -7.429226 -0.089324 1.255925
9 7.772669 1.860331
9 7.772669 0.503129
2 -8.877923 -4.103863
10 -5.506362 -2.673122
2 -8.877923 -4.103863
1 4.200008 4.222451
5 9.486502 -0.106444
9 2.533305 -6.173777
3 -7.899666 2.256202
8 -5.256005 4.862417
8 8.335299 9.997493
5 -8.177433 9.976049
6 -5.264276 4.796171
5 1.989744 5.044103
7 2.521110 -2.128038
10 6.118141 -9.383394
2 -9.699081 6.857259
1 7.622864 3.402843
5 -8.177433 5.446461
9 7.772669 1.860331
10 -4.430115 -4.906944
7 -12.208283 -4.268642
6 -5.264276 4.796171
10 -6.437301 -0.861535
1 6.998899 -4.982162
3 -6.301224 -7.646820
10 1.778743 -3.057592
7 -8.877923 -4.103863
5 -4.719521 9.976049
5 -8.177433 9.976049
8 -10.244479 -0.692598
7 -8.877923 -4.103863
5 -8.177433 9.976049
4 -4.430115 -4.906944
5 -4.719521 9.976049
9 7.772669 0.503129
8 -2.696909 -3.837134
7 -8.877923 -4.103863
2 -5.745281 -7.322786
5 7.706045 -7.051719
10 -2.696909 -3.837134
4 -4.768981 -0.532544
1 -2.816390 7.217235
5 3.087440 -1.091097
5 -8.177433 9.976049
1 -8.796841 3.360914
6 -5.264276 4.796171
4 -4.430115 -3.837134
1 4.557705 3.682553
10 -4.243478 3.455722
8 -2.696909 -3.837134
9 3.209449 0.503129
6 -5.264276 4.796171
8 -5.409391 4.223469
10 7.080637 9.078032
8 -4.291206 2.386977
5 3.433618 -3.417456
4 1.916408 0.865465
8 -12.088532 0.172251
5 -9.318533 -5.305010
4 -4.430115 -3.837134
4 -2.696909 -3.837134
2 -4.949783 0.291690
6 -5.264276 4.796171
5 -4.719521 5.446461
7 7.887915 -1.571298
3 -2.696909 -3.837134
7 -8.877923 -4.103863
8 -2.559726 2.309653
4 7.725702 9.270400
8 -4.430115 -4.906944
7 -12.208283 -4.268642
1 -2.816390 7.217235
2 -7.240383 9.703563
5 -8.177433 9.976049
9 3.209449 1.860331
9 3.209449 1.860331
10 -2.696909 -3.837134
4 -4.430115 -3.837134
1 -2.816390 7.217235
8 -4.243478 3.455722
9 -0.397900 -9.503228
3 -4.430115 -4.906944
7 -6.272712 -9.052006
3 9.020060 -2.552988
1 -0.447138 -5.107140
6 -7.980430 6.609785
10 0.767910 -1.289341
8 -6.124278 4.237441
2 -8.877923 -4.103863
5 -8.177433 9.976049
5 -8.177433 9.976049
10 -2.696909 -3.837134
4 -8.389772 -6.745833
3 -4.430115 -3.837134
8 -6.124278 4.237441
10 -6.572894 -2.589428
2 -8.877923 -4.103863
4 -4.430115 -4.906944
8 -4.430115 -4.906944
