10 100
K -4.654369 4.061032 2.020347
Z 1 -4.654369 4.061032 -4.878957 5.035486
Z 1 -4.654369 4.061032 -3.706354 3.742805
K 1.230820 -7.838104 3.945936
P 5.923144 -5.028274 10.818920 -3.671096
Z 3 -4.018908 2.143223 -3.069660 2.457753
Z 6 -3.383446 0.225413 -2.392683 0.361016
Z 2 -4.654369 4.061032 -3.923904 4.743983
P 0.483625 4.498108 4.667634 5.540294
K 5.313247 2.875009 1.615504
3 -4.654369 4.061032
6 -3.909353 1.107917
10 1.180351 -3.722924
1 5.142310 3.759926
3 -4.654369 4.061032
6 -3.383446 0.225413
1 -4.654369 4.061032
4 1.966844 -7.966868
1 -4.654369 4.061032
2 -4.654369 4.061032
1 8.341179 -1.994462
8 -4.654369 4.061032
3 -4.654369 4.061032
4 1.230820 -7.838104
4 1.230820 -7.838104
1 -4.654369 4.061032
4 -8.913670 8.812800
4 1.230820 -7.838104
7 -0.320331 -1.158330
2 -4.654369 4.061032
7 -3.383446 0.225413
2 7.269358 -3.355708
7 -6.598988 -1.368501
3 -4.654369 4.061032
6 6.685302 -5.230013
3 -4.654369 4.061032
7 -3.383446 0.225413
8 -4.654369 4.061032
7 5.081432 4.660010
6 -3.383446 0.225413
1 -2.805607 -2.108902
4 7.523059 -8.379088
2 -4.654369 4.061032
3 -2.184538 -2.074321
5 10.818920 -5.028274
7 -4.654369 4.061032
4 1.230820 -7.838104
3 -4.654369 4.061032
4 -9.901130 -3.117748
4 1.230820 -7.838104
5 -6.753863 -5.985943
7 -3.576999 -3.810643
7 -4.654369 4.061032
6 2.485709 -4.284433
10 5.313247 2.875009
6 -6.735160 -6.552177
6 -4.654369 4.061032
10 5.313247 2.875009
7 -6.901603 -1.014529
6 -4.654369 4.061032
3 -4.654369 4.061032
1 -4.654369 4.061032
10 6.339241 -0.675299
6 -4.654369 4.061032
3 -4.654369 4.061032
6 -4.654369 4.061032
1 -4.654369 4.061032
8 -5.313851 -0.297966
3 -4.952661 -9.093978
6 -3.383446 0.225413
8 3.557235 8.365682
3 6.641536 -9.845531
8 -4.654369 4.061032
2 -4.654369 4.061032
5 10.818920 -3.671096
10 9.709031 3.207944
6 -4.654369 4.061032
2 3.793921 0.695554
9 1.010814 8.546659
6 -3.383446 0.225413
3 -0.372663 9.688036
8 -4.654369 4.061032
9 4.667634 4.498108
2 -3.006680 -1.679579
5 5.923144 -3.671096
4 -9.733092 2.571218
4 5.519859 -1.547866
5 10.818920 -5.028274
9 5.298601 -8.399900
8 -7.444598 -6.836571
7 -4.654369 4.061032
8 -4.654369 4.061032
5 5.923144 -3.671096
2 -4.654369 4.061032
7 -3.383446 0.225413
8 -4.654369 4.061032
7 -3.383446 0.225413
3 -4.654369 4.061032
4 1.230820 -7.838104
9 0.483625 5.540294
6 -3.383446 0.225413
8 -4.654369 4.061032
9 4.667634 5.540294
5 10.818920 -3.671096
1 -4.654369 4.061032
4 1.230820 -7.838104
9 0.483625 4.498108
5 10.818920 -3.671096
2 8.973838 -9.277793
2 -4.654369 4.061032
