10 100
P -9.734500 8.383009 -7.796528 12.780351
K -4.699248 9.415795 3.692552
Z 1 -0.119114 -7.526125 3.667526 -1.032997
K -3.955753 3.968797 4.737517
K -7.684674 -8.245930 2.387956
K 6.247127 0.129766 1.765235
K 4.716460 3.549976 1.657401
Z 6 6.247127 0.129766 5.828366 -0.778330
P -8.974392 -3.353114 -7.931414 -0.606619
K 3.353798 -8.316263 2.868313
6 6.2471 0.1298
9 -8.9744 -0.6066
3 18.4623 -8.0607
3 17.5080 -6.3740
8 -4.2821 -2.3891
10 3.3538 -8.3163
1 9.0465 1.9186
2 -4.6992 9.4158
2 -4.6992 9.4158
2 -7.4001 -8.8512
1 -9.7345 12.7804
7 4.7165 3.5500
10 3.3538 -8.3163
4 8.9013 0.7053
9 7.0885 -2.0089
7 4.7165 3.5500
5 -7.6847 -8.2459
9 -7.9314 -3.3531
7 4.7165 3.5500
10 3.3538 -8.3163
2 -4.6992 9.4158
10 3.3538 -8.3163
8 6.2471 0.1298
8 6.2471 0.1298
3 -7.7965 12.7804
6 6.2471 0.1298
9 -7.9314 -3.3531
4 -3.9558 3.9688
9 -7.9314 -0.6066
5 -7.6847 -8.2459
6 6.2471 0.1298
3 3.0327 8.7083
8 6.2471 0.1298
8 5.1302 3.0649
9 -8.9744 -3.3531
7 4.7165 3.5500
7 4.8572 -4.2643
7 -3.1045 -2.0030
5 2.8894 8.6523
1 -7.7965 12.7804
2 -4.6992 9.4158
2 -4.6992 9.4158
6 6.2471 0.1298
1 -9.7345 8.3830
4 -3.9558 3.9688
5 -7.6847 -8.2459
5 -7.6847 -8.2459
6 6.2471 0.1298
10 3.3538 -8.3163
4 -3.9558 3.9688
4 9.0993 6.5998
10 3.3538 -8.3163
3 -9.7345 12.7804
1 7.5267 2.0553
7 4.7165 3.5500
7 -5.5584 -8.1898
6 6.2471 0.1298
4 -3.9558 3.9688
7 4.7165 3.5500
2 -4.6992 9.4158
5 -3.7083 2.6504
3 22.2896 -5.8953
3 -7.9050 8.1375
3 17.5080 -6.3740
4 -3.9558 3.9688
7 4.7165 3.5500
1 4.2854 0.6479
9 -3.1961 -1.4273
6 6.8150 -6.9013
8 6.2471 0.1298
4 6.3618 6.2967
2 -4.6992 9.4158
9 3.5938 -1.4348
5 -7.6847 -8.2459
4 -4.6172 -0.3510
5 -7.6847 -8.2459
5 1.7238 -9.4382
8 -4.7565 1.0391
9 -8.9744 -3.3531
10 3.3538 -8.3163
5 9.3128 -2.6493
1 -7.7965 12.7804
5 -9.4095 -7.7057
5 -7.6847 -8.2459
7 4.7165 3.5500
8 6.2471 0.1298
2 -4.6992 9.4158
8 6.2471 0.1298
8 6.2471 0.1298
4 -3.9558 3.9688
8 6.2471 0.1298
10 3.3538 -8.3163
1 -7.7965 8.3830
10 3.3538 -8.3163
6 6.2471 0.1298
1 -7.7965 8.3830
4 -7.3562 6.8355
8 9.7425 -3.1480
3 -4.3264 -1.0692
10 3.3538 -8.3163
