10 100
P -6.459093 -2.970456 -2.536276 -1.639388
Z 1 -0.921509 -2.746068 -3.513982 -6.411918
K -3.401704 9.196255 4.217704
P -3.176383 -7.780956 0.362999 -5.197977
K 9.212327 6.468413 3.348313
P -1.748750 -5.430380 1.710083 -1.954255
Z 5 9.212327 6.468413 8.385473 7.030829
Z 3 5.455657 -9.395027 -0.467453 -9.371727
Z 4 -5.816211 9.787888 -2.898626 -4.152278
Z 3 -1.713467 5.331169 -0.797072 5.731443
4 -4.422283 -6.567587
7 1.366097 2.087705
8 -3.547692 -27.916049
5 8.658797 6.447281
6 1.710083 -1.954255
3 -3.401704 9.196255
3 8.557612 -2.134091
10 -3.401704 9.196255
8 -7.872066 -0.246880
8 -3.401704 9.196255
2 2.050076 0.955603
10 -3.828846 9.628357
7 9.212327 6.468413
2 -0.594998 -4.343319
4 0.362999 -7.780956
10 -3.401704 9.196255
10 -0.025231 1.466084
4 -6.700231 9.463426
7 9.212327 6.468413
6 1.710083 -5.430380
2 -0.594998 -4.343319
4 0.362999 -7.780956
1 -4.666592 6.554609
4 1.866161 -7.551782
4 0.362999 -7.780956
3 -3.401704 9.196255
6 -1.748750 -5.430380
9 8.404950 5.732024
9 6.764702 1.524240
7 -3.264438 -0.882078
10 -3.401704 9.196255
7 9.212327 6.468413
7 9.212327 6.468413
5 9.212327 6.468413
8 -3.401704 9.196255
3 -1.730497 9.046635
7 9.212327 6.468413
7 -5.091918 -8.153986
2 -6.459093 -2.970456
3 -3.401704 9.196255
3 -5.961155 5.216510
8 -8.050641 -6.838342
2 0.659998 -3.899778
7 -2.228074 2.212466
5 2.025101 -6.436636
5 -1.904890 9.890033
5 9.177032 -9.658651
10 -3.401704 9.196255
6 1.710083 -1.954255
4 8.659523 0.734775
2 -2.536276 -2.970456
6 -8.811406 1.517804
4 -3.176383 -5.197977
2 0.659998 -3.899778
10 -3.401704 9.196255
10 -3.401704 9.196255
3 2.054660 1.744345
2 0.659998 -3.899778
1 5.101533 7.500859
10 -0.231796 0.353638
10 -0.025231 1.466084
3 -3.401704 9.196255
10 -0.025231 1.466084
8 -3.547692 -27.916049
4 -3.176383 -5.197977
1 -2.536276 -2.970456
5 9.212327 6.468413
1 -6.459093 -2.970456
9 1.629038 -1.303827
5 9.212327 6.468413
1 -6.459093 -1.639388
5 9.212327 6.468413
9 6.466221 8.347513
4 0.362999 -5.197977
7 1.920401 -1.161351
7 9.212327 6.468413
6 -2.856724 -4.136245
2 -6.459093 -2.970456
1 -6.459093 -1.639388
10 -0.025231 1.466084
6 -1.748750 -5.430380
10 5.791522 -0.933828
8 8.993603 -5.985874
9 -1.189007 -7.365012
9 -5.467153 -6.418189
2 0.002105 4.363415
8 -3.401704 9.196255
9 -4.431324 -8.784377
2 -6.459093 -2.970456
8 0.446109 5.539045
8 -3.401704 9.196255
8 -3.547692 -27.916049
10 6.377665 4.216303
8 7.538617 2.066705
3 1.847293 -0.728044
3 -2.907502 3.150113
7 2.161324 5.307247
10 3.664111 -8.958248
2 -0.594998 -4.343319
6 -1.748750 -1.954255
