10 100
K -9.689981 -2.945483 3.491351
Z 1 -9.787056 -6.435484 -8.787442 -6.463289
K -1.241794 -5.672092 4.938016
P -1.395144 -0.659079 2.471559 2.300012
P 8.207304 -6.600325 9.843520 -5.419253
K -3.394327 -8.324237 2.867233
P -2.066667 -0.927916 2.081369 2.926775
Z 2 -6.271491 -1.648045 2.503019 -3.423752
Z 5 3.547324 -5.406103 7.853338 0.111861
P -2.710929 7.362120 2.086321 11.345581
1 -7.234754 -7.965550
4 2.471559 2.300012
2 -9.689981 -2.945483
3 -1.241794 -5.672092
5 8.207304 -6.600325
9 8.207304 -6.600325
6 3.927641 -0.059365
2 -1.211889 5.968276
5 8.207304 -6.600325
3 -6.911823 0.444985
5 4.389448 -6.187184
10 -6.879310 5.510154
4 -1.395144 2.300012
2 6.489402 3.401995
10 -2.710929 7.362120
3 -1.241794 -5.672092
9 0.858716 0.411083
7 -2.066667 -0.927916
5 -2.962401 4.663080
6 -5.142305 5.405528
8 -9.689981 -2.945483
1 -9.689981 -2.945483
7 2.081369 2.926775
1 0.025765 1.018619
7 2.081369 2.926775
1 -5.595588 -4.717847
5 8.207304 -6.600325
9 8.207304 -6.600325
4 2.471559 -0.659079
8 -9.689981 -2.945483
2 -9.689981 -2.945483
1 -9.689981 -2.945483
1 -6.757403 -6.542842
9 0.858716 0.411083
6 -3.394327 -8.324237
3 -1.241794 -5.672092
4 2.471559 2.300012
9 0.858716 0.411083
7 2.081369 2.926775
4 -0.861259 -4.992099
9 3.111315 -9.609957
6 -5.831094 -3.527087
8 -6.381445 7.382741
5 8.207304 -5.419253
5 8.207304 -6.600325
9 1.256373 -1.176076
4 -1.395144 2.300012
7 6.060511 -8.373478
2 1.949588 -7.804409
1 1.561389 0.406008
5 8.207304 -5.419253
9 0.858716 0.411083
4 7.098703 0.827609
7 2.081369 2.926775
8 7.465004 9.054205
3 -1.241794 -5.672092
8 -9.884130 -9.925485
9 2.004377 0.698123
6 -6.499654 7.688948
2 -9.689981 -2.945483
2 -9.689981 -2.945483
2 5.289669 2.008448
7 -2.066667 -0.927916
2 -9.884130 -9.925485
8 -8.916527 0.876476
7 2.081369 2.926775
3 -1.241794 -5.672092
4 2.471559 -0.659079
10 -2.710929 11.345581
7 -2.066667 -0.927916
2 -9.689981 -2.945483
7 -7.653929 -3.488668
3 8.092657 9.407644
2 -9.884130 -9.925485
2 -9.689981 -2.945483
6 -3.394327 -8.324237
5 8.207304 -5.419253
4 -7.193542 -0.740963
8 -8.916527 0.876476
8 -8.916527 0.876476
2 -6.488399 9.717103
2 -9.884130 -9.925485
7 -2.066667 -0.927916
2 5.912668 4.720224
7 2.081369 -0.927916
9 0.858716 0.411083
2 -9.689981 -2.945483
5 9.843520 -6.600325
6 -5.271311 9.436237
1 -9.689981 -2.945483
10 5.135513 1.771674
7 -2.066667 -0.927916
3 -1.241794 -5.672092
7 -2.066667 2.926775
9 -6.570043 -7.854475
6 -7.483805 -9.487852
6 2.109215 -3.790399
5 7.037874 -0.475921
4 2.471559 -0.659079
7 -2.066667 2.926775
