10 100
K -3.068846 3.785197 1.473379
Z 1 -3.068846 3.785197 -3.819683 4.445684
P -3.968133 -3.123018 0.257698 1.300932
Z 3 3.218559 -5.849601 3.404260 8.518741
Z 3 -3.968133 1.300932 -3.897109 2.298406
K -2.846831 -7.539812 2.771838
Z 5 8.040804 2.694627 -8.371347 4.623780
Z 1 -3.443000 5.210278 -4.410219 4.956334
K -2.268719 -8.958079 2.819589
Z 8 7.523556 -1.590104 3.267470 -4.303184
7 -2.0753 -2.1683
3 -4.4695 -7.1490
2 -3.0688 3.7852
3 3.3421 -1.8198
3 -2.1316 -5.8243
2 -8.1812 -7.7865
7 -2.3353 2.7047
7 -3.9681 1.3009
9 -2.2687 -8.9581
9 5.8380 -4.4089
2 -3.0688 3.7852
2 -3.0688 3.7852
1 -3.0688 3.7852
10 8.8305 -5.9663
10 10.1932 -15.3430
4 0.2577 1.3009
5 -3.9681 1.3009
8 -3.0688 3.7852
7 0.7930 5.8551
10 4.1139 -7.3180
6 1.8687 -0.2834
8 -2.1582 8.4189
4 -3.5443 -6.3310
9 -2.2687 -8.9581
4 3.5834 -5.7777
2 -3.0688 3.7852
4 0.2577 -3.1230
10 0.3292 0.7196
4 -3.9681 1.3009
7 -3.9681 1.3009
8 -3.8172 6.6354
4 10.4733 -3.3097
6 -2.8468 -7.5398
10 8.1726 -7.2268
1 -3.0688 3.7852
10 -3.8172 6.6354
3 -3.9681 1.3009
4 -2.2298 -5.9795
6 -2.8468 -7.5398
5 9.9773 -4.5772
6 5.4399 -8.8194
5 -3.9681 1.3009
4 5.5854 -1.3853
5 -8.1513 1.8997
10 -3.8172 6.6354
4 6.3632 1.2220
9 -2.2687 -8.9581
5 0.9553 -1.7030
6 -2.8468 -7.5398
7 2.4716 -4.0007
5 -3.2726 3.8565
9 -2.2687 -8.9581
6 -0.7118 0.8587
9 -2.2687 -8.9581
10 7.0899 -4.9703
2 2.1881 5.4669
10 -3.8172 6.6354
3 -0.6316 -7.0036
9 -2.2687 -8.9581
10 10.1932 -15.3430
1 -3.0688 3.7852
7 -3.3176 6.8350
1 -8.3607 4.8557
7 -0.8063 0.2073
1 -3.0688 3.7852
6 -2.8468 -7.5398
10 7.9253 -13.4616
3 0.2577 -3.1230
2 -3.0688 3.7852
2 5.9324 6.7575
6 -2.8468 -7.5398
6 5.6865 -7.8915
4 6.2489 -3.2004
5 -8.5131 3.4282
5 0.2577 1.3009
6 4.4605 0.6915
5 -9.0670 -3.7616
1 -3.0688 3.7852
8 -3.0688 3.7852
3 -3.9681 -3.1230
9 -2.2687 -8.9581
3 8.9924 0.4585
8 3.1044 -0.5378
1 5.7783 5.4517
2 -9.0997 -0.3830
10 3.7414 -7.8455
2 -3.9632 5.9224
2 -3.0688 3.7852
7 -3.3176 6.8350
8 -3.8172 6.6354
3 0.2577 -3.1230
8 -3.8172 6.6354
6 -2.8468 -7.5398
3 0.2577 -3.1230
6 -2.8468 -7.5398
9 -2.2687 -8.9581
9 -2.2687 -8.9581
3 0.2577 1.3009
4 0.2577 -3.1230
1 -3.0688 3.7852
