10 100
K -7.617603 9.648681 2.121577
K 0.028100 4.163476 4.537981
K 1.933326 0.484601 4.608236
P -6.856019 9.486936 -3.482632 12.574552
Z 4 8.196420 -1.154594 3.999303 6.065189
Z 4 -2.822093 9.567945 7.533994 -4.332806
K 3.303088 5.470613 3.386034
K 7.188074 -0.302604 2.623989
K -9.799771 1.535339 1.317550
Z 9 2.719263 -0.174196 -4.015943 5.926993
5 -7.597197 -7.863718
7 3.303088 5.470613
9 8.579488 9.772343
7 3.303088 5.470613
4 9.908635 -6.776551
2 -0.855158 9.217671
2 0.028100 4.163476
4 -6.856019 12.574552
9 -9.799771 1.535339
10 -0.215624 12.115440
10 -1.133635 -3.565446
8 7.188074 -0.302604
5 6.397289 17.191555
1 -7.617603 9.648681
10 -9.799771 1.535339
2 0.028100 4.163476
9 0.917382 -3.211136
8 6.160214 -1.764822
8 7.188074 -0.302604
3 1.933326 0.484601
10 -0.215624 12.115440
9 4.253329 -6.767159
9 -9.799771 1.535339
4 -6.856019 9.486936
10 -9.799771 1.535339
10 -9.799771 1.535339
2 0.933077 8.877387
3 -6.260694 -9.512359
1 -7.617603 9.648681
8 -5.588299 -4.671574
4 3.911091 9.355002
5 6.397289 17.191555
6 -8.059720 1.587095
5 -8.369127 1.043933
4 5.463204 4.347127
3 -5.836201 8.026836
4 -6.856019 9.486936
9 -9.799771 1.535339
8 -8.794886 -5.717027
9 -9.799771 1.535339
2 0.028100 4.163476
9 -9.799771 1.535339
9 -9.799771 1.535339
8 0.043215 8.549318
9 -3.779099 -9.103969
3 6.197165 7.946309
10 -0.215624 12.115440
8 7.188074 -0.302604
4 6.731970 3.220807
5 -3.482632 12.574552
4 -6.856019 12.574552
7 3.303088 5.470613
9 -9.300683 -3.472822
1 -7.617603 9.648681
3 1.933326 0.484601
10 -8.424225 -6.286233
2 0.028100 4.163476
2 0.028100 4.163476
3 1.480461 -0.338934
4 -6.856019 9.486936
9 4.116850 -4.428458
3 1.933326 0.484601
9 -1.524409 3.458924
2 0.028100 4.163476
9 -2.122449 0.258206
8 7.188074 -0.302604
7 3.303088 5.470613
10 2.848204 -3.656041
9 -9.799771 1.535339
10 -0.215624 12.115440
3 1.933326 0.484601
5 -0.476307 -2.262370
4 -6.856019 12.574552
9 -9.799771 1.535339
9 -9.799771 1.535339
3 1.933326 0.484601
6 -3.482632 9.486936
10 -2.859088 -1.124776
5 -6.856019 9.486936
1 -5.445371 -6.485277
10 -9.799771 1.535339
8 7.188074 -0.302604
4 -6.856019 9.486936
9 -9.799771 1.535339
6 -8.210640 -1.333794
10 1.547308 7.292160
9 -9.799771 1.535339
9 -7.620304 -7.331127
9 -9.799771 1.535339
9 -9.799771 1.535339
7 3.303088 5.470613
5 -3.482632 9.486936
2 0.028100 4.163476
6 -2.555457 10.177682
9 -9.799771 1.535339
6 -3.694337 5.997594
8 2.091486 -4.777125
4 -6.856019 12.574552
7 1.616525 -8.897482
10 -0.215624 12.115440
