10 100
K 5.594956 5.673193 3.393454
Z 1 -5.026113 1.915303 -4.115882 7.472523
Z 1 3.407178 8.267254 2.642747 7.622549
K 7.827050 -8.579634 2.141246
P 7.965075 9.773341 11.812182 13.608165
P 2.430661 9.426781 4.879855 14.111627
Z 6 4.879855 9.426781 4.268367 8.635527
K 2.066125 -8.945183 2.447438
Z 4 -1.997309 -3.429633 4.154985 -5.601166
K -9.524940 2.398679 1.212835
3 -1.039505 8.152266
8 2.066125 -8.945183
10 -9.524940 2.398679
6 4.879855 9.426781
10 -9.524940 2.398679
8 2.066125 -8.945183
10 -9.524940 2.398679
7 -7.191599 -1.244955
1 5.594956 5.673193
6 2.430661 14.111627
4 7.827050 -8.579634
8 2.066125 -8.945183
4 6.154713 -3.154135
4 7.827050 -8.579634
5 11.812182 9.773341
4 7.827050 -8.579634
7 -3.808307 0.237949
9 8.883108 -5.587655
6 4.879855 9.426781
7 4.879855 14.111627
8 2.066125 -8.945183
1 5.594956 5.673193
3 1.219400 10.861316
3 6.517807 8.232773
5 7.576118 2.079856
5 7.965075 13.608165
4 7.827050 -8.579634
7 -7.312476 3.111804
8 2.066125 -8.945183
4 -0.400960 1.478463
6 8.952698 -5.038860
5 11.812182 13.608165
7 -6.322115 2.797083
5 11.812182 9.773341
7 9.413305 10.608141
9 7.827050 -8.579634
5 11.812182 9.773341
2 4.011392 8.274600
3 5.594956 5.673193
8 2.066125 -8.945183
3 1.219400 10.861316
3 5.594956 5.673193
3 0.459549 -3.100498
6 -3.679121 3.687603
6 9.264078 -5.875199
9 7.827050 -8.579634
4 -7.325688 -3.009392
9 8.883108 -5.587655
2 5.594956 5.673193
10 -9.036029 -1.228614
7 -8.051103 -5.515609
3 -1.089626 -2.897078
4 -9.556672 0.243233
4 7.827050 -8.579634
1 5.594956 5.673193
5 3.838385 8.934388
1 5.594956 5.673193
1 5.594956 5.673193
4 7.827050 -8.579634
2 -13.893321 8.865229
4 7.827050 -8.579634
4 7.827050 -8.579634
1 9.480216 8.179132
6 2.430661 9.426781
10 -9.524940 2.398679
8 4.266089 9.352474
1 0.067772 -6.696524
2 6.396663 -6.051047
2 5.594956 5.673193
10 -9.524940 2.398679
10 -9.524940 2.398679
5 3.449831 0.477869
9 7.827050 -8.579634
5 7.965075 13.608165
1 5.594956 5.673193
8 2.066125 -8.945183
8 -9.908275 2.191292
2 -13.893321 8.865229
6 4.879855 14.111627
2 -5.929543 -8.461441
7 9.413305 10.608141
8 2.066125 -8.945183
7 -3.388840 1.926585
2 -13.893321 8.865229
8 2.066125 -8.945183
5 7.965075 9.773341
3 1.219400 10.861316
4 7.827050 -8.579634
6 8.729829 -4.463452
9 7.827050 -8.579634
5 11.812182 9.773341
2 -13.893321 8.865229
1 5.594956 5.673193
1 5.594956 5.673193
1 5.594956 5.673193
4 7.827050 -8.579634
7 4.879855 9.426781
1 -9.193601 5.711921
2 -13.893321 8.865229
8 2.066125 -8.945183
