10 100
P 6.027407 5.003421 8.160271 6.267998
P 1.527552 9.688930 2.757197 13.744420
P -3.556255 -2.432335 0.076231 0.150460
P 2.568919 7.841885 6.464690 9.792045
K 5.240598 -7.784801 2.471017
Z 4 6.464690 9.792045 5.766659 10.508113
K 2.764914 -2.525695 1.010894
P 9.489337 4.020230 12.079421 5.237242
P 7.086816 7.044358 8.755994 8.398737
Z 4 -7.698348 3.653531 1.827384 1.701204
7 3.640330 -0.226524
3 -3.556255 -2.432335
6 2.568919 7.841885
2 2.757197 13.744420
6 6.464690 9.792045
2 1.527552 9.688930
5 5.240598 -7.784801
4 6.464690 7.841885
8 3.056053 -4.264108
1 8.160271 6.267998
4 -6.216293 4.410993
5 2.885681 -3.775671
4 2.568919 7.841885
2 9.228714 9.803480
5 5.240598 -7.784801
8 -4.985095 -2.059616
10 3.675178 -5.768617
4 2.568919 9.792045
1 -9.177674 5.876544
7 2.764914 -2.525695
1 6.027407 5.003421
6 -8.818348 7.684926
4 2.568919 7.841885
5 5.240598 -7.784801
10 -0.673654 -6.029021
6 -0.602215 4.767187
3 -6.870774 8.310809
5 5.240598 -7.784801
8 12.079421 4.020230
2 1.527552 13.744420
5 5.240598 -7.784801
5 5.483304 -6.027392
4 6.464690 9.792045
3 -3.556255 0.150460
10 3.675178 -5.768617
4 6.464690 9.792045
6 8.513581 13.636807
2 1.527552 13.744420
3 0.076231 0.150460
9 7.086816 7.044358
5 -8.854046 -7.902214
5 5.240598 -7.784801
9 7.086816 8.398737
10 7.755215 -4.983870
10 2.908021 -7.561545
10 2.568919 9.792045
5 -6.187147 -6.838010
1 -5.105978 5.972672
9 7.086816 7.044358
6 2.568919 7.841885
8 1.238661 -9.608556
10 -5.395789 -8.691480
2 2.757197 9.688930
5 -7.723637 8.020109
2 -7.947643 -3.656382
1 6.027407 5.003421
4 6.464690 9.792045
9 0.385593 -7.555213
1 8.160271 6.267998
6 -2.940382 8.986157
4 6.464690 7.841885
7 2.764914 -2.525695
4 7.993839 8.566818
10 -0.673654 -6.029021
3 -3.556255 0.150460
9 -8.166207 8.473877
3 -3.556255 -2.432335
3 -3.556255 -2.432335
9 -2.740534 -3.388679
9 7.086816 8.398737
4 2.568919 7.841885
7 2.764914 -2.525695
6 7.166603 -3.687146
5 5.240598 -7.784801
4 2.568919 7.841885
4 6.464690 9.792045
9 8.755994 7.044358
2 1.527552 9.688930
9 8.755994 8.398737
9 7.086816 8.398737
3 0.715164 -6.534904
4 0.764284 -2.011558
6 1.193500 8.831822
10 -0.673654 -6.029021
5 -4.663042 -1.385317
9 5.900924 -1.183370
7 2.764914 -2.525695
2 -3.891925 -2.545554
9 5.343416 5.704443
6 2.568919 9.792045
9 7.086816 8.398737
8 9.489337 5.237242
6 6.464690 9.792045
4 -6.388353 -0.940691
3 -5.715335 -1.252628
2 2.757197 9.688930
9 8.755994 7.044358
3 0.076231 0.150460
9 7.086816 8.398737
2 -8.479058 -9.035806
