10 100
P 9.977862 4.422950 14.929359 7.868774
P -9.754875 1.011279 -7.127130 4.398143
K -9.656981 2.644438 2.094478
Z 3 -9.656981 2.644438 -10.191922 1.799548
K -3.315869 6.488332 2.103818
K -9.788604 -7.271845 1.777718
K 3.276228 2.636993 4.737465
K -3.887844 -7.921073 1.021692
P 8.921990 -5.593742 13.109784 -4.315815
K -3.731953 -9.994825 4.732052
6 -9.7886 -7.2718
3 -6.7731 4.0138
9 2.8617 9.3058
5 -3.3159 6.4883
5 -8.8001 1.6695
7 3.2762 2.6370
3 3.2706 -6.1489
9 13.1098 -5.5937
1 14.9294 7.8688
3 -9.6570 2.6444
3 -9.6570 2.6444
10 -6.5645 -6.8800
9 8.9220 -4.3158
1 1.4964 7.9673
3 -5.3951 -2.2527
3 -9.6570 2.6444
10 -3.7320 -9.9948
4 -9.6570 2.6444
6 -9.7886 -7.2718
10 1.9119 4.6291
6 -9.7886 -7.2718
4 -9.6570 2.6444
8 -3.8878 -7.9211
3 -9.6570 2.6444
6 -0.2969 -8.0437
9 8.9220 -4.3158
8 -3.8878 -7.9211
10 -3.7320 -9.9948
4 -9.6570 2.6444
9 -1.0772 7.2402
6 8.5440 -1.4721
2 5.8476 -2.4394
9 13.1098 -4.3158
8 -3.8878 -7.9211
10 -6.7197 -9.3777
7 3.2762 2.6370
8 -3.8878 -7.9211
1 8.8426 -0.5257
3 -9.6570 2.6444
1 -8.1040 8.0110
8 -3.8878 -7.9211
1 14.9294 7.8688
7 3.2762 2.6370
2 -7.1271 4.3981
6 -9.7886 -7.2718
2 -7.1271 1.0113
2 1.5207 4.7441
8 -3.8878 -7.9211
9 -0.6926 4.6550
1 -7.3547 3.7875
5 -3.3159 6.4883
3 -5.5099 0.4382
1 14.9294 4.4230
8 -3.8878 -7.9211
10 -3.7320 -9.9948
2 -7.1271 1.0113
10 -3.7320 -9.9948
8 -3.8878 -7.9211
2 0.3114 -2.7914
4 -9.6570 2.6444
10 -3.7320 -9.9948
9 -2.3158 -6.5937
6 -9.7886 -7.2718
10 -3.7320 -9.9948
7 -3.7283 -3.8916
10 -7.7209 5.0908
3 -9.6570 2.6444
7 0.2441 -0.3058
1 14.9294 7.8688
2 -7.1271 1.0113
1 9.9779 4.4230
3 -9.6570 2.6444
8 -3.8878 -7.9211
10 -3.7320 -9.9948
1 14.9294 4.4230
7 3.2762 2.6370
1 9.9779 4.4230
2 -9.7549 4.3981
3 -9.6570 2.6444
9 13.1098 -5.5937
2 -9.7549 4.3981
7 3.2762 2.6370
10 -3.7320 -9.9948
9 8.9220 -5.5937
5 -3.3159 6.4883
5 1.2475 -6.7819
9 13.1098 -4.3158
6 0.5556 -2.0246
7 6.5888 -4.3561
8 -7.2579 -7.9914
5 -3.3159 6.4883
6 -9.7886 -7.2718
1 14.9294 4.4230
9 13.1098 -5.5937
4 -9.6570 2.6444
2 -9.7549 4.3981
3 4.5110 -9.0683
9 8.9220 -5.5937
5 -3.3159 6.4883
7 3.2762 2.6370
