10 100
K 5.037387 1.152528 2.900428
P 9.535334 0.752199 11.026956 4.155172
K -0.696068 5.753482 4.776917
P -9.849344 5.469688 -7.836450 6.994909
P 9.047093 8.180612 10.159338 11.936778
K 3.202682 4.428672 2.102287
P 8.841187 9.128875 11.099555 12.383889
K 7.758502 -2.016562 2.069464
K -9.030979 -5.012164 1.468624
Z 5 1.108738 -7.822414 8.559399 9.340599
5 5.256761 7.254082
10 9.363500 12.282260
1 5.037387 1.152528
1 4.650463 -7.958757
10 7.378944 8.904774
7 8.841187 12.383889
8 7.758502 -2.016562
8 6.509222 1.588112
3 -0.696068 5.753482
3 -0.696068 5.753482
6 3.202682 4.428672
8 7.758502 -2.016562
4 -9.849344 6.994909
4 -7.836450 6.994909
7 8.841187 9.128875
9 5.793189 -2.406330
6 3.202682 4.428672
4 0.939071 9.845793
7 -2.859435 -7.886687
5 -5.007309 3.601002
7 -1.362645 8.993607
7 8.841187 9.128875
5 10.159338 11.936778
3 -2.265006 8.159230
6 8.788533 -9.851977
9 -9.030979 -5.012164
5 9.047093 8.180612
4 -7.836450 6.994909
7 0.732053 -8.436329
5 10.159338 11.936778
9 -3.352263 -3.082213
4 -5.429739 -7.954498
5 10.159338 8.180612
9 -9.030979 -5.012164
7 -3.701186 -9.288925
6 2.116120 6.764391
7 8.841187 9.128875
7 1.775230 8.522489
6 3.202682 4.428672
6 3.202682 4.428672
9 -9.030979 -5.012164
5 9.047093 11.936778
6 -1.466153 4.564960
7 8.237274 -8.774856
9 -6.511909 7.340353
1 -9.771003 6.951580
8 7.758502 -2.016562
9 -9.030979 -5.012164
3 -0.696068 5.753482
10 10.159338 11.936778
7 11.099555 9.128875
5 10.159338 8.180612
8 -6.039649 -6.246256
2 9.369104 8.097079
9 -9.030979 -5.012164
7 8.841187 12.383889
4 8.283153 -1.373580
5 9.047093 11.936778
4 -1.427904 -7.784844
7 0.098694 -5.544450
8 7.758502 -2.016562
1 5.037387 1.152528
4 -9.849344 6.994909
3 -0.696068 5.753482
8 3.813038 -6.898383
10 -5.791280 3.543951
8 -5.705974 -4.567370
6 1.886930 4.187955
6 3.202682 4.428672
9 -9.030979 -5.012164
10 9.363500 12.282260
3 -0.696068 5.753482
1 5.037387 1.152528
8 0.618356 8.055239
7 -2.942442 0.069766
9 -9.030979 -5.012164
4 -7.836450 6.994909
7 8.841187 9.128875
7 -7.166465 0.376586
8 7.758502 -2.016562
5 -6.051851 9.032397
2 11.026956 4.155172
1 9.983421 -5.072775
10 9.047093 8.180612
3 -0.696068 5.753482
1 5.037387 1.152528
4 1.871794 1.689262
10 6.619436 9.717324
4 -9.849344 5.469688
3 -0.696068 5.753482
8 7.758502 -2.016562
7 11.099555 9.128875
3 -8.628598 -6.576192
1 5.037387 1.152528
9 -9.030979 -5.012164
6 -3.940314 0.541142
5 10.159338 8.180612
9 -9.030979 -5.012164
3 -0.696068 5.753482
4 -7.836450 6.994909
