10 100
P 5.358045 3.344849 9.837405 7.008342
K -3.481572 7.276704 2.105686
Z 2 -3.481572 7.276704 -4.262139 7.901776
Z 1 7.135613 5.745062 -7.737191 2.155556
Z 4 6.129942 3.810057 7.117314 3.968472
P -0.429063 -6.731225 4.100155 -2.939681
K 0.303610 9.617174 4.777006
K 7.222788 -7.849449 4.799208
P -8.759201 -1.685628 -5.581764 1.368321
Z 7 0.303610 9.617174 -0.649750 9.315340
3 -9.982041 -1.681842
3 -3.481572 7.276704
3 -3.481572 7.276704
10 -2.268447 6.943365
10 0.303610 9.617174
8 0.184820 -6.703379
2 -3.481572 7.276704
7 0.303610 9.617174
1 5.358045 3.344849
6 -0.429063 -6.731225
7 0.303610 9.617174
5 8.445181 9.113406
3 5.073224 7.444856
9 -5.581764 -1.685628
1 5.358045 7.008342
9 -5.581764 1.368321
1 -1.206732 -3.413300
7 0.303610 9.617174
5 -6.465363 2.983852
10 5.495392 9.765080
3 1.509559 4.367772
4 -8.558830 -9.493146
1 6.085495 -0.090193
6 -4.862328 -9.128049
3 -3.481572 7.276704
6 -0.429063 -6.731225
1 5.358045 3.344849
2 -3.481572 7.276704
5 9.640021 -7.092075
3 6.706221 -0.319884
10 9.109794 -8.248420
4 4.458929 7.070256
7 0.303610 9.617174
6 -0.429063 -2.939681
10 0.303610 9.617174
1 9.837405 7.008342
10 5.235776 -4.182177
10 0.303610 9.617174
3 -4.990959 1.109110
5 8.525317 5.544849
5 5.077631 9.955169
3 -3.481572 7.276704
4 8.721543 -8.981204
4 9.837405 7.008342
7 0.303610 9.617174
1 9.837405 3.344849
3 -3.481572 7.276704
7 -2.150932 -0.832927
5 10.116194 5.853206
6 -0.429063 -2.939681
8 7.222788 -7.849449
2 -3.481572 7.276704
7 1.290946 7.030093
1 6.934106 -5.331293
10 0.303610 9.617174
4 6.129942 3.810057
1 3.565126 -6.600936
1 -1.939410 5.539087
1 9.837405 7.008342
3 3.987802 3.743685
7 -6.494933 5.026283
1 9.837405 3.344849
9 4.575637 1.953806
6 4.511553 -5.675110
2 -3.481572 7.276704
10 0.303610 9.617174
9 0.498261 -1.460942
4 5.358045 7.008342
4 10.116194 5.853206
3 -3.481572 7.276704
10 0.303610 9.617174
3 -2.631627 0.178991
10 0.303610 9.617174
9 5.259879 4.647702
10 7.367061 -7.733103
9 -5.581764 1.368321
2 -3.481572 7.276704
1 8.571830 1.019270
2 -3.481572 7.276704
6 -0.429063 -2.939681
8 2.743091 9.011646
6 -0.429063 -6.731225
8 7.222788 -7.849449
9 -8.759201 -1.685628
5 6.129942 3.810057
1 2.714778 -2.463606
1 0.306071 -8.690822
10 0.303610 9.617174
9 -5.581764 -1.685628
6 -8.311902 0.419713
1 -2.068991 -6.401088
5 9.837405 3.344849
6 -0.429063 -6.731225
2 8.617168 -2.427626
4 -3.886819 3.025688
9 -8.759201 1.368321
10 -7.798008 -2.503791
6 -0.429063 -6.731225
7 0.303610 9.617174
8 -8.557967 3.317510
