10 100
K -0.035608 -5.372857 3.988742
Z 1 -0.035608 -5.372857 -0.078673 -6.371929
K -6.872008 8.345954 3.461613
P -9.595341 2.103599 -5.287697 6.645445
K 4.286919 -4.040822 1.383706
K 2.946626 -9.096820 1.307742
Z 4 -5.287697 2.103599 -4.287772 2.091336
Z 1 -0.035608 -5.372857 0.960681 -5.286782
P -5.378261 -6.506019 -4.233576 -4.996753
Z 4 -5.486453 9.986119 -9.687860 -2.700980
8 -0.0356 -5.3729
6 2.9466 -9.0968
3 -6.8720 8.3460
7 -5.2877 2.1036
3 -6.8720 8.3460
4 -5.2877 2.1036
3 -6.8720 8.3460
7 -5.2877 2.1036
9 -4.2336 -4.9968
9 -2.2199 8.5853
10 -4.1836 4.8533
8 4.3137 -6.0186
5 4.2869 -4.0408
10 -5.2877 6.6454
9 9.1041 -2.2717
3 -6.8720 8.3460
6 2.9466 -9.0968
1 1.5929 -8.3256
4 -6.0296 -2.3263
6 2.9466 -9.0968
5 4.2869 -4.0408
4 4.4450 -7.2015
1 -0.0356 -5.3729
2 -0.0356 -5.3729
3 -6.8720 8.3460
8 -0.0356 -5.3729
5 4.2365 -2.1456
4 -9.5953 6.6454
2 -0.0356 -5.3729
2 -0.0356 -5.3729
7 -5.2877 2.1036
5 4.2869 -4.0408
9 8.6558 7.7773
10 4.2446 -6.0355
9 -5.3783 -6.5060
3 7.6507 1.4215
8 1.9539 -0.4914
4 -5.2877 6.6454
10 -3.5115 2.8500
5 1.9400 -3.8820
4 6.7520 6.9177
4 -5.2877 2.1036
7 4.1434 3.3756
6 -2.8951 -0.8770
9 -5.3783 -6.5060
5 -3.4349 -1.8952
1 -9.8575 4.2635
2 -0.0356 -5.3729
10 -5.2877 2.1036
5 4.2869 -4.0408
10 -10.3507 3.7802
2 -0.0356 -5.3729
6 2.9466 -9.0968
4 -5.2877 2.1036
7 -5.2877 2.1036
1 -0.0356 -5.3729
1 -0.0356 -5.3729
10 3.8576 -0.5144
3 -0.1235 4.4371
6 2.9466 -9.0968
9 -1.7154 -7.9968
8 9.8799 7.9471
9 -5.1182 -8.1895
8 -0.0356 -5.3729
8 -2.0297 -3.8845
5 4.2869 -4.0408
1 -0.0356 -5.3729
4 6.2262 6.2148
9 -5.3783 -4.9968
9 -4.2336 -4.9968
5 4.2869 -4.0408
3 -6.8720 8.3460
1 3.0406 8.2332
8 -0.0356 -5.3729
10 -5.2877 2.1036
2 -0.0356 -5.3729
4 -5.2877 6.6454
8 -0.0356 -5.3729
6 1.0398 -8.4903
2 3.8008 -1.1424
9 -4.2336 -6.5060
8 -0.0356 -5.3729
3 1.6939 -4.6368
1 -0.0356 -5.3729
10 -9.5953 2.1036
5 4.2869 -4.0408
5 4.2869 -4.0408
9 -6.5114 1.8477
5 4.2869 -4.0408
2 5.4897 -5.2373
8 -0.0356 -5.3729
4 0.2574 -7.9598
1 -0.0356 -5.3729
6 2.9466 -9.0968
1 -0.0356 -5.3729
1 -1.2167 -9.1091
5 4.2869 -4.0408
3 -6.8720 8.3460
6 2.9466 -9.0968
10 -9.5953 6.6454
