10 100
P 2.565059 -0.735763 6.471496 1.553851
Z 1 2.565059 1.553851 2.193262 2.482165
Z 2 1.319107 -2.799330 1.355009 -3.798685
K 9.195070 -2.341845 4.208754
P -2.726977 4.161458 0.290842 8.176356
K 1.474727 -7.124269 1.898256
P -6.921903 0.159236 -4.235506 4.417799
Z 7 -6.921903 0.159236 -6.261159 0.909848
P -2.139294 9.332508 1.144995 12.450968
P -8.389560 -4.026921 -7.068823 -1.088305
9 1.144995 9.332508
3 4.145551 -0.102765
8 -4.235506 0.159236
8 -6.921903 0.159236
7 -4.235506 0.159236
7 -4.742221 7.559092
7 0.261189 -8.112089
9 -2.139294 12.450968
3 2.565059 1.553851
9 -2.139294 9.332508
9 1.144995 9.332508
6 1.474727 -7.124269
1 6.471496 -0.735763
2 -8.780402 -8.859299
1 6.471496 1.553851
8 -6.921903 4.417799
2 6.471496 -0.735763
1 2.565059 -0.735763
6 1.474727 -7.124269
4 9.195070 -2.341845
5 0.290842 4.161458
4 9.195070 -2.341845
8 -3.038466 3.364076
9 1.144995 9.332508
2 -2.730025 -1.029220
5 -2.726977 4.161458
7 3.351634 9.449216
5 0.290842 8.176356
1 6.471496 1.553851
7 6.407848 -2.291760
7 -4.235506 4.417799
2 -3.774556 2.380324
1 2.565059 -0.735763
9 -2.139294 9.332508
5 -2.726977 8.176356
3 6.471496 1.553851
2 2.565059 -0.735763
4 9.195070 -2.341845
8 6.847954 7.867760
6 -9.062512 0.425601
10 -7.068823 -4.026921
3 -4.132371 1.172909
7 8.982176 -0.871903
3 1.319107 -2.799330
8 -3.038466 3.364076
6 1.474727 -7.124269
4 9.195070 -2.341845
1 -6.605484 -8.645886
3 2.428146 3.470665
1 2.565059 -0.735763
6 -4.493904 4.792314
10 -8.389560 -4.026921
9 1.144995 9.332508
5 0.290842 4.161458
3 6.471496 1.553851
2 6.315940 8.908127
7 -4.235506 0.159236
3 -0.071708 -0.830488
10 -7.944393 0.223319
6 -1.035930 2.892398
1 2.565059 1.553851
5 -2.726977 8.176356
6 1.474727 -7.124269
5 -2.726977 8.176356
4 9.195070 -2.341845
4 9.195070 -2.341845
2 4.145551 -0.102765
9 3.379770 7.839717
4 0.877601 -6.653023
7 -4.235506 0.159236
10 -7.068823 -1.088305
9 1.328317 -0.877563
9 -2.139294 12.450968
5 0.290842 4.161458
2 1.319107 -2.799330
2 6.471496 1.553851
10 -7.068823 -1.088305
5 0.290842 8.176356
2 9.927277 1.444527
10 -8.389560 -4.026921
1 2.565059 -0.735763
3 2.776651 -1.033574
7 0.321569 8.019085
6 -7.093241 -5.962550
4 9.195070 -2.341845
2 2.565059 1.553851
1 6.471496 -0.735763
5 -2.219410 0.976886
10 -7.068823 -4.026921
2 6.578935 -2.210928
7 7.837692 -0.862318
8 -4.235506 0.159236
5 0.290842 8.176356
6 9.457714 1.310649
9 -2.139294 9.332508
10 -8.389560 -1.088305
6 1.474727 -7.124269
2 2.565059 1.553851
5 0.290842 8.176356
8 -6.921903 0.159236
