10 100
K -3.763259 5.104094 4.130282
K 4.837833 -7.239780 2.214908
P 5.060502 5.477683 9.610585 10.199300
Z 1 7.999594 5.651637 -5.754911 -8.775262
K -5.091954 -4.415150 3.926444
P -5.557640 5.363601 -1.460214 8.465879
P -7.831468 5.926337 -2.949179 9.639889
P 1.457477 8.388620 5.845289 9.552595
P -3.387318 -8.832222 0.382246 -3.846122
K -2.556185 -7.142795 4.080701
6 -3.0080 -9.0745
9 -9.4857 -7.8265
10 5.8853 -8.3467
7 -2.9492 9.6399
4 -3.7633 5.1041
2 4.8378 -7.2398
7 6.2518 5.0337
10 -2.5562 -7.1428
2 -0.2614 7.3463
2 4.8378 -7.2398
10 -2.5562 -7.1428
9 -2.7948 -5.1405
2 4.8378 -7.2398
5 -6.0141 0.4410
8 -9.2833 2.3450
7 -2.9492 5.9263
5 -5.0920 -4.4152
3 5.0605 5.4777
4 8.0137 -6.1239
3 5.0605 10.1993
8 1.4575 9.5526
1 -3.7633 5.1041
4 8.0137 -6.1239
3 5.0605 10.1993
7 4.9891 6.7978
2 -4.6770 -1.1166
2 4.8378 -7.2398
6 6.1064 2.1737
2 4.8378 -7.2398
4 2.4296 2.8077
9 -3.3873 -8.8322
4 -3.7633 5.1041
3 3.7855 4.8602
7 -2.9492 9.6399
7 -7.8315 9.6399
7 -7.8315 5.9263
3 5.0605 10.1993
2 4.8378 -7.2398
8 -9.5676 -7.2863
10 -2.5562 -7.1428
2 -4.3909 -4.0552
2 4.8378 -7.2398
8 8.1780 -4.7481
8 1.4575 8.3886
8 1.4575 9.5526
7 -7.8315 5.9263
2 4.8378 -7.2398
6 -5.5576 8.4659
4 -3.7633 5.1041
3 9.6106 5.4777
2 4.8378 -7.2398
3 9.6106 5.4777
10 -2.5562 -7.1428
5 0.3591 2.8886
1 -3.7633 5.1041
9 -3.3873 -8.8322
5 -3.2026 5.8094
3 5.0605 10.1993
3 8.4970 6.1803
9 0.3822 -3.8461
1 -0.5490 -6.9684
5 -5.0920 -4.4152
1 -1.3762 -7.8262
1 -3.7633 5.1041
2 4.8378 -7.2398
9 -3.3873 -8.8322
4 8.0137 -6.1239
8 1.4575 9.5526
8 -4.7094 -1.6647
8 1.4575 9.5526
10 -2.5562 -7.1428
1 -3.7633 5.1041
6 -1.4602 5.3636
6 -5.5576 5.3636
4 8.0137 -6.1239
7 -3.9552 -8.4249
8 1.4575 9.5526
9 5.8464 8.9619
4 -3.7633 5.1041
7 -2.9492 9.6399
7 -2.9492 5.9263
1 -5.1823 2.3089
9 0.3822 -8.8322
1 1.4958 -8.8620
8 1.4575 8.3886
9 0.3822 -8.8322
10 -2.5562 -7.1428
3 8.7194 4.0460
5 -7.1677 8.8014
1 -3.7633 5.1041
3 6.2665 0.6825
3 9.6106 5.4777
9 8.0899 -1.4609
3 9.6106 10.1993
9 -7.1339 -7.5917
2 7.7519 -6.8115
4 8.4954 4.8186
2 4.8378 -7.2398
3 9.6106 5.4777
3 7.4650 -4.6846
