10 100
P 3.806205 2.031703 7.913201 5.733385
P 4.861643 9.493615 7.067936 11.224036
K -5.202767 -6.938141 1.460428
Z 1 7.913201 2.031703 7.038687 2.516703
K 5.572971 8.074982 2.917806
K -3.752889 8.684004 4.290600
K 5.656354 -9.836907 1.333133
K 9.238839 3.379622 3.668592
P -0.885696 -8.112560 0.322489 -4.044990
P 0.824770 -5.404698 5.440551 -2.308322
8 9.238839 3.379622
6 -3.752889 8.684004
2 4.861643 9.493615
6 -3.752889 8.684004
5 5.572971 8.074982
5 -8.704906 -6.712722
10 0.824770 -2.308322
10 0.824770 -2.308322
5 -3.934779 -9.781327
6 -3.752889 8.684004
1 3.806205 2.031703
3 -5.202767 -6.938141
7 5.656354 -9.836907
10 5.161342 -5.348294
3 -5.202767 -6.938141
8 9.238839 3.379622
4 3.806205 5.733385
3 -5.202767 -6.938141
4 -9.659623 9.347647
7 5.656354 -9.836907
9 -0.885696 -4.044990
8 9.238839 3.379622
5 5.572971 8.074982
4 7.913201 5.733385
2 -6.127993 -4.985050
6 -3.752889 8.684004
9 0.161364 -6.310053
10 5.440551 -5.404698
1 7.913201 2.031703
2 9.086362 0.456516
4 3.096168 9.574802
2 4.861643 9.493615
9 0.322489 -8.112560
8 -5.424145 4.251909
2 4.861643 9.493615
8 9.238839 3.379622
10 3.601980 2.785580
6 8.165280 7.485228
5 5.572971 8.074982
10 -5.519773 -2.467397
2 4.861643 11.224036
6 1.311410 3.228802
10 5.440551 -2.308322
7 5.656354 -9.836907
2 4.861643 11.224036
7 1.649249 -4.907795
9 -0.885696 -8.112560
3 8.533889 6.902034
6 2.354540 6.546845
8 9.238839 3.379622
8 9.238839 3.379622
1 7.913201 2.031703
1 3.806205 5.733385
4 7.913201 2.031703
3 6.039947 -9.312785
9 8.672622 -0.116018
2 4.861643 11.224036
2 -3.713019 -4.408216
10 7.729778 4.457650
3 -5.202767 -6.938141
9 -0.885696 -4.044990
5 5.572971 8.074982
2 7.067936 11.224036
4 2.598285 3.555362
5 5.572971 8.074982
8 9.238839 3.379622
6 -3.752889 8.684004
6 -3.752889 8.684004
9 -5.548764 2.893761
5 9.592545 -5.226169
1 1.893677 7.594839
10 5.440551 -2.308322
10 5.440551 -5.404698
2 -4.322113 8.383409
1 3.806205 2.031703
2 -7.139675 -2.998981
9 -0.885696 -8.112560
10 5.440551 -2.308322
5 -4.529853 -6.764354
7 5.656354 -9.836907
1 7.913201 5.733385
5 5.572971 8.074982
8 9.238839 3.379622
6 -3.752889 8.684004
10 5.440551 -5.404698
5 5.572971 8.074982
8 -7.711471 0.499326
2 7.067936 11.224036
5 -1.525177 -3.933131
6 5.164801 -1.786750
8 -7.181725 1.939124
9 0.322489 -4.044990
8 9.238839 3.379622
3 -5.202767 -6.938141
1 7.913201 5.733385
6 -3.752889 8.684004
6 -3.752889 8.684004
1 3.806205 2.031703
4 1.933194 8.451124
9 -0.885696 -8.112560
