10 100
K -4.094909 9.667415 3.999230
Z 1 -4.094909 9.667415 -3.237767 9.152335
Z 1 6.650167 -9.230796 4.533370 0.464546
Z 1 -4.094909 9.667415 -4.202433 10.661617
P -8.564957 -2.377513 -6.110506 -0.938826
K -9.431553 3.127563 3.618449
P 7.199797 -4.392701 9.125845 -2.609026
P 5.412745 3.052536 8.684730 7.845608
P 9.138322 -2.993959 10.547265 0.107976
Z 9 -5.521744 4.001871 1.638559 9.104534
4 -4.094909 9.667415
6 -9.431553 3.127563
9 -8.930785 5.630273
9 9.138322 0.107976
10 -1.164895 -7.384351
5 -8.564957 -0.938826
5 -1.668347 -8.641075
2 -4.094909 9.667415
6 -9.431553 3.127563
6 -9.431553 3.127563
5 -8.564957 -2.377513
2 -4.094909 9.667415
1 -4.094909 9.667415
10 -3.957514 20.461782
5 -8.564957 -2.377513
5 -1.843811 -1.072347
2 -4.094909 9.667415
3 8.540773 12.426181
9 9.138322 0.107976
4 7.008513 0.960820
3 8.816054 6.190496
10 -6.889565 21.474243
10 8.095179 7.168596
8 5.412745 3.052536
2 -4.094909 9.667415
4 -4.094909 9.667415
6 -9.431553 3.127563
10 10.547265 0.107976
9 9.138322 -2.993959
8 -2.398677 -0.184445
10 -4.328342 1.726497
4 -4.094909 9.667415
5 -1.568566 -4.251978
8 0.290255 0.348871
7 -6.480584 5.260216
9 10.547265 0.107976
10 10.547265 0.107976
1 -8.432201 2.988628
4 -4.094909 9.667415
6 -9.431553 3.127563
7 9.125845 -4.392701
5 -8.564957 -0.938826
7 9.532858 9.564200
4 -4.094909 9.667415
2 7.940708 5.842989
4 -4.094909 9.667415
1 -4.094909 9.667415
3 -4.094909 9.667415
6 -9.431553 3.127563
7 9.125845 -4.392701
7 7.199797 -4.392701
8 8.684730 3.052536
10 -7.349439 20.142464
3 8.540773 12.426181
4 -4.094909 9.667415
7 7.199797 -2.609026
6 3.138746 -0.730592
2 -4.094909 9.667415
8 5.412745 3.052536
8 8.684730 3.052536
5 -6.110506 -0.938826
3 8.540773 12.426181
1 -4.094909 9.667415
8 8.684730 3.052536
1 -4.716727 0.165051
8 8.684730 7.845608
8 5.412745 7.845608
4 -4.094909 9.667415
6 -9.431553 3.127563
8 5.412745 7.845608
8 8.684730 3.052536
1 -4.094909 9.667415
8 0.086075 6.762587
6 -9.431553 3.127563
6 -9.431553 3.127563
3 8.540773 12.426181
4 -4.094909 9.667415
8 5.195416 2.277290
3 -4.094909 9.667415
4 7.071756 4.158269
6 -9.431553 3.127563
10 -7.349439 20.142464
6 5.085172 4.703613
2 -1.022115 1.219521
2 1.911339 1.276143
2 -5.350889 -8.290334
3 -4.094909 9.667415
10 -7.349439 20.142464
10 9.138322 -2.993959
5 -8.564957 -2.377513
8 5.412745 7.845608
9 10.547265 -2.993959
6 -9.431553 3.127563
1 -4.094909 9.667415
6 -9.431553 3.127563
2 -4.094909 9.667415
5 -6.110506 -0.938826
8 5.412745 7.845608
6 0.914618 8.792845
4 -4.094909 9.667415
