10 100
K 1.635996 8.678088 3.109932
K -5.692640 -6.580221 3.791340
P -4.478509 -9.643959 -3.113516 -7.971608
P 7.855321 8.048297 12.229927 10.126029
K 7.269869 5.726933 1.562293
Z 3 1.599249 -5.560708 -7.586651 9.745834
Z 5 -6.315521 0.413169 6.448452 4.529734
Z 7 7.250396 4.164762 8.250319 4.152298
Z 3 -3.113516 -7.971608 -2.864368 -7.003142
Z 5 2.667365 -9.380939 7.950599 9.773121
1 4.606722 -5.550301
5 7.269869 5.726933
9 -7.419093 7.284048
2 5.959705 7.731825
6 -4.478509 -7.971608
10 6.460779 5.950104
6 8.061586 -2.118284
2 -5.692640 -6.580221
8 -4.876696 7.372323
10 6.460779 5.950104
6 -4.478509 -9.643959
9 -3.113516 -7.971608
1 5.217777 -7.130182
6 3.123166 -7.228550
7 7.269869 5.726933
4 7.921502 3.701371
2 0.767244 -4.105600
8 -0.869622 5.673869
4 12.229927 8.048297
3 -3.113516 -9.643959
2 -5.692640 -6.580221
9 9.569042 8.484937
6 8.061586 -2.118284
10 6.460779 5.950104
4 12.229927 10.126029
6 8.371953 -7.050107
6 -3.113516 -7.971608
5 7.269869 5.726933
6 5.943711 -2.536103
7 -9.095261 -6.954824
3 -2.748704 2.840114
3 -4.478509 -9.643959
3 -4.478509 -9.643959
9 -2.725032 -10.095060
4 -7.914417 -8.150737
4 12.229927 8.048297
6 5.943711 -2.536103
4 12.229927 8.048297
7 2.483688 -1.490930
4 5.503447 2.272586
4 -2.015412 4.482405
9 -2.725032 -10.095060
2 -5.692640 -6.580221
10 -9.670899 -7.195960
1 -3.931418 3.043503
2 -5.692640 -6.580221
5 5.689835 -4.596388
2 -5.692640 -6.580221
10 7.795931 9.636516
9 -4.685379 1.215280
5 4.771036 3.193646
6 8.061586 -2.118284
7 7.640690 0.010549
3 -3.113516 -9.643959
6 5.943711 -2.536103
5 1.422536 -1.312418
7 7.814560 4.038044
3 -3.113516 -7.971608
10 -5.878693 5.741328
5 7.269869 5.726933
3 -4.478509 -9.643959
6 -4.478509 -9.643959
9 -3.113516 -7.971608
1 5.677703 5.650307
6 -4.478509 -7.971608
3 -4.478509 -7.971608
3 -4.478509 -7.971608
3 1.730546 4.060953
7 7.814560 4.038044
2 -5.692640 -6.580221
9 -3.113516 -7.971608
2 1.764393 3.506235
7 7.269869 5.726933
5 -3.267391 -9.824875
8 -1.089950 7.908866
7 7.814560 4.038044
3 -3.113516 -9.643959
2 8.140020 -2.703448
4 -8.098037 -3.014784
1 1.635996 8.678088
10 8.037521 7.244446
4 -3.035716 4.578054
1 -4.145583 -9.972703
1 1.635996 8.678088
4 7.855321 8.048297
5 7.269869 5.726933
1 -3.833181 2.103643
6 7.419465 -3.322812
3 -4.478509 -7.971608
5 -7.024875 3.481641
7 7.814560 4.038044
4 12.229927 8.048297
7 7.269869 5.726933
9 -1.917985 -8.630329
9 -4.478509 -7.971608
3 -3.113516 -9.643959
9 1.954299 -8.110902
3 -4.478509 -7.971608
1 1.931073 0.987308
4 8.758337 0.757220
