10 100
P -0.199197 4.179916 3.066407 8.743914
Z 1 4.761191 8.242298 4.599173 -6.504653
Z 2 -0.199197 8.743914 0.122027 9.690917
P -5.097158 -2.629495 -1.615878 0.328515
Z 1 5.273062 1.643056 3.043917 1.469514
P -9.382780 -6.048577 -7.687299 -4.884573
K -3.559646 -6.445959 4.664728
K -2.937305 5.197776 4.571462
Z 2 3.066407 8.743914 2.494126 7.923856
P 2.231867 0.554573 7.189112 4.509415
4 -1.615878 0.328515
1 -0.199197 4.179916
1 3.066407 8.743914
7 -3.559646 -6.445959
5 -0.199197 4.179916
7 -3.559646 -6.445959
2 -0.428855 -3.292175
6 -7.687299 -6.048577
6 -7.687299 -4.884573
1 3.066407 4.179916
6 -6.975551 -0.857471
4 -4.177424 0.557225
4 3.731493 -5.804238
1 3.066407 8.743914
5 0.259351 -1.710149
9 9.731403 8.634810
7 -1.237870 -6.942636
10 2.231867 0.554573
4 -1.615878 0.328515
6 -9.382780 -6.048577
3 3.582450 -0.801599
3 -10.843287 11.016855
3 -8.146797 14.699112
9 -3.583518 13.293820
1 3.066407 8.743914
4 -1.615878 -2.629495
7 -3.559646 -6.445959
10 7.189112 4.509415
7 1.703427 -7.969963
3 -6.865951 6.719068
5 -2.802644 2.743238
4 -1.615878 -2.629495
8 -2.937305 5.197776
7 8.110504 -6.378027
8 -2.937305 5.197776
8 -2.937305 5.197776
8 -8.394037 2.184952
4 -1.615878 0.328515
7 -3.559646 -6.445959
8 9.511655 -5.906867
9 -3.583518 13.293820
5 -0.199197 8.743914
5 3.066407 8.743914
7 -3.559646 -6.445959
5 -6.370636 4.480608
7 -3.559646 -6.445959
4 -5.097158 0.328515
1 6.027062 -4.514317
6 0.181591 8.299321
3 -0.199197 8.743914
7 -3.559646 -6.445959
9 -0.090795 4.104267
4 -5.097158 0.328515
6 -9.382780 -6.048577
8 -2.937305 5.197776
4 -5.097158 0.328515
6 -9.382780 -6.048577
5 -7.477323 1.308133
5 -0.199197 8.743914
5 -7.032140 0.782881
6 -0.066447 2.625461
10 7.189112 0.554573
5 0.259351 -1.710149
4 -1.615878 0.328515
6 -9.382780 -4.884573
9 -4.437740 -9.181132
3 -10.843287 11.016855
4 -9.404677 7.358729
6 -5.400118 -2.646325
6 -9.382780 -6.048577
6 -7.687299 -4.884573
4 2.154208 2.789362
1 -0.199197 8.743914
6 -9.382780 -4.884573
8 -2.937305 5.197776
6 -9.382780 -4.884573
1 3.138877 -6.072580
8 -2.937305 5.197776
3 -5.224779 0.338196
8 -2.937305 5.197776
5 3.066407 8.743914
3 0.457569 -1.393795
5 0.259351 -1.710149
8 -2.937305 5.197776
10 3.141543 -9.694831
5 4.191953 -5.713758
7 -3.559646 -6.445959
9 -2.399761 -0.812884
7 -3.559646 -6.445959
2 9.731403 8.634810
5 -0.199197 8.743914
1 3.066407 8.743914
4 -0.271587 8.531737
2 3.268586 -9.729115
1 3.066407 4.179916
9 4.193004 5.678795
9 -3.100529 -4.059872
4 -5.097158 0.328515
7 -3.559646 -6.445959
5 3.485610 -1.204750
