10 100
K 1.437796 -9.278594 4.980722
P -8.387505 5.039600 -3.648486 8.485309
Z 1 -1.173825 -5.037483 -2.025330 -5.561829
K -3.814536 3.680789 2.113664
Z 1 1.437796 -9.278594 1.636433 -10.258667
P -2.069968 1.014256 2.782506 4.525427
P -3.795994 -1.320679 -1.044111 -0.215875
P 6.379447 8.706425 10.134102 11.265615
Z 5 4.902039 -0.518947 1.963616 9.903600
P 9.016842 -3.294066 10.406182 -0.533894
4 -3.8145 3.6808
3 1.4378 -9.2786
10 9.0168 -3.2941
1 1.4378 -9.2786
1 -4.9450 5.5843
5 1.4378 -9.2786
7 5.9262 6.4024
9 1.3123 -9.0292
10 10.4062 -0.5339
1 1.4378 -9.2786
8 10.1341 8.7064
6 5.4687 8.2891
4 -3.8145 3.6808
1 -1.1805 5.7562
1 5.6401 -3.1247
3 -5.3439 3.6642
10 10.4062 -0.5339
5 1.4378 -9.2786
8 10.1341 11.2656
1 -9.8225 0.5644
2 -6.4914 9.6039
1 1.4378 -9.2786
10 9.0168 -3.2941
2 -8.3875 8.4853
3 1.4378 -9.2786
10 8.7102 4.6354
6 -4.0288 -1.3402
4 -3.8145 3.6808
3 1.4378 -9.2786
2 -3.6485 5.0396
5 1.4378 -9.2786
5 1.4378 -9.2786
4 0.0148 9.1463
5 1.4378 -9.2786
7 -3.7960 -1.3207
6 -2.0700 4.5254
4 -3.8145 3.6808
3 -8.4200 -4.8405
1 -8.3038 5.5121
9 1.4378 -9.2786
1 1.4378 -9.2786
2 -3.6485 8.4853
4 2.6514 3.3135
10 10.4062 -0.5339
9 12.4316 -6.1791
9 1.4378 -9.2786
3 -3.7854 -0.7964
7 -1.0441 -1.3207
3 1.4378 -9.2786
3 -3.7854 -0.7964
10 10.4062 -3.2941
10 10.4062 -3.2941
1 -3.8118 -6.2711
2 -5.5019 -7.6885
4 -3.8145 3.6808
8 6.3794 11.2656
9 1.4378 -9.2786
3 1.7655 9.2736
8 -2.2906 1.7817
2 -8.4555 0.6409
9 1.4378 -9.2786
2 -3.6485 5.0396
3 0.0210 -9.1039
9 -9.6236 -8.8806
1 1.4378 -9.2786
3 -3.7854 -0.7964
2 -8.3875 5.0396
9 -0.3836 -7.2625
7 -1.0441 -1.3207
10 10.4062 -3.2941
6 7.6570 8.5813
2 -8.3875 8.4853
2 -5.5028 4.9328
8 10.1341 11.2656
3 -2.1918 -4.0131
6 -2.0700 4.5254
2 -8.3875 5.0396
1 1.4378 -9.2786
3 1.4378 -9.2786
8 10.1341 11.2656
8 2.5467 -4.0273
6 -2.0700 1.0143
1 1.4378 -9.2786
5 1.4378 -9.2786
9 8.9653 4.2640
10 10.4062 -3.2941
2 8.5439 -8.8932
4 -3.8145 3.6808
1 4.3201 5.6091
7 -1.0441 -1.3207
3 1.4378 -9.2786
5 1.4378 -9.2786
1 1.4378 -9.2786
6 -1.9134 -8.9165
5 1.4378 -9.2786
8 5.7135 3.1017
7 -1.0441 -0.2159
1 1.4378 -9.2786
2 -8.3875 8.4853
3 2.3230 6.7913
