10 100
P -2.277581 1.539883 -0.225278 4.452377
P -3.050640 -9.392721 0.109194 -5.407559
Z 2 -8.854526 8.822466 0.494991 -4.368024
P -3.452291 -9.233937 -1.203772 -8.102666
P 1.207194 -7.004914 4.466453 -4.560913
P -5.212768 8.692699 -3.331639 10.863149
K 1.194546 -7.918003 1.850727
Z 4 -3.452291 -9.233937 -2.627159 -8.668997
Z 5 -2.930292 -8.820382 4.433366 -4.644705
P -5.554190 -8.369055 -3.318954 -5.812269
10 -3.318954 -5.812269
4 -5.345705 -5.407921
5 5.889695 -8.026336
5 1.207194 -7.004914
1 -0.225278 4.452377
4 -4.501848 -7.396634
1 -2.277581 4.452377
1 7.817928 5.752896
10 -3.318954 -8.369055
8 -1.203772 -8.102666
7 1.194546 -7.918003
4 4.803908 6.425785
5 1.207194 -4.560913
5 4.466453 -4.560913
2 -3.050640 -5.407559
7 -0.062773 -1.225760
5 -5.045462 -8.206643
1 -2.277581 4.452377
7 1.194546 -7.918003
8 -2.397608 -9.643103
9 0.751712 -6.201688
5 4.466453 -7.004914
8 -1.584347 -7.546810
10 -5.554190 -8.369055
7 1.194546 -7.918003
8 -3.452291 -9.233937
9 1.207194 -4.560913
8 2.437755 -5.939718
2 -3.050640 -9.392721
10 -2.078342 -3.094985
7 -3.769564 -5.943463
8 -3.452291 -9.233937
10 -3.318954 -8.369055
2 0.109194 -9.392721
1 -2.277581 4.452377
2 -3.050640 -5.407559
9 1.207194 -4.560913
2 -3.050640 -5.407559
9 1.207194 -4.560913
4 -1.203772 -9.233937
7 8.103833 -7.202761
4 -1.203772 -9.233937
7 1.194546 -7.918003
2 -3.050640 -5.407559
1 -0.881345 1.059139
7 1.194546 -7.918003
10 -3.318954 -8.369055
1 -0.225278 4.452377
7 1.194546 -7.918003
1 -7.911116 3.299630
6 -5.212768 10.863149
5 1.207194 -7.004914
9 -9.081662 -3.737504
10 -1.092389 4.173173
4 7.236400 2.645622
4 -1.203772 -8.102666
5 4.040055 0.750830
3 0.109194 -5.407559
7 -3.747243 2.157270
5 0.038973 4.449312
3 1.603631 -4.348291
1 -0.225278 4.452377
7 -4.413295 0.276147
9 2.849090 -7.456338
3 -3.050640 -9.392721
8 5.610700 -2.760003
4 -3.452291 -8.102666
10 -5.554190 -8.369055
1 -1.406586 -3.832906
10 -5.554190 -5.812269
7 -8.942251 7.581677
5 -3.540298 -0.828865
2 0.109194 -9.392721
2 -3.050640 -5.407559
2 -3.050640 -5.407559
7 1.194546 -7.918003
2 0.109194 -5.407559
9 4.466453 -4.560913
2 -3.050640 -5.407559
6 -5.212768 10.863149
10 -5.554190 -8.369055
2 4.193216 -9.576489
6 2.197235 -5.055534
3 0.109194 -9.392721
9 1.207194 -7.004914
4 -3.452291 -9.233937
10 -5.554190 -5.812269
5 4.466453 -7.004914
4 6.452713 6.579504
10 -3.318954 -8.369055
7 3.135315 -7.644574
10 -3.318954 -5.812269
9 4.466453 -7.004914
6 -5.212768 8.692699
10 -5.554190 -5.812269
7 6.418866 0.354096
8 -3.452291 -8.102666
3 -3.050640 -9.392721
3 0.109194 -9.392721
10 -7.534779 -1.246331
