10 100
K 5.332725 -7.219839 4.797834
Z 1 -3.320588 2.730976 -9.075010 -3.075667
Z 1 5.332725 -7.219839 4.524167 -6.631423
Z 3 -2.856898 -3.577758 4.443419 2.002874
Z 2 -4.157876 8.097632 3.455499 5.226614
Z 3 9.148257 -4.311070 8.541990 -3.515809
K -3.854469 -6.997083 2.900699
P 0.135702 8.958500 3.602156 10.493390
Z 5 3.447122 -1.061322 -3.434261 -9.517945
P 0.410212 1.769528 2.247788 5.158918
3 6.799501 -1.858509
3 5.332725 -7.219839
7 -3.854469 -6.997083
7 -3.854469 -6.997083
10 2.247788 5.158918
3 9.392667 2.705297
5 13.083741 13.334333
3 5.313810 3.854464
6 1.587372 -7.940757
2 -13.349166 11.294045
5 -3.555619 5.064431
3 5.332725 -7.219839
5 -13.171122 11.766183
1 8.381448 -9.621144
7 -3.854469 -6.997083
7 -3.854469 -6.997083
4 8.303263 -3.157610
5 6.685585 0.456362
4 1.115281 -2.204362
3 5.621937 7.749985
5 -13.171122 11.766183
5 7.321380 1.096887
8 0.135702 10.493390
1 5.332725 -7.219839
5 5.332725 -7.219839
10 0.410212 5.158918
1 0.369133 6.522939
7 -3.854469 -6.997083
6 5.332725 -7.219839
9 13.083741 13.334333
1 5.332725 -7.219839
3 5.332725 -7.219839
7 -2.610312 7.978582
6 12.963788 -1.402302
9 8.587669 2.678620
10 0.410212 5.158918
7 -0.246000 -7.806121
2 -13.349166 11.294045
8 3.602156 8.958500
8 3.602156 10.493390
8 0.135702 8.958500
8 0.135702 8.958500
5 5.332725 -7.219839
4 1.096577 5.949960
1 -5.318192 -0.126320
5 13.083741 13.334333
1 5.332725 -7.219839
3 5.332725 -7.219839
6 5.853249 -6.414608
6 12.963788 -1.402302
4 -4.222984 5.280486
8 3.602156 10.493390
10 0.410212 1.769528
3 9.555070 -6.831565
3 5.332725 -7.219839
3 -3.669691 5.561885
10 0.410212 5.158918
6 5.332725 -7.219839
5 13.083741 13.334333
7 4.920700 -0.658350
6 5.332725 -7.219839
2 5.332725 -7.219839
4 -4.222984 5.280486
3 5.332725 -7.219839
5 5.332725 -7.219839
1 4.692245 3.836249
3 1.276969 8.180128
5 -13.349166 11.294045
8 0.135702 8.958500
7 -3.854469 -6.997083
10 0.410212 5.158918
7 -3.854469 -6.997083
10 0.410212 1.769528
6 12.963788 -1.402302
9 19.384669 -14.725343
1 5.332725 -7.219839
10 3.773439 0.189605
9 18.958576 -14.995637
4 5.332725 -7.219839
4 5.332725 -7.219839
7 1.172641 -2.720598
4 -4.222984 5.280486
9 19.384669 -14.725343
2 -13.349166 11.294045
7 -4.046940 -6.853712
4 -4.222984 5.280486
3 5.332725 -7.219839
4 5.332725 -7.219839
3 5.332725 -7.219839
7 -3.854469 -6.997083
1 5.332725 -7.219839
4 2.693088 -5.445023
2 -1.016471 -7.619982
9 -13.171122 11.766183
5 -13.171122 11.766183
8 0.135702 8.958500
2 -9.929910 8.448191
2 -13.349166 11.294045
10 0.410212 1.769528
2 5.332725 -7.219839
