10 100
K -8.983229 -8.738927 4.840060
K 4.749470 -0.188306 3.340151
P 4.574965 -1.584858 7.865623 1.310127
Z 2 5.512981 5.816040 -9.868102 9.323557
K -3.835675 -8.216184 4.748638
Z 5 -3.835675 -8.216184 -4.777039 -8.553578
Z 1 -8.983229 -8.738927 -8.395717 -7.929711
K 0.408159 -5.304311 3.253526
P 2.008627 -3.007006 3.956580 0.258934
K -6.178499 5.221458 3.032201
1 -8.9832 -8.7389
1 -8.9832 -8.7389
8 0.4082 -5.3043
10 -7.2589 9.1148
1 -8.9832 -8.7389
8 -0.0531 -4.0082
8 0.4082 -5.3043
10 -6.1785 5.2215
6 -3.8357 -8.2162
2 -8.1793 7.9475
1 -8.9832 -8.7389
3 -5.8971 4.6680
10 1.8597 -0.3239
5 -3.8357 -8.2162
7 -9.7787 3.5806
7 -8.9832 -8.7389
5 -3.8357 -8.2162
8 0.4082 -5.3043
3 7.8656 1.3101
10 -3.1121 7.9234
10 4.3244 -9.7670
8 0.4082 -5.3043
3 9.2278 2.7669
10 -4.7999 -9.3086
5 3.9750 -0.1760
8 -4.6979 -8.3084
1 7.1827 -0.5008
8 0.4082 -5.3043
3 7.8656 -1.5849
3 -3.6498 0.6182
8 0.4082 -5.3043
4 4.7495 -0.1883
10 -6.1785 5.2215
6 -3.8357 -8.2162
5 -3.8357 -8.2162
3 7.8656 1.3101
8 0.4082 -5.3043
10 -3.4535 5.3924
10 -6.1785 5.2215
5 -3.8357 -8.2162
8 3.5767 0.6797
6 -3.8357 -8.2162
4 -0.0218 -4.8645
4 4.7495 -0.1883
1 -0.3964 -4.0516
3 6.8369 -2.4548
2 -2.4165 -0.9377
2 4.7495 -0.1883
2 4.7495 -0.1883
3 4.9695 1.4252
1 1.4907 3.9760
6 -2.5712 4.5867
8 -4.1460 -6.5702
7 -2.6640 4.1313
9 -2.5509 -7.5672
3 7.8656 1.3101
4 4.7495 -0.1883
9 2.0086 -3.0070
5 -3.8357 -8.2162
8 0.4082 -5.3043
4 5.6152 9.4042
10 9.2650 5.1801
4 7.4281 11.5578
6 7.5190 4.0602
1 -8.9832 -8.7389
9 -8.0260 -8.0012
1 -6.4508 -2.4126
3 7.8656 1.3101
10 -6.1785 5.2215
3 3.0531 3.0934
1 -8.9832 -8.7389
2 -0.3140 -2.8878
4 4.7495 -0.1883
1 -8.9832 -8.7389
4 9.2648 -2.3203
3 -4.7412 6.6560
9 2.0086 0.2589
3 9.4164 -5.2823
10 0.8777 -8.7061
7 -8.9832 -8.7389
5 -3.8357 -8.2162
8 0.4082 -5.3043
3 -8.4458 -8.0468
8 5.7929 8.8765
1 -3.0127 -3.2298
5 -5.5659 6.1401
1 -8.9832 -8.7389
4 4.7495 -0.1883
7 -8.9832 -8.7389
5 -7.3726 2.2470
4 4.7495 -0.1883
10 -6.1785 5.2215
6 -3.8357 -8.2162
5 -3.8357 -8.2162
9 -2.7484 0.6280
9 3.6094 -0.4733
3 7.8656 -1.5849
8 0.4082 -5.3043
6 -3.8357 -8.2162
7 -8.9832 -8.7389
