10 100
K 4.169432 -4.240536 2.217003
P 3.461074 3.198118 7.469119 6.157405
P -1.010256 3.081051 0.858646 7.282095
Z 2 1.428043 -5.913499 1.930031 -4.111264
Z 3 -1.010256 7.282095 -1.772196 7.929741
Z 1 2.160675 -3.302455 1.737544 -4.208524
Z 2 3.487140 3.735193 -0.307496 6.028080
P 3.420811 3.937868 4.719437 6.119366
P 9.369258 -2.864785 13.615276 -0.685850
Z 8 0.969397 -7.064965 -3.538910 6.303718
2 -1.7689 7.3231
10 -9.9991 1.1559
1 4.1694 -4.2405
8 3.4208 3.9379
3 5.2784 3.6390
8 4.7194 6.1194
2 7.4691 6.1574
4 4.3981 2.9371
4 7.4691 3.1981
2 2.2664 3.8571
8 4.7194 3.9379
5 -4.8143 6.3682
10 -9.9991 1.1559
4 7.4691 3.1981
1 4.1694 -4.2405
1 4.1694 -4.2405
6 4.1694 -4.2405
3 0.8586 7.2821
1 -5.0686 -8.7175
3 0.8586 7.2821
10 -2.9901 3.5778
4 2.2549 -7.5419
6 2.0188 0.2310
9 -5.1700 -2.2461
8 3.4208 3.9379
10 3.4208 6.1194
1 1.2774 -5.6236
2 3.4611 3.1981
5 -1.0103 7.2821
5 3.4370 6.1144
7 1.1232 -6.3895
8 4.7194 6.1194
1 4.1694 -4.2405
8 9.0297 5.5834
5 0.8586 3.0811
10 3.4208 6.1194
5 3.1359 7.9589
7 -2.0382 -2.9635
8 4.7194 3.9379
8 3.4208 3.9379
4 2.4971 7.5423
1 -2.3115 -8.3390
9 13.6153 -2.8648
1 4.1694 -4.2405
2 1.5997 -6.6197
4 3.4611 6.1574
8 3.4208 6.1194
5 0.8586 3.0811
9 0.6493 3.9899
5 3.2450 5.9322
9 1.4686 6.0387
8 4.7194 3.9379
8 4.7194 6.1194
8 4.7194 3.9379
7 -1.2288 0.5591
4 -3.8943 -7.7965
1 4.1694 -4.2405
6 4.1694 -4.2405
8 3.4208 3.9379
5 0.8586 7.2821
10 4.7194 3.9379
9 13.6153 -2.8648
10 -8.9657 1.9423
8 3.4208 6.1194
1 4.1694 -4.2405
2 7.4691 3.1981
1 -2.5275 9.2426
8 -8.5513 -9.1168
4 3.4611 6.1574
5 -1.0103 3.0811
4 2.4971 7.5423
3 0.8586 7.2821
6 -3.8029 -8.4568
2 3.4611 3.1981
5 -1.0103 3.0811
5 -7.5992 -6.5249
9 9.2947 -2.6524
1 -9.1367 -9.7064
8 4.7194 3.9379
4 3.4611 3.1981
10 -8.6780 -0.5801
9 9.3693 -2.8648
7 3.1948 -0.9165
2 -7.6214 -0.0106
7 3.9505 4.0081
9 13.6153 -0.6858
9 9.3693 -0.6858
6 6.0130 -5.9188
2 3.4611 3.1981
3 5.4769 3.1552
9 9.3693 -0.6858
2 7.4691 6.1574
4 -8.1210 -8.8561
2 -6.8325 -8.4585
4 7.4691 6.1574
4 7.4691 3.1981
9 9.3693 -2.8648
4 5.9149 -1.2166
1 4.1694 -4.2405
2 0.1044 0.9052
