10 100
K -7.949607 -4.389727 3.962643
P 2.994617 -6.811787 6.538841 -1.994602
P -5.711864 -2.228794 -0.995731 1.816532
K -1.048666 -0.144845 4.248303
Z 1 -2.053826 6.634083 2.232287 2.112628
K 4.788080 8.689039 4.011795
K -5.096661 4.749120 3.055008
K -7.940104 9.659835 1.062859
Z 8 -7.214881 10.436830 -7.945923 11.119162
P 7.358729 -0.639921 10.571333 2.156908
8 -7.9401 9.6598
2 6.5388 -6.8118
4 -1.0487 -0.1448
8 -7.9401 9.6598
10 10.5713 2.1569
4 -1.0487 -0.1448
2 -7.1321 2.3977
8 -7.9401 9.6598
10 7.3587 -0.6399
4 -1.0487 -0.1448
7 -5.0967 4.7491
5 9.2691 11.9328
1 -7.9496 -4.3897
6 4.7881 8.6890
9 -7.9401 9.6598
5 -9.7135 -0.3647
4 -1.0487 -0.1448
7 -5.0967 4.7491
4 -1.0487 -0.1448
5 -7.9496 -4.3897
5 9.2691 11.9328
7 -5.0967 4.7491
4 -1.0997 -6.1860
7 -5.0967 4.7491
8 8.3390 3.3827
6 4.7881 8.6890
9 -7.9401 9.6598
7 -5.0967 4.7491
10 7.3587 2.1569
6 -2.2561 -2.0910
8 -7.9401 9.6598
1 -7.9496 -4.3897
5 9.2691 11.9328
9 -7.9401 9.6598
4 -1.0487 -0.1448
6 4.7881 8.6890
8 -2.1949 -5.3212
3 -0.9957 1.8165
6 4.7881 8.6890
5 9.2691 11.9328
9 2.9404 4.0526
2 2.9946 -6.8118
1 -7.9496 -4.3897
10 10.5713 -0.6399
10 10.5713 2.1569
4 -1.0487 -0.1448
1 6.9577 3.1247
9 -2.1778 -4.7252
10 7.3587 -0.6399
5 -7.9496 -4.3897
10 7.3587 2.1569
9 -1.7249 7.5651
1 -3.7013 -5.6273
7 6.6798 7.2261
1 -7.9496 -4.3897
4 4.4167 7.8988
10 -6.3485 7.4241
3 2.4772 7.5549
9 -4.3602 6.2869
4 -1.0487 -0.1448
1 -7.9496 -4.3897
2 -4.5629 -9.3463
3 -5.7119 -2.2288
1 -7.9496 -4.3897
5 -2.6623 -1.8027
8 1.3510 -5.4885
9 -7.9401 9.6598
2 -7.2214 9.8624
4 -1.0487 -0.1448
10 10.5713 -0.6399
2 5.3908 -6.0724
7 2.6899 5.8072
3 -1.2123 3.7628
9 -6.4897 11.2138
5 -7.9496 -4.3897
9 -4.8548 -4.5763
8 7.1375 9.0751
10 4.9207 -9.1586
8 -7.9401 9.6598
3 -0.9957 1.8165
1 -7.9496 -4.3897
5 -7.9496 -4.3897
10 10.5713 2.1569
5 -2.2731 1.2594
5 9.2691 11.9328
1 2.7425 1.8155
10 7.3587 -0.6399
10 7.3587 2.1569
4 -1.0487 -0.1448
10 7.3587 2.1569
3 -5.7119 -2.2288
8 -8.6575 -6.5621
3 -5.7119 1.8165
10 10.5713 2.1569
9 -6.4897 11.2138
8 4.1094 4.3746
1 4.0816 -9.8190
10 10.5713 2.1569
8 3.0685 -1.1868
8 -7.9401 9.6598
