10 100
P 1.511405 2.314288 5.343183 5.989515
K 5.531715 -0.491536 3.500898
P 1.555360 -7.424424 6.399561 -2.505164
P -7.817304 0.133423 -3.070284 4.662101
P -3.515685 -9.439892 -1.721099 -8.078183
P 4.153642 1.053847 7.532501 4.713501
K -3.869321 -9.325386 3.522202
Z 1 4.677518 3.890119 8.362998 -6.743530
P -4.619085 0.191360 -2.879022 4.214729
Z 6 5.151236 -7.331079 2.491001 0.531145
1 5.343183 5.989515
1 -9.918247 9.454811
10 -4.054244 0.793049
3 1.555360 -7.424424
9 -6.543178 -6.112960
4 -9.315659 -2.224793
7 7.546227 1.289467
9 -2.879022 0.191360
9 -2.682306 8.680519
1 1.511405 5.989515
4 -3.554209 -6.489239
4 -7.817304 0.133423
6 -7.635569 3.075489
7 -3.869321 -9.325386
2 5.531715 -0.491536
2 5.531715 -0.491536
1 6.082750 1.414696
10 -4.054244 0.793049
4 -6.531795 -3.839319
10 4.153642 1.053847
3 6.399561 -7.424424
9 -4.619085 0.191360
6 7.532501 4.713501
8 5.343183 2.314288
10 -9.245235 -3.551711
3 -5.397203 -0.388942
9 -4.619085 0.191360
9 3.096099 0.583296
2 5.743508 6.001627
8 2.855441 5.127297
3 8.010638 1.171164
5 -5.204435 -6.491727
2 5.531715 -0.491536
4 -3.070284 0.133423
10 -1.832109 -2.114730
7 -0.614169 3.432630
2 5.531715 -0.491536
6 4.153642 1.053847
10 -4.054244 0.793049
2 5.531715 -0.491536
10 7.532501 4.713501
6 4.153642 4.713501
4 -7.817304 4.662101
3 6.399561 -2.505164
3 1.555360 -2.505164
8 5.343183 5.989515
3 6.399561 -2.505164
6 4.153642 1.053847
5 -1.721099 -8.078183
2 -5.777620 8.306017
2 -7.991052 1.771892
5 -3.515685 -9.439892
7 -3.869321 -9.325386
10 4.153642 1.053847
4 -7.817304 0.133423
7 -0.664787 -9.700306
9 -4.619085 0.191360
1 9.705044 -8.702972
10 -3.486492 7.910482
9 -2.879022 0.191360
2 -0.404235 -2.925706
1 -2.717818 -2.253638
2 5.531715 -0.491536
9 -4.563940 8.350999
9 -3.157581 2.143688
9 9.279468 9.575402
9 -2.879022 0.191360
8 1.511405 5.989515
8 5.343183 2.314288
4 6.002329 3.573797
2 5.531715 -0.491536
8 1.511405 2.314288
6 0.314674 -5.000024
7 -3.869321 -9.325386
3 -2.681981 3.158664
7 -3.869321 -9.325386
4 8.636308 3.502651
2 -5.184980 -3.167262
4 -3.070284 4.662101
6 4.153642 4.713501
7 -3.869321 -9.325386
7 -3.869321 -9.325386
6 7.532501 1.053847
4 -3.070284 0.133423
3 -1.679595 8.862762
5 -6.387451 0.985132
1 1.511405 5.989515
4 -3.070284 0.133423
5 1.425601 -2.175873
7 -3.869321 -9.325386
9 6.166860 -8.240994
2 1.695418 -8.297351
1 1.511405 5.989515
4 -8.231043 -3.604648
1 5.343183 2.314288
9 -2.879022 0.191360
5 -3.515685 -9.439892
7 6.927866 -7.706994
4 -3.070284 4.662101
6 7.532501 4.713501
