10 100
K 7.708475 -0.883725 4.284219
P 8.005318 -7.239790 10.320573 -5.005333
Z 1 3.093797 9.250133 8.280277 6.341355
Z 2 -9.431783 4.060808 8.784243 -4.842935
P 8.892680 -5.761980 10.580024 -3.934950
Z 3 7.708475 -0.883725 8.551652 -0.346088
K 1.736284 8.637046 3.183391
K 7.567024 4.059404 1.361622
K -7.970615 -4.436716 3.326765
Z 2 8.005318 -7.239790 8.273628 -6.276457
8 -6.3654 -1.0759
1 7.7085 -0.8837
9 -7.9706 -4.4367
7 1.7363 8.6370
1 7.7085 -0.8837
4 -5.7914 -0.8164
1 7.7085 -0.8837
1 7.7085 -0.8837
6 7.7085 -0.8837
2 8.0053 -5.0053
2 8.0053 -7.2398
5 8.8927 -5.7620
6 -5.8516 9.5155
7 1.7363 8.6370
8 7.5670 4.0594
10 10.3206 -7.2398
6 7.7085 -0.8837
3 14.1472 10.5967
2 9.2340 3.2144
8 7.5670 4.0594
5 -7.7076 -1.1598
4 8.0053 -5.0053
4 10.1970 -2.7559
10 -7.1821 -1.1222
6 7.7085 -0.8837
1 -0.1897 -8.0182
8 -2.7597 -7.4052
5 -8.2111 3.4044
6 -9.8120 7.3072
1 6.3876 3.7821
6 7.7085 -0.8837
5 8.8927 -3.9350
3 7.7085 -0.8837
10 8.0053 -7.2398
1 7.7085 -0.8837
5 10.5800 -3.9350
2 -9.9454 1.4032
4 10.3206 -5.0053
8 7.5670 4.0594
9 -7.9706 -4.4367
3 14.1472 10.5967
1 5.8821 8.9587
6 7.7085 -0.8837
4 9.3826 -4.6339
9 -8.2066 3.1267
1 7.7085 -0.8837
1 7.7085 -0.8837
10 8.0053 -5.0053
4 11.6193 -4.5828
3 14.1472 10.5967
1 7.7085 -0.8837
6 7.7085 -0.8837
6 7.7085 -0.8837
10 9.1604 -5.3271
6 7.7085 -0.8837
7 1.7363 8.6370
2 10.3206 -5.0053
9 -7.9706 -4.4367
10 8.0053 -7.2398
8 7.5670 4.0594
10 8.0053 -7.2398
8 7.5670 4.0594
10 10.3206 -5.0053
7 5.3874 1.2055
3 7.7085 -0.8837
5 -5.2560 5.1879
10 10.3206 -7.2398
10 8.0053 -5.0053
1 3.6103 -8.7742
2 10.3206 -5.0053
7 -1.7051 -3.4441
8 -7.8594 0.6386
6 7.7085 -0.8837
1 -5.0229 -5.9391
2 10.3206 -7.2398
8 7.7392 -0.4474
10 0.5341 -1.0808
6 14.1472 10.5967
5 0.5641 5.8213
4 1.3813 5.9411
9 -7.9706 -4.4367
8 7.5670 4.0594
5 10.5800 -5.7620
9 -4.7968 3.5918
4 8.0053 -7.2398
1 7.7085 -0.8837
3 2.3675 8.5087
8 2.7325 -8.5445
4 -2.2144 8.2028
5 10.5800 -3.9350
6 7.7085 -0.8837
5 8.8927 -5.7620
2 -4.7624 5.0235
5 -0.0551 -6.3928
6 -5.0711 1.1308
3 14.1472 10.5967
7 -0.3148 -0.9538
9 8.2359 5.8037
10 10.3206 -5.0053
5 9.3723 2.0302
