10 100
P -8.252817 7.145485 -4.671755 9.146165
Z 1 -6.850983 -3.009608 5.418459 6.552328
K 4.393841 -8.540692 1.473484
K -9.134525 -3.797609 1.573667
Z 4 -9.134525 -3.797609 -8.222919 -4.208675
K -4.339343 -2.158657 1.223499
K 4.047573 5.725165 1.958063
Z 7 4.047573 5.725165 3.052043 5.630718
Z 2 1.796653 -8.771587 -9.688068 -0.071421
P 8.486000 7.892035 12.706444 12.694720
5 -9.134525 -3.797609
3 4.393841 -8.540692
7 4.047573 5.725165
5 -0.781055 -9.154850
3 4.393841 -8.540692
7 4.047573 5.725165
10 12.706444 12.694720
9 -0.941686 6.802785
7 4.047573 5.725165
10 8.486000 7.892035
2 2.654015 -6.849667
2 4.215391 -6.484507
3 4.393841 -8.540692
8 8.085010 7.777284
2 -4.671755 9.146165
5 -9.134525 -3.797609
7 4.047573 5.725165
10 12.706444 7.892035
10 8.486000 7.892035
7 4.047573 5.725165
6 -4.339343 -2.158657
2 3.528800 -3.377095
4 -1.589080 0.034521
3 4.393841 -8.540692
6 -4.339343 -2.158657
8 4.047573 5.725165
2 -8.252817 9.146165
10 12.706444 12.694720
10 8.486000 12.694720
4 -9.352200 5.228842
7 4.047573 5.725165
7 4.047573 5.725165
3 4.393841 -8.540692
7 4.047573 5.725165
7 4.047573 5.725165
4 2.813851 -1.293698
2 -8.252817 7.145485
6 -4.339343 -2.158657
9 -4.005168 4.556181
3 -3.727541 -0.619543
8 4.047573 5.725165
3 4.393841 -8.540692
5 4.046203 5.451067
9 -8.252817 7.145485
9 -16.246819 -3.407058
2 6.323513 -7.545240
4 -9.134525 -3.797609
3 4.393841 -8.540692
2 1.517196 7.760035
3 -2.284161 -1.564314
5 -9.134525 -3.797609
9 -8.252817 9.146165
8 4.047573 5.725165
4 -9.134525 -3.797609
3 6.386348 9.698017
9 -0.746030 -3.080087
5 -9.134525 -3.797609
5 -9.134525 -3.797609
6 3.324465 -7.228951
7 7.739186 9.128563
8 -9.681660 6.748245
2 -8.252817 9.146165
6 -4.339343 -2.158657
10 0.843679 6.921829
7 4.047573 5.725165
3 8.222834 3.008994
9 -4.671755 7.145485
4 -9.134525 -3.797609
10 8.486000 7.892035
9 -17.203191 -7.396053
9 -18.172772 -3.948747
6 -4.339343 -2.158657
10 1.699405 -9.416901
7 4.047573 5.725165
2 -4.671755 7.145485
1 -8.252817 7.145485
10 12.706444 7.892035
8 4.047573 5.725165
2 -4.671755 9.146165
1 -4.671755 9.146165
5 -9.134525 -3.797609
10 -9.438992 -6.537465
8 6.264928 -8.433334
10 8.486000 7.892035
1 -4.936409 -5.857641
1 -6.686476 7.515940
8 4.047573 5.725165
3 4.393841 -8.540692
3 4.393841 -8.540692
5 -1.851155 9.702132
6 -4.339343 -2.158657
3 4.393841 -8.540692
4 -6.603628 0.525781
4 -9.134525 -3.797609
1 -4.671755 9.146165
3 4.393841 -8.540692
8 4.047573 5.725165
1 -3.154701 -4.602993
9 -8.252817 9.146165
4 -1.443215 8.342379
