10 100
P -4.234125 5.832012 -0.912473 9.868241
P -2.549097 1.254164 2.070342 3.977071
Z 2 2.070342 1.254164 1.507359 0.427696
P 0.086025 4.866106 1.232539 8.695507
Z 1 2.241049 0.670689 -9.377331 3.138568
K -6.174374 1.425587 4.996039
Z 1 -3.429601 0.474183 -8.328698 -7.392820
Z 3 -2.615867 4.764723 5.148858 0.541488
K -8.237569 3.627791 2.785483
Z 7 3.386446 5.796002 6.579753 9.035572
8 6.165651 4.070395
3 9.814522 -3.585423
6 -6.174374 1.425587
3 -2.549097 3.977071
3 3.426917 -4.166901
3 3.736601 3.402382
9 -8.237569 3.627791
9 -2.666880 -3.654954
3 6.295388 -2.047719
8 3.417799 0.069711
9 -8.237569 3.627791
4 0.086025 8.695507
2 -2.549097 3.977071
8 2.070342 1.254164
6 -6.174374 1.425587
9 -8.237569 3.627791
2 2.070342 3.977071
1 -4.234125 5.832012
6 -6.174374 1.425587
6 -6.174374 1.425587
10 0.268392 5.096640
1 2.997745 2.390615
3 9.861090 7.587573
9 -8.237569 3.627791
3 -6.714800 4.371175
1 7.586273 0.223917
8 5.267651 2.720188
6 -6.174374 1.425587
6 6.975481 -6.211856
6 -6.174374 1.425587
4 1.232539 4.866106
7 5.355951 3.896118
6 3.991039 1.124299
10 -0.912473 5.832012
1 5.827104 -6.809067
3 5.699254 -5.652289
6 -6.174374 1.425587
3 -1.387420 -1.980469
7 5.355951 3.896118
9 -8.237569 3.627791
3 2.070342 1.254164
2 3.442995 -7.453941
9 -8.237569 3.627791
1 -0.912473 9.868241
4 0.086025 4.866106
10 -0.912473 5.832012
5 5.498180 8.159644
6 -7.401291 -6.641614
1 -4.234125 5.832012
6 -6.174374 1.425587
7 8.420018 -2.977181
10 -3.491122 -4.263250
7 -0.912473 9.868241
9 -8.237569 3.627791
1 -4.234125 9.868241
6 -6.174374 1.425587
6 -6.174374 1.425587
6 -6.174374 1.425587
5 -0.912473 5.832012
3 -2.549097 3.977071
5 -2.738184 -2.763142
6 -6.174374 1.425587
4 1.232539 4.866106
6 -3.641846 -7.566349
10 -5.254908 4.802810
8 -2.549097 3.977071
3 -2.549097 1.254164
8 2.877679 2.738511
6 -6.174374 1.425587
4 1.232539 4.866106
7 3.890689 6.877121
10 -0.269766 4.090449
9 -8.846184 6.033901
7 -0.912473 5.832012
5 2.550969 -4.166814
10 3.890689 6.877121
10 1.458432 7.737979
5 -7.413697 -5.100680
2 2.070342 1.254164
1 -0.912473 5.832012
1 -4.234125 5.832012
3 2.070342 1.254164
10 2.732002 2.668212
9 -8.237569 3.627791
8 2.877679 2.738511
3 3.761517 -3.044574
2 -2.549097 1.254164
4 8.716039 3.346450
5 -2.738184 -2.763142
5 -0.912473 9.868241
6 -6.174374 1.425587
3 2.070342 3.977071
8 2.070342 1.254164
6 -6.174374 1.425587
2 -7.954333 7.028448
9 -3.234167 9.304381
8 7.405325 3.654831
3 7.192127 8.175104
1 2.310060 9.319467
9 -8.237569 3.627791
