10 100
K -0.326277 5.865721 4.871624
P -8.737489 0.604549 -5.308453 5.399365
P -1.992084 8.274786 0.981979 12.778765
Z 2 5.924420 7.774694 0.006020 -2.588056
K 7.366749 -6.677057 4.016156
P 9.182510 -6.902370 12.873539 -2.710784
P -9.702939 4.868663 -6.999155 8.029034
Z 6 7.241952 -3.599320 9.304851 9.257556
Z 2 -8.737489 0.604549 -8.508171 1.577900
P -0.343558 3.639152 3.301282 6.584147
1 1.059908 -0.785462
4 2.277285 5.752931
8 9.813775 -9.780932
7 -9.702939 8.029034
10 3.301282 3.639152
2 -2.033722 -2.858954
7 6.937644 -6.871923
6 -5.903808 -6.594976
1 -0.326277 5.865721
3 -1.992084 12.778765
2 4.537269 8.753993
3 -7.189705 8.413254
10 6.041508 8.546783
2 -2.426545 1.420944
2 6.072710 1.653267
4 -5.308453 0.604549
5 4.870617 -3.008402
6 12.873539 -2.710784
6 12.873539 -2.710784
8 12.873539 -2.710784
8 9.182510 -6.902370
5 7.366749 -6.677057
6 12.873539 -2.710784
5 7.366749 -6.677057
9 -5.308453 0.604549
6 12.873539 -6.902370
1 -0.326277 5.865721
2 -5.308453 0.604549
7 -9.702939 8.029034
10 3.301282 6.584147
2 -5.308453 5.399365
5 7.366749 -6.677057
9 -8.737489 0.604549
9 -9.993787 0.291825
5 7.366749 -6.677057
2 -8.737489 0.604549
1 -0.326277 5.865721
6 9.182510 -2.710784
6 -5.946821 -9.798848
9 2.912776 -5.988851
6 12.873539 -2.710784
4 9.274880 -3.521882
9 -11.805880 2.135320
3 0.981979 8.274786
1 -2.718824 -1.314128
7 -9.702939 8.029034
10 -0.343558 6.584147
5 7.957719 -6.508002
4 11.328107 -6.060548
8 0.859701 -4.974738
6 9.182510 -6.902370
2 9.711257 -3.005609
2 -8.737489 0.604549
2 -5.308453 0.604549
8 12.873539 -2.710784
10 -0.343558 6.584147
1 9.619906 -2.001793
2 -8.737489 0.604549
9 -6.597014 4.895076
4 7.854934 9.997337
9 -8.737489 0.604549
3 0.981979 12.778765
5 7.366749 -6.677057
2 -8.737489 0.604549
1 -0.326277 5.865721
4 7.198313 -8.496745
4 -5.308453 5.399365
5 3.796894 2.913043
4 5.456054 -5.543303
1 -0.326277 5.865721
3 0.981979 12.778765
2 -8.919181 3.401366
3 3.566272 8.972370
8 -3.862985 2.180363
8 12.873539 -2.710784
10 4.316191 -0.175148
9 -8.737489 5.399365
1 -4.163401 5.993746
4 8.980530 8.932910
10 -6.576143 -3.038815
8 5.676782 -2.148286
4 -8.737489 0.604549
1 -0.326277 5.865721
1 8.396709 -0.003204
9 -8.737489 0.604549
2 1.997147 -9.244101
8 4.365453 -6.129468
9 -6.597014 4.895076
3 -1.992084 8.274786
6 12.873539 -2.710784
9 -8.737489 0.604549
6 12.873539 -2.710784
7 -9.702939 4.868663
9 6.634342 4.258299
6 8.114293 -2.935262
7 -6.999155 8.029034
4 11.328107 -6.060548
9 -11.805880 2.135320
3 0.981979 12.778765
1 -0.326277 5.865721
