10 100
P -8.243242 3.746755 -4.899602 8.108066
P -5.553451 -2.538939 -4.488869 0.174541
K -9.637281 -8.629373 1.111275
Z 3 1.252725 0.625006 7.530238 2.166878
P 3.824128 -3.223236 8.115541 1.045533
K 9.060127 1.922714 3.162584
K 2.788577 -8.804586 4.517679
P -9.740928 6.621009 -5.969143 9.539588
K 3.431932 6.750335 3.645986
K 3.009555 9.139296 1.808831
1 -4.899602 3.746755
9 5.733624 6.967657
8 -5.969143 9.539588
7 2.788577 -8.804586
6 5.912799 -3.667402
10 3.009555 9.139296
5 8.115541 -3.223236
2 -5.553451 0.174541
6 9.060127 1.922714
10 3.009555 9.139296
6 -9.569230 -3.852592
3 -9.637281 -8.629373
8 -9.740928 9.539588
6 9.060127 1.922714
8 -5.969143 9.539588
1 -2.511912 7.421272
6 9.060127 1.922714
6 9.060127 1.922714
1 -4.899602 8.108066
6 3.176878 3.108005
6 9.060127 1.922714
6 9.060127 1.922714
4 -9.637281 -8.629373
3 -1.347346 4.344878
4 -9.637281 -8.629373
1 -8.243242 3.746755
9 -3.414472 8.537846
2 -4.488869 -2.538939
1 -8.243242 8.108066
6 9.060127 1.922714
6 9.060127 1.922714
1 -4.899602 3.746755
1 -2.098665 3.817059
6 -7.082883 6.894392
10 3.009555 9.139296
1 -4.899602 8.108066
8 -9.740928 6.621009
6 9.060127 1.922714
8 -5.969143 9.539588
8 -9.740928 6.621009
8 -9.740928 6.621009
1 -8.243242 3.746755
7 2.788577 -8.804586
9 3.431932 6.750335
4 -1.492174 6.555104
4 8.975206 2.360407
6 9.060127 1.922714
8 -5.969143 6.621009
2 -4.488869 0.174541
3 -9.637281 -8.629373
5 2.888742 -0.792221
6 -9.683947 -1.582298
5 8.115541 1.045533
3 -9.637281 -8.629373
4 -9.637281 -8.629373
4 -12.685523 3.781112
4 6.620556 0.831448
4 -12.685523 3.781112
1 -8.243242 3.746755
1 -4.899602 3.746755
6 9.060127 1.922714
4 -9.637281 -8.629373
10 3.009555 9.139296
10 9.683606 0.244529
5 8.115541 1.045533
8 -5.969143 6.621009
7 -4.098810 2.891163
6 8.821160 -0.751081
3 -3.653869 -0.834222
5 3.824128 1.045533
9 3.431932 6.750335
10 3.009555 9.139296
10 3.009555 9.139296
2 -4.488869 0.174541
5 8.115541 -3.223236
6 -5.196139 -0.641215
10 3.009555 9.139296
10 3.009555 9.139296
8 -9.740928 6.621009
5 8.115541 -3.223236
7 2.788577 -8.804586
3 -8.568041 8.436774
4 -9.637281 -8.629373
7 2.788577 -8.804586
4 -0.770298 -9.054184
5 5.716140 5.558342
2 -4.488869 0.174541
8 -9.740928 9.539588
1 -8.243242 3.746755
3 -9.637281 -8.629373
8 -9.740928 9.539588
4 3.874494 0.560115
1 2.048948 3.381008
7 2.788577 -8.804586
3 -9.637281 -8.629373
5 8.115541 1.045533
10 3.009555 9.139296
7 2.788577 -8.804586
4 -9.637281 -8.629373
8 -9.740928 6.621009
