10 100
P 7.204911 1.121188 10.943913 2.586254
P -8.774423 5.179674 -4.557098 6.858734
P 8.554802 2.693118 10.206362 6.637053
K -8.895878 5.370690 2.187684
P -3.030948 -1.498728 -1.885315 0.434469
K 8.140536 -9.591087 1.953200
K -5.985165 -2.433053 2.105416
K -7.730801 -3.294489 3.186126
K -6.358568 -7.359310 2.544410
K -5.751805 1.881513 3.221804
6 8.1405 -9.5911
9 -3.3612 7.2456
6 8.1405 -9.5911
7 -5.9852 -2.4331
10 -5.7518 1.8815
9 1.0914 -4.6874
10 6.4021 1.2597
6 -7.7778 -4.0279
3 10.2064 2.6931
8 -7.7308 -3.2945
3 1.0579 3.2103
1 7.2049 2.5863
2 -8.7744 5.1797
9 6.5405 -1.4185
3 10.2064 6.6371
8 -7.7308 -3.2945
5 -3.0309 0.4345
8 -8.0631 -9.9722
3 10.2064 2.6931
3 5.0407 2.0537
6 8.1405 -9.5911
6 7.1807 1.6265
9 -6.3586 -7.3593
6 8.1405 -9.5911
2 5.9253 9.5899
4 7.0775 -7.2228
7 -5.9852 -2.4331
9 -6.3586 -7.3593
7 -5.9852 -2.4331
9 -6.1406 9.4123
4 -8.8959 5.3707
6 -4.4027 8.7996
7 5.4222 -2.8371
1 7.2049 1.1212
1 2.1892 -2.9143
3 10.2064 6.6371
7 -5.9852 -2.4331
4 -8.8959 5.3707
3 -5.1030 -4.7917
2 -8.7744 6.8587
5 -3.0309 -1.4987
9 8.0598 0.6890
5 -1.8853 0.4345
1 7.2049 1.1212
9 -6.3586 -7.3593
10 -5.7518 1.8815
4 -8.8959 5.3707
9 -6.3586 -7.3593
10 -0.7488 -9.4214
3 7.3211 -4.4207
10 -5.7518 1.8815
2 3.7212 7.3152
5 -1.8853 0.4345
3 10.2064 2.6931
1 -2.2049 1.7846
8 -7.7308 -3.2945
7 -5.9852 -2.4331
7 -5.9852 -2.4331
6 -3.6735 4.8703
4 -8.8959 5.3707
9 -5.9060 -5.2753
8 -7.7308 -3.2945
6 4.8302 2.0349
6 8.1405 -9.5911
6 -9.7188 7.6168
6 8.1405 -9.5911
10 -5.7518 1.8815
7 -5.9852 -2.4331
4 9.4366 -1.6390
7 9.6495 2.8515
6 8.1405 -9.5911
7 0.7441 -5.2836
7 -5.9852 -2.4331
10 -5.7518 1.8815
1 7.2049 1.1212
7 -5.9852 -2.4331
4 -8.8959 5.3707
10 -0.1538 4.9327
9 -6.3586 -7.3593
9 -6.3586 -7.3593
1 7.2049 2.5863
8 -7.7308 -3.2945
6 8.1405 -9.5911
1 9.6658 5.5817
1 10.9439 1.1212
2 -4.5571 5.1797
3 10.2064 6.6371
10 8.9150 -6.8411
7 -5.9852 -2.4331
2 -4.5571 5.1797
7 -5.9852 -2.4331
3 10.2064 6.6371
1 1.7079 1.4325
1 10.9439 1.1212
9 -5.7737 6.4781
1 -6.6795 9.8985
3 2.9979 4.0120
4 -8.8959 5.3707
3 10.2064 2.6931
4 -8.8959 5.3707
