10 100
P 4.166267 -5.794837 6.295413 -2.588725
Z 1 6.295413 -5.794837 5.589618 -5.086422
K 6.987157 6.349360 1.959189
K 4.715600 -9.085373 1.355958
K 6.512388 -9.906576 1.333516
Z 5 6.188601 -11.200186 7.158676 -11.442993
Z 4 4.715600 -9.085373 4.739354 -8.085655
Z 1 1.448710 6.945104 -6.145035 -4.239526
P -5.908629 6.495173 -3.781442 7.500338
P -5.579060 -4.282942 -2.578938 0.710169
7 -3.7248 -0.0449
10 -5.5791 0.7102
5 6.5124 -9.9066
4 4.7156 -9.0854
2 -3.2382 -4.4741
5 -8.2343 -6.9724
8 -5.7909 -8.9870
1 4.1663 -2.5887
9 -4.0473 9.2488
8 6.2954 -2.5887
9 -5.9086 6.4952
6 5.8648 -12.4938
7 4.7156 -9.0854
6 6.5124 -9.9066
9 -3.7814 6.4952
5 6.5124 -9.9066
5 -3.8557 -0.5158
7 4.7156 -9.0854
6 5.0065 -7.2913
7 4.7156 -9.0854
4 4.7156 -9.0854
3 6.9872 6.3494
7 4.7156 -9.0854
9 -3.7814 6.4952
7 4.7156 -9.0854
1 6.2954 -5.7948
9 5.4759 8.9723
4 -6.9664 8.7511
6 6.5124 -9.9066
4 4.7156 -9.0854
5 6.5124 -9.9066
3 6.9872 6.3494
6 -0.0604 5.8799
7 9.3582 -4.5752
4 4.7156 -9.0854
3 2.7496 -9.7074
4 4.7156 -9.0854
6 6.5124 -9.9066
6 -4.4850 5.8214
5 6.5124 -9.9066
9 -5.9086 6.4952
8 -9.1282 -3.5263
2 3.5564 6.3912
6 1.9634 -6.9500
1 4.1663 -2.5887
2 -1.4224 -6.5023
7 -7.3230 -6.4499
4 4.5933 3.7089
9 -3.7814 6.4952
5 6.5124 -9.9066
5 6.5124 -9.9066
3 6.9872 6.3494
1 7.7179 2.9230
6 6.5124 -9.9066
1 6.2954 -5.7948
9 -3.7814 7.5003
6 6.5124 -9.9066
4 4.7156 -9.0854
10 2.9329 2.6045
7 4.7156 -9.0854
7 4.7156 -9.0854
5 6.5124 -9.9066
5 6.5124 -9.9066
4 4.7156 -9.0854
4 4.7156 -9.0854
4 4.7909 -0.9262
1 6.2954 -2.5887
7 4.7156 -9.0854
9 -3.7814 7.5003
2 3.0972 -3.6538
5 6.5124 -9.9066
10 2.2557 -3.0678
7 3.4896 2.8725
3 6.9872 6.3494
7 4.7156 -9.0854
8 -12.1806 6.7494
6 9.1966 -7.0402
3 7.9429 8.2767
1 6.9625 -1.9134
3 6.9872 6.3494
4 4.7156 -9.0854
6 6.6758 -9.1261
10 -0.2797 4.0861
7 4.7156 -9.0854
2 3.0972 -3.6538
6 6.5124 -9.9066
6 6.5124 -9.9066
4 4.7156 -9.0854
8 0.2700 8.0035
7 4.7156 -9.0854
5 6.5124 -9.9066
3 -8.0942 6.2460
8 4.1663 -2.5887
6 -9.6505 8.5445
4 4.7156 -9.0854
5 -4.6467 -8.9121
8 4.3220 -1.9991
2 -2.9865 6.9024
4 4.7156 -9.0854
6 5.8648 -12.4938
