10 100
K -2.347622 -8.516648 1.520363
Z 1 -3.020235 -7.153161 -3.917051 -7.595564
P 9.264485 -9.461807 12.022157 -8.056073
K 9.227653 -2.208128 2.388068
P 7.389830 3.428293 10.410716 5.864452
K -9.062136 5.352901 1.353348
K 6.241523 -4.838803 2.834854
Z 2 -4.476965 -7.092235 -3.620222 -7.607978
Z 3 -3.514584 1.222359 1.679926 -9.826428
Z 2 -0.840544 -8.316102 -0.972450 -7.324839
4 9.227653 -2.208128
7 -4.559043 -2.734779
8 -2.347622 -8.516648
2 -2.347622 -8.516648
1 -5.357183 -0.420064
2 -3.692848 -5.789674
7 6.241523 -4.838803
2 -2.347622 -8.516648
6 -9.062136 5.352901
7 6.241523 -4.838803
8 -2.221614 -8.307326
9 12.022157 -8.056073
7 -5.261422 -1.618459
2 -2.347622 -8.516648
9 -6.281259 -16.661297
2 -8.801928 -4.427837
1 -2.347622 -8.516648
9 -5.198742 -17.558092
3 12.022157 -8.056073
7 6.241523 -4.838803
2 -3.692848 -5.789674
7 -7.007333 2.731498
5 7.389830 3.428293
8 -2.221614 -8.307326
9 -3.439470 -15.434483
6 -9.062136 5.352901
4 4.946188 5.312967
4 9.227653 -2.208128
1 4.200296 2.747771
5 7.389830 5.864452
5 7.389830 3.428293
5 10.410716 5.864452
9 -6.281259 -16.661297
1 -6.882484 -2.876392
3 9.264485 -8.056073
8 7.375856 -1.658374
7 -8.003361 7.818132
3 3.150934 6.806545
6 -0.735296 -2.336631
6 -9.062136 5.352901
5 10.410716 3.428293
2 -2.347622 -8.516648
9 12.022157 -8.056073
7 6.241523 -4.838803
7 6.241523 -4.838803
3 12.022157 -8.056073
3 9.264485 -8.056073
10 -1.918655 6.146528
10 -2.347622 -8.516648
10 0.666535 -8.115555
3 12.022157 -8.056073
1 -2.347622 -8.516648
7 6.251277 7.934622
7 2.025978 5.738847
9 -6.281259 -16.661297
8 -3.692848 -5.789674
3 12.022157 -9.461807
8 -3.692848 -5.789674
6 3.714464 6.866916
3 9.264485 -8.056073
1 -2.347622 -8.516648
3 9.264485 -8.056073
5 7.389830 3.428293
10 0.666535 -8.115555
5 10.410716 5.864452
3 12.022157 -8.056073
6 -9.062136 5.352901
6 -9.062136 5.352901
9 1.006450 -4.498907
1 1.681577 -4.711026
2 -3.692848 -5.789674
10 -2.347622 -8.516648
10 1.251821 -5.131689
10 1.003708 -6.831000
1 9.267664 -8.049387
1 -2.347622 -8.516648
4 9.227653 -2.208128
4 9.227653 -2.208128
3 12.022157 -9.461807
5 0.616700 -4.418338
7 4.174221 -2.269909
9 -3.439470 -15.434483
1 6.685400 -4.774564
3 12.022157 -9.461807
3 9.264485 -9.461807
5 10.410716 3.428293
5 7.389830 3.428293
8 1.996015 2.496119
5 -6.243221 1.493804
1 7.172732 -0.957931
10 -3.692848 -5.789674
8 -2.221614 -8.307326
7 6.241523 -4.838803
9 9.264485 -8.056073
7 -2.689912 8.315682
7 2.159937 6.219591
6 -4.463251 -3.207649
7 6.241523 -4.838803
3 9.264485 -8.056073
3 9.264485 -9.461807
