10 100
P 3.160004 1.177710 8.149269 5.489463
P 0.167144 -1.355471 3.991858 1.261035
Z 2 -3.236698 -9.786317 1.545001 4.745076
Z 3 5.391135 -4.057366 -4.169987 -0.406536
P 2.748150 9.680833 4.775653 11.550361
P -2.440934 0.142549 1.821457 3.554186
Z 1 3.160004 5.489463 4.045940 5.953271
P 2.424404 -1.809199 5.962916 0.121232
Z 6 -8.532716 5.461548 4.273284 -9.220083
P -1.153172 -1.290025 0.261291 0.061346
10 -2.9945 2.8722
6 1.8215 0.1425
10 -1.1532 -1.2900
1 -2.3845 -2.3336
1 8.1493 1.1777
2 3.9919 -1.3555
6 -2.4409 3.5542
5 4.7757 11.5504
9 1.8215 0.1425
7 8.1493 1.1777
2 9.6933 9.8238
7 -0.6725 -2.6664
2 0.1671 1.2610
4 -0.9690 -0.9816
3 9.4461 9.8431
3 0.1671 1.2610
7 8.1493 1.1777
9 -4.6695 -5.5192
7 8.1493 1.1777
9 -0.6529 1.8572
8 2.4244 0.1212
2 3.9919 1.2610
5 2.7482 11.5504
9 -2.4409 0.1425
9 1.8215 0.1425
6 -9.3810 5.9839
2 3.9919 1.2610
10 -4.7338 -1.4882
4 -2.4926 3.3948
10 0.2613 0.0613
1 -2.6301 8.3587
1 8.1493 5.4895
10 3.9669 -1.0892
6 -2.5956 -8.9685
2 7.1969 -9.5561
8 2.4244 -1.8092
5 2.7482 9.6808
1 8.1493 5.4895
10 -1.1532 0.0613
7 2.4593 12.0464
9 -4.0905 -1.2963
9 -7.4705 -0.8329
6 -2.4409 3.5542
4 0.5847 1.1236
6 -2.4409 3.5542
4 0.5847 1.1236
10 9.4085 -0.7287
7 8.1493 1.1777
6 -2.4409 3.5542
2 -2.7602 0.9462
4 1.1242 -9.6376
5 4.7757 9.6808
4 -7.9413 4.4855
1 8.1493 1.1777
2 -2.9079 -1.2269
10 0.2613 -1.2900
4 -7.6560 -5.0404
6 -2.2939 4.7953
9 -7.4705 -0.8329
6 1.8215 3.5542
8 0.9332 -6.3608
6 1.8215 0.1425
3 1.9383 5.3815
7 7.4509 -8.7240
6 1.8215 0.1425
1 8.1493 1.1777
3 0.1671 -1.3555
9 6.5984 1.3715
6 1.8215 3.5542
9 -2.5575 4.2922
3 -2.4926 3.3948
4 3.9919 1.2610
10 2.0692 -7.1640
1 3.1600 1.1777
1 3.1600 1.1777
7 8.1493 1.1777
3 -0.9690 -0.9816
1 9.2935 6.5560
4 0.8032 -7.0896
10 -1.8208 -0.3054
8 2.4244 0.1212
4 -2.0481 -4.5404
5 6.1152 -8.7554
9 1.8215 0.1425
3 0.1671 -1.3555
10 -1.1532 -1.2900
5 4.7757 11.5504
9 7.7457 0.9621
9 -7.4705 -0.8329
6 -2.4409 0.1425
4 -2.5383 3.9762
10 6.6401 5.2467
1 3.1600 1.1777
9 -2.4409 3.5542
6 1.8215 0.1425
10 0.2613 -1.2900
5 2.7482 11.5504
9 4.8358 -7.0020
8 2.4244 0.1212
8 4.5021 -0.5869
