10 100
K -2.648557 1.072707 4.799687
K 9.402024 -8.562711 4.783028
K 8.847285 -2.070909 2.442152
Z 3 11.228543 -2.612866 11.450461 -1.637800
Z 2 4.873020 -10.100722 5.194576 -11.047612
Z 5 -3.326115 -8.571569 -3.967375 -9.338893
P 9.570685 -9.570320 14.389370 -5.512387
Z 2 9.402024 -8.562711 10.307540 -8.987023
P 2.394138 2.958498 6.253908 5.373285
K -8.026354 -9.825503 4.814606
7 9.5707 -9.5703
4 7.4688 -0.9734
7 14.3894 -5.5124
8 -4.3958 -2.7313
9 6.1288 -9.0505
3 8.8473 -2.0709
10 -8.0264 -9.8255
5 -4.5674 -0.2648
3 8.8473 -2.0709
6 -2.7554 2.6476
4 8.8473 -2.0709
1 2.4079 -0.9612
2 9.4020 -8.5627
3 6.2759 7.1144
5 -2.4738 5.4440
1 -2.6486 1.0727
6 -0.0627 2.1533
3 -6.4477 -2.4883
3 1.2330 -1.2106
5 4.3059 -5.5957
8 9.4020 -8.5627
8 -8.9067 7.7756
5 -5.6816 9.0677
5 -2.1761 6.5534
3 8.8473 -2.0709
3 8.2652 -3.2824
8 -9.0375 -1.3640
2 5.3233 6.8949
4 13.6098 -3.1548
9 2.3941 2.9585
7 8.3592 -5.0186
2 9.4020 -8.5627
9 2.3941 2.9585
9 2.3941 5.3733
6 -6.3184 4.2430
9 2.3941 5.3733
1 -1.2673 8.2786
10 -8.0264 -9.8255
10 -8.0264 -9.8255
8 9.4020 -8.5627
3 8.8473 -2.0709
7 14.3894 -5.5124
10 3.5541 -9.6777
2 9.4020 -8.5627
8 9.4020 -8.5627
6 0.3440 -11.6387
8 9.4020 -8.5627
6 -5.5776 3.9559
7 14.3894 -5.5124
3 8.8473 -2.0709
4 8.8473 -2.0709
1 -6.2685 -1.5034
5 9.4020 -8.5627
3 -1.8461 -8.1841
5 9.4020 -8.5627
4 -9.6685 -7.0861
1 -2.6486 1.0727
2 9.4020 -8.5627
7 14.3894 -5.5124
5 9.4020 -8.5627
10 -8.0264 -9.8255
2 9.4020 -8.5627
2 9.4020 -8.5627
7 9.5707 -5.5124
1 -1.2847 -1.5818
9 4.0867 1.5250
4 8.8966 1.1825
4 -3.8264 9.6957
9 6.2539 2.9585
9 -0.1377 3.9947
5 -5.1988 -3.8484
7 14.3894 -9.5703
9 9.5916 -9.0687
8 4.0931 -0.6663
10 -8.3074 -5.7282
2 9.4020 -8.5627
8 9.5556 -8.9890
2 9.4020 -8.5627
10 -8.0264 -9.8255
1 -2.6486 1.0727
8 9.4020 -8.5627
4 8.8473 -2.0709
9 1.9098 -5.3019
3 8.8473 -2.0709
9 -8.8184 -4.6957
7 3.6303 4.3583
2 9.4020 -8.5627
1 -2.6486 1.0727
10 -8.0264 -9.8255
8 9.4020 -8.5627
1 -2.6486 1.0727
1 -3.7238 7.0885
7 14.3894 -9.5703
3 3.4687 -8.3539
3 8.8473 -2.0709
5 9.4020 -8.5627
10 1.8756 6.2722
5 0.3440 -11.6387
2 9.4020 -8.5627
4 -5.5341 -1.4783
