10 100
P -1.090176 5.478864 3.366468 6.546870
K -1.335814 1.991789 2.184481
P 4.030740 8.590524 6.913827 11.502451
P 6.831968 5.388851 7.964232 7.376030
Z 2 -0.221659 3.870782 -1.081814 4.380814
K 5.733796 -9.196494 2.116972
P 6.539141 -2.861867 8.295343 1.778616
P -0.223616 4.015614 2.845574 5.070587
K 1.281823 0.790483 4.868050
K 8.875211 9.814635 4.429744
2 -7.188967 2.915566
10 8.875211 9.814635
2 -7.663662 9.233364
10 8.875211 9.814635
4 6.831968 7.376030
6 5.733796 -9.196494
3 6.913827 11.502451
10 8.875211 9.814635
3 6.913827 11.502451
5 0.892497 5.749775
5 -3.707916 -2.781711
5 0.892497 5.749775
3 -5.505956 -8.779583
2 -1.335814 1.991789
10 -0.924642 -5.731925
1 -1.906075 8.037115
8 2.845574 4.015614
5 -1.335814 1.991789
10 8.875211 9.814635
9 1.281823 0.790483
9 1.281823 0.790483
10 8.875211 9.814635
10 8.875211 9.814635
2 5.815196 -5.850217
7 -1.566341 3.249738
5 8.478884 0.406705
8 2.341243 2.330111
1 3.366468 6.546870
4 7.964232 5.388851
8 -2.287233 -8.307801
7 -6.664194 -2.676687
2 -1.335814 1.991789
5 -1.335814 1.991789
7 6.539141 -2.861867
3 3.332925 -8.008485
5 -1.080096 -9.734721
8 6.718527 -2.454787
8 2.845574 4.015614
4 6.831968 7.376030
2 -9.382727 2.963037
7 8.852632 -1.540515
4 4.056232 -9.689077
1 3.366468 6.546870
3 4.030740 8.590524
2 -1.335814 1.991789
2 -1.335814 1.991789
2 -1.335814 1.991789
1 -1.090176 6.546870
7 6.539141 1.778616
9 1.281823 0.790483
10 8.910216 4.930913
4 6.831968 7.376030
10 9.798674 4.552699
9 1.281823 0.790483
5 0.892497 5.749775
6 5.733796 -9.196494
6 6.031525 -9.387368
7 -7.675084 5.135009
5 -1.335814 1.991789
5 -1.335814 1.991789
2 -1.335814 1.991789
10 1.641127 5.451716
6 5.733796 -9.196494
5 2.174214 6.893130
7 8.295343 1.778616
8 -0.223616 5.070587
10 -8.765893 0.038284
3 6.913827 8.590524
1 3.366468 5.478864
4 6.831968 7.376030
7 -7.848157 7.957865
1 3.366468 6.546870
4 7.964232 5.388851
5 -8.120302 0.537523
7 -1.884285 -9.815238
9 1.281823 0.790483
10 8.875211 9.814635
9 1.281823 0.790483
4 7.964232 5.388851
4 7.964232 7.376030
3 4.030740 8.590524
1 -1.090176 5.478864
8 2.845574 5.070587
3 4.030740 8.590524
2 -1.335814 1.991789
1 -2.890331 0.917066
2 7.548724 -4.194478
7 6.539141 1.778616
2 -1.335814 1.991789
10 8.875211 9.814635
1 -1.090176 6.546870
7 1.249391 9.078143
9 1.281823 0.790483
8 -0.223616 5.070587
5 0.892497 5.749775
10 8.875211 9.814635
3 6.913827 11.502451
9 1.281823 0.790483
5 -1.335814 1.991789
5 4.225365 -4.160719
