10 100
K -7.885699 4.665535 4.941105
K 3.003909 -9.429643 3.166618
K 4.062559 -3.724367 1.137026
K 5.527406 6.528087 2.880614
Z 3 4.062559 -3.724367 3.551656 -4.584005
Z 5 3.176744 -6.870364 0.965356 9.868501
P -4.981571 8.799869 -0.259222 12.388479
K 4.735297 9.224010 2.250518
P 3.637754 -7.888705 4.788343 -4.271471
P -9.295332 5.317721 -6.454799 7.606175
7 -4.981571 8.799869
1 8.530096 6.732689
4 5.527406 6.528087
1 -7.885699 4.665535
1 -7.885699 4.665535
7 2.928414 -2.397136
2 3.003909 -9.429643
8 4.735297 9.224010
6 4.062559 -3.724367
4 5.527406 6.528087
10 -9.295332 5.317721
10 -9.295332 5.317721
1 -7.885699 4.665535
4 5.069417 2.125212
9 3.637754 -4.271471
2 3.003909 -9.429643
3 4.062559 -3.724367
6 1.504338 -4.062336
4 5.527406 6.528087
7 -4.981571 8.799869
7 -0.259222 8.799869
7 -8.499135 3.883066
9 -5.855495 -1.119458
6 1.504338 -4.062336
10 0.143075 6.678675
1 -7.885699 4.665535
10 -6.454799 5.317721
4 8.941477 2.181103
2 3.003909 -9.429643
3 4.062559 -3.724367
10 -9.295332 5.317721
1 -7.885699 4.665535
5 4.062559 -3.724367
10 4.819914 3.016499
4 -8.971374 0.703798
8 -6.925300 1.973506
9 4.788343 -7.888705
2 3.003909 -9.429643
2 3.003909 -9.429643
2 3.003909 -9.429643
8 -9.476551 5.679412
4 5.527406 6.528087
9 4.788343 -7.888705
7 1.890103 5.457049
5 4.062559 -3.724367
10 -5.968191 1.482019
10 -2.638236 -5.458136
10 -9.295332 5.317721
1 -9.097934 -1.842700
4 9.701474 2.856275
9 -1.134364 1.411101
3 -0.993046 -3.631435
6 8.028381 -3.978141
1 -0.986805 2.226924
9 -0.287710 6.028489
3 -0.871202 -4.702782
4 4.399076 -5.651283
7 -0.259222 12.388479
10 -6.454799 5.317721
5 4.062559 -3.724367
4 5.527406 6.528087
1 -7.885699 4.665535
6 4.062559 -3.724367
10 -6.454799 5.317721
9 3.637754 -7.888705
7 6.765334 -1.036648
2 -4.394403 2.516606
2 3.003909 -9.429643
5 4.062559 -3.724367
1 -7.885699 4.665535
3 4.062559 -3.724367
2 3.003909 -9.429643
6 1.504338 -4.062336
1 7.757746 9.254704
3 0.268071 4.489890
4 7.591195 1.472349
5 8.998667 -0.133627
1 8.876120 7.793833
10 -9.295332 5.317721
6 -7.125760 2.189068
4 5.527406 6.528087
5 4.062559 -3.724367
5 -3.098188 3.288994
5 4.062559 -3.724367
7 -4.981571 12.388479
10 -9.295332 5.317721
4 6.805401 -3.422556
6 4.062559 -3.724367
9 4.788343 -7.888705
2 -6.845035 -9.200266
2 3.003909 -9.429643
7 -4.981571 8.799869
2 2.576023 4.812227
3 -2.019790 9.601900
6 4.062559 -3.724367
7 -3.479143 -6.668123
3 4.062559 -3.724367
1 7.607576 7.530412
9 4.788343 -7.888705
7 -0.259222 12.388479
