10 100
P -4.410041 -2.134995 -0.698014 -0.707773
Z 1 -9.538180 -7.866647 -0.240881 -2.714175
K 5.047840 3.019270 2.197552
K -1.928387 6.252244 1.389030
P -0.855932 6.963141 3.745284 8.881798
Z 4 -7.041170 -7.778153 -6.079614 -4.416634
P -3.378793 -5.991722 -1.846462 -1.205826
Z 2 -1.810644 0.171653 -1.064384 8.375635
P 9.900086 -1.017789 13.287141 1.905288
Z 6 -4.347716 8.167729 -5.308160 7.889257
7 -1.8465 -1.2058
6 5.2384 5.6931
2 -4.4100 -0.7078
7 -1.8465 -1.2058
4 -1.9284 6.2522
6 -3.9609 6.8336
3 -9.2431 -4.6442
8 -3.0637 -0.4926
9 13.2871 1.9053
4 -1.9284 6.2522
8 -2.4498 9.3218
4 1.3851 -2.0209
1 -0.6980 -2.1350
6 -7.7228 0.4766
4 -1.4373 -7.6318
1 8.8310 -7.7594
8 -4.2454 -3.0219
2 1.2181 -4.1653
10 -1.9284 6.2522
6 -3.9609 6.8336
4 -1.9284 6.2522
3 5.0478 3.0193
10 -3.3282 11.0803
10 -3.9609 6.8336
6 2.9552 7.9894
1 7.5172 -5.3389
9 9.9001 1.9053
9 9.9001 1.9053
5 -4.0948 1.4595
6 -3.9609 6.8336
3 5.0478 3.0193
10 -3.9679 -4.3796
7 -1.8465 -5.9917
8 -4.9500 2.6201
10 -4.7345 9.5018
10 3.3296 0.9670
3 5.0478 3.0193
1 -4.4100 -2.1350
1 -4.4100 -0.7078
7 -3.3788 -1.2058
10 -3.3282 11.0803
7 2.4608 -1.8353
5 -0.8559 6.9631
6 9.8613 6.3682
3 5.0478 3.0193
5 3.7453 6.9631
5 -0.8559 8.8818
6 4.3916 9.9474
2 -4.4100 -0.7078
10 -3.6376 1.7928
1 -1.7750 -8.6642
5 3.7453 6.9631
10 -1.6186 -3.6682
5 3.3935 6.0571
10 -3.3282 11.0803
7 -1.8465 -1.2058
4 5.1170 -8.8712
8 5.1808 -1.0215
8 0.0079 -3.4088
1 -5.6406 5.7123
2 1.2181 -4.1653
10 -3.3282 11.0803
7 -3.3788 -1.2058
1 -4.4100 -2.1350
4 -1.4328 6.1212
6 -3.9609 6.8336
7 1.9545 8.4886
4 2.7964 -8.4603
5 3.7453 6.9631
9 13.2871 -1.0178
5 5.6703 -0.3167
7 -1.8465 -5.9917
8 -9.8171 -8.2959
5 -8.4751 -7.5410
6 -1.9284 6.2522
9 9.9001 -1.0178
10 -2.3304 2.2438
9 1.3224 -3.9986
5 -0.8559 6.9631
1 6.2133 9.0716
7 -4.0266 7.3547
9 9.9001 1.9053
5 -0.8559 6.9631
3 5.0478 3.0193
4 -1.9284 6.2522
3 -1.7618 -9.9726
2 -4.7966 -7.3533
1 -4.4100 -0.7078
7 -4.9467 8.8761
8 -3.9053 6.4234
1 -0.6980 -0.7078
5 3.7453 8.8818
9 3.6614 7.5060
1 8.4267 1.3269
6 -1.9284 6.2522
4 -1.9284 6.2522
7 -3.3788 -5.9917
8 -4.4100 -0.7078
7 -1.8465 -5.9917
4 -1.9284 6.2522
