10 100
K -8.966898 -6.307333 1.077106
P 1.885094 -4.531556 4.772369 -2.984004
K 5.857970 -7.471617 1.613753
Z 1 -1.655943 -1.672188 6.930536 -4.089137
Z 4 -5.475562 6.096025 -6.415675 6.436887
P 4.604917 -1.007911 7.372089 1.984630
P 8.640348 -2.686124 13.034647 -0.466235
Z 4 2.757952 5.378022 9.223245 2.605885
P 2.832922 2.781259 7.409686 4.172769
K 9.339008 1.836030 4.100096
7 13.0346 -2.6861
10 7.5719 -9.0538
3 5.8580 -7.4716
5 3.1332 6.8296
8 -0.6557 5.3936
9 7.4097 2.7813
2 7.6820 6.3549
3 -8.1254 -9.1186
9 7.4097 4.1728
1 -8.9669 -6.3073
7 13.0346 -0.4662
7 13.0346 -0.4662
4 -8.9669 -6.3073
8 -5.4756 6.0960
2 4.7724 -4.5316
7 13.0346 -2.6861
4 -8.9669 -6.3073
3 0.5340 -7.5263
3 5.8580 -7.4716
10 -2.4671 -5.2782
3 7.1118 -0.9952
9 2.8329 2.7813
3 5.8580 -7.4716
5 7.3289 1.2244
2 3.9175 8.8085
6 4.6049 1.9846
7 5.2147 0.4351
10 5.8573 5.1666
6 6.2652 -2.3390
9 2.8329 4.1728
8 -3.4384 10.8471
1 -0.0686 1.4829
9 2.8329 2.7813
4 -5.4756 6.0960
6 4.6049 -1.0079
7 3.6679 8.2565
9 8.0338 9.6658
3 5.8580 -7.4716
1 2.8786 -3.7817
9 7.4097 2.7813
9 3.2705 5.3104
10 9.3390 1.8360
9 2.8329 2.7813
10 9.3390 1.8360
9 2.8329 2.7813
2 4.7724 -2.9840
5 -8.9669 -6.3073
3 5.8580 -7.4716
8 -5.4756 6.0960
5 5.3292 -4.8490
4 -5.4756 6.0960
10 9.3390 1.8360
7 3.3509 -5.4358
7 8.6403 -0.4662
1 -8.9669 -6.3073
8 -5.4756 6.0960
10 9.3390 1.8360
5 -8.9669 -6.3073
3 5.8580 -7.4716
5 -8.9669 -6.3073
2 1.8851 -2.9840
4 -9.4431 -6.4433
1 -8.9669 -6.3073
10 9.3390 1.8360
3 5.8580 -7.4716
10 0.8023 8.1635
9 2.8329 4.1728
9 2.8329 4.1728
9 -2.1578 -1.1353
1 -3.3090 9.4644
1 7.3925 -1.6147
4 -8.9669 -6.3073
7 8.6403 -2.6861
6 3.1368 8.7956
5 -5.4756 6.0960
9 2.8329 2.7813
5 -5.4756 6.0960
5 -8.9669 -6.3073
4 -5.4756 6.0960
2 4.7724 -4.5316
4 -8.9669 -6.3073
6 -9.6487 -7.2655
9 7.4097 2.7813
3 5.8580 -7.4716
10 9.3390 1.8360
10 9.3390 1.8360
3 -4.3042 -3.5058
5 -6.8457 6.8712
1 0.4806 -3.5818
6 7.3721 -1.0079
8 -3.4384 10.8471
5 -5.4756 6.0960
2 1.8851 -2.9840
7 8.7646 -0.6408
9 2.8329 2.7813
7 13.0346 -0.4662
2 5.0814 -5.1240
10 9.3390 1.8360
6 7.3721 1.9846
8 -8.9669 -6.3073
