10 100
K 6.737113 -8.626908 1.198599
Z 1 -5.154405 1.423689 -2.159611 -0.157285
Z 2 9.987776 -3.916514 10.981384 -3.803627
K -3.609700 6.814322 2.008435
K 6.874435 6.714031 2.278105
Z 2 -6.787401 -2.462797 3.922290 2.125638
K 7.029022 -0.886133 1.660009
K 3.473134 -0.166328 1.195850
P 9.939050 5.489995 13.346974 9.904127
P 3.770383 4.949836 7.188669 9.128388
10 8.205098 -6.170444
6 4.500848 9.765441
3 9.852470 -2.725577
5 -7.605404 8.504505
9 13.346974 5.489995
4 8.856147 4.567017
8 3.473134 -0.166328
6 4.500848 9.765441
8 3.473134 -0.166328
10 7.188669 4.949836
2 9.852470 -2.725577
8 4.556670 -1.079457
9 13.346974 5.489995
5 6.874435 6.714031
10 7.188669 9.128388
9 -4.799207 -7.931641
7 7.029022 -0.886133
1 1.670095 -9.244169
8 -1.637571 -6.975516
1 -9.281509 1.260272
7 7.029022 -0.886133
5 9.916970 -8.648407
6 -2.226317 -0.285921
3 9.852470 -2.725577
1 4.864691 8.765750
6 4.500848 9.765441
10 3.055145 0.171860
3 9.852470 -2.725577
1 -3.992053 -3.084025
1 6.737113 -8.626908
6 -6.847529 -4.082344
2 2.077637 -9.285668
8 2.091520 5.578820
4 -3.609700 6.814322
1 8.937363 5.586455
7 -5.116344 9.106946
3 9.852470 -2.725577
2 9.852470 -2.725577
9 13.346974 5.489995
2 6.737113 -8.626908
10 3.770383 9.128388
4 -3.609700 6.814322
6 6.737113 -8.626908
8 3.473134 -0.166328
9 9.939050 5.489995
7 1.303645 3.699552
7 7.029022 -0.886133
6 9.852470 -2.725577
9 -4.873637 -9.260306
8 7.361843 1.296139
6 6.737113 -8.626908
3 0.411053 -0.281234
5 6.874435 6.714031
1 -6.060866 -3.651024
6 1.166628 -0.698079
2 6.737113 -8.626908
7 2.827106 -7.424186
1 6.737113 -8.626908
4 -3.609700 6.814322
9 9.939050 9.904127
6 -5.153309 6.055843
8 3.473134 -0.166328
10 7.188669 9.128388
2 6.737113 -8.626908
8 3.473134 -0.166328
1 -7.999989 6.595366
2 6.737113 -8.626908
2 6.737113 -8.626908
8 3.473134 -0.166328
4 -3.609700 6.814322
4 -3.609700 6.814322
2 -4.703033 7.717139
4 -3.609700 6.814322
8 3.473134 -0.166328
7 7.029022 -0.886133
3 10.123082 -5.107452
9 13.346974 5.489995
3 6.737113 -8.626908
6 4.500848 9.765441
3 9.852470 -2.725577
2 9.852470 -2.725577
4 5.475319 3.111445
10 9.228822 1.133448
8 3.473134 -0.166328
5 6.874435 6.714031
10 3.770383 9.128388
4 -3.609700 6.814322
8 3.473134 -0.166328
3 9.852470 -2.725577
8 -1.208217 8.470643
5 -3.211634 9.681348
1 6.737113 -8.626908
6 9.852470 -2.725577
2 9.852470 -2.725577
10 7.188669 4.949836
4 -3.609700 6.814322
5 -8.885163 7.073086
9 8.981461 -6.329735
6 -0.869702 -5.367634
7 7.029022 -0.886133
