10 100
K -0.410449 5.249094 4.055664
P -9.801460 -0.500371 -5.056589 2.562585
Z 2 -9.801460 -0.500371 -10.755169 -0.199640
Z 3 1.195005 2.573777 -6.914303 -1.626818
Z 1 -2.844011 9.936482 -3.060705 -6.116959
Z 3 -5.914833 -3.222122 -5.947154 -2.222645
K -1.308314 5.081461 4.154975
Z 4 9.164928 6.866254 8.926567 8.689213
K 5.988251 -5.762605 2.904604
P 8.143817 2.506331 9.607999 3.575851
6 -2.2122 -0.2549
2 -9.8015 2.5626
2 -5.0566 -0.5004
4 -7.6598 -4.6349
2 -5.0566 -0.5004
1 -0.4104 5.2491
3 -3.0504 -4.6306
9 5.9883 -5.7626
9 5.9883 -5.7626
8 5.4722 2.1829
7 -1.3083 5.0815
8 -10.7227 -4.6227
2 6.5476 -4.0749
5 -0.4104 5.2491
1 -0.4104 5.2491
8 -11.5584 -3.0093
6 -2.2122 -0.2549
3 -5.0566 2.5626
2 -9.8015 2.5626
2 8.7321 -7.0850
4 -1.9077 -7.5117
4 3.7158 -0.3847
7 9.2213 9.0109
9 -2.5627 8.7013
1 -0.4104 5.2491
5 -0.4104 5.2491
2 -0.5231 -0.8187
8 24.7394 3.1192
1 -0.4104 5.2491
4 8.9996 -3.1308
6 -1.7139 -5.4771
6 -9.8015 2.5626
10 9.6080 3.5759
8 31.3379 0.8769
6 -5.9148 -3.2221
7 -1.3083 5.0815
8 1.4286 9.6541
2 -5.0566 2.5626
9 5.9883 -5.7626
10 2.5875 -3.4200
9 -0.4586 -7.7275
10 9.6080 2.5063
2 -9.8015 2.5626
9 -8.1024 -8.5610
2 -5.0566 2.5626
6 -9.8015 -0.5004
7 -1.3083 5.0815
4 -5.0566 2.5626
2 -5.0566 2.5626
1 -0.4104 5.2491
8 24.8024 3.4038
7 9.2652 -4.7823
8 -5.9148 -3.2221
7 7.8744 -1.2800
10 8.1438 3.5759
1 -0.4104 5.2491
2 0.2016 1.6360
7 -5.7930 7.5017
4 -9.8015 -0.5004
2 -5.0566 -0.5004
5 -5.4032 5.3165
10 -6.1751 -8.2745
7 0.6132 9.3260
1 -0.4104 5.2491
2 -2.8078 7.5734
4 -5.9148 -3.2221
4 -4.3300 -9.9920
1 -0.4104 5.2491
8 -4.9225 -0.7592
2 -5.0566 2.5626
7 -5.7472 -1.8739
8 -10.7227 -4.6227
4 -5.8329 1.2990
8 2.1734 -0.1244
4 -5.1579 -6.4019
7 -1.3083 5.0815
3 6.1083 -8.6129
4 -3.6587 3.5494
8 -5.1579 -6.4019
8 -10.7227 -4.6227
1 5.8160 -7.7620
10 8.1438 2.5063
6 -0.5645 3.5383
1 -0.4104 5.2491
1 7.1083 -9.5724
8 -9.8015 -0.5004
1 -0.4104 5.2491
2 8.4221 7.9137
7 5.8999 -5.6768
10 9.6080 2.5063
8 8.7710 1.7270
7 -1.3083 5.0815
8 28.3811 0.0776
10 -3.8752 8.6389
9 -0.2170 -2.5072
10 -7.8553 5.6549
10 8.1438 2.5063
6 -5.0566 -0.5004
1 -0.4104 5.2491
10 9.6080 2.5063
