10 100
K -7.367913 9.081399 3.411241
P -3.130356 0.256913 -1.238902 1.512947
Z 1 -1.402998 -9.430247 -5.765267 8.443944
P 9.644892 -5.002523 11.812591 -3.778745
Z 1 2.083161 5.650032 -5.621781 2.757370
K -1.762159 7.016712 2.051898
P 3.492702 -4.679082 7.240394 0.286943
P 4.439024 0.354367 8.837230 4.872752
K -1.033505 -6.191699 1.200007
Z 1 -7.357178 2.723063 -6.089624 -0.750854
3 -7.367913 9.081399
5 -2.774644 -3.153310
10 -11.443818 7.594195
8 2.720639 1.263516
8 8.837230 4.872752
4 11.812591 -3.778745
5 -7.367913 9.081399
4 9.644892 -3.778745
4 11.812591 -3.778745
8 4.439024 0.354367
3 -7.367913 9.081399
7 7.240394 0.286943
10 -11.443818 7.594195
2 -0.214918 2.079171
10 -11.443818 7.594195
2 -1.238902 0.256913
6 -1.762159 7.016712
2 2.959997 -4.003780
2 -3.130356 1.512947
3 -7.367913 9.081399
5 -2.774644 -3.153310
10 -7.367913 9.081399
2 -3.130356 1.512947
7 5.432978 5.448300
8 7.835108 -3.594209
10 -7.367913 9.081399
4 0.815889 6.889875
8 8.837230 0.354367
4 -3.014135 -6.155997
9 -1.033505 -6.191699
2 -1.238902 1.512947
9 -1.624212 -6.615313
10 3.244680 8.102112
5 -2.774644 -3.153310
4 9.644892 -3.778745
4 9.644892 -5.002523
7 3.492702 -4.679082
6 -7.878665 4.374793
5 -7.367913 9.081399
10 2.469908 1.224649
6 -1.762159 7.016712
6 -2.515762 -4.172729
9 -1.033505 -6.191699
1 -7.367913 9.081399
4 9.644892 -5.002523
4 11.812591 -3.778745
4 8.114715 0.719005
5 -7.367913 9.081399
4 -8.320413 8.483186
10 -11.443818 7.594195
8 8.837230 0.354367
4 11.812591 -5.002523
8 4.439024 0.354367
8 8.837230 4.872752
8 8.837230 4.872752
6 8.851362 -8.420760
3 -7.367913 9.081399
2 8.193572 -8.043360
3 -4.636461 9.748022
9 -1.033505 -6.191699
1 -9.933335 -2.969571
10 -7.367913 9.081399
6 -1.762159 7.016712
7 7.240394 -4.679082
4 -7.935735 9.151593
7 3.492702 0.286943
6 -1.762159 7.016712
4 9.644892 -3.778745
8 -9.348945 -6.252518
9 -1.033505 -6.191699
9 -1.033505 -6.191699
4 11.812591 -5.002523
1 -7.235200 -6.018875
2 -3.130356 0.256913
1 -7.367913 9.081399
2 -1.238902 1.512947
2 -1.238902 1.512947
5 -7.367913 9.081399
5 -7.367913 9.081399
4 9.644892 -5.002523
1 -7.367913 9.081399
1 -7.367913 9.081399
9 -4.572047 5.063687
10 6.879324 -6.668396
2 -6.396544 -4.054135
6 -1.762159 7.016712
5 -1.045373 2.968494
5 -2.774644 -3.153310
10 -11.443818 7.594195
10 -2.413933 8.578823
5 -7.367913 9.081399
5 -7.367913 9.081399
7 3.492702 -4.679082
10 -7.367913 9.081399
7 3.492702 -4.679082
1 -7.367913 9.081399
1 -9.255122 7.081987
10 -7.367913 9.081399
7 4.099566 -5.351376
3 -7.367913 9.081399
