10 100
K -0.259672 3.535591 4.326773
Z 1 -0.259672 3.535591 -0.653418 2.616372
K 8.276991 -1.019981 2.462030
Z 3 6.660136 -2.876691 7.414274 -3.533407
P 2.388292 2.620207 5.377395 7.062354
K 3.385567 4.306594 4.409271
Z 5 2.430417 -5.978767 6.300598 2.328818
P -9.990371 -9.455927 -7.956807 -5.513384
K -7.224353 -2.181857 2.195177
K 4.904999 1.788272 4.985847
7 9.040658 -0.478872
10 4.904999 1.788272
5 -2.725560 -3.185071
7 7.117620 1.809504
7 10.518407 4.667356
6 3.385567 4.306594
8 -7.956807 -9.455927
6 3.385567 4.306594
1 -0.259672 3.535591
10 -2.467271 0.153065
10 4.904999 1.788272
6 3.385567 4.306594
10 4.904999 1.788272
7 9.040658 -0.478872
4 0.882022 6.812833
9 -7.224353 -2.181857
10 4.904999 1.788272
10 4.904999 1.788272
3 8.276991 -1.019981
3 8.276991 -1.019981
10 4.904999 1.788272
10 7.992389 8.453698
8 -9.990371 -5.513384
3 -8.590578 7.431949
5 -4.162639 7.195044
6 3.385567 4.306594
1 -0.259672 3.535591
4 7.342107 2.647178
1 -0.259672 3.535591
4 -8.140568 5.343799
9 -7.224353 -2.181857
4 8.276991 -1.019981
5 -8.925221 8.975951
5 3.640545 -0.946129
6 3.385567 4.306594
8 -9.990371 -5.513384
1 -0.259672 3.535591
1 -0.259672 3.535591
10 4.904999 1.788272
2 -0.259672 3.535591
1 -8.748215 7.977112
1 -0.259672 3.535591
8 8.860505 1.461214
6 -2.639096 6.139969
6 -9.084224 -2.300242
6 3.385567 4.306594
1 -0.259672 3.535591
5 -5.110740 -3.267177
7 8.762230 -5.096001
5 2.388292 7.062354
1 -0.259672 3.535591
5 2.388292 7.062354
9 -7.224353 -2.181857
9 -7.224353 -2.181857
9 -1.793686 5.254212
7 10.518407 4.667356
2 8.152983 -8.313709
9 -7.224353 -2.181857
8 -9.990371 -5.513384
6 3.385567 4.306594
1 8.713157 6.251263
7 -7.597239 -3.583821
5 5.377395 2.620207
8 -7.956807 -5.513384
10 4.904999 1.788272
10 4.904999 1.788272
1 -0.259672 3.535591
3 -3.586131 6.955054
3 8.276991 -1.019981
10 -4.176818 -3.661834
5 1.489917 5.239419
4 5.043281 -4.733401
9 -8.268599 -0.018121
1 -0.259672 3.535591
9 -7.449912 6.212809
1 -0.259672 3.535591
5 -5.694341 8.021468
5 1.664207 -7.618185
4 8.276991 -1.019981
2 9.299239 -6.134673
6 -4.402373 5.336155
1 -0.259672 3.535591
2 -0.259672 3.535591
1 -0.259672 3.535591
5 5.377395 2.620207
1 5.990098 -1.438725
4 5.043281 -4.733401
3 8.276991 -1.019981
5 5.377395 2.620207
5 5.377395 2.620207
7 2.388292 2.620207
8 8.471574 -2.356359
7 -1.064871 -2.190295
6 3.385567 4.306594
6 3.385567 4.306594
10 6.298448 -1.456079
5 5.377395 2.620207
1 -0.259672 3.535591
2 -0.259672 3.535591
1 -7.030487 7.827359
