10 100
K 0.858595 5.064519 3.890085
Z 1 0.858595 5.064519 0.091805 5.706417
P 5.125794 -9.640421 8.385749 -6.448761
Z 3 -6.694724 1.329375 -1.442904 1.449727
K 2.176566 7.464250 3.003943
P -1.329128 0.945578 2.950044 3.162267
K -7.457411 5.815704 1.486106
Z 1 2.798030 8.436663 1.931173 8.935222
Z 5 2.176566 7.464250 2.875945 6.749499
Z 8 5.738471 9.670576 -9.781857 -7.708026
8 0.3507 2.4060
7 -7.4574 5.8157
2 3.5863 -2.5230
1 6.7128 -8.8048
10 0.8586 5.0645
10 7.9758 8.9167
8 0.8586 5.0645
3 8.3857 -9.6404
1 0.8586 5.0645
3 5.1258 -9.6404
10 1.5488 -6.6804
1 0.8586 5.0645
10 3.5697 -2.6909
6 2.9500 0.9456
7 -7.4574 5.8157
6 -4.0495 -4.5509
9 2.1766 7.4642
8 -5.0569 -9.0104
10 4.7375 11.8088
5 2.1766 7.4642
6 5.2760 -2.0654
5 2.1766 7.4642
5 2.1766 7.4642
4 -9.2796 -2.2690
5 -0.5827 6.1017
7 3.4143 9.8465
7 -7.4574 5.8157
6 -7.4466 -6.0941
8 0.8586 5.0645
5 2.1766 7.4642
1 -6.8673 1.4187
10 0.8586 5.0645
5 2.1766 7.4642
4 5.1258 -9.6404
1 9.6948 8.6235
8 5.7166 -0.8942
1 0.8586 5.0645
1 0.8586 5.0645
9 9.7763 -4.2544
6 -1.3291 3.1623
3 4.0375 -7.3840
1 0.8586 5.0645
6 1.6312 -4.1283
6 2.9500 0.9456
5 2.1766 7.4642
8 -5.0218 9.2113
1 -9.0308 7.4758
6 6.8254 4.5131
4 4.6109 12.8291
5 2.1766 7.4642
5 -3.5035 2.3446
1 0.8586 5.0645
5 8.3725 2.5431
9 2.1766 7.4642
8 8.5351 -0.7853
6 2.9500 0.9456
7 -7.4574 5.8157
10 0.8586 5.0645
10 4.7375 11.8088
9 -6.7584 7.6255
1 0.8586 5.0645
9 2.1766 7.4642
10 7.9758 8.9167
2 0.8586 5.0645
3 5.1258 -9.6404
4 8.3857 -6.4488
1 0.8586 5.0645
6 -1.3291 0.9456
10 7.9758 8.9167
10 7.9758 8.9167
3 4.3096 0.5800
3 8.3857 -9.6404
3 6.4076 -9.4548
4 7.8674 12.9785
3 5.1258 -6.4488
10 2.8725 -5.8230
1 0.8586 5.0645
10 5.4567 -5.2947
2 0.8586 5.0645
9 2.1766 7.4642
9 2.1766 7.4642
2 0.8586 5.0645
4 7.8674 12.9785
3 8.3857 -9.6404
2 -5.6665 6.0176
3 8.3857 -6.4488
10 1.7112 4.3031
4 -1.3094 -8.9757
2 0.8586 5.0645
8 0.8586 5.0645
2 0.8586 5.0645
3 5.1258 -9.6404
5 2.1766 7.4642
3 8.3857 -6.4488
1 7.2717 5.3189
2 0.8586 5.0645
9 2.1766 7.4642
2 4.2611 -0.0536
9 2.1766 7.4642
8 0.8586 5.0645
