10 100
P -0.646083 8.817113 1.947370 12.318232
K 0.731737 9.462856 4.082501
Z 2 0.731737 9.462856 1.675766 9.132995
K -5.904135 3.750999 2.125383
Z 3 5.521096 6.395327 1.112998 5.789488
K -8.899492 5.709195 3.714008
K 6.542741 7.417590 3.361914
K 7.214656 -9.925598 4.068833
Z 8 7.437983 -5.862899 6.439490 -5.808012
Z 3 -4.332391 9.853504 -9.140558 5.891619
8 7.214656 -9.925598
4 -5.904135 3.750999
8 7.214656 -9.925598
1 -0.646083 12.318232
3 0.731737 9.462856
7 6.542741 7.417590
5 0.532522 -2.825428
2 0.731737 9.462856
4 -5.904135 3.750999
2 -9.871566 -9.300958
2 0.731737 9.462856
1 -0.646083 12.318232
4 -5.904135 3.750999
2 0.731737 9.462856
1 -6.773199 -1.769406
5 1.736873 2.149465
1 -0.646083 8.817113
2 -0.745797 -2.253190
10 0.731737 9.462856
5 9.599082 1.498214
6 3.398311 -3.375189
5 -7.386070 -0.508559
8 7.214656 -9.925598
1 -0.646083 12.318232
5 1.736873 2.149465
7 6.542741 7.417590
7 6.542741 7.417590
9 7.214656 -9.925598
8 2.589613 -8.995045
8 -2.349874 4.864114
7 6.542741 7.417590
6 -8.899492 5.709195
6 7.661082 -8.031903
7 6.542741 7.417590
2 0.731737 9.462856
1 -0.646083 8.817113
10 1.467616 1.482356
9 7.661310 -1.800200
10 -7.954015 -5.352472
7 6.542741 7.417590
10 -3.747503 14.898888
7 6.542741 7.417590
9 7.661310 -1.800200
4 -5.904135 3.750999
10 7.398577 5.458917
10 -3.747503 14.898888
8 7.214656 -9.925598
7 6.542741 7.417590
4 -4.074726 -3.408274
4 -3.286562 -7.870937
9 7.214656 -9.925598
7 -9.450304 -9.628926
4 -5.904135 3.750999
4 -5.904135 3.750999
10 0.731737 9.462856
3 7.508947 -9.493542
6 -8.899492 5.709195
9 7.214656 -9.925598
6 -6.151817 4.744299
6 -8.899492 5.709195
7 -0.181717 -3.349022
3 0.731737 9.462856
8 7.214656 -9.925598
6 1.260697 -4.384451
10 -1.957824 9.183586
8 7.214656 -9.925598
9 -0.576072 9.583889
1 1.947370 12.318232
3 0.731737 9.462856
3 -7.028541 0.013738
2 0.731737 9.462856
3 0.731737 9.462856
5 0.731737 9.462856
4 -4.254298 4.705625
2 -3.789169 -7.134256
2 0.731737 9.462856
8 0.163988 -2.451213
1 -0.646083 8.817113
7 6.542741 7.417590
7 6.542741 7.417590
3 5.516053 1.486102
4 -5.712786 -5.258154
5 0.731737 9.462856
4 -5.904135 3.750999
1 -0.646083 12.318232
3 0.731737 9.462856
5 8.780859 4.298927
3 0.731737 9.462856
9 -8.339077 -8.152331
5 1.736873 2.149465
9 7.214656 -9.925598
7 2.363130 2.145514
8 7.214656 -9.925598
10 -3.747503 14.898888
9 -8.436271 0.988202
4 -5.904135 3.750999
2 0.731737 9.462856
1 1.947370 8.817113
7 6.542741 7.417590
4 -5.904135 3.750999
