10 100
P -9.212747 3.513197 -6.387459 6.897308
P 9.485091 9.118516 12.266368 12.757293
Z 2 -9.017125 -6.242903 0.220795 -9.833570
P -5.389042 2.146737 -1.592420 6.174461
K -2.753743 1.965649 2.671857
P -1.533103 -9.514580 1.699741 -6.472411
Z 1 7.023958 6.857385 5.945183 3.737695
K 5.678170 -9.900501 3.877133
P 3.714683 -9.979976 8.682196 -7.954358
K -1.855102 -1.127434 1.801620
10 2.7916 9.2700
9 8.6822 -7.9544
4 7.4535 -1.0732
1 -9.2127 6.8973
2 12.2664 12.7573
4 5.2788 -1.5633
3 9.4851 12.7573
3 -6.1522 -34.6293
6 1.6997 -9.5146
9 3.7147 -7.9544
3 9.4851 12.7573
10 -1.8551 -1.1274
9 8.6822 -9.9800
4 -5.3890 6.1745
10 -1.8551 -1.1274
5 -2.7537 1.9656
2 9.4851 12.7573
9 8.6822 -7.9544
3 -8.3161 2.9971
7 15.5048 -4.0571
6 1.6997 -9.5146
6 6.6567 -8.0897
9 8.6822 -7.9544
9 8.6822 -7.9544
7 17.7266 -5.8023
10 -1.8551 -1.1274
6 -1.5331 -9.5146
5 6.1574 7.1215
4 -1.5924 6.1745
5 3.8868 9.4575
9 8.6822 -9.9800
6 -1.5331 -6.4724
5 -2.7537 1.9656
6 6.6854 0.7630
4 -1.5924 2.1467
5 -2.7537 1.9656
2 -6.5865 9.6054
1 -3.9168 -0.8776
10 -1.8551 -1.1274
6 6.5740 -0.0077
4 3.8295 3.3501
5 -2.7537 1.9656
10 -5.3721 -1.1484
4 8.3864 -3.7203
3 -3.6948 -31.9457
2 9.4851 9.1185
3 9.4851 9.1185
4 -1.5924 6.1745
8 -5.8880 -8.9881
6 7.8436 8.0517
10 9.7958 -5.9793
6 -1.5331 -9.5146
6 -1.5331 -6.4724
7 -6.3875 3.5132
9 8.6822 -9.9800
1 -9.2127 3.5132
5 -2.7537 1.9656
8 -6.9340 -1.6006
3 9.4851 9.1185
3 6.5194 -8.7387
9 3.7147 -7.9544
7 -6.3875 3.5132
8 5.6782 -9.9005
1 3.4644 0.9736
9 3.7147 -9.9800
2 -5.3646 -5.3020
9 0.0288 -6.2347
3 -5.7460 -30.0674
5 -2.7537 1.9656
7 2.3540 8.8921
1 -9.2127 6.8973
1 -8.3813 0.9823
4 -5.3890 6.1745
3 -9.5202 -5.1501
7 17.7266 -5.8023
6 -1.5331 -9.5146
5 3.4478 3.9555
1 -6.3875 6.8973
2 12.2664 9.1185
7 8.8026 9.8985
7 -9.2127 6.8973
5 -2.7537 1.9656
1 -4.0336 3.8478
9 3.6320 -2.7013
7 -6.5942 8.9980
1 4.9395 7.7493
1 -9.2127 3.5132
7 -6.3875 3.5132
3 -3.6948 -31.9457
9 -3.1302 -0.6500
1 -6.3875 6.8973
4 -1.5924 6.1745
9 -8.2004 9.1510
9 3.7147 -9.9800
6 -1.5331 -9.5146
10 -1.8551 -1.1274
9 8.6822 -9.9800
10 -1.8551 -1.1274
9 8.6822 -7.9544
1 -6.3875 3.5132
