10 100
K -4.693947 -7.074683 3.744452
P 9.767782 9.823302 12.698925 12.225131
P -6.727743 -4.629794 -3.466697 -1.767031
P 4.338198 -8.025220 6.103050 -3.959320
P 1.539718 2.305399 2.649249 6.247964
K 8.559817 -1.738982 1.799382
Z 2 -4.164277 -5.752260 3.713181 9.455532
Z 6 6.593689 -0.690529 4.188830 8.191716
P -2.141529 5.513244 0.523604 10.144440
Z 4 6.103050 -3.959320 7.101054 -4.022468
8 -9.3020 8.5957
9 -2.1415 5.5132
1 3.7561 8.0359
3 -6.7277 -1.7670
5 -6.3870 1.0307
4 6.1030 -8.0252
4 4.3382 -3.9593
3 -3.4667 -4.6298
6 8.5598 -1.7390
4 6.1030 -8.0252
9 3.2531 -5.4894
2 9.7678 9.8233
6 8.5598 -1.7390
5 2.6492 6.2480
7 0.5207 14.6132
7 3.4254 -6.0794
5 1.5397 2.3054
3 -3.4667 -1.7670
6 8.5598 -1.7390
1 -1.6274 -4.1680
2 -9.2469 -7.8477
5 -2.0994 -0.2060
6 0.8386 7.5793
9 -2.1415 5.5132
9 0.5236 5.5132
6 8.5598 -1.7390
3 -3.4667 -4.6298
9 -2.1415 5.5132
7 -0.6243 3.4666
8 8.5598 -1.7390
9 -6.3328 -0.8685
9 5.5415 -1.0792
5 8.8936 8.6815
7 12.6989 9.8233
6 8.5598 -1.7390
5 2.6492 6.2480
3 -0.7659 9.3687
2 2.6102 -2.5866
2 12.6989 12.2251
6 8.5598 -1.7390
3 -6.7277 -4.6298
8 -9.7950 9.3608
5 2.1721 5.3260
5 2.6492 6.2480
9 4.8207 1.5783
2 12.6989 12.2251
5 6.3387 -7.8040
7 9.7678 9.8233
2 12.6989 12.2251
6 7.0426 4.1322
6 8.5598 -1.7390
7 9.7678 9.8233
2 12.6989 9.8233
3 -3.4667 -4.6298
4 6.1030 -8.0252
7 9.7678 9.8233
8 5.4251 -2.5877
5 2.6492 6.2480
7 0.7916 18.3930
7 2.4825 15.9988
9 -2.1415 5.5132
3 -6.7277 -1.7670
2 12.6989 12.2251
8 4.7019 -7.5082
4 6.1030 -8.0252
7 9.7678 12.2251
9 -1.2783 8.6384
1 4.6189 -2.3860
2 12.6989 9.8233
5 -5.0470 -2.7656
2 9.7678 9.8233
9 -2.1415 10.1444
8 5.4251 -2.5877
10 6.1030 -8.0252
4 6.1030 -8.0252
1 9.6192 -8.5087
3 -6.7277 -4.6298
4 -6.9792 8.0219
7 -5.0079 2.0403
10 -1.3968 9.2863
4 4.3382 -3.9593
7 -1.1703 17.0074
1 -4.6939 -7.0747
4 6.2226 1.5868
10 6.1030 -8.0252
2 9.7678 9.8233
3 -6.7277 -4.6298
9 0.5236 10.1444
7 -9.0328 -7.3485
4 4.3382 -8.0252
7 7.3705 4.1199
8 5.4251 -2.5877
9 0.5236 5.5132
9 -9.4270 -6.8646
10 4.8648 0.2966
8 -3.0650 -1.7946
3 0.7661 2.4999
8 5.4251 -2.5877
4 4.3382 -8.0252
4 6.1030 -3.9593
