10 100
K -4.991947 9.370242 3.994983
P 4.082218 8.206523 5.209582 11.244109
P -2.446161 -1.622503 -0.515339 0.738355
K -1.197499 -3.172904 2.480363
Z 4 -1.197499 -3.172904 -0.201596 -3.263329
K 2.691256 -3.776816 3.872612
K 6.013871 -3.182578 4.527097
Z 4 -0.589417 -0.768234 -1.558900 -0.523075
K 1.625694 -1.724676 3.381033
Z 9 4.673581 -3.188154 5.106431 -2.286688
9 1.625694 -1.724676
5 3.077596 8.088016
1 -4.991947 9.370242
9 0.482456 0.349234
7 4.819567 -4.806225
7 6.013871 -3.182578
3 -2.446161 -1.622503
10 1.625694 -1.724676
8 5.049766 5.372532
9 1.625694 -1.724676
10 6.850812 8.700203
1 -4.991947 9.370242
3 -0.515339 -1.622503
7 6.013871 -3.182578
9 1.625694 -1.724676
6 2.691256 -3.776816
2 4.082218 11.244109
8 0.018666 1.636435
3 -0.215724 4.693001
1 -4.991947 9.370242
6 2.691256 -3.776816
6 6.993513 5.871564
4 -8.316488 -4.115950
8 0.018666 1.636435
4 9.069033 0.653557
1 -4.991947 9.370242
7 1.162615 -3.535700
10 8.545102 9.357734
4 -1.197499 -3.172904
7 6.013871 -3.182578
2 5.209582 11.244109
5 -1.197499 -3.172904
9 1.625694 -1.724676
10 1.625694 -1.724676
6 2.691256 -3.776816
5 -1.197499 -3.172904
4 -7.954794 -6.953406
1 0.331091 5.075232
6 2.691256 -3.776816
8 -1.197499 -3.172904
5 -1.197499 -3.172904
9 1.625694 -1.724676
8 0.018666 1.636435
5 -1.197499 -3.172904
8 7.621292 4.828510
7 6.013871 -3.182578
5 -1.197499 -3.172904
7 -7.825963 3.095768
7 6.013871 -3.182578
7 1.124677 -0.574667
9 8.809351 2.782883
9 1.625694 -1.724676
8 -1.197499 -3.172904
6 2.691256 -3.776816
4 -1.197499 -3.172904
2 5.209582 8.206523
10 7.721469 -4.651633
2 5.209582 8.206523
2 4.082218 8.206523
8 0.018666 1.636435
7 6.013871 -3.182578
6 2.691256 -3.776816
10 1.625694 -1.724676
10 1.625694 -1.724676
4 -1.197499 -3.172904
3 -0.515339 -1.622503
10 1.625694 -1.724676
9 1.625694 -1.724676
9 -2.141841 -1.397604
4 -1.197499 -3.172904
3 -2.446161 0.738355
5 -1.197499 -3.172904
10 1.625694 -1.724676
5 -1.197499 -3.172904
10 1.625694 -1.724676
8 -1.197499 -3.172904
6 2.691256 -3.776816
7 6.013871 -3.182578
7 6.013871 -3.182578
7 6.013871 -3.182578
6 -2.060337 5.144538
5 -1.197499 -3.172904
3 -2.446161 -1.622503
8 2.227412 -0.266297
2 -4.230691 8.497137
6 4.608486 7.773395
2 4.082218 8.206523
9 1.625694 -1.724676
2 7.711858 0.159596
1 -4.991947 9.370242
8 -1.197499 -3.172904
4 -1.197499 -3.172904
10 3.609443 5.779329
7 -3.284769 -7.775518
6 2.691256 -3.776816
10 1.625694 -1.724676
7 6.013871 -3.182578
9 1.625694 -1.724676
10 7.721469 -4.651633
2 5.209582 8.206523
