10 100
P 4.818302 -5.731113 8.149667 -2.802816
Z 1 4.818302 -5.731113 4.238954 -4.916033
P 1.323347 -4.484205 3.666273 -1.315520
P -2.497077 7.785898 -1.143342 11.515456
Z 4 -8.410811 -3.071852 -3.094096 8.190659
P 1.435404 -0.836664 5.398382 3.409039
Z 6 9.287349 2.014571 -7.867766 -1.816163
P 7.676784 1.097424 11.692487 5.524964
P -7.992016 1.170852 -3.931876 4.457155
K 7.285279 9.796292 2.801010
9 -7.9920 4.4572
9 -9.4418 0.2578
1 4.8183 -5.7311
2 4.8183 -5.7311
8 11.6925 5.5250
8 -5.7152 -3.2942
7 -0.7296 8.3430
5 -1.7668 11.8098
10 -5.8999 -2.8023
10 0.2526 -8.0197
5 1.7615 -6.0851
1 5.9913 -8.8768
5 3.6123 7.6437
9 -3.9319 4.4572
9 -7.9920 4.4572
2 0.9577 -7.9148
3 1.3233 -1.3155
10 7.7044 -9.0703
4 -7.2612 -4.0306
7 0.0628 -1.8121
9 -3.9319 4.4572
4 -2.4971 7.7859
3 3.6663 -1.3155
7 5.3984 -0.8367
9 -3.9319 1.1709
3 1.1354 9.5598
10 7.2853 9.7963
4 -8.7132 -1.4043
5 1.8389 7.3151
2 -5.4380 5.9801
2 8.1497 -5.7311
10 -5.4371 -9.2003
3 3.6663 -1.3155
2 4.8183 -5.7311
1 4.8183 -2.8028
4 1.1641 3.3186
9 -3.9319 4.4572
10 7.2853 9.7963
6 -9.1883 -9.5420
4 -1.1433 7.7859
6 -7.2271 -7.8798
8 -0.1358 -6.8869
5 -1.1433 11.5155
1 8.1497 -2.8028
8 11.6925 1.0974
7 -8.3761 4.0693
1 4.8183 -5.7311
7 1.4354 -0.8367
8 8.8841 2.6323
6 1.4354 3.4090
1 4.8183 -5.7311
3 3.6663 -4.4842
6 5.3266 2.9727
1 -5.9640 -0.2628
8 11.6925 1.0974
7 6.3610 -0.9018
3 9.6658 6.0088
9 -0.8870 -7.9845
1 4.8183 -5.7311
5 -1.1433 11.5155
6 5.3984 3.4090
6 0.5564 8.5854
10 7.2853 9.7963
10 7.2853 9.7963
4 -2.4971 11.5155
6 1.4354 3.4090
4 -1.1433 11.5155
6 1.4354 3.4090
9 -7.9920 1.1709
1 8.1497 -2.8028
10 8.0427 0.6347
10 -2.4857 4.2196
6 -1.0409 8.2216
5 -1.1433 7.7859
7 1.4354 -0.8367
3 3.6663 -4.4842
9 -3.9319 4.4572
5 -3.7860 8.3944
9 -3.9319 4.4572
9 -3.9319 1.1709
3 3.6663 -4.4842
4 2.5586 -5.9273
1 5.8222 -7.2391
10 7.2853 9.7963
4 3.8575 4.3921
6 5.3984 3.4090
5 -3.7860 8.3944
10 7.2853 9.7963
8 -7.2498 3.7911
9 -7.9920 4.4572
3 3.6663 -4.4842
10 -4.0494 7.5114
4 -0.0128 -5.9869
5 -9.9744 -3.3881
6 1.4354 3.4090
9 -3.9319 4.4572
10 7.2853 9.7963
10 1.0622 4.1595
6 5.3984 -0.8367
8 7.6768 5.5250
