10 100
K 8.678830 -8.321412 4.216148
Z 1 8.678830 -8.321412 8.931636 -9.288929
Z 1 8.678830 -8.321412 9.669869 -8.454990
P -2.261172 -2.635321 2.336564 1.559311
P -4.545098 7.814884 -1.765422 10.683011
Z 5 7.017791 1.011652 -5.463744 4.968296
Z 4 2.336564 1.559311 3.334787 1.618891
K -3.154076 0.925748 2.489504
Z 5 7.593171 0.790318 1.471148 1.708088
K 1.337041 -9.705617 3.276695
7 -4.8419 -7.2128
6 -4.5451 10.6830
9 -4.5451 7.8149
8 -3.1541 0.9257
9 -1.7654 7.8149
5 -1.7654 10.6830
9 -1.7654 10.6830
4 -2.2612 1.5593
5 -5.1761 -7.9365
2 -3.1279 9.6266
7 -2.2612 -2.6353
2 8.6788 -8.3214
4 2.3366 -2.6353
5 -8.0595 1.0149
8 -3.1541 0.9257
5 -1.7654 10.6830
9 -4.2549 -5.9232
10 1.3370 -9.7056
8 -3.1541 0.9257
8 -3.1541 0.9257
6 -8.0052 -0.2320
1 8.8528 -3.5341
4 -2.2612 -2.6353
4 2.3366 -2.6353
1 8.6788 -8.3214
10 1.3370 -9.7056
7 2.3366 1.5593
7 -2.2612 -2.6353
5 -1.7654 10.6830
9 7.7918 4.7637
4 2.3366 1.5593
6 6.1749 -6.3335
2 8.6788 -8.3214
9 -2.3870 -0.0706
6 -0.9816 -2.3067
4 -2.2612 1.5593
1 8.6788 -8.3214
8 -3.3771 -5.3690
10 5.1108 5.2740
7 2.3366 -2.6353
8 -3.1541 0.9257
2 8.6788 -8.3214
8 5.1809 4.5056
9 -4.5451 7.8149
1 -1.4638 4.9117
4 -2.2612 1.5593
3 8.3642 4.9025
8 -3.1541 0.9257
3 8.6788 -8.3214
10 1.3370 -9.7056
7 2.3366 1.5593
4 2.3366 1.5593
4 -2.2612 -2.6353
5 0.8501 8.2412
9 -9.0432 -9.9513
3 8.6788 -8.3214
8 -3.5199 0.8782
2 8.6788 -8.3214
8 -5.9713 2.1564
1 8.6788 -8.3214
10 1.3370 -9.7056
8 0.0556 -3.7724
9 -9.0996 -1.7053
9 -4.5451 7.8149
9 -4.2549 -5.9232
10 1.3370 -9.7056
5 -1.7654 10.6830
8 -3.1541 0.9257
2 1.1877 -0.1974
1 8.6788 -8.3214
8 -3.1541 0.9257
5 -1.7654 7.8149
4 2.3366 -2.6353
1 8.6788 -8.3214
10 -6.8928 1.2859
6 -1.7654 7.8149
10 1.3370 -9.7056
2 8.6788 -8.3214
4 2.3366 1.5593
3 2.6083 -4.2926
7 -2.2612 -2.6353
10 -6.0673 -4.1814
2 -3.9947 -0.6433
4 8.5421 -1.5590
4 -2.2612 1.5593
9 -6.0714 -2.3661
10 1.3370 -9.7056
8 -3.1541 0.9257
9 -3.4139 -3.1812
2 -7.3213 -0.7804
2 8.6788 -8.3214
3 -7.3304 3.9875
1 8.6788 -8.3214
3 8.3379 7.5804
8 -6.8474 -1.7617
5 2.1753 -4.1325
6 -1.7654 7.8149
3 -8.9446 3.2764
1 8.6788 -8.3214
6 -4.0808 0.5109
