10 100
P 4.061108 -5.995811 8.549563 -1.291260
Z 1 7.026474 8.935478 -3.126610 8.150319
K -8.224936 3.093754 1.417931
Z 3 -7.028859 3.855286 -7.565931 4.698822
Z 3 -9.159608 4.160018 -9.911593 3.500838
K 6.086850 0.130964 2.045966
P -9.080013 9.131370 -4.801007 12.566422
K 6.277248 7.730871 1.283086
Z 6 4.085510 0.555951 3.877791 -0.422238
K 6.981829 6.118366 1.403997
4 -0.546712 -1.209588
6 6.086850 0.130964
2 1.800758 23.233334
6 6.086850 0.130964
4 -5.832783 4.616817
8 8.952530 6.896826
4 -8.224936 3.093754
10 6.981829 6.118366
4 -6.068315 5.409898
4 -8.224936 3.093754
5 -0.633444 -7.404077
2 8.549563 -1.291260
4 -8.224936 3.093754
7 -9.080013 9.131370
5 3.318080 -2.404452
2 4.061108 -1.291260
1 -8.223286 0.016136
1 4.061108 -5.995811
5 -10.094280 5.226282
6 -4.921961 6.603317
10 6.981829 6.118366
5 -10.094280 5.226282
4 -8.224936 3.093754
7 -9.080013 9.131370
8 -7.893435 -4.362890
2 6.959148 19.274794
1 4.061108 -1.291260
1 -3.529832 -2.153077
3 5.344763 0.321329
2 2.524058 18.584718
9 2.084170 0.980937
3 -8.224936 3.093754
3 -9.287382 8.628489
4 -8.224936 3.093754
3 7.606956 0.180670
5 -8.377648 -7.178254
9 2.084170 0.980937
6 6.086850 0.130964
9 1.090840 1.413399
6 6.086850 0.130964
9 8.564121 4.414111
2 8.746103 -1.471194
10 6.981829 6.118366
7 -4.801007 12.566422
2 4.061108 -5.995811
10 -4.675315 -9.716597
6 6.086850 0.130964
3 -1.138181 8.470871
9 6.086850 0.130964
3 -8.452578 2.187047
1 -1.404926 -7.405032
2 -4.046449 9.289262
9 2.084170 0.980937
8 6.277248 7.730871
5 -6.407682 5.295340
4 -1.879011 -1.432727
4 -5.832783 4.616817
4 -5.832783 4.616817
9 2.084170 0.980937
6 -6.832559 -7.002279
3 9.670310 2.366979
9 6.086850 0.130964
5 -10.094280 5.226282
9 6.086850 0.130964
6 6.086850 0.130964
4 -8.224936 3.093754
5 -10.094280 5.226282
4 -5.832783 4.616817
2 8.179230 -6.724014
9 2.084170 0.980937
10 -6.614487 -4.392931
4 -5.832783 4.616817
7 -4.801007 12.566422
9 -8.199093 8.109948
5 9.053215 5.166593
2 1.800758 23.233334
2 -5.602700 2.195681
8 6.277248 7.730871
9 2.084170 0.980937
7 -9.080013 9.131370
6 6.086850 0.130964
3 -8.224936 3.093754
7 -7.325124 3.223349
9 2.084170 0.980937
10 -6.527344 9.168120
3 -8.224936 3.093754
6 6.086850 0.130964
10 6.981829 6.118366
2 1.800758 23.233334
4 -5.832783 4.616817
2 -5.235436 -1.588209
5 -5.071127 3.818113
9 2.084170 0.980937
2 8.549563 -1.291260
1 8.549563 -1.291260
8 -1.388533 6.531353
10 6.981829 6.118366
8 1.354459 6.389596
8 6.737555 9.432226
2 2.524058 18.584718
