10 100
K -0.398506 0.354549 4.122377
K -2.629447 -1.155708 2.159265
Z 1 -0.398506 0.354549 -0.598847 1.334275
K -7.686728 -1.149838 3.760949
K 6.503686 1.564006 1.048571
K 7.459026 7.724729 4.910501
Z 1 0.325162 4.412910 -0.659309 4.588457
P -9.805096 5.780590 -6.630749 7.365338
K 2.220456 -3.625303 3.163205
P 2.144023 -8.975437 6.138476 -4.789168
9 -0.944592 -1.659579
10 2.144023 -4.789168
6 9.906381 1.580279
8 -9.805096 7.365338
3 2.368283 -6.880384
10 6.138476 -8.975437
8 5.420181 -1.431405
8 7.570078 -1.868474
3 -0.398506 0.354549
8 -6.630749 7.365338
2 -2.629447 -1.155708
7 1.048831 8.471272
1 -0.398506 0.354549
2 9.495575 3.467274
3 -0.398506 0.354549
4 -7.686728 -1.149838
8 -9.805096 7.365338
6 7.459026 7.724729
4 -7.686728 -1.149838
2 9.738833 -4.684047
5 6.503686 1.564006
9 2.220456 -3.625303
8 -9.805096 7.365338
10 6.138476 -8.975437
9 2.220456 -3.625303
1 -0.398506 0.354549
4 -7.686728 -1.149838
3 -0.398506 0.354549
4 -7.686728 -1.149838
10 5.392426 -1.488092
3 -0.398506 0.354549
3 6.547011 -4.182424
9 2.220456 -3.625303
3 2.473549 -8.731042
1 -0.398506 0.354549
7 -7.419058 3.737908
10 6.138476 -8.975437
10 2.144023 -8.975437
2 -2.629447 -1.155708
9 -5.832088 -7.357756
3 -1.395831 -2.712721
7 -0.398506 0.354549
10 -2.496922 -1.910909
4 -7.686728 -1.149838
4 -2.861433 -9.882736
10 2.144023 -4.789168
10 2.144023 -4.789168
7 1.048831 8.471272
1 -0.398506 0.354549
6 6.828576 8.089635
3 -0.034459 6.736482
10 2.144023 -8.975437
10 -4.817976 -9.881875
5 6.503686 1.564006
10 2.144023 -8.975437
7 -0.398506 0.354549
9 9.431783 2.443001
4 -7.686728 -1.149838
4 -7.686728 -1.149838
9 2.220456 -3.625303
4 -7.686728 -1.149838
6 7.459026 7.724729
6 7.459026 7.724729
5 9.996807 -7.686196
10 2.144023 -8.975437
6 7.459026 7.724729
9 2.220456 -3.625303
1 4.205495 0.448368
6 7.459026 7.724729
6 7.343172 -2.469310
4 0.198250 -0.268299
9 4.078629 -2.235167
10 6.138476 -8.975437
4 -7.686728 -1.149838
1 -0.398506 0.354549
10 6.138476 -8.975437
2 -2.629447 -1.155708
9 2.220456 -3.625303
8 -6.630749 5.780590
2 -2.629447 -1.155708
6 7.459026 7.724729
1 -3.720251 2.514173
2 -2.629447 -1.155708
2 -2.629447 -1.155708
4 0.791251 7.277819
5 6.503686 1.564006
5 6.503686 1.564006
2 -2.629447 -1.155708
3 -0.398506 0.354549
1 -0.398506 0.354549
9 2.220456 -3.625303
8 1.692736 -0.699624
8 -6.630749 7.365338
9 6.778533 3.798930
5 6.503686 1.564006
9 2.220456 -3.625303
7 1.048831 8.471272
1 -0.398506 0.354549
5 6.503686 1.564006
5 6.503686 1.564006
