10 100
P -3.284977 9.138873 -1.976634 12.421220
K 4.375117 7.152706 2.110277
P -5.364409 -2.200673 -0.409777 -0.099634
K -1.674275 4.862490 2.416764
P 8.170706 -6.699222 11.984679 -2.758244
Z 1 -1.198786 -9.191090 5.242666 0.117409
Z 3 -0.409777 -0.099634 -0.019804 -1.020461
Z 2 4.375117 7.152706 3.554959 7.724842
P -4.051377 8.653293 -1.978202 11.937756
K -4.064729 0.069826 1.052390
3 -0.4098 -2.2007
10 0.8090 -0.1808
8 4.3751 7.1527
4 -1.6743 4.8625
5 8.1707 -2.7582
2 7.4757 -2.1977
9 -1.9782 11.9378
7 -5.3644 -0.0996
1 -1.9766 9.1389
3 -5.3644 -2.2007
1 -1.9766 9.1389
2 -3.4281 6.8523
5 8.1707 -6.6992
2 4.3751 7.1527
5 11.9847 -6.6992
2 4.3751 7.1527
4 3.3928 1.0893
2 4.3751 7.1527
4 -1.6743 4.8625
3 -0.4098 -2.2007
8 4.3751 7.1527
5 8.1707 -2.7582
1 9.8201 6.2274
6 19.3012 -2.3030
9 -8.4917 7.5513
7 2.5635 -3.6839
2 4.3751 7.1527
4 -1.6743 4.8625
4 -1.6743 4.8625
6 -3.2850 12.4212
8 -6.5761 -9.4905
2 4.3751 7.1527
10 -4.0647 0.0698
9 3.2922 -4.3246
4 -1.6743 4.8625
1 0.1825 4.4147
5 11.9847 -2.7582
10 -4.0647 0.0698
10 -8.7841 -9.5957
1 6.7337 2.5619
9 -1.9782 11.9378
5 11.9847 -6.6992
7 -0.4098 -0.0996
7 3.0379 3.4588
7 1.0992 -1.5616
1 -3.2850 9.1389
9 -1.4478 -9.7521
9 -8.9642 -7.0584
10 -4.0647 0.0698
4 -4.7350 -8.2787
2 4.3751 7.1527
2 -9.7951 -8.0531
5 6.3378 5.8655
4 2.0120 -0.1253
7 -0.4098 -0.0996
5 6.9944 -2.1624
9 -1.9782 11.9378
10 -8.4042 5.2078
4 -1.6743 4.8625
3 -8.9658 3.5539
2 4.3751 7.1527
8 4.3751 7.1527
6 19.7623 -3.5274
9 -1.9782 11.9378
3 -2.6001 4.0034
8 5.0953 -9.8400
1 -1.9766 9.1389
1 -3.2850 12.4212
7 -0.4098 -2.2007
6 -5.6130 0.2188
3 -5.3644 -0.0996
6 19.7623 -3.5274
7 4.5468 1.9968
3 -0.4098 -2.2007
3 -4.8908 -3.1770
6 -1.9766 12.4212
6 5.4678 2.2517
1 -8.4532 -0.7895
5 8.1707 -2.7582
1 -1.9766 9.1389
9 -1.9782 11.9378
2 -1.4233 -4.8609
2 4.3751 7.1527
6 19.7623 -3.5274
9 -1.9782 8.6533
8 4.3751 7.1527
8 4.3751 7.1527
4 6.5066 -3.7451
1 -3.2850 12.4212
2 4.3751 7.1527
5 8.1707 -2.7582
8 4.3751 7.1527
9 -1.9782 11.9378
1 -9.2445 0.1474
2 3.0515 -3.1456
7 3.0379 3.4588
7 -0.4098 -0.0996
10 -4.0647 0.0698
5 8.1707 -6.6992
8 -0.5977 1.3081
