10 100
P 6.536479 -5.556314 9.464065 -3.511212
K 6.279539 -2.663146 1.228048
Z 1 2.258078 -7.725076 -4.234587 -2.275519
P 7.339799 2.649308 11.093527 4.078552
K -1.374956 -9.874098 4.636929
P 5.757051 -1.089858 7.964884 2.745504
P -2.535441 8.243864 1.335154 11.149711
Z 6 7.964884 -1.089858 8.291009 -2.035185
P 5.354756 -8.010739 7.866097 -4.738393
K 3.497282 6.366056 1.818919
7 1.3352 11.1497
1 6.5365 -5.5563
7 -2.5354 11.1497
5 -1.3750 -9.8741
2 6.2795 -2.6631
9 5.0451 -1.7961
6 5.7571 2.7455
2 0.4233 5.6620
2 6.2795 -2.6631
2 2.8666 8.7197
9 7.8661 -8.0107
10 3.4973 6.3661
5 0.2162 4.2144
7 -2.5354 11.1497
7 -2.5354 11.1497
8 7.9649 -1.0899
2 -9.5763 2.6213
2 6.2795 -2.6631
1 -4.1099 -2.6133
8 5.7571 2.7455
9 7.8661 -4.7384
2 6.2795 -2.6631
8 6.7524 -5.0231
1 6.1790 -4.9571
5 -1.3750 -9.8741
3 6.0692 3.8837
1 -0.1100 -1.0067
1 9.4641 -5.5563
1 9.3853 6.5481
2 -4.2545 -8.5632
7 1.3352 8.2439
8 7.3382 3.2910
2 -9.4307 -3.0405
9 -7.9475 6.5022
10 8.0342 3.1276
7 1.3352 11.1497
2 -9.0671 7.2472
9 7.8661 -8.0107
9 7.8661 -8.0107
8 -0.1501 -9.6203
1 8.6902 -2.2900
7 4.2524 -6.8290
7 -2.5354 11.1497
1 6.5365 -5.5563
9 5.3548 -4.7384
9 5.3548 -8.0107
10 3.4973 6.3661
2 -8.4708 -6.6843
6 7.9649 2.7455
5 1.7522 4.0470
1 6.5365 -5.5563
4 11.0935 2.6493
5 -1.3750 -9.8741
5 6.4433 -6.9735
10 3.4973 6.3661
1 4.6687 -4.1781
3 6.5365 -5.5563
3 6.5365 -3.5112
2 6.2795 -2.6631
1 9.4641 -5.5563
8 7.3382 3.2910
8 5.6000 1.9297
4 -7.5821 8.9359
10 3.4973 6.3661
10 3.4973 6.3661
2 6.2795 -2.6631
8 7.9649 2.7455
2 6.2795 -2.6631
1 8.0794 5.9131
2 6.9936 2.4272
7 1.3352 11.1497
3 0.8639 -12.3147
3 -0.6427 -15.5525
7 -9.5375 -8.8205
2 3.3587 -5.0305
10 3.4973 6.3661
2 6.2795 -2.6631
9 5.3548 -4.7384
8 9.7031 0.2715
7 1.3352 11.1497
5 -1.3750 -9.8741
3 0.8639 -12.3147
8 7.9649 -1.0899
1 9.4641 -3.5112
1 9.4641 -5.5563
8 1.6413 7.9360
5 -0.7983 -3.8483
1 9.4641 -3.5112
8 5.7571 2.7455
6 -6.3640 -8.8412
4 -7.2494 -8.2681
4 9.8587 -4.8816
6 5.7571 2.7455
10 3.4973 6.3661
5 -1.3750 -9.8741
2 6.2795 -2.6631
4 11.0935 4.0786
9 5.3548 -4.7384
1 9.4641 -5.5563
8 7.9649 -1.0899
