10 100
K 7.757119 3.950545 4.928645
K -2.032526 -0.466644 2.684364
K -3.509115 6.665278 4.178359
P 6.956526 -3.030964 8.218837 1.564669
Z 1 7.757119 3.950545 7.109112 3.188910
K -1.467438 -5.355726 2.227293
Z 6 -1.467438 -5.355726 -0.467762 -5.330283
Z 4 7.461845 5.652859 9.426355 5.767263
K 2.012979 6.096227 4.968756
K -4.500678 6.275630 2.759540
1 -6.113970 -1.929948
6 -1.467438 -5.355726
1 7.991442 0.474391
2 -2.032526 -0.466644
3 -3.509115 6.665278
8 7.205724 14.365849
6 -1.467438 -5.355726
9 2.012979 6.096227
4 0.303860 9.184889
4 8.306898 -1.412275
2 2.968016 -7.998095
10 -2.760135 -1.624569
6 -1.467438 -5.355726
5 7.757119 3.950545
7 6.009765 -5.707591
3 -3.509115 6.665278
7 -1.467438 -5.355726
10 5.255397 2.703904
9 2.012979 6.096227
7 1.128865 1.330566
1 7.757119 3.950545
10 8.551265 -6.308866
7 -1.467438 -5.355726
10 -9.538141 4.837430
5 -3.242593 -8.451294
9 2.012979 6.096227
9 2.012979 6.096227
3 -3.736632 8.259411
8 6.956526 -3.030964
6 -1.467438 -5.355726
2 7.965469 -5.444241
2 -2.032526 -0.466644
4 8.218837 -3.030964
1 7.757119 3.950545
9 2.012979 6.096227
9 2.012979 6.096227
4 -6.412022 -9.606535
5 7.757119 3.950545
7 -1.467438 -5.355726
10 -4.500678 6.275630
6 -0.415199 7.090967
1 7.757119 3.950545
6 -1.467438 -5.355726
1 7.757119 3.950545
2 -0.224590 0.576954
2 1.594562 -2.389923
6 -1.467438 -5.355726
6 -1.467438 -5.355726
4 6.956526 1.564669
3 -3.509115 6.665278
4 8.218837 1.564669
3 -3.509115 6.665278
7 8.468186 -4.785982
9 2.012979 6.096227
6 -1.467438 -5.355726
9 7.707612 0.350584
3 -3.509115 6.665278
8 3.544869 7.479091
5 7.757119 3.950545
9 -7.298223 -0.025735
2 -2.032526 -0.466644
3 -3.509115 6.665278
6 -1.467438 -5.355726
9 -5.628464 -0.445452
8 8.218837 1.564669
4 8.218837 -3.030964
6 -1.467438 -5.355726
6 -1.467438 -5.355726
10 -4.500678 6.275630
3 -3.509115 6.665278
1 7.757119 3.950545
9 2.012979 6.096227
1 -5.264900 4.252427
8 -0.331042 -2.269395
8 -6.554476 7.248708
8 -2.584216 -4.826657
8 7.739174 9.801282
5 -5.547755 -0.644361
1 7.757119 3.950545
10 -4.500678 6.275630
4 6.956526 1.564669
6 -1.467438 -5.355726
9 2.012979 6.096227
8 -8.288003 1.086693
3 -3.509115 6.665278
10 -4.284862 -6.645391
8 6.485396 9.654756
3 -3.509115 6.665278
9 -8.962608 -9.792444
2 -2.032526 -0.466644
1 7.757119 3.950545
8 6.956526 1.564669
2 -2.032526 -0.466644
5 3.593573 -7.319868
5 9.009761 -7.754339
8 6.956526 1.564669
10 -4.500678 6.275630
6 9.278067 1.064988
1 7.757119 3.950545
2 -2.032526 -0.466644
