10 100
K -3.878633 -6.713470 1.500539
P -8.062963 -7.832877 -5.708894 -6.147783
Z 1 -4.691028 -7.975068 -3.850265 -8.516471
P -3.791713 2.878310 -2.310932 7.095594
Z 3 -5.503424 -9.236666 -6.104692 -8.437618
K 8.373539 -7.866783 2.521695
P 2.569024 4.513862 6.427531 8.144007
K 1.904080 1.317557 1.996233
Z 3 -3.538625 2.256293 8.461354 -2.147756
P -2.297759 9.989399 1.635197 13.128396
3 -5.503424 -9.236666
8 1.904080 1.317557
8 -4.553746 1.113995
9 -1.688861 1.696316
6 8.373539 -7.866783
1 -3.878633 -6.713470
5 -5.503424 -9.236666
10 1.635197 9.989399
9 -3.878633 -6.713470
10 -2.297759 13.128396
8 1.904080 1.317557
2 8.152084 7.228458
10 -2.297759 9.989399
1 -3.878633 -6.713470
1 -3.878633 -6.713470
9 3.551338 1.304473
1 -3.878633 -6.713470
5 -2.935492 -3.096855
8 1.904080 1.317557
3 3.158037 -0.942385
6 -1.192026 -6.004003
4 -0.497935 3.290371
4 -3.791713 2.878310
3 -3.878633 -6.713470
8 1.904080 1.317557
10 9.760048 -4.078158
7 2.569024 8.144007
10 1.635197 9.989399
7 -1.495971 -1.472570
6 -4.420273 -0.218981
5 -5.503424 -9.236666
3 1.138434 -8.500157
7 6.427531 4.513862
3 -2.074757 -1.786363
9 -8.668979 2.643499
4 -3.791713 2.878310
5 1.785901 5.115378
10 -2.297759 13.128396
4 -3.791713 2.878310
1 -3.878633 -6.713470
3 -5.503424 -9.236666
5 -5.503424 -9.236666
1 5.698880 -5.295966
8 -7.536572 -4.949005
8 1.904080 1.317557
10 -6.124056 4.536761
7 7.150530 8.036001
4 -2.310932 2.878310
4 -3.791713 2.878310
4 3.925419 -5.154253
7 2.569024 8.144007
2 -8.062963 -6.147783
6 -4.412696 -8.807719
7 6.427531 4.513862
6 8.373539 -7.866783
4 -3.791713 2.878310
4 -3.791713 7.095594
10 3.300825 -0.646284
5 9.596449 -0.569695
6 8.373539 -7.866783
8 1.904080 1.317557
2 -3.059796 -7.405871
7 0.875897 -7.164433
2 -5.708894 -6.147783
2 -5.708894 -6.147783
9 5.149204 0.272865
9 -2.746830 6.648281
4 -3.791713 7.095594
1 -3.878633 -6.713470
5 -3.878633 -6.713470
3 -5.503424 -9.236666
6 8.373539 -7.866783
10 1.635197 13.128396
9 -5.503424 -9.236666
2 6.420251 7.770300
1 -3.878633 -6.713470
5 4.901618 7.846644
9 -3.878633 -6.713470
10 -6.288518 9.339698
7 2.569024 4.513862
5 -5.503424 -9.236666
1 -7.761171 -0.507008
4 -3.791713 2.878310
3 -5.503424 -9.236666
6 -4.571096 3.245378
8 -4.257951 5.814614
1 -2.125622 -1.337146
6 8.373539 -7.866783
9 -3.878633 -6.713470
8 7.283314 -8.274484
7 -8.744912 -8.819328
6 8.373539 -7.866783
8 8.170567 4.340037
3 -5.503424 -9.236666
1 -5.067806 4.166839
5 -8.377915 -10.099087
6 8.373539 -7.866783
8 1.904080 1.317557
10 -2.297759 13.128396
9 -5.503424 -9.236666
