10 100
P 3.704962 -8.321048 7.459043 -5.461275
Z 1 5.079408 4.875296 5.373771 -1.225509
P -5.694345 -5.130150 -1.099421 -1.951854
Z 1 -8.274320 0.835091 -0.275514 2.678245
K -9.194845 -1.003612 3.620324
P 0.594913 -5.701555 2.085328 -0.722939
Z 6 -3.296855 6.809804 4.495440 -0.200940
Z 6 -0.706524 7.253013 4.942346 2.396681
Z 2 7.459043 -5.461275 6.609963 -4.933012
P -7.200262 9.356641 -4.692744 12.247023
3 -1.915874 -1.111418
6 0.594913 -5.701555
3 -5.694345 -1.951854
3 -5.694345 -1.951854
9 3.783422 6.647900
1 -0.466901 8.845416
8 7.007746 -1.493639
3 6.127444 -0.755655
7 0.021833 -5.092730
6 2.275337 -6.593793
5 -9.194845 -1.003612
9 -4.848762 -7.981215
4 -0.258455 11.738912
8 1.053131 -9.918844
5 -2.023944 9.502793
2 7.717953 -8.127422
10 -7.200262 12.247023
3 9.170426 -4.795987
6 2.085328 -0.722939
9 4.424699 8.650866
3 -5.694345 -1.951854
6 0.594913 -5.701555
7 1.886618 3.315911
6 0.594913 -0.722939
9 7.459043 -8.321048
5 -9.194845 -1.003612
3 -1.099421 -5.130150
1 -6.908543 9.321572
4 7.459043 -5.461275
2 7.459043 -8.321048
9 10.024478 -4.197612
3 -1.099421 -1.951854
7 7.721031 3.104580
5 -9.194845 -1.003612
9 10.024478 -4.197612
7 0.594913 -0.722939
3 -9.520749 -1.063198
5 -9.194845 -1.003612
7 2.085328 -5.701555
6 0.594913 -5.701555
5 3.746245 5.977297
5 -9.194845 -1.003612
4 3.117063 13.381776
8 12.520279 6.436346
8 -1.424643 4.239168
8 7.598014 5.689400
2 -5.085816 -8.994595
6 2.085328 -5.701555
2 7.717953 -8.127422
3 4.071214 1.356106
5 -9.194845 -1.003612
1 8.959416 3.111726
3 -5.694345 -1.951854
3 -1.099421 -1.951854
3 -5.694345 -1.951854
8 -1.610773 -2.678803
3 3.367696 -8.754692
8 0.594913 -5.701555
5 -9.194845 -1.003612
6 9.879858 -0.887211
5 -9.194845 -1.003612
2 7.459043 -8.321048
1 3.704962 -8.321048
4 -0.258455 11.738912
8 7.374406 7.162945
8 8.510950 -0.896534
10 -7.200262 12.247023
2 7.717953 -8.127422
7 0.594913 -5.701555
5 -9.436665 -6.247865
4 7.459043 -5.461275
2 3.704962 -8.321048
7 -6.990044 0.157935
3 -5.694345 -1.951854
5 -9.194845 -1.003612
4 5.326147 -6.700299
4 7.459043 -8.321048
6 2.085328 -5.701555
3 -5.694345 -1.951854
6 2.085328 -5.701555
4 1.865567 15.953169
6 0.594913 -0.722939
1 7.459043 -8.321048
8 -1.510204 9.833954
10 8.577177 -4.986066
5 -9.194845 -1.003612
3 6.468302 -3.148213
5 -9.194845 -1.003612
7 0.594913 -5.701555
7 4.603812 3.732869
3 -5.694345 -1.951854
3 -4.185402 2.129892
9 8.365642 -0.829914
2 6.399135 -0.854310
10 -0.215023 7.393882
5 -9.194845 -1.003612
6 1.787954 3.461688
6 -6.693062 -1.001132
7 9.554750 4.257118
7 -0.140482 -9.173442
