10 100
P 2.177639 6.522857 6.276297 11.245605
K 2.419032 -6.785489 4.460688
K -0.743594 -1.289472 3.163432
K 6.016623 0.289309 1.926259
Z 1 -0.825174 -3.698565 -0.403046 2.540574
P -0.972270 -4.944713 3.113478 -1.257226
K -5.285650 -8.900739 1.314675
Z 7 -4.025935 -9.276889 -3.739819 -8.318694
Z 3 -7.461693 5.893624 6.100953 -3.946670
Z 2 -8.394578 6.820065 5.019614 -0.345478
5 -2.4238 6.8342
9 3.0530 -9.1993
6 -0.9723 -1.2572
8 5.7172 5.4581
4 0.7858 6.2209
5 6.2763 11.2456
6 -0.9723 -1.2572
2 2.4190 -6.7855
9 1.4513 1.7357
6 -0.9723 -1.2572
10 2.4190 -6.7855
9 -0.7436 -1.2895
9 -0.7436 -1.2895
8 -5.2856 -8.9007
1 6.2763 11.2456
1 3.3590 -1.4186
7 -1.2752 -8.8079
7 -5.2856 -8.9007
7 -5.2856 -8.9007
5 -5.9844 -2.9724
2 -7.9289 -3.4020
2 2.4190 -6.7855
10 1.2174 1.0933
9 5.9529 5.0095
6 3.1135 -1.2572
6 3.1135 -4.9447
6 -0.9723 -4.9447
9 1.4513 1.7357
8 -5.2856 -8.9007
5 4.9321 -5.4853
7 -6.1902 -3.7432
4 3.3903 3.9004
6 3.1135 -1.2572
2 2.4190 -6.7855
1 2.1776 11.2456
8 -2.7662 -9.6530
9 7.4685 0.9628
4 -8.6429 -6.7897
3 -0.7436 -1.2895
6 9.0701 4.4153
6 -0.9723 -4.9447
4 4.1996 -6.6574
2 2.4190 -6.7855
3 -0.7436 -1.2895
5 -6.4851 7.3863
8 -5.6013 4.0277
2 2.4190 -6.7855
1 6.2763 11.2456
3 7.3032 0.3463
2 2.4190 -6.7855
6 3.1135 -4.9447
6 -0.9723 -1.2572
5 2.1776 6.5229
8 3.3093 -8.4562
9 -4.4449 4.8822
7 -5.2856 -8.9007
6 4.5296 -6.0348
3 5.0524 -0.3455
7 -5.2856 -8.9007
1 2.1776 11.2456
3 -0.7436 -1.2895
1 6.2763 6.5229
8 -5.2856 -8.9007
10 2.4190 -6.7855
9 1.4513 1.7357
3 -0.7436 -1.2895
6 3.1135 -1.2572
6 -0.9723 -1.2572
5 6.2763 6.5229
6 -0.9723 -1.2572
7 -5.2856 -8.9007
8 -5.2856 -8.9007
6 -0.9723 -4.9447
2 -5.1106 8.0746
9 -0.7436 -1.2895
3 -0.7436 -1.2895
8 -5.2856 -8.9007
9 1.4513 1.7357
7 -5.2856 -8.9007
5 2.1776 11.2456
7 -5.2856 -8.9007
4 6.0166 0.2893
8 -5.2856 -8.9007
1 6.2763 11.2456
2 2.4190 -6.7855
10 8.9265 5.3967
6 -0.9723 -1.2572
9 -0.7436 -1.2895
4 6.0166 0.2893
5 6.2763 11.2456
5 -1.7876 11.5139
8 8.9738 8.7470
7 -5.2856 -8.9007
10 -2.5367 3.0904
8 -2.7662 -9.6530
5 2.1776 6.5229
9 -2.8827 9.0873
10 8.9265 5.3967
2 -4.5228 -0.9322
8 -5.2856 -8.9007
