10 100
P 5.069709 -0.227053 8.908158 3.013219
Z 1 6.243065 -0.617535 9.416742 -6.145873
P -1.527378 -7.927629 1.937740 -4.903739
P 7.646224 -8.028888 11.823870 -6.324183
K 4.751716 1.871979 1.834641
K -5.656721 -6.040077 3.891255
P 6.376043 6.335509 11.309454 7.483991
K 1.573203 1.994744 3.696936
Z 8 7.077089 -5.548746 -0.958033 -9.599713
Z 4 5.899581 -2.421244 1.108915 9.277459
2 3.6994 2.2266
5 4.7517 1.8720
9 1.5732 1.9947
10 -3.9269 -7.4772
10 11.8239 -8.0289
7 0.0640 -6.5728
5 4.7517 1.8720
10 0.2249 -9.2573
8 1.5732 1.9947
7 6.3760 7.4840
6 -5.6567 -6.0401
7 6.3760 6.3355
5 5.3381 2.8484
9 1.5732 1.9947
4 7.6462 -6.3242
6 -5.6567 -6.0401
7 11.3095 7.4840
2 6.4975 0.5926
2 4.6321 6.2808
3 4.7534 -3.0633
1 5.0697 -0.2271
2 4.5620 -2.7221
8 1.5732 1.9947
9 1.5732 1.9947
5 4.7517 1.8720
10 2.9599 6.2112
2 8.9082 3.0132
3 -1.5274 -7.9276
6 -1.9470 1.9840
8 1.5732 1.9947
6 0.8779 6.0199
6 -5.6567 -6.0401
10 0.9244 6.3752
5 8.8712 4.5102
9 9.8688 -14.4596
3 -1.5274 -7.9276
7 2.1330 -2.9337
9 9.8688 -14.4596
2 8.9082 -0.2271
9 1.5732 1.9947
6 1.1094 9.3880
5 4.7517 1.8720
3 8.5874 -6.9088
2 3.6994 2.2266
5 -4.5087 8.0518
2 1.7638 -1.0882
6 -5.6567 -6.0401
3 -1.5274 -7.9276
5 1.2201 -4.5645
3 1.9377 -7.9276
8 0.9045 6.4199
1 5.0697 3.0132
2 5.0697 3.0132
6 -5.5694 1.1242
10 5.6100 -10.5735
5 4.7517 1.8720
9 1.5732 1.9947
10 7.6462 -8.0289
7 -4.0572 -9.8533
3 -1.5274 -7.9276
1 -0.8409 0.2797
8 1.5732 1.9947
6 -3.8204 3.7054
3 1.9377 -7.9276
10 0.9911 -5.6977
1 5.0697 3.0132
10 4.4144 -9.3584
3 2.6674 5.5255
3 -1.5274 -4.9037
1 8.9082 3.0132
3 -1.5274 -7.9276
3 -1.5274 -7.9276
9 9.8688 -14.4596
4 7.6462 -8.0289
5 4.7517 1.8720
5 4.7517 1.8720
1 8.9082 3.0132
4 11.8239 -8.0289
4 4.2271 -4.9420
6 -5.6567 -6.0401
10 9.0805 5.1112
9 1.5732 1.9947
1 -4.1343 9.7004
1 8.9082 3.0132
4 7.6462 -6.3242
8 3.4048 -8.4346
6 -3.0332 -0.6612
1 5.5456 -8.7033
10 4.4144 -9.3584
4 7.6462 -8.0289
8 1.5732 1.9947
8 1.5732 1.9947
1 -5.7304 2.2258
6 -5.6567 -6.0401
6 6.2796 9.2315
7 11.3095 6.3355
1 1.9714 -6.5963
5 4.7517 1.8720
8 1.5732 1.9947
5 4.7517 1.8720
