10 100
K 2.631804 1.862738 4.427690
P -4.373147 -2.294299 -2.893897 1.060754
P 7.700643 6.894747 8.859566 8.270624
P -6.439121 -1.875787 -4.694114 1.707043
Z 2 -4.277712 5.725754 5.496287 -5.449417
P 4.123587 1.937794 7.426591 3.615299
K 9.062449 5.718386 2.021664
Z 3 1.074662 -2.207934 -2.225522 0.080596
K -8.899390 8.796188 3.564859
P 8.088624 -4.827745 12.814787 -1.830197
2 -4.373147 1.060754
4 1.107003 0.658156
7 9.062449 5.718386
2 -4.373147 -2.294299
7 9.062449 5.718386
1 -0.894518 8.774374
3 -4.458700 -9.904396
1 2.631804 1.862738
1 2.631804 1.862738
9 -8.899390 8.796188
7 9.062449 5.718386
2 -2.893897 1.060754
9 -8.899390 8.796188
9 -8.899390 8.796188
3 7.700643 6.894747
10 12.814787 -1.830197
7 -7.550501 -8.445314
5 3.683614 4.752285
7 9.062449 5.718386
3 7.700643 8.270624
3 7.700643 8.270624
8 -4.721421 -12.689773
8 8.859566 8.270624
1 2.631804 1.862738
10 8.088624 -4.827745
3 8.859566 6.894747
4 -4.694114 1.707043
7 9.062449 5.718386
3 8.859566 6.894747
4 -4.694114 -1.875787
4 -6.439121 -1.875787
7 5.509679 -6.009449
7 5.147795 -8.445775
1 2.631804 1.862738
1 2.631804 1.862738
4 -4.694114 -1.875787
3 8.859566 6.894747
3 0.076298 1.419171
2 -2.893897 1.060754
1 -6.022462 9.389562
1 2.631804 1.862738
9 -8.899390 8.796188
8 5.096467 -2.785620
4 -6.439121 1.707043
5 0.161449 3.733013
4 -0.153292 7.068447
8 -3.910603 6.659107
10 9.083808 -4.140641
5 -7.540938 -0.631478
9 -8.899390 8.796188
1 -0.851583 -9.773341
10 8.088624 -4.827745
7 5.884946 -5.250141
1 2.631804 1.862738
7 -6.482346 -1.722992
7 9.062449 5.718386
10 12.814787 -4.827745
5 -4.373147 1.060754
4 -4.694114 -1.875787
3 2.541048 -4.848501
9 3.116240 -0.383696
7 9.062449 5.718386
1 2.631804 1.862738
5 -2.893897 -2.294299
9 9.803224 -7.706675
6 4.123587 3.615299
10 8.088624 -1.830197
8 8.859566 6.894747
7 1.008637 -0.459448
5 0.161449 3.733013
2 -9.425664 0.490831
3 7.700643 6.894747
3 8.859566 8.270624
1 -6.035109 2.727744
8 -6.009991 -13.172084
9 -8.899390 8.796188
4 -6.439121 1.707043
4 -6.439121 -1.875787
4 7.597643 -8.961855
1 2.631804 1.862738
3 -7.949663 5.637784
9 -8.899390 8.796188
2 1.397400 1.915226
4 -8.604307 2.950931
6 -2.900504 9.671844
4 -1.014501 8.754207
9 1.901303 2.704782
9 -8.899390 8.796188
10 8.088624 -4.827745
9 -9.419155 3.583767
4 -4.694114 -1.875787
4 -6.439121 -1.875787
9 -4.767631 6.435457
3 7.700643 8.270624
1 2.631804 1.862738
4 -8.734492 9.578256
2 -4.373147 -2.294299
8 -6.416250 -12.086700
8 -6.009991 -13.172084
2 -4.373147 1.060754
