10 100
K -7.160611 -2.115410 1.670705
P -2.977939 8.582753 1.000188 12.579788
P -3.584989 -2.716860 0.830755 -1.272567
P 9.501901 4.353503 12.695279 5.444173
K 0.197857 6.715789 2.676444
P -3.998353 -5.466339 -2.045504 -4.298202
P -1.557366 -0.834149 3.419644 3.401679
Z 7 -4.144239 -2.642937 3.377214 -0.018576
P -8.232335 2.208306 -6.422344 4.204454
K -1.913629 9.820865 1.646623
7 3.4196 3.4017
1 -1.6911 2.9098
1 -7.1606 -2.1154
8 -1.5574 3.4017
1 -7.1606 -2.1154
6 -3.9984 -4.2982
8 -0.9936 -2.4498
10 -1.9136 9.8209
5 0.8619 -1.7677
3 0.8308 -2.7169
4 -1.3373 5.1906
6 -3.9984 -4.2982
5 0.1979 6.7158
3 7.9216 -2.5498
3 0.8308 -2.7169
10 -1.9136 9.8209
5 0.1979 6.7158
2 -8.7303 -1.4702
3 -3.5850 -1.2726
10 -1.9136 9.8209
3 -3.5850 -2.7169
8 5.5382 -2.6700
8 -0.9936 -2.4498
2 1.0002 12.5798
9 -6.4223 4.2045
10 -1.9136 9.8209
5 0.1979 6.7158
5 0.1979 6.7158
7 -1.5574 -0.8341
10 -1.9136 9.8209
9 -0.2546 -7.0136
9 -3.7351 5.3100
10 -1.9136 9.8209
2 -2.9779 8.5828
8 1.3185 6.6223
3 -3.5850 -2.7169
2 -7.9539 -4.7937
4 -6.3476 1.6302
2 -9.1002 7.4233
10 -2.4300 7.4147
10 -1.9136 9.8209
2 -2.9779 12.5798
1 3.3355 6.8273
6 -2.4323 3.8077
2 1.0002 12.5798
9 0.7512 -3.0785
7 3.4196 3.4017
9 -6.4223 2.2083
4 -1.6498 6.7917
10 -1.9136 9.8209
9 -3.8530 9.9015
5 0.1979 6.7158
4 -9.5509 0.4490
4 9.3031 2.0564
10 -1.9136 9.8209
8 5.5382 -2.6700
10 -1.9136 9.8209
3 0.8308 -1.2726
1 -7.1606 -2.1154
5 0.1979 6.7158
4 9.5019 4.3535
9 -6.4223 4.2045
9 -8.2323 4.2045
2 1.0761 -0.3158
10 -6.2404 -1.7406
3 -3.5850 -1.2726
10 -1.9136 9.8209
6 4.4711 -9.0859
9 -6.4223 2.2083
6 -3.9984 -4.2982
7 -5.7434 -3.3472
6 -5.7877 -0.8750
3 0.8308 -1.2726
3 -3.5850 -1.2726
4 -0.9035 -8.4751
7 3.4196 3.4017
2 1.0002 8.5828
4 9.5019 5.4442
2 -2.9779 12.5798
9 8.8010 2.8623
7 -7.5875 -0.1520
3 7.5486 4.0193
6 -3.9984 -4.2982
4 9.5019 4.3535
7 4.7051 2.6417
1 -7.1606 -2.1154
10 -0.0132 7.3107
8 2.8372 5.2957
7 3.4196 3.4017
1 -7.1606 -2.1154
9 -6.4223 4.2045
8 -0.9936 -2.4498
2 1.0002 12.5798
4 12.6953 4.3535
5 8.4255 2.4321
2 -2.9779 8.5828
10 -1.9136 9.8209
7 -7.1763 7.5570
3 -3.5850 -2.7169
1 -7.1606 -2.1154
