10 100
K 0.380854 8.972813 3.515992
Z 1 0.380854 8.972813 0.460931 9.969602
P -8.279344 -8.101729 -4.888859 -4.569407
K -2.724387 -2.951811 1.221002
K 2.124336 3.191197 2.343278
P -9.437085 0.701867 -5.646132 5.416723
P 5.212577 -4.834169 9.569329 -2.279652
P 2.979950 -4.207697 4.348103 -2.740153
K -5.565237 -5.938916 1.861918
P 6.025191 -1.735778 10.833287 2.904313
5 2.124336 3.191197
6 -9.437085 5.416723
3 -8.279344 -4.569407
7 5.212577 -2.279652
2 0.380854 8.972813
9 -5.565237 -5.938916
3 -4.888859 -8.101729
8 -1.252026 0.159375
6 -5.646132 5.416723
4 -2.724387 -2.951811
2 0.380854 8.972813
4 -2.724387 -2.951811
5 2.124336 3.191197
6 5.667694 4.030648
3 -4.888859 -4.569407
9 -5.565237 -5.938916
7 -6.796766 -1.817589
10 10.833287 -1.735778
10 0.339472 -4.018487
2 0.380854 8.972813
8 -5.151987 -4.933264
1 0.380854 8.972813
8 2.979950 -4.207697
2 0.380854 8.972813
10 2.169352 6.230340
1 -3.556788 6.826958
4 -2.724387 -2.951811
5 -3.046942 5.032597
6 -5.646132 0.701867
5 4.049235 -7.494772
5 2.124336 3.191197
9 -5.565237 -5.938916
9 -5.565237 -5.938916
3 -3.428244 -5.105407
5 6.019664 3.804418
6 -9.437085 0.701867
3 -8.279344 -4.569407
7 9.569329 -4.834169
9 -5.565237 -5.938916
1 0.380854 8.972813
8 4.348103 -4.207697
8 6.706554 2.661292
8 -0.908281 9.509623
3 -8.279344 -4.569407
5 -3.550977 -6.489220
2 0.380854 8.972813
1 0.380854 8.972813
6 4.413230 3.076686
7 -2.086365 7.995505
10 4.227263 -4.556086
2 0.380854 8.972813
4 -8.586005 0.055211
10 6.025191 -1.735778
3 -4.888859 -8.101729
7 5.212577 -2.279652
8 4.069278 9.719771
5 2.124336 3.191197
3 -4.888859 -4.569407
5 2.124336 3.191197
9 -5.565237 -5.938916
5 2.124336 3.191197
5 2.124336 3.191197
1 -4.833932 1.748675
6 -9.437085 0.701867
8 2.979950 -2.740153
2 -1.035711 -0.337683
6 -9.437085 5.416723
7 9.569329 -2.279652
5 2.124336 3.191197
10 6.025191 -1.735778
4 -2.724387 -2.951811
4 -2.724387 -2.951811
6 -9.437085 0.701867
1 0.380854 8.972813
1 0.004813 -2.826665
6 -9.437085 5.416723
7 9.569329 -2.279652
10 10.833287 2.904313
2 0.380854 8.972813
2 -7.469373 -4.584790
8 4.348103 -4.207697
7 5.212577 -4.834169
9 -5.565237 -5.938916
2 0.380854 8.972813
3 7.183527 -7.489390
4 6.236479 -6.413636
2 0.380854 8.972813
7 0.139144 7.449078
1 0.380854 8.972813
9 -5.565237 -5.938916
1 0.380854 8.972813
8 2.979950 -4.207697
4 3.192278 7.332477
5 2.124336 3.191197
4 -2.724387 -2.951811
4 6.444377 4.842370
6 -5.646132 0.701867
1 0.380854 8.972813
5 2.124336 3.191197
8 4.296818 2.481111
