10 100
P 6.726682 -0.208765 7.731143 4.383029
K 5.306151 3.799129 3.261961
K -4.825952 8.869999 4.765372
K -2.583642 1.558531 1.647182
P -0.556144 2.326430 2.083071 3.926021
K 9.655629 -0.200009 1.346927
Z 5 -7.703890 4.298827 4.174939 1.777117
K -8.018235 7.457258 2.382614
P -7.976646 3.730586 -3.302773 5.794216
P 0.570677 1.851225 2.714586 5.903002
3 -4.8260 8.8700
7 7.3517 -1.0230
3 -4.8260 8.8700
10 0.5707 1.8512
10 8.6483 -3.0548
2 5.3062 3.7991
2 5.3062 3.7991
1 6.7267 -0.2088
6 9.6556 -0.2000
8 -8.0182 7.4573
8 -1.6801 -4.9146
9 -3.3028 5.7942
6 9.6556 -0.2000
5 9.9849 4.9546
10 8.9520 -5.2661
2 9.0395 -1.5066
1 -0.0984 9.7483
4 9.4416 0.5135
10 2.7146 5.9030
10 2.7146 1.8512
3 -4.8260 8.8700
4 -2.5836 1.5585
3 -4.8260 8.8700
6 9.6556 -0.2000
7 2.0831 3.9260
4 -2.5836 1.5585
2 5.3062 3.7991
8 -8.0182 7.4573
9 -4.8338 -8.4624
5 -0.5561 2.3264
10 4.2664 4.3538
5 -0.5561 3.9260
2 5.3062 3.7991
7 2.0831 3.9260
10 4.0248 -7.9807
9 -7.9766 3.7306
5 2.0831 2.3264
1 7.7311 4.3830
10 2.7146 5.9030
9 -7.9766 3.7306
10 8.7808 -0.9142
2 5.3062 3.7991
4 -4.6350 5.2173
4 -8.6337 -3.8671
4 -2.5836 1.5585
5 6.5302 -7.1957
6 9.6556 -0.2000
3 6.0514 -5.8096
6 9.6556 -0.2000
2 -4.9352 0.8777
7 -0.5561 2.3264
9 6.7104 -1.9380
10 2.7146 5.9030
8 -8.0182 7.4573
2 5.3062 3.7991
10 0.5707 5.9030
2 5.3062 3.7991
9 -3.3028 5.7942
5 -0.5561 3.9260
10 8.9391 -1.3122
5 2.0831 2.3264
9 -3.3028 3.7306
8 -8.0182 7.4573
4 5.1336 -4.4871
5 2.0831 3.9260
6 -4.8234 4.3200
10 0.5707 5.9030
4 -2.5836 1.5585
6 9.6556 -0.2000
1 7.7311 -0.2088
9 -7.9766 5.7942
2 -6.7645 -1.4568
3 -4.5300 4.3829
8 3.1465 -0.2165
2 5.3062 3.7991
2 7.0740 -8.6955
2 5.3062 3.7991
10 7.6846 -6.0000
2 5.3062 3.7991
8 0.4797 -1.3944
4 -2.5836 1.5585
10 2.7146 1.8512
3 -4.8260 8.8700
3 -4.8260 8.8700
5 2.0831 2.3264
2 5.3062 3.7991
1 6.7267 4.3830
3 -4.8260 8.8700
6 9.6556 -0.2000
5 -0.5561 3.9260
7 -6.2542 -6.2607
7 9.5786 -9.6272
1 6.7267 4.3830
7 1.3905 0.6634
9 -7.9766 5.7942
2 -2.9485 7.9231
1 6.3098 0.1710
8 5.9272 3.4780
6 9.6556 -0.2000
6 9.6556 -0.2000
