10 100
P -6.806296 9.118479 -2.482723 13.258752
Z 1 -6.619490 -1.222044 -6.511903 4.047553
Z 1 -2.482723 9.118479 -2.247760 10.090483
P 5.912962 -4.500966 8.489155 0.182183
K 4.196803 0.064790 1.827736
P 7.374878 7.037578 10.285044 10.509643
P 3.786216 0.495158 8.315009 4.008463
Z 1 -2.482723 9.118479 -2.526797 8.119450
K 4.730586 -5.119783 2.647017
P -4.001069 5.568547 -0.020894 9.292700
9 9.7988 -7.0640
8 2.1887 12.8619
4 7.6354 -7.2373
10 -6.5197 -3.6359
7 8.3150 0.4952
8 -2.7884 -5.4031
9 8.6012 5.6035
10 -0.0209 5.5685
8 -2.4827 9.1185
6 10.2850 10.5096
9 4.7306 -5.1198
1 -2.4827 13.2588
7 -6.4622 4.6935
10 -4.0011 5.5685
6 4.3714 2.5262
5 7.3908 -0.3124
10 -0.0209 5.5685
3 1.3635 7.1436
10 5.2407 2.9395
4 5.9130 -4.5010
3 3.2546 10.8267
9 4.7306 -5.1198
3 3.8898 -3.5546
4 5.9130 -4.5010
5 4.1968 0.0648
5 4.1015 3.9421
4 7.0441 6.9947
7 -3.6326 -0.9883
7 8.3150 0.4952
7 0.8722 3.7424
5 -1.9434 -6.4095
1 -6.8063 9.1185
8 -2.4827 9.1185
10 -6.1250 -3.7794
4 8.4892 0.1822
3 -2.4827 9.1185
10 -0.0209 9.2927
4 8.4892 0.1822
5 -7.1972 -4.1520
1 8.2510 8.7303
6 10.2850 7.0376
3 -2.4827 9.1185
10 -4.0011 5.5685
6 7.3749 10.5096
10 -0.0209 5.5685
5 4.1968 0.0648
3 7.9819 7.6002
9 4.7306 -5.1198
3 1.3635 7.1436
4 5.9130 0.1822
1 -7.1066 6.7389
6 10.2850 7.0376
9 4.7306 -5.1198
4 8.4892 0.1822
5 3.8945 -2.6438
3 -2.4827 9.1185
3 -6.8063 13.2588
3 -2.4827 9.1185
3 7.0190 7.5961
4 2.7535 -4.6775
4 5.9130 0.1822
10 -4.0011 9.2927
3 0.6838 3.1509
8 9.7939 4.5360
8 -6.8063 13.2588
6 7.3749 10.5096
5 4.1968 0.0648
9 4.7306 -5.1198
4 5.9130 0.1822
2 0.0808 -3.9404
8 -2.4827 9.1185
10 -4.0011 9.2927
6 7.3749 7.0376
9 8.4336 -6.3268
10 3.1937 6.5460
8 8.7091 7.8723
3 1.3839 8.1118
4 1.6581 4.4015
7 -7.6743 -8.3586
6 7.3749 7.0376
10 -0.0209 5.5685
7 3.7862 0.4952
7 3.7862 0.4952
8 1.8241 8.7377
5 4.1968 0.0648
1 -6.8063 13.2588
5 4.1968 0.0648
10 -0.0209 9.2927
3 -2.4827 9.1185
9 4.7306 -5.1198
8 1.4342 -0.9920
5 4.1968 0.0648
7 3.7862 0.4952
10 -0.0209 9.2927
9 4.7306 -5.1198
1 -2.4827 13.2588
4 8.4892 0.1822
9 4.7306 -5.1198
7 3.7862 4.0085
2 -2.4827 13.2588
