10 100
P -3.522036 -6.572020 -0.274501 -3.252156
K -5.518757 -7.402473 1.444677
K -9.286055 -7.500909 1.192521
K 2.612577 4.407330 1.278913
P 2.984110 -9.328071 5.847224 -6.270581
K 4.704410 1.560388 4.444083
K 5.384782 -8.109582 1.956015
P 4.463293 -7.367444 7.099690 -5.380037
K -1.310647 -6.312553 1.104796
P 6.107342 -2.442307 7.329268 -0.388983
3 2.3431 2.0446
6 4.7044 1.5604
8 7.0997 -5.3800
8 7.0997 -7.3674
9 -1.3106 -6.3126
2 -5.5188 -7.4025
8 -4.3424 5.2705
5 2.9841 -9.3281
2 8.9987 -9.4143
4 2.6126 4.4073
1 -3.5220 -6.5720
5 2.9841 -6.2706
6 4.7044 1.5604
8 4.4633 -7.3674
7 5.3848 -8.1096
10 8.1513 4.1638
6 4.7044 1.5604
5 2.9841 -6.2706
4 2.6126 4.4073
1 -2.6835 1.1497
10 6.1073 -2.4423
10 7.3293 -0.3890
3 2.1915 8.7524
9 -1.3106 -6.3126
3 -9.2861 -7.5009
2 -5.5188 -7.4025
1 -0.2745 -6.5720
5 2.9841 -6.2706
6 4.7044 1.5604
1 -0.2745 -3.2522
1 -0.2745 -6.5720
1 1.1149 -7.5108
5 0.7442 4.3858
5 2.9841 -9.3281
8 7.0997 -5.3800
3 -9.2861 -7.5009
2 -5.5188 -7.4025
6 4.7044 1.5604
6 4.7044 1.5604
9 -1.3106 -6.3126
2 -5.5188 -7.4025
5 5.8472 -6.2706
2 8.3481 9.7959
5 -3.9808 -9.0176
9 -1.3106 -6.3126
8 7.0997 -7.3674
2 9.8657 -2.3324
9 -1.3106 -6.3126
4 2.6126 4.4073
8 4.4633 -7.3674
2 -5.7431 -1.6318
1 -3.5220 -3.2522
10 -2.3882 -2.6500
7 5.3848 -8.1096
7 5.3848 -8.1096
10 7.3293 -2.4423
3 -9.2861 -7.5009
3 -9.2861 -7.5009
3 -9.2861 -7.5009
8 -1.5849 4.8496
3 -9.2861 -7.5009
6 0.9723 5.9277
6 -9.8824 -3.3017
1 -3.5220 -3.2522
9 -1.3106 -6.3126
1 -1.7134 -5.4757
1 -0.2745 -6.5720
7 5.3848 -8.1096
4 2.6126 4.4073
9 -1.3106 -6.3126
6 5.1196 -4.4188
2 -2.4144 -7.7905
4 -8.8876 8.9729
9 6.8623 7.5258
9 2.3597 2.2107
3 -9.2861 -7.5009
5 5.8472 -6.2706
2 -5.5188 -7.4025
7 5.3848 -8.1096
3 9.4262 -6.0241
1 -8.6614 -6.6397
9 -1.3106 -6.3126
9 -1.3106 -6.3126
4 -1.7112 3.7344
3 -9.2861 -7.5009
8 4.4633 -5.3800
3 1.1070 2.4500
3 -3.0851 -7.8202
7 5.3848 -8.1096
5 -0.1405 8.7232
10 7.3293 -2.4423
4 2.6126 4.4073
8 4.4633 -5.3800
5 -7.3594 -0.7414
4 -3.3026 9.5753
4 -2.1014 -3.2881
1 9.8738 -5.4696
8 4.4633 -5.3800
1 7.3190 -7.0587
9 -1.3106 -6.3126
