10 100
P -2.266124 -3.371621 1.346958 -1.357101
Z 1 -7.889960 4.145823 -7.166970 6.434548
P -9.920779 -2.227599 -6.116710 1.084294
Z 1 -4.042745 3.432713 0.742588 -7.617673
K -2.510274 -2.429048 2.878964
K 7.234708 -6.026885 3.336156
Z 2 -2.266124 -1.357101 -2.630317 -2.288425
K -2.218458 4.696819 1.847443
K -5.274952 -8.433882 3.666213
K 1.494234 -8.823812 3.766678
6 -9.6042 -8.7378
4 -1.7649 -1.1401
1 -4.1212 -0.3375
5 -2.5103 -2.4290
6 7.2347 -6.0269
4 -4.1183 -4.6266
2 -8.6461 -2.6778
5 -2.5103 -2.4290
4 6.0854 -1.6936
10 1.4942 -8.8238
10 1.4942 -8.8238
10 1.4942 -8.8238
5 -2.5103 -2.4290
3 -6.1167 1.0843
10 -1.0899 2.8682
8 -2.2185 4.6968
5 0.9909 9.0418
7 -18.6119 4.9477
10 6.4849 -3.7779
8 -2.2185 4.6968
6 7.2347 -6.0269
2 -2.2661 -1.3571
10 1.4942 -8.8238
1 -2.2661 -3.3716
1 -2.2661 -1.3571
1 1.3470 -1.3571
8 -2.2185 4.6968
2 5.8419 -0.4848
2 -1.6503 -0.2816
1 4.1577 4.1362
1 -3.9365 -0.3656
5 -2.5103 -2.4290
1 -4.9088 6.6089
4 -2.2661 -3.3716
5 -2.5103 -2.4290
8 -2.2185 4.6968
3 -6.1167 -2.2276
2 -2.2661 -3.3716
8 -2.2185 4.6968
9 -5.2750 -8.4339
8 -2.2185 4.6968
6 7.2347 -6.0269
4 -4.2369 -3.7752
8 -2.2185 4.6968
2 1.3470 -3.3716
7 -18.6119 4.9477
7 -0.2138 -0.7685
4 -8.3333 -4.4592
10 7.6410 8.5429
5 -2.5103 -2.4290
8 1.4405 -2.3788
4 1.3470 -1.3571
3 -2.7509 -4.8733
5 -2.5103 -2.4290
2 -15.6545 2.8722
1 -6.6247 -7.2187
9 -3.5322 -9.0257
1 1.3470 -1.3571
6 -0.9069 4.7081
6 7.2347 -6.0269
4 4.1562 5.8694
8 -2.2185 4.6968
5 -0.9071 -9.2762
7 -4.9208 1.0939
7 -6.7810 -7.3399
6 8.9334 2.4030
9 -5.2750 -8.4339
9 -5.2750 -8.4339
5 2.7754 1.9879
5 -2.5103 -2.4290
2 -2.2661 -1.3571
5 -7.5992 4.7990
3 -8.8292 9.5915
2 -4.9616 7.6181
7 -3.6327 -2.8372
7 -3.6576 -2.2753
8 -8.2655 3.7835
7 -3.2420 3.3022
9 -6.7562 5.8205
7 -15.6545 2.8722
5 -2.5103 -2.4290
6 7.2347 -6.0269
9 -7.6041 -5.2652
4 -2.7676 -5.1534
2 1.3470 -1.3571
2 -16.8117 1.2232
2 -5.2747 -0.7669
8 -2.2185 4.6968
6 7.5315 -4.6523
1 -6.0105 1.6367
9 -5.2750 -8.4339
5 -2.5103 -2.4290
10 1.4942 -8.8238
2 1.3470 -3.3716
2 9.9527 0.5678
10 1.4942 -8.8238
8 -2.2185 4.6968
8 -5.7837 8.3495
10 2.1695 5.1588
4 -2.2661 -3.3716
