10 100
K -5.713081 -5.635041 3.187181
Z 1 -1.134763 -6.884612 -4.201692 1.034006
P -0.899951 9.268301 1.440287 11.657322
K -6.584601 3.706248 1.909427
P 5.317011 9.830131 8.754315 11.657413
Z 4 -4.324233 0.970829 -0.877942 9.746659
K 8.910669 -7.604209 3.079729
K -4.837172 -1.391663 4.154367
P -0.861502 -2.594013 2.763433 1.251662
K -7.870216 -6.042459 1.604769
5 8.754315 11.657413
10 -5.916666 -4.474872
6 -6.584601 3.706248
8 -4.837172 -1.391663
1 -5.713081 -5.635041
3 -0.899951 11.657322
1 3.872264 3.150769
3 1.440287 11.657322
5 -4.441432 7.526138
3 1.440287 11.657322
1 -5.713081 -5.635041
1 -0.460650 -1.759708
6 -0.806521 1.437181
7 8.910669 -7.604209
9 -0.861502 -2.594013
4 -6.584601 3.706248
8 -4.837172 -1.391663
3 -0.899951 9.268301
6 -5.702281 -7.484718
5 -1.694449 -5.329692
2 1.407493 -2.877200
1 -5.713081 -5.635041
7 -9.292647 9.549356
2 1.407493 -2.877200
1 -2.461638 2.368937
1 -5.713081 -5.635041
5 -1.837402 7.440755
3 -5.178825 -4.028767
7 5.331064 2.828185
10 -7.870216 -6.042459
2 1.407493 -2.877200
5 8.754315 9.830131
2 -7.409971 1.932446
3 -0.899951 11.657322
2 1.407493 -2.877200
6 -6.584601 3.706248
10 4.643530 6.511395
8 -6.938221 7.014850
3 -0.899951 9.268301
4 6.594083 5.794792
2 1.407493 -2.877200
8 -4.837172 -1.391663
3 -8.788088 7.384062
4 -6.584601 3.706248
6 -0.806521 1.437181
8 0.146369 1.087044
3 1.440287 9.268301
9 -0.861502 -2.594013
2 -5.713081 -5.635041
8 -4.837172 -1.391663
4 -6.584601 3.706248
9 -0.861502 -2.594013
8 -1.509181 -1.496829
8 -4.837172 -1.391663
6 -6.584601 3.706248
7 8.910669 -7.604209
5 8.754315 9.830131
2 -5.713081 -5.635041
2 -5.713081 -5.635041
3 -0.899951 9.268301
6 -0.939990 -0.986169
2 1.407493 -2.877200
9 -0.861502 1.251662
3 1.440287 11.657322
7 -9.350062 -7.650942
1 -5.713081 -5.635041
4 -6.584601 3.706248
2 8.613264 -8.830498
5 -7.136192 3.673143
2 -5.713081 -5.635041
2 -5.713081 -5.635041
3 1.440287 11.657322
6 -0.806521 1.437181
10 -7.870216 -6.042459
1 -3.410715 -5.360905
9 7.677657 -3.002261
5 8.754315 11.657413
9 -0.861502 -2.594013
8 -4.837172 -1.391663
10 -7.870216 -6.042459
10 -7.870216 -6.042459
7 8.910669 -7.604209
4 -6.584601 3.706248
3 4.570568 -1.209580
8 5.072711 -3.364779
8 -4.837172 -1.391663
1 7.816048 -8.534477
5 3.117444 -1.209448
7 8.910669 -7.604209
7 1.546009 0.421004
8 -6.131658 -5.634848
10 -3.285239 -8.311704
5 3.311705 -0.343644
8 -4.837172 -1.391663
9 1.984624 -0.202697
8 -4.837172 -1.391663
4 -4.312705 9.890300
7 8.910669 -7.604209
8 6.128868 9.637405
9 2.763433 1.251662
