10 100
K 4.274575 8.622315 1.569192
Z 1 2.708005 8.531642 2.765789 7.533313
Z 1 5.613010 9.441433 5.091009 10.294379
P -5.265450 0.271869 -2.636440 2.830017
P 6.234759 -6.645964 9.043723 -2.895166
K -9.226285 6.456015 4.382013
K 2.665213 6.227952 1.396264
P 9.162754 -4.474869 10.535635 -0.293687
P -5.321045 -7.704255 -2.048296 -3.332449
Z 7 2.665213 6.227952 1.670071 6.129502
8 9.1628 -0.2937
8 10.5356 -0.2937
10 0.6555 8.7635
2 4.2746 8.6223
2 4.2746 8.6223
5 6.2348 -6.6460
2 1.1414 8.4410
6 -9.2263 6.4560
6 -2.1010 -3.3873
8 -3.5084 5.2613
8 1.7322 -2.7683
2 1.1414 8.4410
6 -9.2263 6.4560
3 6.9514 10.2606
4 5.6609 6.8541
8 10.5356 -4.4749
1 4.2746 8.6223
2 2.0499 -2.0609
5 6.2348 -2.8952
1 4.2746 8.6223
7 2.6652 6.2280
1 4.2746 8.6223
9 -5.3210 -3.3324
10 2.6652 6.2280
8 10.5356 -4.4749
1 4.2746 8.6223
6 -9.2263 6.4560
9 -2.0483 -7.7043
5 9.0437 -6.6460
9 -2.0483 -7.7043
8 10.5356 -0.2937
9 7.0970 -2.6456
2 4.2746 8.6223
6 -9.2263 6.4560
10 2.6652 6.2280
3 4.2746 8.6223
10 2.6652 6.2280
5 6.2348 -6.6460
9 -5.3210 -7.7043
6 -2.5692 -4.7525
6 -9.2263 6.4560
10 2.6652 6.2280
8 9.1628 -0.2937
10 2.6652 6.2280
9 7.7812 -3.8224
3 5.7253 1.2685
7 5.6606 -4.1663
7 -3.3959 7.1592
3 -0.9946 -3.3197
8 10.5356 -4.4749
10 2.6652 6.2280
3 6.9514 10.2606
2 4.2746 8.6223
5 6.2348 -2.8952
5 5.1405 6.4758
7 3.4653 4.8965
5 -2.0147 -7.3115
3 4.2746 8.6223
1 -8.7356 -1.0923
5 5.6708 -3.3482
4 1.5569 -6.4283
6 3.3356 -5.0806
8 9.1628 -4.4749
5 9.0437 -2.8952
1 4.2746 8.6223
8 9.1628 -0.2937
10 -7.1814 0.2852
10 2.6652 6.2280
10 -2.3651 -7.0835
3 4.2746 8.6223
5 -0.5494 3.1920
3 6.9514 10.2606
6 -0.5452 5.6339
6 -9.2263 6.4560
6 -4.7201 -8.5795
6 -9.2263 6.4560
1 -4.2135 0.9334
3 6.9514 10.2606
7 2.6652 6.2280
4 -2.6364 0.2719
6 -9.2263 6.4560
7 2.6652 6.2280
10 2.6652 6.2280
8 10.5356 -0.2937
4 -5.2655 0.2719
3 4.2746 8.6223
10 9.1626 -4.3703
2 -6.9934 -8.8325
10 1.9810 9.3519
8 10.5356 -0.2937
5 6.2348 -6.6460
8 10.5356 -4.4749
5 9.0437 -2.8952
3 -0.6870 -6.3206
1 0.8106 7.8058
6 -9.2263 6.4560
9 -7.4364 -6.7665
1 4.2746 8.6223
5 8.6378 3.3407
6 -9.2263 6.4560
