10 100
P -2.173902 -2.504561 1.998646 0.613672
Z 1 3.986510 -0.995286 8.580564 -8.666857
K 7.662186 -1.330466 4.014365
Z 3 4.877545 -4.221989 5.597839 -4.915658
P 3.342653 -5.755330 7.645037 -2.062712
Z 1 1.155495 2.016366 -4.344677 1.181468
K 1.783826 8.457758 4.649832
P -0.545302 0.223647 2.412148 4.631277
K 2.767398 3.283756 4.395061
Z 9 3.612813 -5.911975 6.538865 5.089576
4 7.662186 -1.330466
2 9.310327 6.885011
1 -2.173902 0.613672
2 1.860003 -4.319130
7 -7.533176 4.612661
1 2.207387 9.852929
9 6.796728 -8.304340
7 1.783826 8.457758
8 -0.545302 4.631277
8 2.412148 0.223647
6 0.169959 -9.251721
3 -8.752340 -9.953149
9 2.767398 3.283756
5 -9.757024 3.036258
7 -2.933544 -5.887344
4 7.662186 -1.330466
5 7.645037 -2.062712
8 -0.545302 4.631277
7 0.003220 -4.128667
4 2.092905 -7.113512
2 -2.173902 0.613672
4 7.662186 -1.330466
6 5.215819 2.935560
3 1.180008 -8.086081
3 7.662186 -1.330466
1 -2.173902 0.613672
1 -2.173902 -2.504561
4 2.092905 -7.113512
1 -2.173902 -2.504561
10 2.767398 3.283756
7 1.783826 8.457758
10 -3.862208 -6.883434
10 -0.702490 2.811462
5 7.645037 -2.062712
3 7.662186 -1.330466
2 -2.173902 0.613672
8 -6.835215 6.730931
1 -8.456137 9.729582
3 7.662186 -1.330466
8 2.412148 4.631277
5 3.342653 -2.062712
9 8.454274 -9.965399
2 1.786777 -5.627155
10 2.767398 3.283756
6 -2.173902 0.613672
10 2.767398 3.283756
6 -2.635857 -1.208162
1 -2.173902 0.613672
5 7.645037 -2.062712
2 1.998646 0.613672
7 1.783826 8.457758
6 1.544413 3.606082
7 -2.443227 9.706533
1 7.918356 -7.140393
8 8.577304 3.614505
1 -6.067782 9.232015
5 3.342653 -5.755330
7 -1.012594 -8.703810
2 -2.173902 -2.504561
3 7.662186 -1.330466
10 8.914890 1.648725
2 -3.981245 -6.889369
1 1.998646 0.613672
10 1.840416 4.830184
5 7.645037 -5.755330
4 7.662186 -1.330466
1 -7.089639 -3.518069
7 -3.857337 3.191314
3 -5.225167 -3.223987
10 8.914890 1.648725
5 8.240171 -9.139946
9 2.767398 3.283756
10 7.739384 3.262707
9 2.767398 3.283756
10 8.914890 1.648725
6 5.964818 5.483558
7 1.783826 8.457758
5 5.414088 2.258662
3 8.236774 4.231071
2 1.998646 0.613672
9 -2.683288 5.400890
2 -0.441421 -4.027688
9 -1.202852 1.979301
1 -2.173902 0.613672
6 0.619071 6.583852
10 4.880197 1.457620
3 7.662186 -1.330466
10 0.446935 3.902847
6 -2.173902 -2.504561
4 2.092905 -7.113512
7 1.716935 1.415765
1 1.998646 0.613672
6 1.544413 3.606082
3 -9.207956 2.504270
1 0.747598 -6.419917
5 3.342653 -2.062712
3 7.662186 -1.330466
3 8.330640 -9.928586
6 1.998646 -2.504561
3 -9.329128 -2.965254
