10 100
K -9.383805 -4.498133 3.853877
K 8.820043 9.852587 1.623985
K 1.095148 2.605753 1.098438
P -2.414393 -4.301456 -0.746263 0.465620
Z 3 0.530755 3.548104 -0.327147 3.034290
Z 4 -8.291403 7.856761 1.889606 -4.197645
Z 1 5.073964 1.195561 3.446638 4.114406
P -0.687820 -1.570576 3.646374 2.705205
K 9.144937 2.718964 3.057030
Z 4 -4.579832 -1.719899 1.382999 6.586590
2 8.8200 9.8526
6 -2.4144 0.4656
9 -3.4674 -1.1801
7 8.9544 -4.6840
9 9.1449 2.7190
3 1.0951 2.6058
6 2.7121 0.0283
9 9.1449 2.7190
4 -2.4144 0.4656
7 -9.3838 -4.4981
9 -6.1754 4.6243
5 1.0951 2.6058
2 8.8200 9.8526
7 -5.6776 9.9728
9 9.1449 2.7190
5 -0.0336 4.4905
8 3.6464 -1.5706
4 -0.7463 -4.3015
5 -0.0336 4.4905
10 -3.2018 1.0308
5 1.0951 2.6058
4 -0.7463 -4.3015
10 -0.7463 -4.3015
4 -0.7463 0.4656
5 -0.0336 4.4905
1 -2.7779 -7.2179
3 -9.3861 3.4940
5 -5.0701 6.7586
6 -2.4144 -4.3015
7 17.5184 10.5005
10 -3.2018 1.0308
7 -9.3838 -4.4981
9 9.1449 2.7190
7 4.1275 9.5591
2 -4.4430 4.6403
6 -2.4144 0.4656
4 5.9289 -0.4824
8 -2.7225 7.2663
5 1.0951 2.6058
7 -9.3838 -4.4981
6 -0.7463 0.4656
8 7.1801 -0.1297
3 1.0951 2.6058
10 -2.4144 -4.3015
1 -9.3838 -4.4981
10 -2.3105 3.8014
5 1.0951 2.6058
8 -0.6878 -1.5706
4 -0.7463 -4.3015
8 -0.6878 -1.5706
3 1.0951 2.6058
1 -9.3838 -4.4981
5 1.0951 2.6058
5 -0.0336 4.4905
10 -3.3611 4.6159
4 4.6724 -5.6082
6 2.4330 -1.6163
5 1.5149 7.2727
5 3.5387 1.2500
4 -5.7715 -8.5439
3 1.0951 2.6058
8 -0.6878 -1.5706
3 1.0951 2.6058
10 -3.7353 2.6113
8 3.6464 2.7052
7 -9.3838 -4.4981
2 0.4174 -8.1449
5 -0.0336 4.4905
8 -2.1734 7.1123
10 0.5941 0.5695
6 -0.7463 -4.3015
5 1.0951 2.6058
8 3.6464 2.7052
7 -9.9160 4.1710
4 -9.4812 -1.6805
9 0.5777 0.9720
7 17.5184 10.5005
6 6.8630 -8.5753
3 1.0951 2.6058
2 8.8200 9.8526
8 -4.5549 -3.7278
6 -0.7463 0.4656
5 1.0951 2.6058
10 -0.7463 0.4656
8 3.6464 2.7052
5 2.4597 -8.2090
7 17.5184 10.5005
8 3.6464 -1.5706
10 -2.4144 -4.3015
3 1.0951 2.6058
2 -0.8118 5.8042
6 -2.2669 -0.8187
8 3.6464 -1.5706
2 8.8200 9.8526
2 8.8200 9.8526
10 -7.7184 -0.4940
9 -8.8024 -4.4342
4 -0.7463 -4.3015
6 -8.2751 3.8448
8 3.6464 -1.5706
