10 100
K -1.093405 1.404391 1.283805
Z 1 -0.122353 0.564622 0.531773 1.321007
K -0.005293 -6.874121 3.745456
K -7.602043 -5.453918 2.639564
K -2.900248 7.569352 4.798399
P -6.861694 5.059168 -2.761965 8.918990
Z 3 -6.993378 -1.158256 -8.546821 8.710682
Z 6 6.059494 -6.025386 -5.338411 -5.760386
Z 7 -0.005293 -6.874121 -0.713429 -7.580198
Z 8 -5.686049 -8.430897 7.941107 8.321107
2 -1.093405 1.404391
1 -7.195581 8.078425
1 -1.093405 1.404391
1 0.505406 -9.094951
6 -2.761965 5.059168
6 -2.761965 8.918990
5 -2.870092 2.504258
6 -2.761965 8.918990
3 -0.005293 -6.874121
3 7.930429 -9.216294
7 0.466308 -3.653967
8 -7.362884 -16.497454
3 -2.396936 2.542279
1 9.787519 8.184119
10 -7.362884 -16.497454
5 -2.900248 7.569352
5 3.778387 9.949486
5 0.241500 8.347526
6 -6.861694 8.918990
7 -0.005293 -6.874121
5 -8.905900 -3.361559
10 -6.341990 3.702383
3 -0.005293 -6.874121
5 -2.900248 7.569352
8 -2.761965 5.059168
2 0.848699 -0.275148
1 -1.093405 1.404391
6 -6.861694 8.918990
3 -0.005293 -6.874121
1 -1.093405 1.404391
6 -2.761965 5.059168
1 6.528257 -2.741961
5 -2.900248 7.569352
9 -11.887617 -8.744486
2 -1.093405 1.404391
1 -1.093405 1.404391
3 -0.005293 -6.874121
2 1.765912 3.911512
7 6.942995 8.425154
1 -1.093405 1.404391
8 -2.761965 8.918990
5 -2.900248 7.569352
8 -6.861694 5.059168
7 -11.887617 -8.744486
1 7.732109 -4.215278
5 -2.900248 7.569352
2 -8.505012 7.066603
1 -1.093405 1.404391
5 -2.900248 7.569352
6 -2.761965 8.918990
8 -7.542268 -20.353105
6 -4.774433 6.238335
6 -6.861694 8.918990
3 -0.005293 -6.874121
3 -0.005293 -6.874121
2 -9.076741 -4.916988
1 5.026561 9.548650
1 -1.093405 1.404391
4 -1.904134 -6.075407
9 -1.910250 -18.750948
4 9.438330 0.697826
2 1.803045 -4.502447
4 -7.602043 -5.453918
6 -6.861694 5.059168
1 -1.093405 1.404391
5 -2.900248 7.569352
5 9.327027 9.400176
5 -2.900248 7.569352
9 -2.722485 -8.866432
3 -0.005293 -6.874121
7 -11.887617 -8.744486
2 6.852739 -7.742741
4 -7.602043 -5.453918
4 -7.602043 -5.453918
9 -0.005293 -6.874121
2 0.848699 -0.275148
10 1.112010 -7.633959
3 -0.005293 -6.874121
7 -0.005293 -6.874121
10 -14.262565 -7.743964
2 0.848699 -0.275148
9 -11.887617 -8.744486
6 2.904092 4.112591
7 7.141376 1.441749
10 11.539866 -6.050021
4 6.309887 0.799090
1 -1.093405 1.404391
1 -8.415667 3.031016
8 -7.362884 -16.497454
10 -9.420060 4.042718
7 -0.005293 -6.874121
4 -7.602043 -5.453918
7 1.168419 7.013574
4 5.885295 1.236660
6 -2.761965 5.059168
2 -9.739086 8.275808
6 -6.861694 8.918990
4 -7.602043 -5.453918
6 -6.861694 5.059168
4 -7.602043 -5.453918
