10 100
K 4.348125 7.999408 1.141978
P -2.905991 3.169088 -0.101341 5.263944
K -8.640712 -6.207855 1.409876
Z 1 4.348125 7.999408 4.402179 7.000870
K 3.659398 0.850894 4.260612
Z 2 1.916384 2.711326 1.798623 6.679005
P 1.519865 -5.576256 3.667006 -3.461167
K 1.278973 -7.825490 4.619310
P -6.679704 5.363580 -4.310129 6.624716
P 1.339775 -0.414376 5.736334 2.839437
9 7.115175 -3.889432
10 1.339775 -0.414376
10 1.339775 2.839437
10 5.736334 -0.414376
6 1.268910 -4.204437
10 1.339775 -0.414376
7 -6.075696 6.335269
5 0.769895 5.794690
7 -8.765061 6.485438
3 -5.361054 1.776221
2 -0.101341 5.263944
4 4.348125 7.999408
10 1.339775 -0.414376
9 -4.310129 6.624716
2 -1.682974 4.038585
3 -8.640712 -6.207855
6 6.578880 5.545456
8 1.278973 -7.825490
1 -8.361979 -4.404502
9 2.463988 -3.028501
4 0.962934 5.969698
3 -8.640712 -6.207855
2 2.085300 -4.277929
10 5.736334 -0.414376
2 -2.905991 5.263944
2 -3.428358 5.635835
9 -4.310129 5.363580
3 -8.640712 -6.207855
5 3.659398 0.850894
2 -2.905991 3.169088
5 3.659398 0.850894
7 -2.886315 8.110164
3 -8.640712 -6.207855
10 1.339775 -0.414376
5 0.935893 2.200368
7 1.519865 -3.461167
7 5.919849 8.750191
2 -2.905991 3.169088
4 4.348125 7.999408
6 0.980645 -3.486422
2 -2.905991 3.169088
2 -0.101341 3.169088
9 -6.411956 -3.326894
10 7.432597 -8.906085
6 0.796765 -8.002446
2 -2.905991 3.169088
1 4.348125 7.999408
7 -2.713429 6.480418
3 -0.483258 -9.755341
5 3.659398 0.850894
10 5.736334 2.839437
6 6.703122 3.454287
10 1.339775 2.839437
6 3.903408 3.287949
4 4.348125 7.999408
9 -4.310129 6.624716
2 -2.905991 3.169088
10 -5.902721 -0.302553
2 -6.773401 7.744070
7 1.519865 -3.461167
9 -4.310129 5.363580
2 -4.098132 -4.229195
10 2.153084 -1.586451
9 -6.679704 6.624716
7 1.519865 -3.461167
4 -0.497770 -3.577153
9 -6.679704 5.363580
4 4.348125 7.999408
3 -8.640712 -6.207855
3 2.180036 -7.092851
2 -2.905991 5.263944
5 3.659398 0.850894
10 5.736334 -0.414376
5 8.562793 -3.049856
8 1.278973 -7.825490
5 3.659398 0.850894
9 -4.310129 5.363580
9 -6.679704 6.624716
2 0.424348 0.835858
5 3.659398 0.850894
4 4.348125 7.999408
4 4.348125 7.999408
9 6.457204 -9.177694
8 1.278973 -7.825490
1 4.348125 7.999408
4 -2.271271 -7.602228
6 6.703122 3.454287
9 -6.679704 6.624716
9 7.577871 9.653975
1 9.649425 6.931972
5 3.659398 0.850894
2 -0.101341 5.263944
3 -8.640712 -6.207855
7 0.364838 -6.675029
6 6.703122 3.454287
8 1.278973 -7.825490
5 3.659398 0.850894
9 -6.679704 6.624716
4 -5.914622 -4.634622
4 4.348125 7.999408
