10 100
K -3.957803 -4.142461 1.551314
Z 1 -3.957803 -4.142461 -3.672022 -3.184166
K -5.962272 4.561568 1.211991
K 7.790381 3.695293 3.322539
Z 4 1.947412 -2.803045 6.145360 -5.040727
P 2.816384 -5.696826 4.356456 -2.179703
P 0.921669 4.082330 2.724822 8.588251
Z 6 4.356456 -2.179703 5.334677 -1.972136
Z 6 -3.255887 9.894246 -2.814239 -0.782618
P 6.497256 5.147339 10.573644 7.725346
1 -3.9578 -4.1425
9 -9.5546 -6.2723
8 4.3565 -5.6968
6 2.8164 -2.1797
2 -5.0432 -4.6677
5 -0.1902 -11.2765
3 -5.9623 4.5616
3 -8.8603 -3.9846
7 7.7934 1.5745
8 -8.0360 -9.6982
3 -5.9623 4.5616
10 6.4973 5.1473
4 7.7904 3.6953
6 4.3565 -2.1797
9 -9.8451 -2.7671
8 4.3565 -2.1797
2 6.5454 7.3743
2 -3.9578 -4.1425
7 -1.5552 7.0682
3 7.5281 1.5530
8 1.5208 0.4089
7 0.9217 8.5883
8 8.5752 4.2933
3 -5.2680 5.4735
6 4.3565 -2.1797
4 3.3341 -0.5825
8 4.3565 -2.1797
2 -3.9578 -4.1425
1 -3.9578 -4.1425
10 10.5736 5.1473
2 8.3290 0.9681
7 0.9217 8.5883
2 -1.6142 1.4921
5 7.7904 3.6953
7 -3.8276 9.0166
9 -0.0555 -4.8063
9 -9.5546 -6.2723
5 -0.1902 -11.2765
2 5.5158 -0.2140
10 4.3156 3.3930
7 0.9217 4.0823
10 5.3146 -9.1276
3 -5.9623 4.5616
10 -0.6146 1.5273
8 4.3565 -2.1797
2 -3.9578 -4.1425
8 -3.5971 -3.6138
10 10.5736 7.7253
9 -8.3102 -2.6400
4 -5.7990 -4.1468
10 6.4973 7.7253
3 -5.9623 4.5616
10 10.5736 7.7253
5 7.7904 3.6953
4 7.7904 3.6953
9 -9.8451 -2.7671
8 -6.3932 9.3284
2 -3.9578 -4.1425
4 7.7904 3.6953
4 7.7904 3.6953
8 -9.2869 0.5398
6 -2.7620 -5.8437
10 6.4973 5.1473
3 -5.9623 4.5616
5 -0.1902 -11.2765
9 5.3866 -9.0360
8 2.9491 -2.8051
6 4.3565 -5.6968
4 7.7904 3.6953
2 -3.9578 -4.1425
9 4.3565 -2.1797
4 7.7904 3.6953
9 7.8975 6.1179
8 2.9491 -2.8051
2 -3.9578 -4.1425
9 4.3565 -2.1797
6 4.3565 -2.1797
4 -6.4464 -4.7389
9 4.3565 -2.1797
4 7.7904 3.6953
9 -9.5546 -6.2723
5 7.7904 3.6953
8 2.9282 1.0344
5 -0.1902 -11.2765
8 2.8164 -2.1797
8 2.9491 -2.8051
5 -0.1902 -11.2765
2 -3.9578 -4.1425
4 7.2272 -5.8372
6 7.8413 3.8183
7 2.7248 4.0823
9 2.8164 -5.6968
9 2.8164 -5.6968
9 9.8909 0.2695
8 -5.1591 3.2557
4 -9.7367 -6.7294
8 -6.7328 0.6092
2 -4.1795 2.3566
2 -3.9578 -4.1425
2 -3.9578 -4.1425
