10 100
K -7.015505 3.363062 1.066497
Z 1 -6.943135 5.726127 -9.599804 -6.395232
K -8.209760 2.395219 2.788644
P -3.677320 7.287490 0.984483 9.642320
K -8.516069 -8.779362 1.969893
Z 1 -7.015505 3.363062 -6.724379 4.319746
K -0.569481 -5.035856 1.516506
P -5.603998 -4.734518 -2.922607 -3.605003
P 4.027869 -0.821847 7.153272 3.093331
P 9.314357 5.362833 13.034262 9.069101
3 -0.005696 4.835337
6 -7.015505 3.363062
8 -2.922607 -3.605003
9 9.741012 0.101891
6 -8.504325 8.959435
8 -5.603998 -4.734518
6 -7.015505 3.363062
7 -0.569481 -5.035856
2 -2.362048 1.066414
8 -5.603998 -3.605003
4 0.984483 7.287490
3 -6.164203 -3.836268
1 0.049707 2.809187
9 7.153272 -0.821847
8 -2.922607 -4.734518
1 -7.015505 3.363062
2 3.804710 -4.302262
1 -3.305381 -2.526746
7 9.107607 4.587896
5 -8.516069 -8.779362
10 -9.933200 5.049034
6 -4.504709 -2.121356
6 -7.015505 3.363062
7 -0.569481 -5.035856
9 7.153272 -0.821847
8 -5.861193 2.567194
8 -5.603998 -4.734518
1 -7.015505 3.363062
9 4.027869 3.093331
9 1.798303 3.854338
7 -0.569481 -5.035856
10 13.034262 9.069101
7 -0.569481 -5.035856
6 -7.015505 3.363062
8 8.164693 8.293627
1 -7.015505 3.363062
1 -7.015505 3.363062
5 -8.516069 -8.779362
2 -2.716198 4.660830
2 -7.865760 3.549414
10 13.034262 5.362833
1 -7.015505 3.363062
2 -7.865760 3.549414
9 7.153272 -0.821847
9 8.761089 -5.505163
3 -8.209760 2.395219
3 -8.209760 2.395219
6 -7.015505 3.363062
7 -0.569481 -5.035856
4 -3.677320 7.287490
1 -7.015505 3.363062
3 -8.209760 2.395219
4 6.429035 4.279087
10 13.034262 5.362833
7 -0.569481 -5.035856
5 1.628467 7.619390
3 -8.209760 2.395219
3 -8.209760 2.395219
1 -7.015505 3.363062
1 -7.015505 3.363062
5 -8.516069 -8.779362
10 9.314357 9.069101
4 -3.677320 7.287490
9 4.027869 -0.821847
6 -7.015505 3.363062
4 -3.677320 9.642320
7 -0.569481 -5.035856
6 -7.015505 3.363062
9 -1.599107 -6.820530
1 -7.015505 3.363062
4 0.984483 7.287490
2 -7.015505 3.363062
3 -8.209760 2.395219
5 -8.516069 -8.779362
6 -7.015505 3.363062
6 -7.015505 3.363062
8 -2.922607 -3.605003
2 -7.865760 3.549414
6 -7.015505 3.363062
3 -8.209760 2.395219
5 -8.516069 -8.779362
8 -5.603998 -3.605003
7 -0.569481 -5.035856
3 9.007899 -4.986957
10 13.034262 5.362833
4 -0.603682 8.188328
9 4.027869 -0.821847
5 -8.516069 -8.779362
6 4.440471 8.121026
4 0.984483 9.642320
8 7.119779 -7.248784
1 -7.015505 3.363062
8 -2.922607 -4.734518
8 -2.922607 -3.605003
9 -1.682310 -9.032744
5 -8.516069 -8.779362
6 -7.015505 3.363062
8 -8.733377 7.406127
1 -6.320606 2.679373
9 7.153272 3.093331
