10 100
P -6.712785 -8.198255 -5.591220 -4.960231
P -7.515573 0.963760 -3.699209 4.646207
K 6.238474 0.703663 3.431908
Z 2 -3.699209 4.646207 -3.155824 5.485691
P -6.615761 -7.303091 -3.755551 -5.830614
K 2.275670 -9.971407 3.925117
Z 3 6.238474 0.703663 5.269991 0.952741
K 9.537050 -8.357058 4.150638
P 6.709738 -7.363264 7.711033 -5.279578
P 2.101227 3.346763 4.355925 4.622930
9 6.709738 -5.279578
4 -2.136545 1.164439
9 9.983545 7.821115
5 -4.117659 2.391762
4 -7.515573 4.646207
7 6.238474 0.703663
4 -3.699209 4.646207
10 2.101227 4.622930
6 4.500725 -1.428310
3 6.238474 0.703663
8 9.537050 -8.357058
7 6.238474 0.703663
7 -0.512423 -0.163747
5 4.586658 1.914285
5 5.036695 -5.769767
3 6.238474 0.703663
3 6.238474 0.703663
9 6.709738 -5.279578
3 2.711145 3.740403
6 7.507230 -2.676304
2 -1.366367 0.835166
3 1.191846 9.762834
9 7.711033 -7.363264
4 -2.136545 1.164439
9 7.711033 -7.363264
3 6.029254 7.961659
2 -3.699209 0.963760
8 9.537050 -8.357058
4 7.974926 -6.188892
7 6.238474 0.703663
3 6.238474 0.703663
10 4.355925 3.346763
4 -3.699209 4.646207
6 2.275670 -9.971407
5 -6.615761 -5.830614
2 8.710600 5.326259
7 6.238474 0.703663
4 -3.699209 4.646207
8 9.537050 -8.357058
4 -3.699209 4.646207
2 -3.699209 4.646207
3 6.238474 0.703663
3 6.238474 0.703663
1 -6.712785 -4.960231
4 -3.699209 0.963760
5 -6.615761 -5.830614
6 2.275670 -9.971407
5 -7.126299 -0.661167
3 6.238474 0.703663
8 -9.788232 -4.552351
5 -3.755551 -5.830614
9 -7.472095 3.586079
4 4.116014 -1.131716
10 2.101227 4.622930
5 -3.755551 -7.303091
1 -5.591220 -4.960231
6 3.674543 3.378971
5 -3.012012 8.014466
5 -3.755551 -7.303091
5 -5.216242 -2.800994
2 -7.515573 4.646207
10 2.101227 3.346763
6 2.275670 -9.971407
7 6.238474 0.703663
10 4.096414 -4.780623
3 5.002115 -0.771179
10 2.101227 3.346763
10 -8.304901 -5.235778
8 9.537050 -8.357058
6 -1.439292 1.981014
7 4.743423 -3.999510
7 6.238474 0.703663
9 6.709738 -7.363264
4 -7.058802 3.138378
5 -6.615761 -5.830614
8 9.537050 -8.357058
1 -5.591220 -8.198255
5 2.625741 8.983750
2 -6.001157 -1.317686
9 -1.247865 -9.022461
4 -7.515573 0.963760
7 6.238474 0.703663
7 -8.757045 9.533650
2 -3.699209 0.963760
2 -9.851213 1.650684
1 -5.591220 -4.960231
5 -3.755551 -7.303091
8 9.537050 -8.357058
7 6.238474 0.703663
9 0.720375 -0.227216
9 -1.738961 5.445430
10 -9.742294 0.392357
5 0.428075 -0.521351
10 9.335264 -4.846549
5 -6.615761 -7.303091
3 4.556120 -9.664777
1 -5.591220 -8.198255
1 -6.712785 -4.960231
10 4.355925 4.622930
6 2.275670 -9.971407
