10 100
K -1.397479 -8.666485 4.134967
P -1.051748 -1.211293 1.360780 3.744065
P 9.040598 4.981480 13.241613 6.638912
P -1.451386 -8.235704 0.982883 -4.425666
K -2.818084 5.408403 2.947648
P 3.386955 8.068774 7.539940 10.598815
Z 2 -1.051748 -1.211293 -0.053864 -1.276316
Z 3 -6.556041 7.277928 -2.385018 4.005464
K 7.716619 -6.322599 4.009566
K -9.615154 -8.875818 4.930016
8 -2.2239 -7.7186
4 -1.4514 -4.4257
2 8.3129 6.3859
10 -8.7520 9.9984
4 4.7671 -7.6042
9 7.7166 -6.3226
1 -6.3712 -1.9868
8 -2.2239 -7.7186
1 -1.3975 -8.6665
8 -0.6141 -7.3242
7 1.3608 3.7441
6 3.3870 8.0688
10 1.2836 -3.5055
6 7.5399 8.0688
9 7.7166 -6.3226
1 -8.8659 7.5773
6 5.0253 9.8671
6 3.3870 8.0688
5 -2.8181 5.4084
1 -1.3975 -8.6665
10 -9.6152 -8.8758
10 -9.6152 -8.8758
1 -1.3975 -8.6665
6 -0.2064 0.2502
10 -6.2154 6.8776
5 -2.8181 5.4084
1 -1.3975 -8.6665
10 -2.2300 4.5552
7 -1.0517 -1.2113
1 -1.3975 -8.6665
6 3.3870 8.0688
10 8.9020 -9.8342
8 -1.2242 -11.7989
8 9.0406 6.6389
10 -9.6152 -8.8758
8 -1.2242 -11.7989
1 -1.3975 -8.6665
4 3.4129 -3.5640
8 13.2416 4.9815
6 -1.6792 8.9242
4 -1.4514 -8.2357
3 -0.2759 -5.2275
5 -2.8181 5.4084
3 9.0406 4.9815
7 -1.0517 3.7441
6 3.3870 10.5988
6 7.5399 10.5988
3 9.0406 4.9815
9 7.7166 -6.3226
1 -3.7682 -4.1098
7 -1.0517 -1.2113
1 -1.3975 -8.6665
5 -3.4232 -2.3249
7 -1.0517 3.7441
3 9.0406 6.6389
7 -1.6948 -6.1248
1 -0.2018 7.7402
2 1.3608 -1.2113
4 0.9829 -4.4257
7 -1.0517 3.7441
6 3.3870 8.0688
1 -1.3975 -8.6665
10 -7.2731 -5.4211
6 3.3870 8.0688
4 -1.4514 -8.2357
10 -9.6152 -8.8758
4 -1.7602 -6.4972
9 7.7166 -6.3226
3 13.2416 4.9815
2 1.3608 3.7441
2 6.4229 4.9836
3 13.2416 4.9815
5 9.5889 -4.4836
7 8.5675 8.5411
2 -1.0517 -1.2113
1 -1.3975 -8.6665
9 7.7166 -6.3226
8 5.4180 -4.9070
9 7.7166 -6.3226
7 9.4118 1.6227
9 7.7166 -6.3226
6 7.5399 8.0688
1 -1.3975 -8.6665
9 7.7166 -6.3226
9 7.7166 -6.3226
6 3.7774 9.1195
1 -1.3975 -8.6665
4 0.9829 -8.2357
2 -7.3068 -3.0448
8 13.2416 4.9815
9 7.7166 -6.3226
4 -1.4514 -4.4257
3 9.0406 4.9815
7 1.3608 3.7441
7 1.5575 1.1774
7 -1.6948 -6.1248
2 -1.0517 -1.2113
5 -2.8181 5.4084
8 9.0406 4.9815
8 -7.3082 -6.4773
