10 100
P 6.729448 0.560850 9.163183 4.108269
P -4.971423 -8.368285 -2.225309 -5.203926
Z 2 2.826063 3.414573 -8.648189 9.113812
Z 2 9.510482 4.829849 4.135792 -0.433463
K 2.454427 3.139709 2.129573
P -2.368591 8.209663 0.631384 10.639724
Z 2 -2.225309 -8.368285 -1.455610 -9.006692
P 8.974035 -6.676867 12.422754 -3.863765
Z 3 -5.609294 -0.918600 9.470827 -0.252313
K 8.168528 -4.033508 4.158914
1 9.1632 4.1083
8 8.9740 -3.8638
7 -2.2253 -8.3683
6 5.5176 -1.0352
5 9.7418 1.3346
2 -0.3311 -8.8328
5 0.8906 9.8523
5 3.3802 -1.0620
3 -8.8049 4.6304
3 -2.2253 -8.3683
10 8.1685 -4.0335
4 -3.9880 -9.3725
10 -4.6387 3.5249
10 8.1685 -4.0335
9 3.8769 -7.0245
7 3.5500 -0.6862
1 -9.3437 2.5494
7 -2.2253 -5.2039
2 -2.2253 -5.2039
8 8.9740 -6.6769
8 12.4228 -3.8638
7 8.2612 -0.1079
8 -1.9680 9.1306
8 12.4228 -3.8638
7 -5.3351 -8.9533
3 -4.9714 -8.3683
9 5.6467 -7.3543
6 7.0564 4.9406
7 -2.2253 -8.3683
5 -1.8796 -0.7556
6 0.6314 10.6397
6 0.6314 10.6397
1 7.0077 5.8009
8 8.9740 -3.8638
4 7.7360 -7.7625
10 8.1685 -4.0335
1 -6.0396 3.9882
6 0.6314 8.2097
6 -2.3686 10.6397
3 6.6413 12.6471
9 -4.9714 -5.2039
7 -2.7330 -5.6695
6 0.6314 8.2097
5 -3.8376 9.0093
9 -5.6309 6.5583
5 -5.6556 -1.0715
5 2.4544 3.1397
3 4.9820 14.8352
2 0.5104 -3.1780
5 2.4544 3.1397
9 7.5034 16.7472
1 6.7294 0.5609
8 12.4228 -3.8638
5 2.4544 3.1397
2 -4.9714 -8.3683
1 6.7294 4.1083
5 2.4544 3.1397
9 9.1433 7.4799
8 5.3698 -4.2346
10 8.1685 -4.0335
4 -4.9714 -5.2039
7 -5.3351 -8.9533
10 2.5498 -4.4979
10 8.1685 -4.0335
8 8.9740 -3.8638
6 0.6314 10.6397
8 7.7509 -6.1329
5 2.4544 3.1397
6 0.6314 8.2097
5 2.4544 3.1397
7 -2.2253 -8.3683
10 6.5330 -1.9885
3 -1.6178 5.2579
7 -6.5528 -1.5501
1 -4.1591 3.8692
1 6.7294 0.5609
3 0.7031 1.7791
7 -5.3351 -8.9533
10 2.3826 -9.1580
3 -3.2924 -9.1999
3 -4.9714 -8.3683
9 7.1742 -5.9809
5 2.4544 3.1397
1 9.1632 0.5609
10 3.3167 1.0881
10 8.1685 -4.0335
10 8.2678 8.6719
3 7.5034 16.7472
9 -8.3392 0.5225
4 5.2717 -4.9247
1 6.7294 0.5609
3 -1.8249 -7.8942
6 -5.2087 -1.9415
8 8.9740 -6.6769
9 9.1627 14.5591
9 7.5034 16.7472
4 -0.8243 -9.4388
8 8.9740 -6.6769
8 8.9740 -3.8638
10 7.7167 -1.5616
