10 100
P -0.395797 2.569843 1.145713 6.553502
K 1.423755 9.221557 4.033861
Z 1 1.145713 2.569843 0.731495 3.480020
Z 3 -0.395797 6.553502 -1.183138 5.936985
K 2.681294 -1.898103 1.649677
Z 3 -1.623213 3.416258 2.283029 -1.039911
Z 1 -0.395797 6.553502 -0.075576 7.500845
P 5.707426 -1.964580 10.673235 0.638764
P 2.037638 -9.473533 5.399366 -8.051055
P 0.231571 3.339604 1.877989 4.799334
7 -1.6212 7.4888
2 1.4238 9.2216
8 5.7074 0.6388
8 0.7489 8.4040
5 1.1888 6.7078
3 1.1457 6.5535
4 -0.3958 2.5698
6 1.1457 2.5698
6 -0.9448 2.0886
9 2.0376 -9.4735
7 7.2699 2.3189
10 -9.9290 -7.6638
8 6.6373 0.8182
7 -2.8128 3.3868
7 -0.3958 2.5698
9 -6.9230 -2.0028
4 -2.8871 -5.1423
6 6.9465 -3.1590
9 -1.5149 1.3560
9 5.3994 -9.4735
5 2.6813 -1.8981
1 1.1457 2.5698
5 5.8495 4.2099
6 -1.8581 5.1865
4 -0.3958 2.5698
8 5.7074 -1.9646
1 1.1457 6.5535
10 -2.5133 7.5264
5 2.6813 -1.8981
10 -6.7983 7.3637
7 -2.6268 -7.9600
10 -9.9443 -9.4799
9 5.3994 -9.4735
1 -0.3958 6.5535
2 8.4839 7.4901
7 -9.1927 1.5832
9 4.8717 0.5848
9 2.0376 -8.0511
8 10.6732 0.6388
10 -6.1579 5.1265
7 6.8471 5.0452
10 8.4447 8.5169
4 -0.0261 8.0500
4 -0.3958 6.5535
1 -0.3958 2.5698
9 -6.4700 -6.2802
10 1.8780 4.7993
1 -0.3958 2.5698
9 5.3994 -8.0511
10 4.5378 -6.8111
4 -0.3958 6.5535
7 -2.8128 3.3868
10 1.8780 4.7993
3 1.1457 2.5698
5 0.1120 -7.2706
5 2.6813 -1.8981
9 5.3994 -8.0511
8 5.7074 -1.9646
8 10.6732 0.6388
8 5.7074 0.6388
10 -0.1779 -8.0200
8 10.6732 0.6388
4 2.1582 3.7322
1 -2.5874 0.7493
10 -5.9970 6.9364
5 -1.5780 8.6959
9 1.8133 -4.6627
10 -9.9790 -9.6261
10 0.2316 3.3396
6 -0.6395 1.0852
10 0.2316 4.7993
5 2.6813 -1.8981
7 1.1457 2.5698
3 -1.8581 5.1865
5 2.6813 -1.8981
6 -5.0960 1.0820
8 10.6732 0.6388
4 9.8263 -9.3073
9 5.7000 -3.2548
6 -0.3958 2.5698
5 0.2264 2.7306
1 -0.3958 2.5698
9 2.0376 -9.4735
5 8.8301 5.2714
8 2.0333 1.0824
7 -0.3958 6.5535
9 7.8456 8.1972
7 -4.0381 4.3221
8 10.6732 -1.9646
9 2.0376 -9.4735
4 -0.3958 6.5535
1 -6.1962 2.1354
9 2.0376 -9.4735
2 -2.3197 -9.8488
7 -0.3958 6.5535
3 -9.3056 -4.2942
10 0.2316 4.7993
7 7.2701 4.3708
2 0.4116 8.2399
6 3.8658 -1.4968
