10 100
K 4.017970 -3.681370 1.765847
P 9.956625 -2.030854 13.333816 2.168916
K 3.686754 4.509595 4.377406
P 8.638166 -6.834351 12.113722 -2.370761
K 8.062592 2.458739 4.093491
Z 4 9.309329 2.827010 -5.199205 -1.734576
P -2.135659 9.579596 1.092656 11.087359
K -8.891109 4.712521 3.666392
P 9.605912 5.135212 13.131587 8.345555
K -1.452941 1.749842 1.021027
6 8.6382 -6.8344
4 9.9656 7.0892
4 12.1137 -2.3708
1 4.0180 -3.6814
1 4.3151 -6.7353
3 0.6016 -4.6044
5 -1.9340 -9.8566
9 13.1316 5.1352
1 -9.4578 -1.4300
1 4.0180 -3.6814
7 -8.3079 9.0065
7 1.0927 11.0874
8 -8.8911 4.7125
4 8.6382 -6.8344
1 4.0180 -3.6814
4 12.1137 -2.3708
3 7.5658 8.7960
3 3.6868 4.5096
4 -0.8469 3.9927
8 -8.8911 4.7125
10 -2.8003 -2.1869
4 -9.8937 2.7199
8 5.9115 -0.1245
5 8.0626 2.4587
2 9.9566 -2.0309
9 13.1316 5.1352
10 -1.4529 1.7498
1 -4.7942 -7.2782
2 7.9614 6.8431
8 -8.8911 4.7125
8 -8.8911 4.7125
4 -7.3151 -3.1683
6 7.5741 5.2102
9 2.3812 3.4087
3 -0.5099 -2.5032
1 4.0180 -3.6814
2 9.9566 2.1689
5 7.0881 -6.9170
1 4.0180 -3.6814
5 8.0626 2.4587
4 -3.4789 -2.7714
10 -1.4529 1.7498
7 1.0927 9.5796
5 -7.1043 9.1990
3 3.6868 4.5096
4 4.8903 -6.3368
7 1.0927 11.0874
10 -1.4529 1.7498
9 9.6059 8.3456
6 12.1137 -6.8344
10 -1.4529 1.7498
8 4.2920 -2.9722
2 9.9566 2.1689
4 8.6382 -6.8344
4 5.9800 -2.0969
4 8.6382 -6.8344
2 9.9566 2.1689
1 4.0180 -3.6814
2 8.1034 -4.1640
10 -5.9527 4.1294
9 -7.8265 1.5933
7 1.0927 9.5796
10 -8.2246 -7.1642
2 9.9566 2.1689
9 9.6059 5.1352
6 6.0805 12.3549
6 5.7845 6.7055
9 -7.5236 -6.8197
9 13.1316 5.1352
2 9.9566 2.1689
8 -8.8911 4.7125
2 13.3338 2.1689
5 -2.9807 2.4581
9 9.6059 8.3456
8 -6.9834 9.5291
2 13.3338 2.1689
2 13.3338 2.1689
5 3.9624 -3.7929
7 -2.1357 9.5796
1 -4.2510 1.2400
10 1.0423 8.0257
5 8.0626 2.4587
7 0.6991 2.3888
2 9.9566 -2.0309
9 9.6059 5.1352
1 4.0180 -3.6814
8 -8.8911 4.7125
7 -8.7882 -9.3150
2 1.0747 7.5793
5 -6.6232 9.1602
2 -4.7855 -7.0079
4 -4.8974 -8.5984
1 4.0180 -3.6814
6 5.7845 6.7055
2 9.9566 2.1689
4 8.6382 -2.3708
4 8.6382 -6.8344
8 -8.8911 4.7125
6 8.6382 -2.3708
6 0.5983 -9.7601
