10 100
K -6.962188 0.005382 3.720694
Z 1 4.896781 -4.135111 6.229582 3.467240
K -8.088645 -9.459922 1.159749
Z 1 -6.962188 0.005382 -6.737603 -0.969073
Z 3 -8.088645 -9.459922 -8.366010 -10.420686
Z 5 -6.987072 -9.822628 -6.674327 -8.872791
P 3.399888 6.569895 7.095888 9.372877
P -0.621599 8.188260 0.683704 9.421908
K -0.286296 -6.082312 1.053017
Z 8 -0.621599 8.188260 -0.876843 7.221383
5 -8.0886 -9.4599
10 -0.6216 9.4219
8 8.8495 4.5832
9 -5.6375 5.6093
1 0.5829 1.7238
3 -8.0886 -9.4599
8 -0.0493 1.2052
6 -8.0886 -9.4599
7 -9.0312 -4.8914
6 -8.0886 -9.4599
3 5.2425 -1.1063
7 -2.6621 -2.6350
3 -8.0886 -9.4599
1 -6.9622 0.0054
1 -6.9622 0.0054
3 -8.0886 -9.4599
8 -0.4053 7.7674
3 -8.0886 -9.4599
1 -6.9622 0.0054
9 -6.1685 2.5218
4 -6.9622 0.0054
4 -6.9622 0.0054
8 0.6837 9.4219
1 -6.9622 0.0054
10 -1.7568 8.8325
7 7.0959 6.5699
1 -8.3124 7.1623
7 7.0959 9.3729
4 5.8451 -0.5541
2 1.0484 -4.4303
10 -1.1479 9.9054
6 -8.0886 -9.4599
10 -0.6216 9.4219
9 -0.2863 -6.0823
9 -0.2863 -6.0823
7 7.0959 9.3729
6 2.7675 -9.8761
7 -1.1423 2.7515
8 -0.6216 8.1883
8 -0.6216 8.1883
6 9.9976 -6.8042
10 -0.0127 9.2612
3 -1.7120 -9.2760
4 -6.9622 0.0054
6 -8.0886 -9.4599
4 1.8099 -4.6519
7 -6.7015 8.2843
4 -6.9622 0.0054
9 1.0031 0.2037
9 -0.2863 -6.0823
1 0.3806 4.3174
4 -6.9622 0.0054
2 -3.4218 9.9194
4 -2.6370 3.1146
10 -0.0127 9.2612
7 7.0959 9.3729
9 -0.2863 -6.0823
7 3.3999 9.3729
7 7.0959 6.5699
6 -5.8855 -10.1853
3 -8.0886 -9.4599
9 -0.2863 -6.0823
5 9.8990 1.6056
8 0.6837 9.4219
6 -5.8855 -10.1853
9 -0.2863 -6.0823
2 17.4570 -4.2756
4 -6.9622 0.0054
2 -6.9622 0.0054
1 -6.9622 0.0054
6 -8.0886 -9.4599
10 -9.4602 1.7046
4 -4.8188 -2.4605
3 -0.2557 -3.8728
4 -6.9622 0.0054
1 1.4643 -6.6274
9 -0.2863 -6.0823
8 0.6837 8.1883
2 5.8142 6.2200
8 -0.6216 9.4219
9 6.8669 -1.1437
4 -6.9155 -6.7572
10 4.8239 0.6523
2 0.8203 9.6680
2 17.4570 -4.2756
10 -1.1479 9.9054
9 -2.8328 0.5034
4 -6.9622 0.0054
8 0.6837 9.4219
10 0.6837 9.4219
7 3.3999 6.5699
6 -5.8855 -10.1853
9 -0.2863 -6.0823
6 -5.8855 -10.1853
10 -1.1479 9.9054
9 -0.2863 -6.0823
5 -8.0886 -9.4599
8 -0.6216 9.4219
3 -8.0886 -9.4599
5 -8.0886 -9.4599
