10 100
K -5.958442 -0.373747 1.539603
Z 1 -7.142433 -1.357892 -6.503212 -2.126916
Z 1 2.915190 -8.716663 8.469258 6.673931
P -3.204611 -0.269445 1.712929 4.266035
P 5.656422 -7.461815 9.696567 -4.465420
K 3.219839 8.369429 2.442292
K -5.372947 6.107597 1.788304
P 5.496783 0.980884 6.844099 2.846164
Z 4 1.712929 -0.269445 2.462634 -0.931218
P 5.801840 9.620615 9.708639 11.435213
7 -5.372947 6.107597
5 9.696567 -4.465420
7 -5.372947 6.107597
4 7.388584 4.606431
7 -5.372947 6.107597
6 3.219839 8.369429
1 -5.958442 -0.373747
6 3.219839 8.369429
5 5.656422 -4.465420
2 -5.958442 -0.373747
5 5.656422 -4.465420
10 -9.864515 5.248065
5 5.656422 -7.461815
10 6.904369 8.154469
6 0.110740 9.119130
6 3.219839 8.369429
7 -5.372947 6.107597
6 4.913654 7.767849
1 -2.205027 0.580210
5 5.656422 -4.465420
9 -3.204611 4.266035
5 5.656422 -7.461815
3 15.071568 -7.962934
2 2.892678 -7.693319
8 -2.220829 -5.201418
7 -5.372947 6.107597
6 3.219839 8.369429
6 -5.411396 -3.470740
10 -1.657628 2.062851
10 9.362162 3.592378
1 -5.406851 0.556947
6 3.219839 8.369429
3 -0.497251 -5.847381
1 -5.958442 -0.373747
6 3.219839 8.369429
2 -5.958442 -0.373747
9 1.712929 -0.269445
4 -3.204611 4.266035
5 -8.254351 1.981733
3 -5.958442 -0.373747
5 -9.714162 3.733433
9 6.453085 5.512266
5 -9.279420 -2.188088
9 -9.139522 -4.027784
4 -3.204611 4.266035
8 -8.020572 -9.153570
5 7.793442 -1.142235
1 -6.783881 0.757334
6 3.219839 8.369429
5 -9.294528 -0.792765
9 1.712929 -0.269445
10 9.708639 9.620615
2 -8.326423 -2.342038
1 -5.958442 -0.373747
8 5.496783 2.846164
4 -3.204611 -0.269445
7 4.086483 -8.779535
2 -5.958442 -0.373747
6 3.219839 8.369429
2 -6.944237 -2.605732
3 -5.958442 -0.373747
7 -5.372947 6.107597
10 -1.179533 -5.328895
1 -5.958442 -0.373747
3 -5.958442 -0.373747
1 -5.958442 -0.373747
5 -3.239150 3.057698
2 -5.958442 -0.373747
9 -3.204611 4.266035
1 -5.958442 -0.373747
2 -8.326423 -2.342038
5 -4.807998 8.602818
8 -0.278293 3.526925
3 -5.958442 -0.373747
1 -5.958442 -0.373747
3 15.071568 -7.962934
8 6.844099 2.846164
1 -5.958442 -0.373747
4 1.712929 4.266035
1 -5.958442 -0.373747
6 3.219839 8.369429
3 -5.958442 -0.373747
2 -8.326423 -2.342038
10 9.708639 11.435213
6 3.219839 8.369429
6 3.219839 8.369429
4 -3.204611 4.266035
6 -2.422062 3.945166
4 -3.204611 4.266035
7 -5.372947 6.107597
10 5.801840 9.620615
3 15.071568 -7.962934
4 -3.204611 -0.269445
8 6.844099 0.980884
9 -3.397819 4.047155
9 -2.787482 -0.832363
8 6.844099 0.980884
6 3.219839 8.369429
3 15.071568 -7.962934
7 -5.372947 6.107597
