10 100
P 5.126244 2.143321 8.882559 4.407156
P -0.706432 -6.057820 2.478109 -1.695111
P -9.638458 0.353286 -7.455227 5.074342
Z 3 -0.998556 -7.884234 -7.745920 -4.826110
Z 1 6.608491 -2.627142 2.383384 -8.086770
P -8.887616 7.562411 -5.748729 10.609762
P 9.623724 8.812310 13.911577 13.164732
P -6.499762 0.078727 -3.972927 4.997353
K -0.775123 6.256935 1.929918
Z 1 8.882559 2.143321 9.221020 3.084301
1 -5.3090 4.9118
9 -8.7871 0.8830
4 -16.4385 -9.9291
2 -1.0212 9.6043
9 7.8134 -1.6006
3 -9.6385 5.0743
5 5.1262 4.4072
6 -8.8876 10.6098
5 5.1262 4.4072
3 -9.6385 0.3533
10 8.8826 4.4072
9 -0.7751 6.2569
3 -7.4552 0.3533
1 5.7367 -9.7378
6 -5.7487 7.5624
2 2.4781 -1.6951
6 -8.8876 10.6098
2 2.4781 -1.6951
8 -3.9729 4.9974
4 -12.8883 -6.8171
3 -9.6385 5.0743
10 3.4088 -4.1347
9 -0.7751 6.2569
9 -0.7751 6.2569
5 8.8826 2.1433
9 -0.7751 6.2569
7 13.9116 13.1647
4 -0.9025 -7.3505
5 8.8826 2.1433
2 -4.2598 1.4377
2 -5.2867 -1.8499
10 8.8826 2.1433
6 -1.4137 1.2960
10 5.1262 2.1433
9 -7.3424 1.6028
2 -0.7064 -1.6951
3 -7.4552 5.0743
3 4.3726 2.1057
3 -9.6385 5.0743
9 7.3359 2.8049
10 8.8826 2.1433
8 -3.9729 0.0787
8 -3.9729 0.0787
7 8.8073 2.2397
4 -3.5806 -7.9572
3 -9.6385 0.3533
6 -5.7487 7.5624
6 -8.8876 7.5624
2 2.4781 -1.6951
2 2.4781 -1.6951
5 8.8826 2.1433
1 -9.8977 3.8468
6 3.8897 -6.2678
1 5.1262 2.1433
5 8.8826 2.1433
9 3.9950 5.1387
7 9.6237 13.1647
6 -8.8876 7.5624
4 -16.4385 -9.9291
8 -3.9729 0.0787
7 9.6237 13.1647
6 -5.7487 7.5624
1 -9.0406 4.5461
4 -7.4552 0.3533
1 5.1262 4.4072
6 -5.7487 7.5624
10 8.8826 4.4072
4 -3.2652 8.5866
9 -8.6415 8.6935
5 -4.6372 1.7568
3 -7.4552 0.3533
5 -9.5010 6.5652
8 0.2026 -6.9858
7 -3.0923 -5.4041
6 -8.8876 10.6098
3 -6.8896 5.5390
6 -5.7487 7.5624
6 -8.8876 10.6098
7 13.9116 8.8123
9 -0.7751 6.2569
7 1.7364 -6.6020
1 5.9234 3.9443
10 11.7783 -0.2493
10 -9.0070 2.8759
3 -7.4552 0.3533
2 2.4781 -1.6951
9 -2.0168 3.3892
2 2.4781 -6.0578
9 -0.7751 6.2569
2 2.4781 -6.0578
3 -9.6385 0.3533
1 5.1262 2.1433
9 -0.7751 6.2569
9 7.5507 -7.3513
5 11.5982 -2.8652
1 -1.3628 4.0976
1 8.8826 2.1433
5 10.6559 0.7709
10 -2.3626 -1.9651
2 -0.7064 -6.0578
