10 100
K -1.326191 8.674722 4.129209
P 8.598033 9.884609 11.099250 13.955465
K 1.102656 1.952162 1.453027
K 4.102970 6.254035 1.561763
P -6.776124 -2.746433 -1.809744 1.644893
K -9.522826 -7.459822 1.077822
K 1.439563 2.362572 4.016387
P 0.507137 0.940609 3.558846 3.745732
K 0.041497 -0.422678 1.507283
Z 3 2.164729 2.943771 1.482286 3.674709
9 0.0415 -0.4227
3 1.1027 1.9522
6 -2.6512 -2.6651
8 0.5071 0.9406
8 6.0329 -4.6421
1 6.2191 0.4991
4 1.8489 6.1740
2 8.5980 13.9555
9 0.0415 -0.4227
10 1.1027 1.9522
2 8.5980 9.8846
5 8.8132 -8.1032
4 -7.2406 3.6201
7 1.4396 2.3626
6 -9.5228 -7.4598
9 -8.9849 -7.5602
4 -9.1300 1.6546
7 1.4396 2.3626
5 -6.7761 1.6449
2 8.5980 9.8846
9 0.0415 -0.4227
5 -0.4122 -8.8690
3 1.1027 1.9522
2 11.0993 9.8846
1 -1.3262 8.6747
1 7.2326 7.2410
7 1.4396 2.3626
4 -5.3209 -7.2909
6 -9.5228 -7.4598
9 0.0415 -0.4227
7 -1.2279 -8.8797
10 1.1027 1.9522
6 9.4040 7.1244
4 4.1030 6.2540
5 -2.1069 7.3245
1 -2.3594 -7.5974
7 1.4396 2.3626
5 -1.8097 1.6449
6 5.5930 2.7036
6 -9.5228 -7.4598
2 8.5980 9.8846
2 11.0993 9.8846
3 -7.7021 4.2485
3 1.7513 8.3618
9 0.0415 -0.4227
1 -9.4284 9.6172
8 3.5588 3.7457
9 0.0415 -0.4227
3 5.5862 -6.1861
9 9.8733 -7.7007
1 -1.3262 8.6747
8 -8.1612 9.7472
6 -9.5228 -7.4598
3 -7.6095 -7.9136
2 8.5980 9.8846
5 -1.8097 1.6449
10 -8.4900 7.7906
3 1.1027 1.9522
6 -9.5228 -7.4598
6 -9.0297 2.7591
5 -6.7761 -2.7464
9 0.0415 -0.4227
2 2.2578 4.4119
10 -6.0166 -9.8346
4 4.1030 6.2540
6 -9.5228 -7.4598
7 -1.1298 6.2397
9 5.6403 9.8651
1 -1.3262 8.6747
4 4.1030 6.2540
4 4.1030 6.2540
4 -6.0600 2.6446
9 0.0415 -0.4227
6 -9.5228 -7.4598
8 3.5588 0.9406
3 -8.6293 -9.6113
7 -4.6372 -0.3930
4 4.1030 6.2540
7 1.4396 2.3626
5 -9.2815 6.0052
4 3.3327 -9.6085
1 -1.3262 8.6747
10 7.3510 -0.3436
7 3.8449 4.4238
1 -1.3262 8.6747
7 8.1001 -0.5405
3 1.1027 1.9522
1 -1.3262 8.6747
6 -9.5228 -7.4598
6 -9.5228 -7.4598
9 -6.2577 5.3547
8 3.5588 0.9406
9 0.0415 -0.4227
3 3.4856 -2.5082
10 3.2268 3.9354
6 -9.5228 -7.4598
10 1.1027 1.9522
10 3.2268 3.9354
8 -5.8820 -0.9348
8 0.5071 0.9406
