10 100
K -2.306582 -3.687560 4.918471
Z 1 -2.306582 -3.687560 -2.856799 -2.852538
P 5.755014 -9.798008 6.982287 -6.559651
P 4.571868 9.821373 8.581194 13.998120
Z 3 -0.512017 -2.042822 -3.346305 5.336914
P 4.205593 -6.999379 8.892245 -2.100873
K -5.074059 -0.993820 4.975519
K 8.579645 -1.022637 2.255310
Z 2 5.278260 4.163030 -2.665964 7.712340
P 7.158858 -7.400733 10.526538 -2.528195
1 -2.3066 -3.6876
4 -0.6321 -8.6013
6 -7.5519 9.3622
8 8.5796 -1.0226
4 -7.8539 -0.8095
5 6.9823 -9.7980
5 5.7550 -6.5597
4 8.5812 9.8214
2 1.6214 7.8899
9 -0.1060 0.8218
9 6.0653 15.0507
1 -2.3066 -3.6876
6 -2.0266 -4.4846
8 8.5796 -1.0226
10 10.5265 -7.4007
2 1.1848 7.1609
3 5.7550 -9.7980
9 6.0653 15.0507
8 8.5796 -1.0226
7 -5.0741 -0.9938
1 2.7453 7.2256
4 8.5812 9.8214
4 -1.6329 -5.3741
9 -2.3066 -3.6876
1 -2.3066 -3.6876
6 8.8922 -2.1009
4 8.5812 9.8214
9 -2.3066 -3.6876
4 4.5719 9.8214
2 -1.5598 1.2465
8 8.5796 -1.0226
1 -0.9730 -2.4015
8 8.5796 -1.0226
5 6.9823 -9.7980
9 -6.2146 0.5098
1 -2.3066 -3.6876
7 -5.0741 -0.9938
8 8.5796 -1.0226
4 -9.0941 2.5696
9 -2.3066 -3.6876
9 6.0653 15.0507
1 -7.1193 4.7852
5 5.7550 -6.5597
10 7.1589 -7.4007
4 8.5812 9.8214
8 -6.2860 3.4231
2 -2.3066 -3.6876
3 5.7550 -9.7980
3 5.7550 -9.7980
1 -2.3066 -3.6876
6 8.8922 -2.1009
9 -2.3066 -3.6876
4 4.5719 9.8214
8 8.5796 -1.0226
8 6.4130 0.8331
6 8.8922 -2.1009
4 4.5719 9.8214
10 10.5265 -7.4007
1 -2.3066 -3.6876
1 -2.3066 -3.6876
8 8.5796 -1.0226
2 -2.3066 -3.6876
2 -2.3066 -3.6876
4 4.5719 13.9981
8 8.5796 -1.0226
1 -2.3066 -3.6876
7 -5.0741 -0.9938
10 10.5265 -7.4007
9 6.0653 15.0507
10 5.7661 8.8600
3 6.9823 -9.7980
5 -8.0662 2.8101
10 -8.4557 -7.7345
10 -7.9482 3.3993
7 -5.0741 -0.9938
8 8.5796 -1.0226
8 8.5796 -1.0226
8 8.6051 4.9108
3 6.7664 3.8107
8 8.5796 -1.0226
2 -3.0304 -9.6707
8 8.5796 -1.0226
8 5.7490 7.5311
1 -1.8664 -7.7887
4 4.5719 9.8214
6 4.2056 -6.9994
7 -5.0741 -0.9938
8 8.5796 -1.0226
6 -9.3496 -8.1646
5 -3.0561 -10.4150
3 6.9823 -9.7980
2 -2.3066 -3.6876
3 5.7550 -9.7980
6 5.9680 7.7246
3 6.9823 -9.7980
8 2.0270 -9.8011
9 -2.3066 -3.6876
7 -5.0741 -0.9938
2 -2.3066 -3.6876
6 4.2056 -6.9994
