10 100
K -6.686880 5.868521 3.816447
Z 1 -10.112443 4.186028 -9.671590 3.288448
Z 1 5.310684 -3.859903 9.265529 -0.624979
P -6.475516 -8.259424 -4.404588 -6.701977
P -9.193198 7.446370 -4.521744 8.603134
P 6.180998 1.405215 10.283990 5.560465
Z 6 1.062585 7.567457 4.650711 -9.479495
P -1.086559 0.097231 2.657940 2.978451
K 1.625456 -5.037703 3.020487
Z 8 -7.907446 -8.464206 -1.691743 -6.643022
6 10.283990 1.405215
8 1.514987 -2.290506
8 -9.308397 2.517411
9 1.625456 -5.037703
10 2.657940 0.097231
5 -2.463350 2.092509
1 -6.686880 5.868521
9 1.625456 -5.037703
7 6.180998 5.560465
3 -6.686880 5.868521
4 -6.475516 -6.701977
7 10.283990 5.560465
10 2.455232 -11.990906
9 1.625456 -5.037703
6 6.180998 5.560465
10 2.657940 2.978451
8 2.657940 0.097231
5 -3.061879 9.456523
6 6.180998 5.560465
10 7.162544 -12.395768
2 -6.686880 5.868521
10 2.657940 2.978451
4 -4.404588 -8.259424
3 5.039837 6.028728
7 -6.567356 2.013512
9 5.041534 6.489634
2 -8.544995 -0.125895
9 2.240543 -5.008669
8 -1.086559 2.978451
2 -6.686880 5.868521
3 12.467151 -17.548174
10 2.657940 2.978451
1 -6.686880 5.868521
10 -1.086559 2.978451
8 -1.086559 0.097231
9 1.625456 -5.037703
1 -6.686880 5.868521
1 -6.686880 5.868521
6 6.180998 1.405215
8 -1.086559 2.978451
10 2.455232 -11.990906
10 2.455232 -11.990906
6 10.283990 1.405215
8 -1.086559 0.097231
2 -4.215696 -8.685658
2 -6.686880 5.868521
6 5.463252 -1.844185
8 6.344836 2.238582
2 -13.538007 2.503534
4 -4.404588 -6.701977
6 10.283990 5.560465
8 -1.086559 2.978451
5 -9.193198 7.446370
3 -6.686880 5.868521
10 9.162529 2.834963
10 7.458949 -4.369768
9 1.625456 -5.037703
10 2.657940 0.097231
5 -4.521744 7.446370
6 10.283990 5.560465
3 0.992060 3.447979
7 -0.029322 2.351444
3 12.467151 -17.548174
10 -1.086559 0.097231
4 8.092782 -9.939620
7 1.379879 9.480806
1 -6.686880 5.868521
6 10.283990 5.560465
2 -9.551032 -9.519370
2 -6.686880 5.868521
9 2.453105 -3.215889
7 10.283990 5.560465
2 -13.538007 2.503534
10 7.162544 -12.395768
4 1.950711 7.464816
9 4.378466 5.281036
6 6.180998 5.560465
1 -6.686880 5.868521
4 1.487700 2.779147
7 -6.567356 2.013512
7 10.283990 1.405215
7 6.610275 5.458886
9 1.625456 -5.037703
3 -6.686880 5.868521
2 -13.538007 2.503534
2 7.295912 -9.678158
8 2.657940 2.978451
4 -5.164906 -9.104027
8 -7.775357 0.682101
1 -6.686880 5.868521
5 -9.193198 8.603134
6 10.283990 1.405215
7 10.283990 5.560465
6 10.283990 5.560465
6 6.180998 1.405215
9 1.625456 -5.037703
10 7.162544 -12.395768
1 3.920711 -8.368556
6 -6.322671 -2.271563
6 10.283990 1.405215
