10 100
K -7.119147 -9.874633 3.047602
K -5.616260 -0.495630 3.953529
K 2.407819 1.091178 2.631178
P -4.425931 -2.984219 -1.017706 1.262035
K 4.126455 9.886117 2.256537
P 2.144558 -4.600087 4.568067 -1.125193
P -2.622715 -7.198064 1.060047 -3.548448
P -9.103427 -8.082243 -6.053424 -4.950784
P -3.300986 3.432041 0.558749 5.455169
P -7.718857 6.220417 -3.290686 7.525845
6 2.144558 -1.125193
1 -7.119147 -9.874633
4 -4.425931 -2.984219
1 -7.119147 -9.874633
5 4.126455 9.886117
4 0.592596 9.390771
3 -9.236835 -2.806317
8 -6.053424 -8.082243
4 -4.425931 -2.984219
10 -9.342982 0.653611
7 -2.622715 -3.548448
2 -6.799918 -0.732872
9 -3.300986 3.432041
6 -0.437349 -8.646302
10 -3.290686 7.525845
7 9.678877 -6.004988
1 -7.119147 -9.874633
7 1.060047 -3.548448
1 -7.119147 -9.874633
9 0.558749 3.432041
5 5.906585 6.761538
6 2.072461 -4.437878
10 -7.718857 7.525845
5 4.126455 9.886117
5 4.126455 9.886117
2 -5.616260 -0.495630
1 -1.191565 8.972816
6 4.568067 -4.600087
1 -1.571515 -6.504660
10 -5.050279 6.602408
5 4.126455 9.886117
1 -2.650019 -3.624062
1 -7.119147 -9.874633
3 2.407819 1.091178
10 -5.855038 -0.464880
7 -2.622715 -3.548448
2 -5.616260 -0.495630
10 2.570240 5.147324
6 4.568067 -1.125193
2 -5.616260 -0.495630
1 -7.119147 -9.874633
4 -1.017706 1.262035
4 -1.017706 1.262035
6 6.226247 -9.494503
2 -5.616260 -0.495630
2 -9.736338 -3.405585
9 -6.008798 1.359224
4 -1.017706 -2.984219
4 -1.017706 -2.984219
2 -5.616260 -0.495630
6 4.568067 -4.600087
4 -4.425931 1.262035
10 0.103073 7.238746
10 -0.073775 -6.396730
10 -7.718857 6.220417
1 -7.119147 -9.874633
6 2.144558 -4.600087
8 0.046876 2.458256
6 2.144558 -4.600087
5 4.126455 9.886117
9 -3.300986 3.432041
7 -2.622715 -7.198064
3 2.407819 1.091178
6 4.568067 -4.600087
3 2.407819 1.091178
10 -7.718857 6.220417
5 4.126455 9.886117
1 -7.119147 -9.874633
10 -7.910901 -0.850037
8 -6.053424 -4.950784
8 -4.984395 6.950889
1 0.664244 8.481512
8 -5.748135 2.823660
5 4.126455 9.886117
1 4.196267 2.134550
10 -7.718857 6.220417
6 2.144558 -4.600087
4 7.825484 -6.784259
7 -2.622715 -7.198064
4 -1.017706 1.262035
2 -5.616260 -0.495630
1 -7.119147 -9.874633
2 -5.616260 -0.495630
4 -4.425931 1.262035
6 2.144558 -1.125193
3 4.601532 3.308651
6 4.568067 -4.600087
3 5.856692 2.176351
7 -2.622715 -7.198064
2 -5.616260 -0.495630
5 -3.013442 8.818952
8 3.658592 -5.342101
6 5.150403 -2.878720
5 7.580340 -9.145808
9 0.558749 5.455169
9 0.558749 3.432041
2 -0.178754 5.148102
8 -9.103427 -4.950784
1 -7.119147 -9.874633
2 -5.616260 -0.495630
