10 100
K 7.976835 4.199788 3.550518
Z 1 11.238762 2.797644 11.633675 3.716363
Z 1 7.976835 4.199788 7.009999 4.455188
Z 1 7.976835 4.199788 7.266470 4.903623
Z 4 -7.762753 -2.766195 -5.710393 -7.841709
P 3.729887 -8.015927 5.342640 -5.957864
P -4.362160 -8.690747 -3.023219 -7.323246
Z 2 7.226440 0.729474 8.203850 0.518126
K 9.821366 -1.159155 4.506416
P 0.753910 5.435354 3.769985 8.097190
3 7.9768 4.1998
7 -3.0232 -7.3232
3 7.9768 4.1998
10 3.7700 8.0972
2 7.9768 4.1998
7 -3.0232 -8.6907
3 6.6031 -8.9617
3 7.9768 4.1998
7 -3.0232 -7.3232
3 7.9768 4.1998
10 9.9374 -6.6019
3 7.9768 4.1998
1 7.9768 4.1998
5 7.5442 1.6011
4 2.2179 -1.3589
8 8.2507 0.0156
2 14.5007 1.3955
10 9.8892 1.9988
9 4.7407 -3.0026
4 0.1654 -9.7442
5 -8.7547 0.6834
6 4.5095 8.2534
7 -3.0232 -7.3232
7 0.4239 9.5736
5 7.9768 4.1998
2 -7.0062 3.5031
2 7.9768 4.1998
5 4.9919 4.9050
2 7.5614 -4.9346
6 -1.7836 6.2347
3 7.9768 4.1998
7 -3.0232 -7.3232
2 14.5007 1.3955
5 7.9768 4.1998
2 14.5007 1.3955
5 7.9768 4.1998
3 -5.9338 7.1384
4 5.5829 -9.8687
2 7.9768 4.1998
9 9.8214 -1.1592
6 -9.6628 -9.9344
1 7.9768 4.1998
2 7.9768 4.1998
9 7.2186 -3.1846
5 7.9768 4.1998
2 14.5007 1.3955
3 7.9768 4.1998
5 -23.9204 -8.6983
4 -1.8037 -9.6199
10 3.7700 8.0972
4 7.9768 4.1998
3 -6.5022 -0.3812
3 7.9768 4.1998
2 7.9768 4.1998
9 5.4381 -2.9065
7 -4.3622 -8.6907
8 6.4760 -2.7408
5 7.9768 4.1998
9 9.8214 -1.1592
6 4.8004 0.0193
6 3.7299 -5.9579
3 7.9768 4.1998
1 7.9768 4.1998
3 -4.3129 -4.3117
7 -3.0232 -8.6907
9 -8.1296 -9.8031
4 -0.6631 7.5196
8 -0.2863 7.3784
1 -7.0833 3.4109
7 -4.3622 -7.3232
8 7.5011 9.1202
2 -9.0712 -1.9718
9 9.8214 -1.1592
3 -5.2272 5.9912
2 -7.0190 -1.9775
6 3.7299 -5.9579
5 7.9768 4.1998
5 -23.9204 -8.6983
5 -23.9204 -8.6983
1 -4.8781 -7.8016
5 -23.9204 -8.6983
9 9.8214 -1.1592
1 7.9768 4.1998
6 5.3426 -5.9579
7 -3.0232 -7.3232
8 6.4760 -2.7408
3 7.9768 4.1998
6 3.7299 -5.9579
1 7.9768 4.1998
10 -0.4147 6.2506
2 14.5007 1.3955
3 7.9768 4.1998
1 7.9768 4.1998
9 -5.3819 3.1796
9 9.8214 -1.1592
6 5.3426 -8.0159
6 3.7299 -5.9579
5 -23.9204 -8.6983
2 7.9768 4.1998
1 -7.2926 -8.4556
