10 100
K -7.266149 -9.160187 2.256805
Z 1 -7.266149 -9.160187 -6.870805 -8.241654
K -1.692299 -1.269925 1.529211
Z 1 -7.266149 -9.160187 -7.727502 -8.272970
K -9.783740 -3.529638 1.094407
P -3.469036 8.952723 -2.132511 9.953179
Z 5 -9.783740 -3.529638 -10.609915 -2.966226
Z 2 -7.266149 -9.160187 -7.147570 -10.153132
P 9.107606 8.861065 13.197975 10.165466
P -1.587207 -2.236653 2.682451 1.928187
6 9.412895 2.337234
9 13.197975 10.165466
2 -8.775799 -7.351432
8 -1.717246 9.041006
3 -1.525260 8.601436
9 13.197975 8.861065
5 -1.060525 8.129658
3 -1.692299 -1.269925
5 -9.783740 -3.529638
1 -7.266149 -9.160187
10 -1.587207 1.928187
3 -1.692299 -1.269925
6 -2.132511 9.953179
5 -9.783740 -3.529638
1 -7.266149 -9.160187
2 -9.388072 -4.986467
7 4.543921 0.368104
2 -7.266149 -9.160187
7 -9.783740 -3.529638
10 -1.587207 -2.236653
8 -7.266149 -9.160187
2 -7.266149 -9.160187
1 -7.266149 -9.160187
6 -2.132511 8.952723
3 -1.692299 -1.269925
8 -7.266149 -9.160187
1 -7.266149 -9.160187
10 -1.587207 -2.236653
3 -1.814134 7.582987
9 13.197975 10.165466
5 -9.783740 -3.529638
10 2.682451 1.928187
7 -9.783740 -3.529638
10 3.000979 -4.040591
1 -7.266149 -9.160187
3 4.534782 0.568021
2 -7.266149 -9.160187
4 -7.266149 -9.160187
8 7.446591 -0.649437
3 -3.368956 -6.385681
9 3.676265 3.499848
5 -9.783740 -3.529638
2 -7.266149 -9.160187
10 -1.587207 -2.236653
5 -9.783740 -3.529638
4 -7.266149 -9.160187
3 -6.621331 1.867600
2 -7.266149 -9.160187
1 -2.362866 -4.264621
2 -7.266149 -9.160187
10 -1.587207 -2.236653
7 0.680224 -9.932806
9 13.197975 10.165466
7 2.984177 -9.056387
6 -3.469036 8.952723
6 -5.757878 -2.415230
10 -1.341640 -1.870841
6 -3.469036 8.952723
3 -1.692299 -1.269925
7 -9.783740 -3.529638
8 -7.266149 -9.160187
5 -9.783740 -3.529638
7 -7.908334 -4.646444
1 -7.266149 -9.160187
7 0.758129 0.289905
9 -3.674871 1.366551
4 -7.266149 -9.160187
1 -7.266149 -9.160187
8 -7.266149 -9.160187
7 -9.783740 -3.529638
7 -9.783740 -3.529638
9 9.107606 10.165466
2 -1.914725 -1.271732
9 9.107606 8.861065
3 -1.692299 -1.269925
2 -7.266149 -9.160187
1 -7.266149 -9.160187
8 -7.266149 -9.160187
9 13.197975 8.861065
10 2.682451 1.928187
4 7.244149 1.782799
3 9.029191 -2.309260
10 -8.750615 5.181545
8 -7.266149 -9.160187
8 -7.266149 -9.160187
6 -2.132511 8.952723
4 8.504159 -9.153361
4 2.435059 7.476311
5 -9.783740 -3.529638
10 -1.587207 1.928187
2 -7.266149 -9.160187
6 4.815510 -5.312285
9 13.197975 10.165466
10 2.682451 -2.236653
10 -5.189667 4.140450
1 2.500407 2.068439
8 -7.266149 -9.160187
5 0.293287 -7.864393
7 -9.783740 -3.529638
8 -7.266149 -9.160187
