10 100
K -8.458423 0.292552 3.774148
K -0.341117 -0.867537 2.665730
Z 1 -8.458423 0.292552 -7.623502 -0.257818
K 6.626551 -0.487059 1.863657
P -4.596017 6.259464 -1.786386 7.834111
K -7.099847 -9.661711 1.528970
K -8.548867 -3.502093 1.294466
P 6.032493 -1.242166 8.415096 2.673045
K -9.605710 -8.327313 1.447931
K 0.390873 -7.438575 1.060366
9 -9.605710 -8.327313
9 -9.605710 -8.327313
2 -0.341117 -0.867537
9 -9.605710 -8.327313
7 -8.548867 -3.502093
1 -8.458423 0.292552
8 6.032493 -1.242166
8 -3.783881 4.875944
3 -8.458423 0.292552
9 -9.605710 -8.327313
8 8.415096 -1.242166
5 -1.786386 6.259464
4 9.768240 0.678544
10 0.390873 -7.438575
4 6.565742 6.905510
8 7.752496 -3.288548
3 -8.458423 0.292552
5 -4.596017 6.259464
6 -7.099847 -9.661711
4 6.626551 -0.487059
9 -9.605710 -8.327313
6 -7.099847 -9.661711
10 -5.102120 9.641778
9 -3.044199 -4.214661
6 -7.099847 -9.661711
1 -8.458423 0.292552
4 6.626551 -0.487059
1 -8.458423 0.292552
10 -6.632004 -6.993219
1 -8.458423 0.292552
5 3.849951 -7.850768
1 -8.458423 0.292552
10 7.773214 0.592543
3 -8.458423 0.292552
7 -8.548867 -3.502093
5 -4.596017 6.259464
6 -7.791449 -0.977627
10 0.390873 -7.438575
1 -8.458423 0.292552
9 -1.049846 6.793228
4 6.626551 -0.487059
2 -0.341117 -0.867537
2 -0.341117 -0.867537
3 5.251534 5.099081
10 -0.475216 1.487635
7 -8.548867 -3.502093
3 -8.458423 0.292552
4 6.626551 -0.487059
6 -7.099847 -9.661711
2 -0.341117 -0.867537
10 0.390873 -7.438575
10 0.390873 -7.438575
3 8.923592 -7.150709
8 -8.705354 8.115169
2 -0.341117 -0.867537
4 6.626551 -0.487059
1 -8.458423 0.292552
3 -6.745523 8.300785
6 -7.099847 -9.661711
6 -7.099847 -9.661711
5 -1.786386 6.259464
5 -4.596017 7.834111
1 -8.458423 0.292552
9 7.595720 5.094259
1 -8.458423 0.292552
10 0.390873 -7.438575
6 -7.099847 -9.661711
6 -7.099847 -9.661711
10 0.390873 -7.438575
5 -1.786386 6.259464
9 3.243202 5.683044
9 -9.605710 -8.327313
8 7.307321 8.530668
9 -9.605710 -8.327313
3 -8.458423 0.292552
8 8.415096 2.673045
10 2.461266 -9.685081
7 -8.548867 -3.502093
1 -8.458423 0.292552
9 -9.605710 -8.327313
2 -0.341117 -0.867537
3 -8.458423 0.292552
3 -8.458423 0.292552
4 6.626551 -0.487059
4 6.626551 -0.487059
7 -8.548867 -3.502093
10 0.390873 -7.438575
3 -8.458423 0.292552
8 8.415096 -1.242166
4 2.986342 6.031530
6 -7.099847 -9.661711
10 4.154016 4.668723
6 -7.099847 -9.661711
6 -7.099847 -9.661711
6 -7.099847 -9.661711
4 -8.962609 -5.393300
7 -8.548867 -3.502093
3 -8.458423 0.292552
2 -4.802158 2.454512
9 -9.605710 -8.327313
