10 100
K -4.873302 3.765650 1.086864
K -2.536736 9.892420 1.367474
Z 2 -3.870181 9.589253 -3.648483 8.614138
P -0.457726 2.042877 4.307009 4.822562
P -3.874714 2.300595 -2.370588 4.092040
Z 3 -2.536736 9.892420 -2.638376 8.897598
P 7.005865 -8.862201 8.315378 -6.674871
P 8.278486 -3.848830 12.114015 -2.555812
K 8.738715 1.069160 3.591002
K 2.313598 7.384924 1.207137
7 8.3154 -6.6749
8 8.2785 -2.5558
7 7.0059 -6.6749
9 8.7387 1.0692
4 -3.8217 3.6469
3 -2.5367 9.8924
4 -0.4577 4.8226
10 2.3136 7.3849
10 2.3136 7.3849
6 -2.5367 9.8924
6 -0.0476 8.7593
9 8.3229 -4.7589
6 -2.5367 9.8924
9 5.8724 -1.2499
10 2.3136 7.3849
9 8.7387 1.0692
8 12.1140 -3.8488
1 2.8799 -5.3798
8 8.2785 -3.8488
7 8.3154 -6.6749
7 -1.5933 7.6518
10 2.3136 7.3849
3 -2.5367 9.8924
1 2.6391 -0.3394
5 -8.2819 8.6784
7 -8.0733 -5.3096
1 -4.8733 3.7656
4 4.3070 4.8226
3 -2.5367 9.8924
1 -4.8733 3.7656
7 8.3154 -8.8622
1 -4.8733 3.7656
5 -6.8556 5.1339
3 -2.5367 9.8924
9 8.7387 1.0692
1 -4.8733 3.7656
10 -8.4018 0.8012
8 8.2785 -3.8488
6 -4.0628 -7.6638
2 -2.5367 9.8924
10 -7.6030 -3.5859
9 8.7387 1.0692
3 -2.5367 9.8924
6 -0.0476 8.7593
8 12.1140 -2.5558
8 4.4223 4.5990
4 -0.4577 2.0429
6 -5.2036 9.2861
4 4.3070 4.8226
6 1.9392 0.7213
6 0.5617 -0.7968
8 8.2785 -3.8488
5 -2.3706 2.3006
10 2.3136 7.3849
5 -3.8747 4.0920
4 4.3070 2.0429
7 7.0059 -6.6749
4 4.3070 4.8226
8 8.2785 -3.8488
10 2.3136 7.3849
4 -0.4577 4.8226
2 1.3912 6.7153
7 7.0059 -8.8622
7 8.3154 -8.8622
7 8.3154 -8.8622
5 -3.8747 4.0920
3 -5.2036 9.2861
2 -2.5367 9.8924
8 8.2785 -3.8488
4 -9.9430 8.3387
1 0.6727 -5.5614
8 12.1140 -2.5558
4 4.3070 2.0429
3 -5.2036 9.2861
6 -2.5367 9.8924
4 4.3070 2.0429
9 3.9926 8.0701
8 8.2785 -3.8488
6 -2.5367 9.8924
10 2.3136 7.3849
2 7.2475 -4.6444
9 8.7387 1.0692
6 -3.4777 -6.4133
1 -4.8733 3.7656
3 -5.2036 9.2861
5 -3.9574 -3.2389
7 8.3154 -6.6749
8 -5.6083 8.9462
7 7.0059 -8.8622
4 -4.1138 -6.6906
5 9.0458 -6.4576
3 -5.2036 9.2861
2 -2.5367 9.8924
10 2.3136 7.3849
10 -9.7936 0.9204
4 6.4610 8.6024
8 8.2785 -3.8488
5 -2.3706 4.0920
9 8.7387 1.0692
10 5.9116 -9.7003
