10 100
P 7.266117 7.413888 10.204211 11.984158
Z 1 3.464810 3.362007 -7.534494 3.196043
Z 1 -9.223799 4.575174 8.128901 -6.509159
Z 2 7.943462 -3.630275 -9.555170 2.308989
K 1.076002 -6.198108 3.917569
K 1.630389 -3.801542 4.610182
Z 6 -4.208163 -7.461193 -8.316719 -2.253013
Z 4 -8.753213 -7.237544 0.144100 6.294021
K 2.647453 -9.869408 3.712294
P -4.015654 -0.504569 -2.742999 1.699069
5 -0.2631 -2.8938
7 5.4862 2.9587
5 1.0760 -6.1981
4 7.3866 -0.5733
2 7.0505 -1.6915
2 7.5245 -5.1415
1 7.2661 11.9842
3 -4.8666 -11.5800
9 2.6475 -9.8694
4 -8.6235 -9.5305
7 -9.1265 -12.2873
9 2.6475 -9.8694
2 2.2301 -8.6075
10 -4.0157 -0.5046
8 -9.1150 -5.7341
4 -0.5253 2.9024
10 -4.0157 -0.5046
3 7.2661 7.4139
3 10.2042 7.4139
10 -2.7430 -0.5046
5 1.0760 -6.1981
10 -2.7430 1.6991
6 1.6304 -3.8015
2 7.2661 11.9842
8 -14.3625 11.2693
3 -3.6313 -14.2458
3 6.2575 6.9163
2 7.3866 -0.5733
10 -1.8531 3.4005
1 7.2661 11.9842
1 7.2661 11.9842
6 1.6304 -3.8015
2 3.1349 2.1071
4 0.2128 4.2340
2 7.2661 7.4139
7 -9.1294 -8.8544
3 5.6170 -6.1801
7 -1.1928 9.3091
3 -4.8666 -11.5800
1 -3.8237 0.4123
2 10.4613 -5.0529
5 1.0760 -6.1981
1 10.2042 7.4139
2 7.2661 11.9842
8 0.2326 -17.3949
2 10.3234 -0.4847
5 1.0760 -6.1981
7 7.2614 5.8717
6 -0.4676 8.2394
10 -4.0157 1.6991
6 3.8054 -2.9290
9 2.6475 -9.8694
4 5.6409 -5.7167
9 2.6475 -9.8694
4 7.9170 -7.5746
6 1.6304 -3.8015
7 -9.1265 -12.2873
7 -9.1265 -12.2873
10 -2.7430 -0.5046
2 3.5311 -5.0229
4 -2.0985 -15.6064
3 10.2042 7.4139
9 2.6475 -9.8694
3 10.2042 11.9842
9 2.6475 -9.8694
10 -2.7430 1.6991
6 1.6304 -3.8015
9 -2.5101 -0.0571
10 -5.9361 9.7708
4 10.3234 -0.4847
10 -2.7430 -0.5046
9 -6.2590 4.3698
7 -9.1265 -12.2873
7 -9.1265 -12.2873
7 -2.7515 7.2727
5 1.0760 -6.1981
3 -3.6313 -14.2458
7 9.4726 -9.0190
2 7.2661 7.4139
6 1.6304 -3.8015
4 7.9170 -7.5746
10 3.9127 0.8794
3 7.2661 7.4139
10 -6.2567 2.7728
3 -3.6313 -14.2458
6 1.6304 -3.8015
6 -7.7022 -5.5881
6 1.6304 -3.8015
4 10.3234 -0.4847
9 2.6475 -9.8694
4 10.4613 -5.0529
7 -9.1265 -12.2873
2 7.5245 -5.1415
8 -3.0817 -0.6491
1 -7.2065 5.8671
4 -8.3464 6.1322
8 10.2042 7.4139
5 -1.3531 9.3305
5 8.2023 8.8500
1 7.2661 7.4139
