10 100
P -8.289364 4.334728 -5.365426 8.518756
P 1.700344 -0.847836 6.108269 3.779453
P -1.099545 -8.167085 1.852304 -3.508136
K -3.558869 -5.547812 3.816265
K 7.201855 3.485720 2.759885
P -1.571194 0.269233 2.094106 2.795385
Z 2 3.271668 -0.301820 5.852991 -7.612433
P 2.679132 3.385544 4.733902 6.733299
K -3.308550 3.117168 1.051296
P 7.218654 -9.647496 11.797389 -6.453077
5 7.201855 3.485720
2 2.701947 7.245625
2 -1.813050 -8.347109
8 2.679132 3.385544
5 7.201855 3.485720
5 -4.847889 -5.972290
10 11.797389 -6.453077
2 -6.369700 -4.246861
7 6.108269 -0.847836
5 7.201855 3.485720
4 2.372198 -7.884570
3 1.852304 -8.167085
2 1.700344 -0.847836
8 4.733902 3.385544
10 11.797389 -6.453077
4 -3.558869 -5.547812
2 6.108269 3.779453
7 6.108269 -0.847836
8 2.679132 3.385544
5 7.201855 3.485720
5 7.201855 3.485720
1 -8.289364 8.518756
10 -1.913393 3.517919
2 6.108269 -0.847836
6 -6.033572 -3.320175
2 -2.417493 4.895496
6 9.854721 -4.258879
5 7.201855 3.485720
7 1.931980 3.861242
7 1.700344 -0.847836
6 2.094106 2.795385
2 -8.997863 -4.496371
10 -8.902797 1.250282
2 1.700344 -0.847836
1 -8.289364 4.334728
7 1.931980 3.861242
4 -3.558869 -5.547812
10 2.807074 -3.716961
8 -4.929715 1.669473
1 7.097646 7.704919
1 -8.289364 4.334728
9 3.945773 8.831265
4 9.632721 6.555535
10 11.797389 -9.647496
3 -1.099545 -8.167085
7 6.108269 -0.847836
1 0.526512 -7.994637
3 1.852304 -8.167085
5 6.357128 7.727715
9 -7.029293 -7.309533
2 1.700344 3.779453
4 -3.558869 -5.547812
1 -5.365426 8.518756
9 -3.308550 3.117168
7 1.767387 -7.957070
3 2.801129 3.422638
10 1.190675 -1.836949
2 -5.573163 2.263577
6 -1.571194 0.269233
2 1.700344 -0.847836
3 1.852304 -3.508136
3 1.852304 -8.167085
3 9.392246 -2.383880
6 -1.571194 0.269233
6 -1.571194 2.795385
1 7.287179 9.830007
4 6.381557 1.828286
10 7.218654 -9.647496
6 -5.363978 1.444961
5 7.201855 3.485720
8 -2.349664 6.525756
1 -5.365426 4.334728
5 -3.640026 5.718736
9 -3.308550 3.117168
1 -8.289364 4.334728
1 -8.289364 4.334728
2 1.700344 -0.847836
7 6.108269 -0.847836
2 1.700344 -0.847836
7 1.406808 -2.507887
2 4.021569 0.340193
6 6.110975 1.607764
9 -3.308550 3.117168
10 7.218654 -6.453077
8 0.042032 2.037414
9 -3.308550 3.117168
1 -5.365426 8.518756
3 1.852304 -3.508136
1 -5.365426 4.334728
10 11.797389 -9.647496
6 2.094106 0.269233
7 1.931980 3.861242
8 4.733902 6.733299
2 -7.999032 -3.180402
5 -4.624743 -0.211824
8 2.228959 -4.048094
1 -5.365426 4.334728
6 -1.571194 0.269233
1 -5.365426 8.518756
7 7.259881 5.794073
