10 100
K 5.807568 5.765817 3.565251
Z 1 7.998995 8.578051 7.210205 9.192714
K -5.404770 -2.037834 3.781321
P 2.682647 -1.696836 4.075992 3.277576
P 4.513385 -5.241039 7.836071 -3.824994
P 1.322579 8.447229 3.394924 12.070804
Z 4 2.682647 3.277576 3.175569 2.407503
K -7.838821 -0.101658 4.797388
K -9.342395 8.237237 4.065970
Z 1 5.807568 5.765817 6.222944 4.856168
10 5.8076 5.7658
5 4.5134 -3.8250
8 6.6704 -9.0091
9 -9.3424 8.2372
3 -5.4048 -2.0378
3 5.2122 3.7858
2 10.1904 11.3903
6 -0.7518 4.5315
1 5.8076 5.7658
4 4.0760 -1.6968
2 10.1904 11.3903
8 -7.8388 -0.1017
6 -9.3517 4.8726
4 -1.5049 4.7245
1 5.8076 5.7658
3 -7.5984 3.3106
6 -7.3261 6.6115
2 5.8076 5.7658
10 5.8076 5.7658
8 -7.8388 -0.1017
4 8.0252 2.8129
6 -8.7599 -7.6281
2 10.1904 11.3903
6 1.3226 8.4472
3 -5.4048 -2.0378
1 2.2606 2.8786
10 -1.5625 -9.1599
3 -5.4048 -2.0378
8 -7.8388 -0.1017
1 5.8076 5.7658
9 -9.3424 8.2372
4 6.8212 3.7899
6 6.4815 2.2805
6 1.3226 8.4472
5 6.8193 -2.4102
1 5.8076 5.7658
10 5.8076 5.7658
1 5.8076 5.7658
2 3.0654 6.4381
10 5.8076 5.7658
7 9.3532 0.7425
2 -5.1812 8.4705
1 5.8076 5.7658
4 2.6826 3.2776
6 1.3226 8.4472
7 -3.2295 -9.3632
4 2.6826 -1.6968
7 -6.6332 7.4457
8 -7.6681 7.6546
7 2.6826 -1.6968
9 -9.3424 8.2372
3 6.7338 4.9030
1 5.8076 5.7658
10 -3.1956 -0.7373
7 2.6826 3.2776
1 5.8076 5.7658
1 5.8076 5.7658
4 4.0760 3.2776
3 7.0076 -6.4102
8 -7.8388 -0.1017
2 -3.7301 6.1369
5 4.5134 -5.2410
2 -4.3525 1.5146
1 6.5873 9.0970
3 -5.4048 -2.0378
5 7.8361 -3.8250
9 -9.3424 8.2372
4 2.6826 3.2776
3 -1.2780 -3.4714
10 5.8076 5.7658
5 -9.3468 -5.6223
5 7.8361 -3.8250
2 1.1520 -9.0856
3 -5.4048 -2.0378
1 5.8076 5.7658
6 -6.2606 0.5506
3 -5.4048 -2.0378
3 -5.4048 -2.0378
1 5.8076 5.7658
7 -3.8523 8.2282
4 4.9675 -6.1657
2 5.8076 5.7658
8 -1.7047 0.1816
1 9.5771 4.3305
5 -5.9824 -3.5301
4 -1.6067 -5.5289
5 4.5134 -3.8250
5 7.8361 -3.8250
7 8.9339 -2.8182
10 5.8076 5.7658
10 -3.7149 6.4183
6 6.9457 -0.0742
6 1.3226 12.0708
10 5.8076 5.7658
8 -7.8388 -0.1017
10 5.8076 5.7658
9 -9.3424 8.2372
3 -5.4048 -2.0378
4 2.6826 3.2776
4 2.6826 3.2776
