10 100
P -2.163816 -4.189193 2.036686 -2.539188
Z 1 -1.650527 0.028250 -2.617093 -2.562085
Z 1 -2.163816 -2.539188 -1.780374 -1.615623
K 7.853365 -9.270549 3.196238
Z 4 7.853365 -9.270549 7.082240 -9.907232
K 6.464163 6.384917 3.581184
P -2.606711 -2.632699 0.787041 0.145630
P -5.162172 -5.224508 -1.465871 -3.293941
K -3.773001 6.405864 4.748338
P 7.028068 3.777587 9.232762 5.903048
9 -3.7730 6.4059
1 -2.1638 -2.5392
1 2.0367 -2.5392
9 -3.7730 6.4059
4 7.8534 -9.2705
9 -3.7730 6.4059
2 -2.1638 -4.1892
4 7.8534 -9.2705
10 9.2328 3.7776
6 6.4642 6.3849
2 8.7734 -4.5505
4 -5.2831 6.5254
7 -2.6067 0.1456
6 6.4642 6.3849
3 1.4126 -0.2276
7 0.3575 0.3707
7 0.7870 0.1456
10 -0.8467 -3.6730
1 4.9387 -9.1118
1 0.3649 3.0919
7 0.7870 0.1456
10 7.0281 5.9030
1 -4.2952 7.6019
9 -3.7730 6.4059
3 0.2257 -5.3453
2 6.0910 -1.3402
1 -2.1638 -2.5392
5 7.8534 -9.2705
5 7.8534 -9.2705
7 -2.6067 -2.6327
4 7.8534 -9.2705
3 2.0367 -2.5392
10 7.0281 3.7776
5 7.8534 -9.2705
3 -9.3717 -7.3098
3 -6.2230 -9.2373
4 7.8534 -9.2705
10 -9.2192 -8.3381
10 7.0281 3.7776
10 5.4300 -5.8015
3 -2.1638 -2.5392
5 7.8534 -9.2705
2 7.6837 6.1714
2 -2.1638 -2.5392
1 2.0367 -2.5392
1 8.1601 1.4477
1 0.4724 1.0560
5 7.8534 -9.2705
1 -7.1441 8.1200
7 -2.6067 -2.6327
7 -2.6067 0.1456
1 6.8982 -1.0537
4 -0.5299 8.5863
10 9.2328 3.7776
1 2.0367 -2.5392
4 7.8534 -9.2705
7 -5.1794 -0.0947
2 -2.1638 -2.5392
6 6.4642 6.3849
3 -2.1638 -2.5392
7 0.7870 -2.6327
3 -3.3325 -3.7040
3 2.3461 -9.8100
5 7.8534 -9.2705
9 -3.7730 6.4059
8 -5.1622 -3.2939
2 2.0367 -2.5392
5 7.8534 -9.2705
2 -2.1638 -2.5392
3 -2.1638 -2.5392
3 -2.4466 -1.0288
7 0.7870 -2.6327
4 7.8534 -9.2705
3 -3.3325 -3.7040
9 -3.7730 6.4059
8 1.6026 9.6385
7 -6.4988 -6.3392
9 -3.7730 6.4059
5 -3.3663 -0.3792
10 9.2328 5.9030
7 -2.6067 -2.6327
6 6.4642 6.3849
10 4.0845 9.9179
9 2.6455 -9.1548
6 5.9151 1.1586
3 -2.1638 -2.5392
7 9.6014 7.3664
9 0.2832 2.7554
10 9.2328 5.9030
7 0.7870 0.1456
7 3.2953 -3.8170
8 -5.1622 -5.2245
8 -5.1622 -5.2245
2 -2.1638 -2.5392
2 7.1659 4.4824
7 0.7870 -2.6327
10 9.2328 3.7776
9 -3.7730 6.4059
8 -5.1622 -3.2939
3 -2.1638 -4.1892
