10 100
P -3.105633 -4.316513 0.966843 -1.010355
P -2.148286 -0.255841 1.499941 3.881721
K -7.725813 5.486416 3.092851
Z 3 9.196921 -0.667686 5.863299 -6.442704
Z 1 -0.928584 -1.218910 2.756071 0.385389
P 8.390182 -6.599967 12.544234 -4.596139
P 1.835548 -5.530110 4.477977 -2.622386
Z 3 -7.725813 5.486416 -7.451341 6.448011
Z 7 1.394899 7.409694 0.262699 -3.082010
K -0.536178 -7.680608 3.290277
7 -9.183329 5.428588
8 -7.725813 5.486416
10 -6.068948 -5.951212
6 12.544234 -6.599967
10 -1.829027 -5.427406
3 -7.725813 5.486416
7 -9.432457 3.529024
7 4.477977 -5.530110
9 4.477977 -2.622386
10 -0.536178 -7.680608
8 -7.725813 5.486416
3 -7.725813 5.486416
2 9.561321 -8.761692
3 7.217693 -3.991057
5 0.966843 -1.010355
2 -2.148286 -0.255841
1 0.966843 -1.010355
2 1.499941 -0.255841
2 -2.148286 3.881721
10 -0.536178 -7.680608
6 -7.647426 -0.552999
7 1.835548 -2.622386
6 3.620395 -5.017308
1 -3.105633 -1.010355
1 0.966843 -4.316513
5 -4.109336 -5.470692
9 4.477977 -2.622386
10 -0.536178 -7.680608
3 -7.725813 5.486416
7 1.835548 -5.530110
4 -7.725813 5.486416
6 12.544234 -6.599967
1 8.437342 5.145325
7 1.835548 -5.530110
2 1.499941 -0.255841
3 4.280496 2.460482
4 -7.725813 5.486416
10 -0.536178 -7.680608
10 -0.536178 -7.680608
7 8.287473 5.459501
4 6.110044 5.636036
8 -7.725813 5.486416
1 -3.105633 -4.316513
8 -7.725813 5.486416
9 4.477977 -5.530110
7 -3.542646 0.594208
3 -3.617051 3.432547
3 -7.725813 5.486416
7 1.835548 -2.622386
1 0.966843 -1.010355
7 4.477977 -5.530110
5 -1.904806 2.278915
5 -3.105633 -4.316513
9 1.835548 -5.530110
3 -7.725813 5.486416
7 4.477977 -5.530110
1 2.100468 6.966098
1 0.966843 -4.316513
8 0.128216 -3.077497
9 -4.377818 -4.574447
5 1.378043 5.592215
4 -7.704838 -0.535725
3 5.295827 8.320690
4 22.989661 -12.244050
3 -7.725813 5.486416
5 -2.259086 -2.954653
3 -7.725813 5.486416
1 -5.825396 -4.971487
3 9.574841 4.255568
6 8.390182 -4.596139
8 -7.239231 5.563026
5 -3.105633 -1.010355
1 0.966843 -1.010355
5 4.427160 5.177086
2 -9.808536 3.105368
6 -7.750115 1.584892
9 -1.657478 -0.507340
9 -3.757474 -1.733666
10 -5.534415 3.444971
8 -7.725813 5.486416
6 -0.409522 1.570843
10 -1.817896 1.054550
7 -9.485030 -2.728549
8 -4.697910 7.457877
9 4.644064 -8.477139
5 0.515392 0.026511
6 8.838153 7.142892
1 0.966843 -4.316513
1 0.966843 -4.316513
4 6.939946 4.820122
6 12.544234 -4.596139
2 -2.148286 -0.255841
5 -1.904806 2.278915
2 -4.885380 5.683249
2 6.111701 6.049435
10 -0.536178 -7.680608
5 -3.105633 -1.010355
1 0.966843 -1.010355
7 1.835548 -5.530110
6 12.544234 -4.596139
