10 100
K -1.404087 0.668147 3.937284
Z 1 1.903714 2.803717 1.361317 3.643840
Z 1 1.884178 2.833678 1.334171 3.668838
P 4.010019 -6.295573 7.274696 -5.134411
P -1.329034 -8.987268 -0.198707 -5.658001
K 9.642108 6.906888 3.872060
P -8.692567 -6.733236 -4.851578 -5.294905
K 7.266040 -9.720678 1.299245
K 8.924130 5.259520 2.752658
K 5.667793 -6.894123 4.822152
1 -1.1919 -0.1372
6 -5.5624 -7.5168
4 4.0100 -5.1344
2 -1.4041 0.6681
9 8.9241 5.2595
5 -1.3290 -5.6580
7 -4.8516 -6.7332
5 0.1801 -7.6631
10 5.6678 -6.8941
4 4.0100 -6.2956
10 5.6678 -6.8941
5 -0.1987 -8.9873
5 -1.3290 -8.9873
9 8.9241 5.2595
7 -4.8516 -6.7332
9 8.9241 5.2595
10 5.6678 -6.8941
7 -8.6926 -5.2949
7 3.2564 7.4262
4 3.4449 5.4779
1 -4.2674 2.6213
1 -1.4041 0.6681
5 -1.3290 -8.9873
2 -1.4041 0.6681
5 -0.1987 -8.9873
9 0.4677 2.5120
4 -8.7643 -0.0399
5 -1.3290 -8.9873
10 5.6678 -6.8941
8 -4.2399 -7.1708
1 -0.5903 -4.9647
7 -8.6926 -5.2949
4 7.2747 -6.2956
1 -1.4041 0.6681
6 1.1535 -0.6001
5 -1.3290 -5.6580
7 -0.4690 9.5334
1 -1.4041 0.6681
5 -1.3290 -5.6580
10 5.6678 -6.8941
10 5.6678 -6.8941
1 -1.4041 0.6681
4 -6.5376 -1.3590
6 9.6421 6.9069
3 5.1724 4.9992
7 -4.8516 -5.2949
6 9.6421 6.9069
8 7.2660 -9.7207
1 -1.4041 0.6681
9 8.9241 5.2595
5 -0.1987 -5.6580
4 7.2747 -5.1344
6 5.9173 9.0244
2 -2.5476 -5.8132
1 -6.8115 1.7640
8 -7.2177 -2.5417
10 9.2104 5.7196
7 -8.0361 4.8360
5 4.2847 2.7697
4 7.1757 6.3627
9 8.9241 5.2595
2 7.2173 -6.3950
1 -1.4041 0.6681
7 -4.8516 -6.7332
3 -9.5734 -3.9909
4 7.2747 -5.1344
7 -4.8516 -6.7332
8 1.6860 -2.1197
2 -6.0400 -5.0301
7 -4.8516 -5.2949
4 4.0100 -6.2956
6 9.6421 6.9069
4 -3.6800 9.1699
6 9.6421 6.9069
5 -1.3290 -5.6580
2 -1.4041 0.6681
9 8.9241 5.2595
1 -3.4253 1.7769
2 -1.4041 0.6681
7 -4.8516 -5.2949
1 -4.3641 1.7054
9 8.9241 5.2595
2 -1.4041 0.6681
10 -7.3953 -9.2584
10 -4.1102 6.3480
3 5.1724 4.9992
4 7.2747 -5.1344
2 8.9475 0.6365
7 -3.2125 -6.2456
3 -1.4041 0.6681
4 7.2747 -5.1344
6 9.6421 6.9069
5 -0.1987 -8.9873
8 7.2660 -9.7207
9 2.2900 4.2808
6 -7.2238 -9.6767
6 9.6421 6.9069
6 9.6421 6.9069
1 -1.4041 0.6681
8 7.2660 -9.7207
