10 100
K 4.558572 -1.152913 3.408499
K 7.688667 6.777517 2.050555
Z 1 7.046874 -3.482338 7.730291 -2.752309
Z 2 7.688667 6.777517 8.688080 6.811786
Z 2 7.688667 6.777517 6.915737 6.143026
Z 2 9.216117 8.145608 8.548937 8.890504
P 0.904559 5.156971 3.073332 9.441303
Z 2 6.286995 8.274212 5.557098 7.590655
K 4.592268 -8.173970 4.483164
P -3.912850 2.402386 -0.645707 5.904801
2 -4.521602 -6.345889
7 3.472026 -2.900686
1 4.558572 -1.152913
5 7.688667 6.777517
9 4.592268 -8.173970
3 4.558572 -1.152913
5 7.688667 6.777517
4 8.662123 -2.905392
5 7.688667 6.777517
4 -6.084193 -1.544167
10 -3.912850 2.402386
7 0.904559 5.156971
8 4.885324 9.770906
9 -5.588468 5.155474
10 -3.912850 2.402386
6 10.743568 9.513699
9 4.592268 -8.173970
7 -5.555416 -4.588861
5 7.688667 6.777517
6 7.688667 6.777517
1 4.558572 -1.152913
4 7.688667 6.777517
9 4.592268 -8.173970
8 4.885324 9.770906
3 3.704491 9.439029
4 -2.302395 -8.112918
8 -4.034758 6.020743
8 4.885324 9.770906
9 4.592268 -8.173970
6 7.688667 6.777517
6 10.743568 9.513699
7 1.802154 -2.928874
5 7.688667 6.777517
5 7.688667 6.777517
7 0.904559 9.441303
5 -0.443011 -5.721443
2 7.688667 6.777517
6 7.688667 6.777517
7 -5.774473 -7.040666
8 7.688667 6.777517
2 2.834787 -8.900765
7 3.073332 9.441303
9 4.592268 -8.173970
10 -3.912850 2.402386
8 3.334415 9.075432
5 7.688667 6.777517
9 4.592268 -8.173970
9 4.592268 -8.173970
5 4.439797 -7.723889
10 -2.651449 -8.563084
6 10.743568 9.513699
9 2.058731 -4.286188
2 7.688667 6.777517
6 10.743568 9.513699
10 -9.383682 -8.291289
1 4.558572 -1.152913
9 4.592268 -8.173970
4 7.688667 6.777517
1 3.237140 -4.007629
8 4.885324 9.770906
7 5.855522 7.668935
8 4.885324 9.770906
8 4.885324 9.770906
2 7.688667 6.777517
6 7.688667 6.777517
7 -9.434216 -2.611378
1 -5.228999 2.077028
3 -9.645306 8.696023
4 -6.100411 7.871354
6 -6.023465 -2.670136
10 -3.912850 5.904801
7 3.073332 9.441303
10 1.737523 6.547645
5 7.688667 6.777517
1 4.558572 -1.152913
7 0.904559 9.441303
7 -1.999957 5.875252
7 0.904559 5.156971
3 4.558572 -1.152913
10 -0.645707 5.904801
10 -3.912850 5.904801
4 7.688667 6.777517
3 -6.032759 -4.739408
9 6.769679 2.718119
2 7.688667 6.777517
6 10.743568 9.513699
8 7.688667 6.777517
5 7.688667 6.777517
10 -0.645707 2.402386
6 1.237406 -5.060504
5 7.688667 6.777517
9 4.592268 -8.173970
4 7.688667 6.777517
7 3.073332 9.441303
3 4.558572 -1.152913
5 -2.250386 -1.503893
9 -0.729552 -5.887355
1 -3.827279 -1.052238
5 7.688667 6.777517
8 -8.277052 -2.084084
