10 100
K 4.976843 -4.028466 4.558819
P 3.341443 -4.408544 8.061814 -0.393283
Z 2 1.754869 -3.454296 1.401139 7.487274
P 2.027283 4.376576 6.054801 9.111482
K 7.166680 -4.402859 1.910844
K 3.242321 -7.037446 3.647889
K 0.577876 -2.287327 3.935656
Z 6 4.864784 -3.770228 3.969139 -3.325461
P 1.976879 -2.503463 4.193282 0.497765
Z 7 0.577876 -2.287327 1.577826 -2.297310
7 0.5779 -2.2873
10 0.5779 -2.2873
2 3.1610 7.9113
9 -9.9097 7.6320
8 3.2423 -7.0374
3 8.0618 -4.4085
9 4.1933 0.4978
10 0.5779 -2.2873
6 3.2423 -7.0374
5 7.1667 -4.4029
5 7.1667 -4.4029
1 3.7584 4.2182
8 3.2423 -7.0374
4 6.0548 4.3766
10 0.3950 -0.0789
5 1.6578 -6.9481
4 6.0548 4.3766
6 -0.6744 5.3563
2 -7.3018 4.8036
5 7.1667 -4.4029
4 2.0273 4.3766
1 4.9768 -4.0285
4 6.0548 4.3766
1 -5.8438 0.8740
5 7.1667 -4.4029
3 -4.7366 -0.8070
1 4.9768 -4.0285
6 8.9086 1.5684
3 -4.4773 -4.8139
3 -9.5759 2.3216
8 3.2423 -7.0374
2 8.0618 -4.4085
6 -8.8033 -0.4233
6 3.2423 -7.0374
1 -0.1912 -5.0736
5 7.1667 -4.4029
7 4.2854 8.1516
4 6.0548 9.1115
1 4.9768 -4.0285
1 4.9768 -4.0285
6 -1.6207 4.8369
6 9.5799 0.5619
2 3.3414 -4.4085
10 3.1249 6.6075
10 -1.3424 -8.6231
4 6.0548 9.1115
9 4.1933 -2.5035
5 5.2602 -7.6311
9 1.9769 -2.5035
2 3.3414 -0.3933
6 3.2423 -7.0374
4 -2.8205 -5.2235
4 6.0548 9.1115
5 7.1667 -4.4029
5 -4.8098 -0.5648
5 7.1667 -4.4029
1 7.0870 -6.6110
6 3.2423 -7.0374
10 0.5779 -2.2873
10 0.5779 -2.2873
3 -4.4773 -4.8139
1 1.7129 -1.6475
10 0.5779 -2.2873
6 1.4948 9.4152
9 7.4590 7.6614
4 2.0273 9.1115
8 6.4872 -0.5030
7 2.3964 2.2875
4 2.0273 4.3766
6 3.2423 -7.0374
1 4.9768 -4.0285
5 7.1667 -4.4029
1 4.9768 -4.0285
2 2.0692 -8.8352
4 6.0548 9.1115
4 8.5943 2.1852
5 -1.5155 -5.4437
8 3.2423 -7.0374
9 4.1933 0.4978
7 0.5779 -2.2873
1 4.9768 -4.0285
7 0.5779 -2.2873
2 -7.9794 9.5223
10 0.5779 -2.2873
4 2.0273 4.3766
4 -5.4481 -8.7181
6 3.2423 -7.0374
9 4.1933 0.4978
10 0.5779 -2.2873
5 7.1667 -4.4029
1 4.9768 -4.0285
2 3.3414 -0.3933
5 -2.5410 1.6421
7 1.6620 6.5528
10 7.0122 3.0413
10 0.5779 -2.2873
2 6.3656 -9.4838
10 0.5779 -2.2873
1 5.0286 7.3156
10 0.5779 -2.2873
