10 100
P -7.799849 -9.846789 -3.556950 -6.100355
P 5.420015 2.086793 7.332470 5.560293
Z 1 -2.405648 1.645012 1.690291 2.778055
K 7.089915 4.340444 4.366944
P -2.666902 6.394630 2.019110 10.388036
K 1.545888 0.077853 1.408504
K 6.264100 -8.389332 4.368986
P -5.358011 -0.916453 -2.869008 3.962808
K -4.568706 5.966875 1.427146
K -0.461008 7.661874 2.017333
2 7.332470 5.560293
8 -3.295230 9.834418
7 6.264100 -8.389332
8 2.271834 -3.553290
4 7.089915 4.340444
8 -5.358011 -0.916453
1 -7.799849 -6.100355
10 -0.461008 7.661874
9 -6.899300 4.592115
5 5.441471 7.745746
4 7.089915 4.340444
5 8.915662 -9.240140
8 -5.358011 -0.916453
7 6.264100 -8.389332
3 -7.373817 7.697573
5 2.019110 10.388036
4 7.089915 4.340444
6 1.545888 0.077853
8 -5.358011 -0.916453
8 -2.869008 -0.916453
5 2.019110 10.388036
6 0.952431 -6.776339
1 -1.550793 -0.594790
3 -12.938911 8.730859
3 -7.799849 -9.846789
7 6.264100 -8.389332
6 1.545888 0.077853
3 2.264904 0.637340
8 -2.869008 3.962808
1 -9.503268 -9.999329
6 1.545888 0.077853
2 -4.642234 -9.996146
3 -7.373817 7.697573
2 7.332470 2.086793
4 -0.750358 1.884841
8 -5.720218 -8.955419
5 2.387087 -3.470246
8 8.721120 -7.884226
4 3.483161 -4.938659
6 0.556716 6.055127
2 5.420015 5.560293
1 -3.556950 -6.100355
8 -1.003236 -4.598622
5 -4.195362 9.980229
8 -6.289682 8.359663
6 1.545888 0.077853
6 1.545888 0.077853
4 -0.840864 4.888268
7 6.264100 -8.389332
10 -3.387609 -5.519972
4 7.089915 4.340444
5 2.019110 6.394630
5 6.256963 5.660408
7 -2.019194 -0.063583
1 -7.799849 -6.100355
5 6.658956 9.602741
8 -2.869008 3.962808
7 6.264100 -8.389332
1 5.972734 8.654689
7 -5.580898 1.841940
4 7.089915 4.340444
3 -3.556950 -6.100355
2 -8.862709 -2.867605
8 -4.674275 -2.926157
1 -3.556950 -9.846789
8 -9.963126 5.328736
8 -7.672168 -0.437108
9 -4.568706 5.966875
6 1.545888 0.077853
1 -4.122203 0.498077
5 6.672568 8.516164
1 -7.799849 -9.846789
9 1.390555 -5.273494
6 1.545888 0.077853
8 -5.358011 -0.916453
10 0.764444 -8.268633
4 7.089915 4.340444
7 6.264100 -8.389332
5 -5.536941 -2.150031
4 9.750318 -2.829290
1 -0.073843 -8.493373
8 -5.358011 -0.916453
10 6.689826 0.183244
4 7.089915 4.340444
7 -6.760849 7.601893
8 -5.358011 3.962808
7 7.506864 2.486182
4 7.089915 4.340444
7 -2.288148 2.530648
9 -4.568706 5.966875
4 7.089915 4.340444
5 1.575438 -3.176834
1 -7.799849 -9.846789
6 1.545888 0.077853
5 4.140813 6.489770
5 -3.390375 8.408093
10 3.986384 0.402353
10 -0.461008 7.661874
6 -8.212580 9.622110
5 -2.666902 10.388036
