10 100
K 7.954331 7.661169 3.059036
P -7.401827 -9.227426 -5.297327 -5.293739
K -4.338373 -4.255707 2.981065
K 6.342513 9.986184 2.644468
P -2.644642 4.659264 0.264353 6.255348
K 3.116943 -9.420784 1.263783
Z 5 -4.912407 -4.013421 -5.856011 4.984495
P 1.203199 6.619474 3.977084 10.111466
P -1.969860 -7.338005 0.904986 -4.906615
K 2.636008 9.017764 2.829385
10 2.636008 9.017764
4 3.230283 -9.358310
7 -12.106869 4.957987
1 7.954331 7.661169
4 -3.795854 0.045398
4 9.212000 2.921214
1 7.954331 7.661169
3 -4.338373 -4.255707
6 3.116943 -9.420784
3 -5.993227 1.160253
1 7.954331 7.661169
5 7.067321 -9.847833
8 1.203199 10.111466
6 -1.694149 3.719262
8 6.869885 -9.910434
7 -12.106869 4.957987
6 3.116943 -9.420784
10 -6.573005 1.297425
6 3.168555 1.804205
6 -8.890865 -3.437771
5 -2.644642 4.659264
8 -1.041137 -5.107228
7 -2.644642 4.659264
2 -2.481857 2.060881
7 -5.889659 -9.328926
4 6.342513 9.986184
8 3.977084 6.619474
3 0.526048 -7.532843
4 6.342513 9.986184
7 7.263204 -1.586338
4 6.342513 9.986184
8 1.203199 10.111466
9 -3.297312 -9.216644
2 -7.401827 -5.293739
5 -7.494986 -4.678168
7 -12.106869 4.957987
6 3.116943 -9.420784
10 -7.063350 2.742749
8 3.046479 6.915252
5 3.128977 -2.051231
9 -1.969860 -7.338005
5 -2.852640 7.362801
10 2.636008 9.017764
8 1.203199 6.619474
10 3.843379 -1.730673
8 -9.143946 -7.018794
3 -4.338373 -4.255707
3 -4.338373 -4.255707
5 -2.644642 6.255348
8 -2.378999 -2.889643
7 8.040048 -2.669376
1 7.954331 7.661169
8 1.203199 6.619474
3 -7.140472 2.744932
7 -8.364782 4.895166
5 -2.644642 4.659264
1 7.954331 7.661169
5 -0.222275 6.933678
7 -11.775751 3.396628
7 -7.350496 9.442333
7 0.264353 4.659264
10 -3.997278 7.254079
3 -4.338373 -4.255707
6 -6.129023 7.495707
2 -7.401827 -5.293739
6 7.133353 9.179852
1 7.954331 7.661169
5 6.977750 -1.962451
2 -5.297327 -5.293739
5 5.121108 -4.394139
1 7.954331 7.661169
5 0.264353 6.255348
3 -4.338373 -4.255707
8 5.764159 2.128079
3 -3.536937 -9.489395
6 -2.035353 -9.417787
4 -2.621754 0.024967
8 1.203199 10.111466
2 -0.488685 -9.459139
4 6.342513 9.986184
9 7.620973 0.644201
1 7.954331 7.661169
10 2.636008 9.017764
1 7.954331 7.661169
4 6.342513 9.986184
10 2.636008 9.017764
4 6.342513 9.986184
8 -0.873748 -6.719474
2 7.134823 9.822386
1 8.563809 -4.365836
10 2.636008 9.017764
1 7.954331 7.661169
9 -1.969860 -4.906615
4 6.342513 9.986184
4 -0.328284 -5.739721
6 9.179289 -7.385649
6 -8.535453 8.047750
4 6.342513 9.986184
9 -1.969860 -7.338005
4 6.342513 9.986184
