10 100
K 1.087400 2.824535 3.499960
K -1.596085 8.145266 4.578275
P 7.969560 0.571004 9.717743 2.915922
K -6.728502 9.119625 1.281567
P 2.239943 7.384175 4.698256 11.424887
P -7.036171 -1.162820 -3.354970 2.585801
K 8.728312 4.040202 4.130931
P 9.543815 -6.846701 13.830806 -5.164857
K 7.665496 3.962433 2.377423
K 2.527062 -7.612058 2.265228
10 1.569521 7.649258
1 1.087400 2.824535
8 -0.084780 -8.416674
3 7.226865 -6.792230
6 -3.354970 2.585801
4 -6.728502 9.119625
2 -1.596085 8.145266
4 2.961876 4.659806
2 -1.596085 8.145266
7 8.728312 4.040202
10 2.527062 -7.612058
4 -6.728502 9.119625
3 -2.753010 7.815554
4 -1.864717 6.404202
8 -6.826401 7.071368
2 0.859321 0.564765
1 1.087400 2.824535
4 -6.728502 9.119625
3 7.969560 0.571004
10 -4.827699 9.725459
8 6.220169 1.216411
2 -1.596085 8.145266
5 2.239943 7.384175
2 -2.511145 -1.510328
4 -6.728502 9.119625
10 2.527062 -7.612058
1 1.087400 2.824535
10 -3.952251 7.135409
5 2.239943 7.384175
9 7.665496 3.962433
2 -1.596085 8.145266
1 1.087400 2.824535
10 2.527062 -7.612058
10 2.628130 -1.361015
1 1.087400 2.824535
8 13.830806 -5.164857
10 -2.284761 1.824389
1 7.114944 -1.091143
2 -1.596085 8.145266
8 9.543815 -5.164857
3 7.969560 0.571004
9 7.665496 3.962433
8 9.543815 -6.846701
3 -2.427625 9.763848
5 2.239943 11.424887
10 2.527062 -7.612058
1 1.087400 2.824535
7 8.728312 4.040202
4 2.727518 -8.418534
8 13.830806 -5.164857
6 -6.071838 -9.015750
9 7.665496 3.962433
9 7.665496 3.962433
6 -8.291854 8.697561
1 1.087400 2.824535
5 2.239943 11.424887
1 1.087400 2.824535
1 1.087400 2.824535
8 7.492597 1.174928
5 2.239943 11.424887
4 -9.183650 4.188840
9 7.665496 3.962433
2 -1.596085 8.145266
8 13.830806 -6.846701
8 -9.284347 4.784843
6 -7.036171 -1.162820
7 8.728312 4.040202
5 8.131427 -4.062947
6 -7.036171 -1.162820
10 2.527062 -7.612058
10 2.527062 -7.612058
8 -3.352600 7.166506
10 -6.972778 2.615464
1 1.087400 2.824535
7 8.728312 4.040202
1 1.087400 2.824535
7 -8.834877 5.777497
9 7.665496 3.962433
8 -4.507406 6.159694
8 13.830806 -5.164857
2 -1.596085 8.145266
7 2.957904 -7.805721
2 -0.467996 8.053377
1 0.645154 -2.183664
1 1.087400 2.824535
7 8.728312 4.040202
9 7.665496 3.962433
3 7.969560 0.571004
10 2.527062 -7.612058
2 -1.596085 8.145266
9 -4.851172 4.040619
4 -6.728502 9.119625
5 6.629140 9.384974
7 8.728312 4.040202
3 -3.257955 2.041578
1 1.087400 2.824535
6 -7.981056 -3.872213
1 1.087400 2.824535
2 -8.040582 -6.555980
1 1.087400 2.824535
