10 100
K 0.051146 7.630956 3.177084
Z 1 0.051146 7.630956 -0.538115 6.823013
P -7.910829 5.029413 -4.901359 9.083633
P -1.916310 -6.548712 1.600671 -2.808399
Z 1 -3.093833 -0.888532 -2.870298 9.145176
K 0.329677 2.688575 3.709560
P 5.575828 -9.000224 8.423815 -4.658363
K 1.292949 6.822394 1.410807
Z 1 0.051146 7.630956 0.709533 6.878277
Z 3 -9.672954 -4.434639 0.283853 0.338182
9 0.0511 7.6310
7 5.5758 -9.0002
3 6.8603 9.0223
10 -1.1914 -8.9883
9 0.0511 7.6310
1 0.0511 7.6310
9 0.0511 7.6310
3 -2.9623 -4.2576
3 1.0198 -6.6703
9 0.0511 7.6310
2 0.0511 7.6310
1 -4.5326 -7.4037
8 4.8085 8.7399
5 -5.8563 7.7626
4 1.6007 -2.8084
7 5.5758 -4.6584
5 -5.8563 7.7626
2 5.0759 -0.5518
9 0.0511 7.6310
6 -8.2240 1.4836
2 9.7371 2.8606
5 0.0511 7.6310
5 0.0511 7.6310
5 -5.8563 7.7626
8 1.2929 6.8224
4 -1.9163 -2.8084
8 1.2929 6.8224
10 -4.9014 5.0294
5 0.0511 7.6310
5 0.0511 7.6310
6 0.5227 -0.5402
5 -2.0842 -2.5428
10 1.2794 -5.5423
6 0.3297 2.6886
9 0.0511 7.6310
3 5.0106 -6.4065
6 -2.3656 8.2080
1 4.9691 5.5938
5 -5.8563 7.7626
2 1.0726 5.5419
3 1.2179 -4.4930
10 -4.9014 5.0294
9 -0.1879 8.3690
8 1.2929 6.8224
8 -2.9686 1.8556
7 8.4238 -9.0002
9 0.0511 7.6310
6 -7.2637 2.4380
1 0.0511 7.6310
5 0.0511 7.6310
5 6.7341 6.3614
9 0.0511 7.6310
7 -3.6911 -6.7443
8 1.2929 6.8224
9 1.7144 9.6487
5 2.5050 7.4578
10 1.9692 -11.5275
8 -6.1117 -0.5197
9 1.6765 -0.0815
7 -3.0481 6.7109
7 8.4238 -4.6584
5 -5.8563 7.7626
8 1.2929 6.8224
6 4.6488 4.2417
4 7.5259 0.4538
8 1.2929 6.8224
9 -1.0387 9.9178
7 5.5758 -4.6584
3 -7.9108 9.0836
7 5.5758 -9.0002
8 5.9355 -0.2041
1 0.0511 7.6310
5 -5.9252 0.9817
10 -7.9108 9.0836
4 1.6007 -2.8084
9 0.0511 7.6310
10 -4.9014 5.0294
3 -4.9014 9.0836
10 1.9692 -11.5275
5 -5.8563 7.7626
6 2.7751 -7.7252
8 1.2929 6.8224
8 -7.3274 -8.6655
9 0.0511 7.6310
1 0.0511 7.6310
3 -4.9014 9.0836
9 0.0511 7.6310
4 -1.9163 -2.8084
8 1.2929 6.8224
5 0.0511 7.6310
1 0.0511 7.6310
7 2.4649 -3.1312
10 0.6935 -6.6422
4 -1.9163 -6.5487
3 -4.9014 9.0836
9 0.0511 7.6310
2 0.0511 7.6310
3 -7.9108 9.0836
8 8.1754 -5.1570
7 5.6820 1.0194
