10 100
P -2.826080 5.075466 0.921919 6.584156
P 7.970077 -4.715565 12.230642 -0.801410
Z 1 -0.670608 -8.644319 0.577348 -9.095289
P 6.804205 1.368368 9.425426 3.288817
K -5.893588 -2.760794 4.030830
Z 5 2.481643 0.282054 7.071045 -4.981026
K -3.617234 -5.184535 3.036200
Z 2 8.633931 7.076966 6.420174 6.009869
P 1.422712 -1.622933 6.274044 -0.106368
Z 1 -6.100562 5.322793 -9.957653 3.310233
5 4.3431 6.3278
2 6.7239 -7.4676
2 3.0803 -6.2634
4 9.4254 3.2888
7 7.9798 -3.9681
10 -1.0490 10.3614
6 6.6362 8.1652
6 -5.8936 -2.7608
4 -9.1385 8.8088
10 0.9219 5.0755
9 2.6430 -1.7190
1 0.9219 5.0755
5 -5.8936 -2.7608
5 -5.8936 -2.7608
2 12.2306 -0.8014
10 0.9219 5.0755
3 1.0622 -3.6732
4 9.4254 1.3684
1 -2.8261 6.5842
5 -8.4519 8.5510
5 -5.8936 -2.7608
7 -3.6172 -5.1845
5 -5.8936 -2.7608
8 2.0572 11.4652
5 -8.1736 -3.7357
2 7.9701 -4.7156
2 12.2306 -0.8014
5 -5.8936 -2.7608
5 -5.8936 -2.7608
8 2.0572 11.4652
2 0.5137 5.0622
3 -9.1809 -21.3730
5 7.6628 -1.1354
2 12.2306 -4.7156
2 12.2306 -4.7156
7 -6.3717 6.7934
6 -5.8936 -2.7608
2 0.7442 -9.3883
5 -5.8936 -2.7608
10 0.9219 6.5842
2 -5.0827 8.7463
6 7.9495 0.6715
9 6.2740 -1.6229
9 -0.4749 8.8853
7 -6.5527 3.6128
3 -2.8261 6.5842
3 0.9219 6.5842
1 2.2675 2.8673
10 -1.0490 10.3614
8 7.9701 -0.8014
6 6.7463 -7.4134
8 12.2306 -4.7156
4 6.8042 1.3684
9 -2.9814 -6.9511
7 -3.6172 -5.1845
9 1.4227 -0.1064
10 -2.8261 6.5842
10 2.6746 0.4785
7 -3.6172 -5.1845
1 -4.9459 9.6114
10 9.2727 -6.5178
6 6.6362 8.1652
4 3.0389 3.9810
9 6.2740 -1.6229
3 0.9219 6.5842
9 1.4227 -1.6229
4 5.0853 2.4775
9 1.4227 -1.6229
4 9.4254 1.3684
2 7.9701 -4.7156
10 0.9219 6.5842
7 -3.6172 -5.1845
8 12.2306 -4.7156
5 -5.8936 -2.7608
5 -5.8936 -2.7608
7 -3.6172 -5.1845
4 -6.2893 -7.3649
10 4.4903 3.0073
4 6.8042 1.3684
3 -4.4053 2.1332
3 5.2243 -7.5586
9 1.4227 -1.6229
6 9.4297 2.3144
8 4.7112 14.7982
6 -5.8936 -2.7608
7 -3.6172 -5.1845
2 12.2306 -4.7156
4 3.2590 8.8654
2 -6.0756 9.5160
10 -1.0490 10.3614
8 7.9701 -4.7156
7 8.8933 0.9413
1 -8.1268 -8.8956
4 6.8042 3.2888
9 1.4227 -1.6229
1 -4.5587 -0.2159
7 -3.6172 -5.1845
6 -7.0753 0.7427
4 9.4254 3.2888
4 9.4254 1.3684
