10 100
P 8.593455 -6.143163 11.534355 -3.253826
Z 1 -4.026250 -9.527510 -9.571425 -6.350663
Z 2 3.021865 -3.322437 8.681703 0.524346
K 6.533917 2.493595 3.150502
K 6.825582 -3.887384 4.427799
Z 3 -2.329904 9.554525 -3.272555 -7.753564
P -9.518030 -9.937191 -5.599138 -7.237586
Z 4 9.607744 1.802762 9.827021 2.778424
P -0.925034 2.674853 2.278034 5.903109
Z 7 1.357738 7.091870 -5.730256 -6.987145
9 4.874843 -0.461226
4 6.533917 2.493595
2 -3.055575 -23.587164
5 -8.270070 1.874982
6 10.032792 -1.141166
9 2.278034 5.903109
7 5.207243 -1.473806
1 11.534355 -3.253826
2 0.924392 -24.662813
7 -5.599138 -9.937191
6 11.534355 -3.253826
7 -9.518030 -9.937191
7 -9.518030 -7.237586
8 12.681571 1.111929
8 7.185520 -7.373727
8 6.533917 2.493595
2 -8.430190 3.984032
3 11.534355 -6.143163
2 -4.725637 -9.979141
6 5.136247 1.832823
3 0.924392 -24.662813
10 -3.675477 -10.178983
2 -7.212156 -9.652699
10 -5.599138 -7.237586
8 6.533917 2.493595
3 2.449717 2.896225
5 4.192291 3.865598
7 -9.518030 -7.237586
6 -4.174112 -0.295619
4 6.533917 2.493595
4 -0.099281 6.144730
8 -4.544549 2.370449
6 10.032792 -1.141166
8 -3.041176 1.084525
4 6.533917 2.493595
3 11.534355 -3.253826
7 3.779775 -6.878816
8 -1.121203 -0.693783
8 12.681571 1.111929
8 5.329410 -4.183018
4 -3.642350 5.857515
4 -8.675720 -4.017002
3 6.218626 4.567297
10 -5.857228 0.619266
4 6.533917 2.493595
2 1.027798 -4.699125
8 1.620278 7.462892
3 6.218626 4.567297
8 12.681571 1.111929
2 -0.563047 -22.125804
6 4.620484 -0.277028
2 8.593455 -6.143163
9 -0.925034 2.674853
4 3.713040 4.694536
6 -4.064702 -4.904861
3 8.593455 -6.143163
2 -1.568135 -26.124173
8 7.356322 1.896388
10 9.983355 5.903989
5 3.766579 -3.805045
6 8.593455 -3.253826
2 -1.568135 -26.124173
7 -9.518030 -7.237586
7 -5.599138 -9.937191
1 -6.575861 2.016533
5 -4.098760 -9.820612
8 12.681571 1.111929
1 11.534355 -6.143163
6 -0.306777 7.392613
4 6.533917 2.493595
5 6.825582 -3.887384
2 -1.568135 -26.124173
9 2.278034 2.674853
9 -2.507501 -5.075926
2 8.593455 -6.143163
1 -4.481158 0.622404
10 -3.675477 -10.178983
7 -9.518030 -9.937191
10 3.559216 8.912554
3 2.449717 2.896225
6 -14.579690 -1.991746
1 -2.332236 4.768806
3 11.534355 -3.253826
5 6.825582 -3.887384
6 -0.563047 -22.125804
7 1.364055 8.267169
1 11.534355 -3.253826
6 -0.695893 -1.547426
7 9.467497 9.493605
8 -4.297840 8.062343
3 -15.781071 0.264735
5 6.825582 -3.887384
7 -5.599138 -9.937191
5 6.825582 -3.887384
7 -3.969174 2.498686
10 -5.599138 -9.937191
8 12.681571 1.111929
8 6.533917 2.493595
6 -4.287549 7.393653
4 6.533917 2.493595
