10 100
K -2.415904 -1.699307 1.564912
Z 1 -2.415904 -1.699307 -2.159259 -0.732802
P -8.386271 -9.647265 -5.982565 -6.107449
K 9.359071 -2.171840 1.164027
P 5.709872 1.119825 8.337135 2.681644
Z 2 -1.170728 -2.647192 -0.565017 -1.851507
Z 5 -4.894527 6.753275 -2.073965 -4.718393
K 9.893296 8.873601 1.231647
Z 5 0.821733 -2.880842 -9.836862 -1.148321
P 3.624584 -6.696243 8.590627 -3.066075
6 -2.4159 -1.6993
4 9.3591 -2.1718
9 -4.6240 3.9980
5 8.9072 -6.7629
9 5.7099 1.1198
9 8.3371 1.1198
4 -8.9776 9.5589
6 -2.4159 -1.6993
3 -8.3863 -6.1074
9 -9.0550 7.1457
6 -2.4159 -1.6993
5 5.7099 2.6816
2 -2.4159 -1.6993
4 9.3591 -2.1718
6 -5.8419 1.5399
7 8.3371 2.6816
4 9.3591 -2.1718
2 -2.4159 -1.6993
4 9.3591 -2.1718
5 8.3371 1.1198
1 -2.4159 -1.6993
3 -5.9826 -9.6473
10 7.9209 3.7507
5 8.3371 2.6816
8 9.8933 8.8736
3 -5.9826 -6.1074
1 4.6814 -1.7971
8 4.5723 -7.9875
10 8.5906 -3.0661
3 9.0728 -4.4546
1 -9.0902 -6.6400
8 9.8933 8.8736
10 3.6246 -6.6962
2 -2.4159 -1.6993
4 9.3591 -2.1718
4 6.3805 -0.9367
9 8.3371 1.1198
3 -1.3845 3.5262
8 9.8933 8.8736
3 -8.3863 -9.6473
7 8.5378 9.8029
6 0.0744 -3.5951
8 -6.3085 -0.9344
9 -3.2527 9.9044
3 -5.9826 -9.6473
3 -8.3863 -9.6473
4 9.3591 -2.1718
7 -1.4444 -2.6794
5 8.3371 2.6816
1 -2.4159 -1.6993
5 5.7099 2.6816
7 8.3371 2.6816
8 -8.3891 3.9702
10 3.7381 6.8362
3 -5.9826 -6.1074
9 8.3371 2.6816
5 8.3371 2.6816
4 9.3591 -2.1718
5 8.3371 1.1198
1 -2.4159 -1.6993
7 5.7099 2.6816
2 -2.4159 -1.6993
4 -9.9673 -7.8411
1 -2.4159 -1.6993
2 -6.7533 4.0967
1 -6.2465 5.2984
10 3.6246 -6.6962
4 1.2389 8.3687
5 3.1732 4.0022
2 -2.4159 -1.6993
6 0.0744 -3.5951
7 5.7099 1.1198
10 3.6246 -6.6962
4 9.3591 -2.1718
7 -14.7295 -2.9898
4 9.3591 -2.1718
1 -2.4159 -1.6993
2 -2.4159 -1.6993
10 0.9010 -1.1880
10 8.5906 -3.0661
5 2.6034 7.4422
4 9.3591 -2.1718
8 9.8933 8.8736
1 -2.4159 -1.6993
2 -9.0901 3.8908
1 9.1806 2.6734
8 9.8933 8.8736
2 -2.4159 -1.6993
7 -2.0299 -8.6300
1 -2.4159 -1.6993
3 -1.9305 1.1745
9 6.6831 -9.0559
1 4.7676 9.2126
10 3.6246 -3.0661
7 2.2133 -9.4745
3 -8.3863 -6.1074
6 -2.4159 -1.6993
4 9.3591 -2.1718
2 4.8965 -6.5952
4 6.1045 0.1546
