10 100
K 4.225779 7.435607 3.751842
K -1.218973 -1.594972 1.011735
P 1.381614 4.540056 6.107572 6.337711
P 6.163444 3.593379 9.471739 7.173422
Z 3 -2.089149 -3.237799 -4.144102 -1.993313
K 8.977865 8.343659 2.163245
Z 5 -7.037524 -4.841786 0.189990 9.225461
K -6.575889 8.995554 2.635762
K -3.772233 0.474362 4.966356
P 2.997135 -8.729769 7.408549 -6.796765
3 6.107572 6.337711
5 6.107572 6.337711
3 1.381614 4.540056
6 8.977865 8.343659
1 -0.063318 5.662601
2 -1.218973 -1.594972
4 9.471739 3.593379
7 -4.312979 7.465841
10 7.408549 -6.796765
1 4.225779 7.435607
3 -0.951837 -4.075345
3 1.381614 6.337711
2 -1.218973 -1.594972
9 -3.772233 0.474362
10 2.997135 -8.729769
10 -9.713808 7.334728
9 -3.772233 0.474362
5 -8.966804 -10.750085
3 8.039690 -0.537403
3 1.381614 4.540056
3 6.107572 6.337711
7 -2.166243 -7.471456
9 -3.772233 0.474362
1 0.954841 1.845668
3 1.513288 -8.978779
9 -3.772233 0.474362
5 6.245628 -0.376808
2 -1.218973 -1.594972
2 3.977471 -2.010736
10 2.997135 -6.796765
2 2.398393 -1.118945
1 4.225779 7.435607
7 -6.777172 -14.938186
7 -7.064963 11.307881
2 -1.218973 -1.594972
3 1.381614 4.540056
8 5.420129 -6.631165
7 -4.287031 5.696940
3 1.467942 -5.177733
3 6.107572 6.337711
2 -1.218973 -1.594972
2 -1.218973 -1.594972
8 7.127941 5.149970
3 1.381614 6.337711
6 8.977865 8.343659
5 -8.966804 -10.750085
3 1.381614 4.540056
5 -7.373739 -9.917195
9 7.198876 -1.990216
9 -3.772233 0.474362
9 -3.772233 0.474362
8 -6.575889 8.995554
7 6.107572 4.540056
8 -6.575889 8.995554
5 -5.132415 3.454324
10 -0.180327 -5.827879
4 9.471739 3.593379
6 8.977865 8.343659
8 -7.904713 -2.685192
2 -1.218973 -1.594972
1 -5.797350 1.777121
4 9.471739 7.173422
10 9.850190 5.143789
2 5.809854 -1.751342
8 7.645664 9.268105
6 8.977865 8.343659
9 -3.772233 0.474362
3 6.107572 4.540056
10 -5.355044 5.809390
4 6.163444 7.173422
5 -7.373739 -9.917195
7 -10.967872 -8.070589
5 1.381614 6.337711
5 1.381614 6.337711
9 -3.772233 0.474362
5 -8.966804 -10.750085
5 4.330311 -2.953603
4 9.471739 7.173422
9 -3.772233 0.474362
7 -8.966804 -10.750085
10 7.408549 -6.796765
4 9.014163 2.492701
4 -4.960132 6.740787
8 -6.575889 8.995554
6 -8.384584 9.387992
9 -3.772233 0.474362
4 6.163444 3.593379
7 -10.967872 -8.070589
7 -8.966804 -10.750085
8 -6.575889 8.995554
4 -5.200874 -4.871150
2 -0.130620 0.975275
1 -6.480814 4.660486
3 -5.349432 -4.504103
6 8.977865 8.343659
10 7.408549 -8.729769
5 1.381614 4.540056
8 -2.344476 -9.901993
2 6.179838 0.813875
1 4.225779 7.435607
