10 100
P -8.651302 -9.552628 -6.367565 -8.161341
P -9.572686 -5.357226 -5.124517 -3.383853
K -4.839818 8.817973 2.054826
P -7.310225 -6.294795 -4.823189 -2.229807
P -1.955549 -2.307578 2.559482 2.101210
P 9.053149 -3.309967 12.874178 0.937560
Z 2 -9.572686 -5.357226 -9.189634 -4.433499
Z 3 -6.747900 8.055391 -6.376783 7.126805
Z 5 -1.955549 -2.307578 -2.865880 -2.721459
P 2.242909 8.318253 3.966598 11.749270
10 2.242909 11.749270
9 1.366638 -5.205939
7 -5.971216 5.902959
3 -4.839818 8.817973
9 2.559482 2.101210
6 -7.473942 8.617611
2 -5.124517 -5.357226
10 8.391165 -4.177444
10 3.966598 8.318253
5 2.559482 -2.307578
1 -6.536341 -8.512316
8 5.990972 3.131105
5 2.559482 2.101210
3 -4.839818 8.817973
8 3.695476 0.703677
7 -8.176188 -3.962954
9 1.366638 -5.205939
5 2.559482 -2.307578
6 8.481145 3.170724
9 -1.955549 -2.307578
6 9.053149 -3.309967
7 2.119891 -2.496858
5 2.559482 2.101210
3 -4.839818 8.817973
8 -4.839818 8.817973
10 2.242909 8.318253
5 8.124331 2.740313
1 -8.651302 -8.161341
7 -5.124517 -5.357226
6 12.874178 0.937560
3 -4.839818 8.817973
1 -8.651302 -8.161341
1 -8.651302 -9.552628
5 -1.955549 2.101210
3 7.177827 -6.108709
3 -4.839818 8.817973
9 4.334842 -1.803695
3 -4.246287 9.829999
8 -8.655982 7.292809
6 9.053149 0.937560
1 -6.367565 -8.161341
6 12.874178 0.937560
7 -8.176188 -3.962954
1 -6.367565 -8.161341
10 2.242909 11.749270
8 -8.655982 7.292809
9 -1.955549 -2.307578
1 -6.367565 -8.161341
8 -4.839818 8.817973
3 -4.839818 8.817973
7 -5.124517 -3.383853
1 -6.367565 -8.161341
1 -6.367565 -8.161341
3 -4.839818 8.817973
7 -9.572686 -5.357226
10 -0.580122 9.920079
4 -7.310225 -6.294795
5 3.445756 -7.323460
7 4.549734 -0.163706
4 -7.310225 -2.229807
9 -1.955549 -2.307578
2 -7.401122 9.456748
6 5.941286 7.576773
8 0.294573 -5.535932
6 6.352280 1.385860
8 -4.839818 8.817973
5 2.559482 2.101210
3 0.707715 -8.408348
3 9.467690 3.135000
6 -0.010870 4.089522
8 -2.508397 1.177180
6 -6.086430 -3.791365
7 6.547452 7.089758
4 -7.310225 -2.229807
1 9.304754 9.709358
6 7.548131 -8.874597
5 2.559482 -2.307578
1 4.838267 -7.767460
6 2.326914 1.434147
7 -8.176188 -3.962954
5 -1.955549 -2.307578
3 -4.839818 8.817973
5 2.559482 -2.307578
3 -4.839818 8.817973
8 -8.655982 7.292809
5 2.559482 2.101210
4 -4.823189 -2.229807
1 -6.367565 -9.552628
10 -0.397593 -0.423789
7 -5.124517 -5.357226
3 -4.839818 8.817973
1 -4.602379 6.785649
3 -4.839818 8.817973
10 2.242909 11.749270
9 -8.331652 2.424455
5 2.559482 -2.307578
7 -9.572686 -5.357226
7 -9.572686 -3.383853
4 -6.719948 -1.594348
4 -7.310225 -6.294795
