10 100
P -1.379551 4.596293 2.720673 6.439036
Z 1 2.720673 6.439036 1.814824 6.862636
Z 1 -1.379551 4.596293 -2.341793 4.868487
Z 1 2.713045 -7.118938 0.718290 -5.826133
P 1.679204 6.129225 3.492185 8.943700
P -6.172547 -8.288807 -4.925913 -3.334341
Z 1 4.987995 9.211820 -7.823439 0.252208
K 9.431896 -6.784195 4.558125
K 1.868266 1.425246 2.624926
P 7.631205 -2.928399 10.737332 -1.063172
7 2.720673 4.596293
9 -7.720538 8.608000
10 10.737332 -1.063172
4 -1.379551 4.596293
5 3.275841 9.600603
7 -0.125287 8.665758
5 3.492185 6.129225
3 2.720673 4.596293
7 9.867169 8.908516
10 8.646066 6.654739
6 -4.925913 -8.288807
4 -9.398504 -7.083610
10 7.631205 -2.928399
10 10.737332 -2.928399
5 3.492185 6.129225
8 9.431896 -6.784195
9 1.868266 1.425246
4 -11.334101 -8.920510
4 2.720673 4.596293
5 -5.620730 8.738040
4 0.998778 -4.099500
2 -1.379551 4.596293
1 4.027566 -9.394261
3 -9.769202 -7.588187
8 9.431896 -6.784195
9 1.868266 1.425246
10 7.631205 -2.928399
8 9.431896 -6.784195
2 2.720673 6.439036
4 4.510431 -0.057813
2 1.506101 10.767124
8 9.431896 -6.784195
3 -1.379551 6.439036
6 8.536231 4.206255
9 2.929679 8.174002
6 5.792694 4.954323
1 -1.379551 4.596293
7 -0.125287 8.665758
10 9.617408 -3.357307
1 -1.379551 6.439036
5 3.274911 8.842273
6 -4.925913 -3.334341
10 7.631205 -2.928399
7 1.829235 -1.578494
7 -4.447971 0.133714
1 3.667000 7.147498
10 9.258390 9.417425
4 -11.334101 -8.920510
8 -4.648755 -4.018482
2 2.720673 4.596293
10 7.631205 -2.928399
1 -1.983685 8.050379
2 -1.379551 6.439036
4 -9.652052 -8.167906
10 5.512470 6.535369
7 7.009122 -5.704588
2 9.453133 -1.922564
1 -1.379551 4.596293
2 -1.379551 4.596293
3 3.651367 -3.295886
1 -1.379551 6.439036
2 1.506101 10.767124
6 -6.172547 -8.288807
10 10.737332 -2.928399
5 0.712644 -4.866835
1 2.720673 4.596293
8 1.560152 -2.753386
8 9.431896 -6.784195
5 5.906162 -0.060660
8 9.431896 -6.784195
9 1.868266 1.425246
4 4.854415 3.392049
4 -5.614805 -8.988209
2 -1.379551 6.439036
3 2.359968 2.028002
5 -6.158883 -5.875826
6 -6.541178 5.206701
8 9.693952 -6.081845
10 7.631205 -1.063172
1 2.720673 4.596293
5 -2.292524 -5.904543
9 1.868266 1.425246
1 -1.379551 6.439036
3 -1.379551 6.439036
6 6.168827 -6.884466
8 9.431896 -6.784195
10 7.631205 -1.063172
1 9.779962 8.972840
4 2.720673 4.596293
6 -6.172547 -8.288807
6 -4.925913 -8.288807
3 -2.344839 3.026606
6 3.204060 -0.202765
5 -3.521468 -2.808499
8 9.431896 -6.784195
2 1.506101 10.767124
6 -4.925913 -8.288807
3 -1.379551 4.596293
9 1.868266 1.425246
7 2.720673 4.596293
