10 100
P 2.750094 3.935555 5.978526 7.931498
P 2.556530 4.436081 5.388817 6.719152
K 9.524717 6.498454 4.273916
Z 3 -1.206011 -7.781551 -4.954318 3.904930
P -6.502675 9.654364 -4.980775 14.495873
P -0.646729 -3.917632 1.190453 -2.125692
Z 5 -0.582521 5.973722 8.161487 9.259396
P 8.156903 -7.474751 9.924153 -6.077350
K -2.038461 8.294993 2.200876
K 3.029917 -7.414431 4.361489
1 2.750094 3.935555
9 -2.038461 8.294993
6 -0.646729 -3.917632
10 -2.576863 -3.651859
8 9.705605 5.106390
6 1.190453 -2.125692
8 9.924153 -6.077350
7 -9.119279 -6.217529
5 7.721973 8.042738
6 -0.646729 -3.917632
2 -2.278999 7.399187
7 1.719785 -3.336008
2 5.388817 4.436081
4 3.175397 6.522058
8 8.156903 -6.077350
9 8.243081 -1.518642
4 -18.240719 -2.406995
3 9.524717 6.498454
8 -1.005035 -3.565027
2 2.556530 6.719152
7 1.719785 -3.336008
7 -1.468549 0.307444
4 9.524717 6.498454
5 -6.502675 9.654364
2 2.556530 6.719152
3 9.524717 6.498454
9 -9.531490 -3.993673
9 -2.038461 8.294993
1 -0.982531 -3.437904
10 3.029917 -7.414431
1 5.978526 3.935555
1 5.978526 7.931498
9 -2.038461 8.294993
7 -2.613847 -0.694791
5 -6.502675 9.654364
5 -6.502675 9.654364
4 -5.090769 -9.498315
4 -2.440573 -1.876010
1 2.750094 3.935555
7 -6.502675 14.495873
2 5.388817 6.719152
8 9.924153 -6.077350
1 -9.510731 -1.450400
9 -2.038461 8.294993
6 -0.646729 -3.917632
8 3.542658 -7.198609
10 3.029917 -7.414431
6 -0.646729 -2.125692
1 2.750094 7.931498
1 -8.815531 -8.497491
7 0.574487 -4.338243
8 9.924153 -6.077350
8 9.924153 -6.077350
4 9.524717 6.498454
10 3.029917 -7.414431
7 -9.876136 9.206420
3 -0.446949 0.217705
9 -2.038461 8.294993
2 2.556530 4.436081
8 9.924153 -7.474751
7 4.969245 -8.727249
8 6.872888 0.382122
4 -18.240719 -2.406995
3 -9.596799 -6.589985
9 -2.038461 8.294993
2 2.556530 4.436081
5 -4.980775 9.654364
9 -2.038461 8.294993
10 3.029917 -7.414431
9 -2.038461 8.294993
5 -6.502675 9.654364
1 0.501426 6.208473
10 -3.701226 -2.837161
8 8.156903 -7.474751
6 -0.646729 -2.125692
7 -8.228693 -7.946934
10 -3.295179 -3.500638
8 6.088537 -1.341502
7 0.574487 -4.338243
7 -6.502675 14.495873
3 -4.486211 2.187179
6 1.190453 -2.125692
10 3.029917 -7.414431
8 8.156903 -6.077350
3 9.524717 6.498454
8 9.924153 -6.077350
8 9.924153 -7.474751
3 3.277265 7.119727
1 5.978526 7.931498
2 4.859996 -7.714933
2 -9.354506 -3.195276
8 -2.979211 6.224165
7 -6.502675 14.495873
4 -18.240719 -2.406995
7 -1.468549 0.307444
4 6.527900 -9.082419
4 9.524717 6.498454
3 -7.519034 -4.778959
10 3.029917 -7.414431
2 2.556530 4.436081
