10 100
K -4.567585 8.777315 4.640345
K -6.312876 1.454119 3.303246
K -2.714035 -1.727451 4.478375
K 6.689980 -3.368884 2.054025
P 6.617875 9.445000 9.387537 13.791163
K 8.253985 9.311215 3.972073
K -8.562272 5.814919 2.645907
P -9.679059 2.457079 -5.209784 5.551399
P 4.312586 -7.270439 7.561227 -5.146880
K -0.575246 -9.963846 1.454804
9 7.5612 -5.1469
3 -2.7140 -1.7275
1 -4.5676 8.7773
6 8.2952 -1.5560
5 9.3875 9.4450
7 8.2072 0.8279
6 -7.1547 6.9560
6 8.2540 9.3112
4 6.6900 -3.3689
3 -5.4645 4.8425
5 9.6721 6.4518
7 -8.7114 -3.8362
4 6.6900 -3.3689
10 -0.5752 -9.9638
8 -8.3210 -9.2727
3 -2.7140 -1.7275
3 -2.7140 -1.7275
3 -2.7140 -1.7275
4 6.6900 -3.3689
7 -8.5623 5.8149
3 -2.2451 -3.3551
6 8.2540 9.3112
6 8.2540 9.3112
4 6.6900 -3.3689
10 -5.9440 -8.4357
4 6.6900 -3.3689
9 -3.7477 9.8494
1 -4.5676 8.7773
1 -2.8203 0.2911
8 -5.2098 5.5514
5 6.6179 13.7912
7 -8.5623 5.8149
2 -6.3129 1.4541
5 -7.3574 -4.7827
10 -0.5752 -9.9638
3 -2.7140 -1.7275
10 -0.5752 -9.9638
8 -5.2098 2.4571
1 6.5992 5.4833
8 -9.6791 2.4571
4 6.6900 -3.3689
8 9.8462 3.0882
1 -2.3333 3.2319
6 3.9284 5.4151
6 8.2540 9.3112
8 -4.2702 3.5173
5 1.1180 0.3417
4 -0.8729 -2.2449
6 8.2540 9.3112
3 -3.6476 -7.6345
10 -0.5752 -9.9638
6 -9.5005 7.2108
9 4.3126 -7.2704
4 6.6900 -3.3689
3 -2.7140 -1.7275
9 7.5612 -7.2704
2 -6.3129 1.4541
8 -5.2098 5.5514
9 7.5612 -7.2704
2 -6.3129 1.4541
8 -4.4473 -1.0820
4 6.6900 -3.3689
4 6.6900 -3.3689
8 9.6743 9.0091
10 -9.3775 -5.3609
1 -4.5676 8.7773
9 7.5612 -5.1469
1 4.2436 -3.1482
5 6.6179 13.7912
1 -7.4189 -9.6169
7 -8.5623 5.8149
2 -6.3129 1.4541
2 9.8122 -8.2080
9 4.3126 -5.1469
10 -3.1578 6.2408
6 1.3010 9.7658
10 -0.5752 -9.9638
8 -5.2098 2.4571
2 -6.3129 1.4541
8 -5.2098 2.4571
5 9.3875 9.4450
5 6.6179 9.4450
2 8.3531 -4.8619
3 -2.7140 -1.7275
2 -6.3129 1.4541
4 6.6900 -3.3689
1 -7.3144 2.0470
4 6.6900 -3.3689
10 -0.5752 -9.9638
3 -2.7140 -1.7275
4 8.4672 -1.4137
6 8.2540 9.3112
8 -5.2098 5.5514
1 -4.5676 8.7773
9 1.8177 -1.9270
10 -0.5752 -9.9638
6 8.2540 9.3112
10 -0.5752 -9.9638
4 6.6900 -3.3689
6 8.2540 9.3112
