10 100
P 7.508854 -2.914419 10.485308 1.824464
Z 1 -8.073817 -0.263070 -4.762116 3.310542
P -2.822682 -9.487768 0.380091 -7.811436
P -4.128664 7.176210 -1.230903 9.560684
Z 4 -7.495149 -0.456501 -7.556401 -1.990025
P -0.568836 4.705738 1.688106 5.921067
Z 2 -4.722717 7.111637 8.604322 -2.644172
K 3.611873 3.226083 3.382088
Z 8 3.611873 3.226083 4.611669 3.246256
Z 7 10.485308 -2.914419 10.716669 -1.941551
4 -1.230903 9.560684
5 -1.230903 7.176210
6 -0.568836 4.705738
9 3.611873 3.226083
2 10.485308 1.824464
10 13.143116 -4.254321
5 -12.940507 10.028386
10 12.859002 -2.547536
2 -11.901295 15.073152
10 38.525191 -6.782446
8 -2.113974 8.451041
1 10.485308 -2.914419
6 5.598884 3.200657
9 -5.849421 8.003472
4 -1.230903 9.560684
7 -13.396576 6.935609
8 3.611873 3.226083
9 3.611873 3.226083
6 1.688106 5.921067
3 0.380091 -9.487768
5 -7.680528 -0.948033
5 -9.805564 -0.586527
10 -2.497052 4.761396
2 -12.127411 18.041005
4 -1.230903 9.560684
6 1.688106 5.921067
3 -9.348591 1.111762
8 3.611873 3.226083
6 9.553588 -9.960217
8 3.611873 3.226083
5 -10.242154 7.420393
6 -6.500640 -4.209162
6 1.688106 4.705738
7 -13.396576 6.935609
2 -11.901295 15.073152
2 7.508854 1.824464
2 1.764162 -2.370176
8 -9.881759 3.816681
1 7.508854 1.824464
5 -13.130684 7.651508
3 3.882742 -2.799604
6 -1.277113 -8.671997
4 7.833212 5.697856
10 40.110651 5.618100
8 3.611873 3.226083
9 0.068324 -1.580662
2 7.508854 -2.914419
5 -10.051977 9.797271
10 -4.295126 6.716788
3 -2.822682 -7.811436
6 -0.568836 4.705738
10 40.110651 5.618100
3 5.734372 -4.961353
8 3.611873 3.226083
9 3.611873 3.226083
6 8.026235 0.874594
8 3.611873 3.226083
3 0.380091 -7.811436
3 -2.822682 -9.487768
2 -4.028483 -8.461574
3 6.826152 -5.248458
7 7.508854 -2.914419
4 -4.128664 9.560684
8 3.611873 3.226083
8 -2.165601 -1.884851
6 -0.568836 5.921067
1 10.485308 -2.914419
2 5.675752 4.610488
8 3.611873 3.226083
8 3.611873 3.226083
9 3.611873 3.226083
5 2.610166 2.104573
5 -1.230903 9.560684
1 -8.506805 2.731099
6 5.827798 -9.646932
4 -1.230903 9.560684
1 10.485308 -2.914419
7 10.485308 1.824464
3 0.380091 -9.487768
3 -7.415601 0.406462
7 -16.294003 6.254286
5 -8.816204 -1.723866
9 3.611873 3.226083
5 3.802285 -3.917532
8 3.611873 3.226083
10 10.778572 -4.676172
5 -7.880125 7.805594
2 10.485308 1.824464
6 -9.305662 -4.555173
10 -17.378752 10.867348
4 -4.128664 7.176210
5 3.782438 6.568837
3 -1.665989 8.982628
4 -4.128664 9.560684
4 -4.128664 9.560684
2 3.340289 7.472218
6 1.688106 5.921067
1 3.529010 -5.064452
3 -2.822682 -9.487768
1 10.485308 1.824464
