10 100
P 7.094562 3.114832 12.010561 6.325579
Z 1 7.094562 3.114832 6.528877 3.939454
P -1.158714 -3.539412 1.533067 -1.339142
P 1.850125 0.026224 5.979271 1.377432
P -8.060260 -2.472474 -5.368634 0.887402
K 5.304002 -9.457343 3.552270
P -8.727931 -7.064501 -6.164434 -4.365771
K 6.272694 -4.688962 3.193476
K -3.548040 9.290283 2.708568
P 7.448596 -4.320316 9.151364 -2.568120
5 -5.368634 0.887402
10 7.448596 -2.568120
5 -8.060260 -2.472474
5 -5.368634 -2.472474
8 6.272694 -4.688962
7 -8.727931 -7.064501
10 -7.975572 5.622406
7 -6.164434 -7.064501
5 -8.060260 0.887402
7 3.171702 -0.876530
8 -2.847443 -9.653635
3 1.533067 -1.339142
5 -8.060260 -2.472474
3 1.533067 -1.339142
2 7.094562 3.114832
6 5.304002 -9.457343
3 1.533067 -1.339142
6 -7.255531 -3.269047
6 5.304002 -9.457343
8 6.272694 -4.688962
3 -1.158714 -3.539412
1 7.094562 6.325579
10 -8.717124 7.451045
10 9.151364 -4.320316
10 7.448596 -4.320316
8 6.272694 -4.688962
7 -6.164434 -4.365771
4 1.850125 0.026224
2 2.329329 -0.315690
7 -8.727931 -7.064501
10 -7.704937 -3.763143
5 -5.368634 -2.472474
4 1.850125 1.377432
10 9.151364 -2.568120
3 1.533067 -3.539412
5 -8.060260 -2.472474
4 1.850125 0.026224
7 -8.727931 -7.064501
6 6.306075 -5.403882
10 7.448596 -2.568120
6 2.627586 -8.425027
1 12.010561 3.114832
3 1.533067 -1.339142
10 9.151364 -2.568120
1 12.010561 6.325579
6 5.304002 -9.457343
10 7.448596 -2.568120
3 -6.217800 -8.740319
3 -1.158714 -3.539412
7 -5.828359 6.267155
10 -6.222720 1.951562
5 9.706757 7.335194
3 1.290882 -1.475930
6 5.304002 -9.457343
3 -1.158714 -3.539412
1 12.010561 3.114832
1 0.133096 -5.918082
6 5.304002 -9.457343
4 6.080277 9.723592
2 8.289798 -2.862028
5 3.445233 2.107039
3 1.533067 -1.339142
7 -6.164434 -4.365771
5 -8.060260 -2.472474
3 -1.158714 -3.539412
6 -1.043258 8.868335
4 1.850125 0.026224
10 -3.967545 8.464087
3 1.533067 -1.339142
9 -3.548040 9.290283
5 -8.060260 -2.472474
8 -1.861934 7.869586
4 8.256758 -7.370750
5 -0.008684 -3.446122
7 -6.164434 -7.064501
7 -8.727931 -4.365771
7 -6.164434 -7.064501
5 -8.060260 0.887402
6 5.304002 -9.457343
1 12.010561 3.114832
9 -3.548040 9.290283
5 -8.060260 0.887402
2 7.094562 3.114832
4 5.979271 1.377432
1 7.094562 3.114832
3 -1.158714 -1.339142
7 -8.727931 -7.064501
9 -3.548040 9.290283
2 6.465823 -4.122476
10 7.448596 -4.320316
9 -3.548040 9.290283
3 -1.158714 -1.339142
9 -9.785820 -5.150310
4 1.850125 0.026224
8 -0.501080 7.785302
9 -0.596909 6.246952
4 5.979271 1.377432
8 6.272694 -4.688962
10 9.151364 -4.320316
3 -0.096377 -1.481251
