10 100
P 2.856189 3.671607 3.873172 8.188805
P -1.514074 1.288929 3.391923 5.191221
K 3.786694 6.578578 4.796894
K 2.120020 0.475516 2.874246
K -8.180368 -1.021280 4.399639
Z 4 2.120020 0.475516 2.815643 -0.242891
K -4.010503 2.285452 1.142373
Z 1 2.856189 8.188805 2.093910 8.836054
P -1.967184 8.585187 -0.744942 9.604401
K -6.861448 -7.014933 1.690188
9 -0.7449 8.5852
3 -2.5538 6.7492
10 -6.8614 -7.0149
10 -0.5015 -2.5776
6 2.1200 0.4755
3 3.7867 6.5786
6 2.1200 0.4755
5 -8.1804 -1.0213
2 -1.5141 1.2889
9 -0.7449 9.6044
4 -7.6196 -2.7487
3 6.1334 -8.8026
3 3.7867 6.5786
2 7.8097 1.6857
3 3.7867 6.5786
10 -6.8614 -7.0149
3 3.7867 6.5786
6 2.1200 0.4755
7 -4.0105 2.2855
8 2.8562 8.1888
10 -6.8614 -7.0149
10 -6.8614 -7.0149
8 7.4785 7.9177
4 2.1200 0.4755
4 2.1200 0.4755
9 -1.9672 9.6044
1 3.8732 3.6716
9 -4.5025 -9.1861
7 -9.5994 2.0571
5 -8.1804 -1.0213
10 -6.8614 -7.0149
8 3.8732 3.6716
4 2.1200 0.4755
4 -8.0823 1.3420
2 3.3919 5.1912
7 -4.0105 2.2855
5 -8.1804 -1.0213
9 -1.9672 8.5852
2 3.3919 1.2889
10 -6.8614 -7.0149
1 3.8732 8.1888
10 -7.8581 2.1407
5 -8.1804 -1.0213
4 -3.8113 -2.7233
7 -4.0105 2.2855
6 2.1200 0.4755
9 -0.7449 8.5852
2 3.3919 1.2889
10 -9.6009 9.8320
10 -3.7668 -4.8065
4 2.1200 0.4755
5 9.0209 4.9063
6 5.2257 -5.8712
4 2.1200 0.4755
4 2.1200 0.4755
8 3.8732 8.1888
3 3.7867 6.5786
5 -8.1804 -1.0213
6 -1.9639 -5.9026
6 -1.7457 9.3371
10 -6.8614 -7.0149
3 3.7867 6.5786
2 3.3919 1.2889
2 3.3919 1.2889
10 -4.2687 -4.9615
2 -1.5141 5.1912
3 3.7867 6.5786
4 2.1200 0.4755
10 -6.8614 -7.0149
9 1.7495 -2.4896
2 -1.5141 5.1912
5 4.3519 2.5431
6 -9.9663 -9.2337
8 2.8562 3.6716
2 -1.5141 5.1912
3 3.7867 6.5786
3 3.7867 6.5786
7 -4.0105 2.2855
2 -1.5141 5.1912
8 2.8562 8.1888
6 2.1200 0.4755
3 5.3238 -7.8326
8 2.8562 8.1888
6 -5.4124 -4.5867
7 -4.8754 3.1837
2 3.3919 1.2889
1 0.6424 8.4440
7 -4.0105 2.2855
7 -4.0105 2.2855
1 1.1961 -0.1413
8 6.5891 -9.3745
4 8.5038 6.8781
9 -1.9672 9.6044
7 -0.1689 -1.4796
8 7.4785 7.9177
1 2.8562 3.6716
4 2.1200 0.4755
10 -6.8614 -7.0149
7 -4.0105 2.2855
8 3.8732 3.6716
