10 100
K 3.039754 -2.405468 4.671401
K 6.306431 -9.039651 2.651646
P 2.231915 -3.545939 5.885961 -0.717728
Z 2 5.344369 -11.510615 6.276229 -11.873432
K -7.511347 3.447392 1.963710
K 2.916015 -1.536285 1.773737
K 4.402707 -0.877333 4.447321
Z 5 -5.064595 0.863107 8.639673 2.971895
P -6.415258 9.821483 -3.001291 11.242575
P 6.701547 -0.011247 11.326703 2.125702
9 -6.415258 11.242575
5 -7.511347 3.447392
5 3.490412 2.186955
2 6.306431 -9.039651
5 -7.511347 3.447392
9 -3.001291 11.242575
4 4.382307 -13.981579
9 -6.415258 11.242575
9 -3.001291 11.242575
8 -6.621223 -2.337210
6 -4.147409 6.841743
2 -2.694810 0.816723
7 -7.480872 -1.408983
4 -6.355778 -1.015458
10 6.701547 -0.011247
5 7.147637 5.569618
5 -7.511347 3.447392
6 2.916015 -1.536285
9 1.328373 -1.364758
7 4.402707 -0.877333
8 -6.621223 -2.337210
8 6.541301 -3.201763
8 -6.621223 -2.337210
9 -6.415258 9.821483
9 -3.001291 11.242575
10 11.326703 -0.011247
4 6.306431 -9.039651
6 2.916015 -1.536285
7 -1.709629 -9.723056
2 -1.604923 -5.338822
10 6.701547 -0.011247
3 -7.450689 -1.026457
5 -0.657134 -5.236862
1 3.039754 -2.405468
8 -6.621223 -2.337210
6 0.999849 9.802321
7 0.947296 -5.356292
2 6.306431 -9.039651
4 4.382307 -13.981579
9 -3.001291 9.821483
8 -7.511347 3.447392
9 -3.001291 11.242575
3 -7.418384 -3.050905
5 -0.973149 -1.004068
8 -7.511347 3.447392
8 -7.511347 3.447392
1 3.039754 -2.405468
7 3.810370 -4.572093
2 -0.195913 9.189027
9 -6.415258 11.242575
6 2.916015 -1.536285
4 4.382307 -13.981579
6 2.916015 -1.536285
4 6.306431 -9.039651
1 3.039754 -2.405468
1 0.466913 2.692077
6 2.916015 -1.536285
5 -1.968887 -6.474608
1 3.039754 -2.405468
6 2.916015 -1.536285
1 3.039754 -2.405468
2 6.306431 -9.039651
3 2.231915 -0.717728
2 -5.021558 -0.199781
8 -6.621223 -2.337210
5 -7.511347 3.447392
8 -6.621223 -2.337210
2 6.306431 -9.039651
10 6.701547 -0.011247
10 6.701547 2.125702
1 3.039754 -2.405468
9 -1.232472 -3.300266
1 1.034700 4.257731
9 -0.970488 -3.527915
10 3.697443 -8.044013
2 1.599518 5.299405
7 -0.985545 -6.499357
9 -3.001291 9.821483
8 2.841273 9.515651
5 -7.511347 3.447392
8 8.566745 6.027564
1 3.039754 -2.405468
8 2.769514 -2.723928
7 4.402707 -0.877333
4 -8.088729 -8.488969
8 -6.621223 -2.337210
1 3.039754 -2.405468
9 -7.902495 -1.682194
5 -7.511347 3.447392
7 2.049141 8.344351
2 6.306431 -9.039651
3 2.231915 -3.545939
4 3.223004 -2.063574
6 2.916015 -1.536285
8 -4.932424 -0.014411
10 11.326703 2.125702
5 0.571752 -7.444457
9 -6.415258 11.242575
3 -1.371291 4.565555
8 -6.621223 -2.337210
