10 100
K 1.349832 -8.169516 3.958752
K 1.910021 9.963055 2.141432
K -1.803025 2.795864 3.044063
K 4.826260 3.939170 3.007933
P 9.836222 5.785711 12.252481 8.589909
Z 3 1.134462 3.594295 0.872170 4.559284
Z 2 -2.338976 -5.282877 -8.077773 8.703122
P 1.784234 2.409056 2.842145 4.768915
K 7.224655 -3.209252 1.893283
P 7.405950 0.455133 8.832763 3.600989
3 -1.8030 2.7959
1 1.3498 -8.1695
8 1.7842 2.4091
4 -2.7606 9.2176
10 7.4059 3.6010
8 1.7842 4.7689
6 4.0719 4.3927
5 9.8362 5.7857
2 -1.3089 8.6612
8 1.7842 4.7689
2 1.9100 9.9631
8 -2.4120 8.0674
6 4.0719 4.3927
9 7.2247 -3.2093
3 -1.8030 2.7959
10 8.8328 0.4551
4 4.8263 3.9392
6 -1.8030 2.7959
6 -1.8030 2.7959
8 2.8421 2.4091
7 -16.0720 2.5846
4 4.8263 3.9392
5 9.8362 8.5899
6 -1.8030 2.7959
10 7.4059 3.6010
9 7.2247 -3.2093
5 7.1751 6.1156
7 -16.0720 2.5846
2 4.2406 -9.4540
4 -8.7471 -8.9696
10 -3.4374 -0.8412
1 1.3498 -8.1695
2 1.9100 9.9631
10 3.2188 3.2041
3 7.4929 -9.0151
6 -1.8030 2.7959
8 2.8421 4.7689
10 8.8328 3.6010
8 1.7842 4.7689
4 4.8263 3.9392
1 6.1255 -9.6412
1 -5.6474 7.4906
5 9.8362 8.5899
7 -16.0720 2.5846
3 8.5416 -4.2002
9 7.2247 -3.2093
2 1.9100 9.9631
9 7.2247 -3.2093
2 1.9100 9.9631
10 5.9282 -5.1787
7 1.9100 9.9631
3 -8.7807 -9.0300
2 1.9100 9.9631
5 9.8362 5.7857
3 -1.8030 2.7959
5 9.8362 8.5899
3 -1.8030 2.7959
2 1.9100 9.9631
5 12.2525 5.7857
6 -1.8030 2.7959
4 4.8263 3.9392
2 1.9100 9.9631
10 7.4059 0.4551
2 1.9100 9.9631
10 7.4059 0.4551
6 -1.8030 2.7959
6 1.9570 7.1295
9 7.2247 -3.2093
4 4.8263 3.9392
5 12.2525 8.5899
5 -9.2138 -9.5886
5 9.8362 8.5899
3 -1.8030 2.7959
1 -6.3356 -7.1186
6 4.0719 4.3927
8 2.8421 2.4091
2 1.9100 9.9631
1 1.3498 -8.1695
2 8.6175 -4.7960
7 8.9469 -7.6750
1 7.7703 4.8726
9 7.2247 -3.2093
3 -1.8030 2.7959
10 -3.1863 2.6306
3 -8.6868 4.4141
3 -1.8030 2.7959
4 -2.9269 -1.5974
9 7.2247 -3.2093
5 -9.2020 1.4364
3 -1.8030 2.7959
10 7.4059 3.6010
8 1.7842 4.7689
4 4.8263 3.9392
7 -0.9997 9.6191
3 2.2133 4.3096
10 7.4059 0.4551
9 2.5308 2.5003
10 7.4059 0.4551
8 7.6678 4.8976
3 -1.8030 2.7959
