10 100
P 3.727122 -2.144537 8.685641 2.701243
P 6.516792 4.018590 10.315189 6.440913
P 7.531050 -2.170213 10.215826 -0.501230
K 7.021408 -8.181714 1.706004
P 8.587803 3.127310 10.802548 6.905124
Z 3 -0.812192 6.272647 2.267126 7.830454
K 8.968444 6.531954 1.950199
P -0.035179 2.351360 3.107784 3.607314
P -9.035909 -6.643066 -5.374615 -1.661088
P 7.637643 5.269160 12.327547 7.797089
4 4.9231 6.3432
3 10.2158 -0.5012
1 8.6856 2.7012
8 3.1078 3.6073
8 -0.0352 3.6073
3 7.5310 -2.1702
1 3.7271 -2.1445
7 8.9684 6.5320
3 10.2158 -2.1702
8 1.9054 0.1785
1 8.6856 2.7012
8 7.3738 9.1816
8 -0.0352 3.6073
1 5.6233 -6.5279
3 10.2158 -0.5012
5 9.0805 5.1077
5 7.4151 -7.8946
10 -0.9826 4.5338
10 6.9953 8.2890
10 12.3275 7.7971
1 -8.8012 9.8866
3 10.2158 -2.1702
3 10.2158 -2.1702
10 12.3275 5.2692
10 0.6959 7.6614
1 9.6308 -8.5049
6 -2.6709 17.9960
8 -9.5319 -2.1603
1 8.6856 -2.1445
5 10.8025 3.1273
6 -1.3264 17.0072
1 6.6542 -0.1660
5 8.5878 3.1273
2 -3.1073 4.2438
6 10.2158 -0.5012
10 4.2284 -2.7877
9 -4.5260 -2.3318
10 -1.1984 -4.4458
6 1.9496 2.0612
8 -6.5317 -4.2840
7 -1.7516 -0.4608
1 3.7271 -2.1445
4 7.0214 -8.1817
8 7.3453 -2.2004
3 7.5310 -0.5012
7 1.0493 -2.1310
2 10.3152 6.4409
6 -1.3264 17.0072
8 -0.0352 3.6073
1 7.1920 8.9201
5 10.8025 6.9051
1 4.3633 -9.6691
4 7.0214 -8.1817
8 7.1271 7.4349
7 -3.0666 -8.4785
3 6.0031 6.4107
4 -0.5482 -0.7754
2 6.5168 6.4409
5 8.5878 6.9051
6 10.2158 -2.1702
5 10.8025 3.1273
8 -8.9385 -4.4990
1 3.7271 -2.1445
10 7.6376 5.2692
1 3.7271 -2.1445
10 12.3275 7.7971
4 6.2486 -7.4339
6 -2.6709 17.9960
3 7.5310 -2.1702
7 8.9684 6.5320
9 -5.3746 -6.6431
4 -7.1594 -9.5747
8 3.1078 2.3514
3 10.2158 -2.1702
8 -0.0352 2.3514
3 7.5310 -2.1702
4 7.0214 -8.1817
2 3.2318 3.4367
3 10.2158 -0.5012
7 7.4711 4.5319
4 -7.5707 6.9914
8 -1.2862 -3.6264
7 8.9684 6.5320
1 3.7271 -2.1445
4 7.0214 -8.1817
10 12.3275 5.2692
6 10.2158 -0.5012
7 8.9684 6.5320
1 -7.1552 8.2503
3 -5.1728 -2.5159
6 0.2642 19.1701
2 10.3152 4.0186
5 8.8036 -0.8559
4 -9.2098 3.6268
2 10.3152 4.0186
2 10.3152 4.0186
9 2.5890 1.2810
10 7.6376 7.7971
5 10.8025 3.1273
6 -0.2291 -8.5448
