10 100
P 5.160331 -7.144543 8.883604 -5.437686
K 6.129840 -2.328317 4.254619
K -5.369699 -2.445850 2.127248
Z 1 8.786113 2.476846 9.423840 0.128956
K -8.028698 -5.809196 4.418569
K 9.346800 1.585572 1.546261
P -1.002242 9.419947 1.608246 13.385920
K 8.675941 6.113279 4.501737
Z 4 12.706061 -4.399442 11.721443 -4.574165
Z 9 -0.271697 -6.676280 -9.891469 -3.668145
9 5.1603 -5.4377
3 4.8073 5.5439
8 8.6759 6.1133
5 -4.9220 8.8098
7 -1.0022 9.4199
7 1.6082 9.4199
10 16.6739 -3.3835
6 5.1191 3.1175
9 5.1603 -5.4377
1 5.1603 -7.1445
8 8.6759 6.1133
9 -9.4356 8.3222
7 -6.3049 -1.6308
3 -5.3697 -2.4459
9 8.8836 -7.1445
7 1.6082 9.4199
4 8.8836 -5.4377
9 16.6739 -3.3835
9 13.5696 -5.8718
9 5.1603 -7.1445
7 -1.0022 13.3859
5 -0.4387 -2.5503
1 8.8836 -7.1445
3 -5.3697 -2.4459
1 0.9647 -1.3153
4 5.2905 -0.9254
7 -1.0022 9.4199
10 11.7792 -19.0364
2 6.1298 -2.3283
5 -8.0287 -5.8092
1 9.7866 -0.7642
5 1.0882 4.5916
3 -5.3697 -2.4459
7 1.6082 13.3859
7 1.6082 13.3859
8 8.6759 6.1133
7 1.6082 9.4199
10 13.5696 -5.8718
3 -5.3697 -2.4459
10 8.8836 -7.1445
10 16.6739 -3.3835
10 7.5194 -11.5072
3 -8.5965 -9.5490
2 6.1298 -2.3283
4 16.7812 -3.9881
3 -5.3697 -2.4459
2 6.1298 -2.3283
7 1.6082 9.4199
6 9.3468 1.5856
1 5.1603 -5.4377
4 6.5704 3.2555
9 16.6739 -3.3835
2 6.1298 -2.3283
9 -8.9865 -0.7973
10 12.7061 -4.3994
6 9.3468 1.5856
5 -8.7989 -6.1564
3 -5.3697 -2.4459
8 8.6759 6.1133
5 -4.5793 -4.7061
3 -5.3697 -2.4459
10 3.9043 -10.3685
6 9.3468 1.5856
1 5.1603 -5.4377
4 -3.5977 -0.0684
7 2.6206 -0.5673
3 -5.3697 -2.4459
4 15.9177 -2.5158
9 16.7812 -3.9881
1 -9.2584 7.2827
5 -8.0287 -5.8092
4 15.9177 -2.5158
2 3.5211 0.0706
9 -3.9705 6.7940
1 5.1603 -5.4377
6 -2.8483 -6.8651
4 5.3674 8.6157
3 -5.3697 -2.4459
1 5.1603 -7.1445
5 -1.8881 -1.3121
1 5.1603 -7.1445
6 9.3468 1.5856
9 8.1725 -3.1371
7 1.6082 13.3859
8 8.6759 6.1133
2 6.1298 -2.3283
2 6.1298 -2.3283
8 8.6759 6.1133
3 -5.3697 -2.4459
3 8.0812 -3.1651
6 8.2422 -0.9503
5 8.6752 6.1937
6 7.5777 -1.5698
5 -8.0287 -5.8092
6 -6.9156 -7.8440
7 3.0545 -4.0186
8 8.6759 6.1133
1 5.1603 -7.1445
2 6.1298 -2.3283
6 9.3468 1.5856
