10 100
P -7.310304 -4.821583 -6.287971 -0.871364
K -8.100679 -2.607574 3.520874
P -4.689258 1.959957 -2.554359 6.203735
K 6.518201 1.630701 1.719349
Z 3 -0.486448 0.601916 -0.602823 4.424510
P 3.033765 6.213534 5.573941 7.961099
Z 6 -6.294879 4.229785 -5.242959 2.933712
P 4.880025 -6.514790 6.320823 -2.517512
K 4.420171 -0.999716 1.416857
P -7.245394 -4.675192 -5.612692 -2.429753
3 -4.6893 6.2037
7 5.5115 -8.8137
7 -10.1555 -4.4911
3 -2.5544 6.2037
2 -7.7347 -5.6837
7 5.5739 6.2135
5 -4.6893 6.2037
6 -0.4266 -0.6192
6 3.0338 7.9611
10 -5.6127 -4.6752
8 4.8800 -2.5175
5 1.4950 2.0832
4 6.5182 1.6307
1 3.6527 9.1539
4 6.5182 1.6307
3 -1.9457 -5.5491
10 -1.2435 -8.9180
2 3.5301 -0.9872
2 -8.1007 -2.6076
2 3.8755 6.2602
7 -10.6781 -6.9770
3 -4.6893 1.9600
5 1.2369 6.3192
8 1.1825 7.1213
2 -8.1007 -2.6076
9 4.4202 -0.9997
1 -6.2880 -4.8216
8 6.3208 -2.5175
3 -1.4721 -0.7621
3 -6.5090 -1.8052
5 6.9969 -7.4753
9 4.4202 -0.9997
2 -8.1007 -2.6076
4 -4.3314 5.2581
4 6.5182 1.6307
2 -9.3211 -7.6273
8 4.8800 -6.5148
4 6.5182 1.6307
1 7.9008 6.1383
8 4.8800 -2.5175
1 -6.2880 -0.8714
7 -10.1555 -4.4911
10 -7.2454 -4.6752
2 -8.1007 -2.6076
9 -0.8467 -6.6978
1 3.1042 8.8355
1 -7.3103 -0.8714
9 4.4202 -0.9997
2 -8.1007 -2.6076
8 4.8800 -2.5175
3 -4.6893 6.2037
3 -2.5544 1.9600
6 5.5739 6.2135
5 1.2369 6.3192
10 -7.2454 -2.4298
3 -2.5544 1.9600
4 6.5182 1.6307
2 -8.1007 -2.6076
2 -8.1007 -2.6076
1 -7.3103 -0.8714
10 -5.6127 -4.6752
5 -6.4243 -0.1054
3 -2.5544 6.2037
7 -5.2255 5.6126
8 8.5537 8.4819
4 6.5182 1.6307
10 -8.9612 4.6570
3 -2.5544 6.2037
3 2.1818 9.9333
3 -6.0563 -5.3892
4 6.5182 1.6307
9 -0.3543 -1.8523
4 -8.4415 8.7961
4 6.5182 1.6307
8 6.3208 -6.5148
8 6.3208 -6.5148
8 4.8800 -6.5148
6 3.0338 7.9611
3 0.7614 -8.3735
6 3.0338 6.2135
4 6.5182 1.6307
6 5.5739 7.9611
6 3.0338 6.2135
3 -2.5544 1.9600
4 6.5182 1.6307
6 3.0338 7.9611
7 -11.8657 -4.1316
3 -4.6893 6.2037
3 7.8087 1.6046
4 6.5182 1.6307
2 -8.1007 -2.6076
1 -7.3103 -0.8714
10 -7.2454 -2.4298
9 4.4202 -0.9997
10 9.9120 4.5999
8 4.8800 -6.5148
6 -6.9873 -6.5081
7 5.5739 6.2135
4 6.5182 1.6307
1 -6.2880 -4.8216
