10 100
P -1.108861 2.439456 2.566679 4.396404
P 8.883756 -6.527151 11.532565 -2.185183
P 4.531995 -7.689582 7.248051 -3.005827
P -5.235834 7.492036 -3.495956 10.011259
K -5.255370 -6.967113 2.986316
Z 4 -6.497314 -2.176823 7.832833 0.981472
Z 4 9.149172 5.552410 5.044226 -5.931818
K -9.773178 3.603473 1.172569
P 7.574816 -3.347501 10.743462 -0.370035
P 3.206391 -3.327713 6.803040 0.295993
9 7.5748 -0.3700
7 -5.6841 -7.3997
1 -1.1089 2.4395
1 -1.1089 4.3964
3 4.5320 -3.0058
7 20.1587 -0.9631
6 -8.5250 -9.2735
3 8.1413 6.5827
9 7.5748 -0.3700
10 3.2064 -3.3277
1 2.5667 4.3964
4 2.8570 6.9820
4 -3.4960 10.0113
6 -3.6522 -9.6987
3 0.0462 -6.8995
9 -5.1279 8.6812
4 -8.1893 -0.4190
7 -5.2358 7.4920
7 -3.4960 7.4920
4 -3.4960 7.4920
1 2.5667 2.4395
5 -5.2554 -6.9671
9 7.5748 -3.3475
8 2.0740 4.3227
4 5.4857 -7.6441
4 -3.4960 10.0113
1 -1.2897 8.1599
3 -7.1712 -7.6383
1 -1.1089 2.4395
9 1.5988 6.8883
4 -5.2358 10.0113
7 -5.2358 10.0113
5 -5.2554 -6.9671
9 7.5748 -0.3700
7 -3.4960 7.4920
9 -1.8095 8.7139
7 21.5043 -2.0660
2 -3.9724 3.8106
1 2.2633 3.0708
2 3.5906 8.9191
4 -3.4960 7.4920
10 3.2064 0.2960
4 -5.6169 9.7829
5 6.8926 3.8146
9 2.1847 -2.1825
7 -5.2358 10.0113
4 -3.4960 10.0113
10 -8.9850 -4.0077
2 8.8838 -2.1852
9 7.5748 -3.3475
7 21.5043 -2.0660
8 -1.4012 -0.5954
10 2.2453 2.4126
10 4.5224 -4.3350
3 7.2481 -7.6896
5 -5.2554 -6.9671
10 3.2064 -3.3277
8 -9.7732 3.6035
8 -9.7732 3.6035
6 -3.4960 7.4920
2 11.5326 -2.1852
6 -1.7008 2.1734
6 -3.2402 -2.8077
10 3.2064 0.2960
2 11.5326 -6.5272
8 -9.7732 3.6035
5 -2.4353 -1.0902
1 2.5667 4.3964
2 7.8800 -3.1378
5 -5.2554 -6.9671
9 -5.8241 -1.3720
3 4.5320 -7.6896
8 -9.7732 3.6035
8 -9.7732 3.6035
6 -5.1852 -9.1097
4 8.7091 -5.2768
5 -5.2554 -6.9671
6 -1.2882 -10.4196
6 -3.4960 10.0113
10 4.9623 8.4524
2 11.5326 -6.5272
6 -6.5681 7.4394
7 21.5043 -2.0660
8 1.7491 2.4300
4 -5.2358 10.0113
2 8.8838 -6.5272
5 -5.2554 -6.9671
3 -1.9201 9.2779
3 7.8613 9.5984
5 0.1418 -4.3826
8 -9.7732 3.6035
3 7.2481 -7.6896
10 6.8030 -3.3277
1 2.5667 4.3964
10 -0.0846 -0.9993
6 -5.2358 10.0113
6 -6.5587 -5.5997
5 -2.6234 -3.9440
7 -9.6225 9.3252
4 -5.2358 7.4920
