10 100
K -0.676941 -2.882096 4.074074
Z 1 -4.681591 -3.631002 -4.497768 -4.613962
K -3.200755 -6.619882 2.561763
K 5.404499 7.120676 2.958375
Z 4 5.404499 7.120676 4.456050 7.437606
P -7.345142 -1.375630 -3.980280 1.815531
K -6.699305 -2.144017 2.127507
P -5.114363 -9.332414 -1.549509 -7.402636
K -8.840710 4.548989 2.064637
P 1.000252 -7.031382 2.457308 -2.390225
6 -7.345142 -1.375630
5 5.404499 7.120676
8 -1.549509 -7.402636
5 -3.020612 8.772525
5 5.404499 7.120676
5 5.404499 7.120676
4 5.997233 4.044450
4 5.404499 7.120676
7 -6.699305 -2.144017
6 3.232672 -5.995480
7 -3.539425 -5.983736
7 5.449335 5.710649
5 5.404499 7.120676
8 -5.314638 4.955066
2 -0.676941 -2.882096
10 1.000252 -2.390225
10 2.457308 -2.390225
2 -7.871811 2.770397
4 5.404499 7.120676
4 -4.092035 7.552928
8 -5.114363 -9.332414
6 -3.980280 -1.375630
5 5.404499 7.120676
1 -0.676941 -2.882096
7 -6.699305 -2.144017
10 1.000252 -7.031382
7 3.141464 -1.822846
6 -7.345142 -1.375630
2 -5.194217 0.237454
8 -1.549509 -9.332414
8 -5.114363 -7.402636
1 -0.676941 -2.882096
9 -8.840710 4.548989
2 -0.508843 -6.810053
1 -0.676941 -2.882096
5 5.404499 7.120676
10 2.457308 -7.031382
1 0.912622 -6.362395
8 -1.549509 -7.402636
8 -8.902412 1.390051
5 1.110476 -7.750818
8 -5.819030 -2.171593
3 -3.200755 -6.619882
4 5.404499 7.120676
4 5.404499 7.120676
2 -8.686240 -4.379908
8 -1.549509 -9.332414
6 -5.040318 -7.026380
9 -8.840710 4.548989
1 6.442087 9.717309
9 -8.840710 4.548989
10 2.457308 -2.390225
8 -1.549509 -9.332414
2 8.346214 -1.812991
9 -5.608198 2.671247
4 0.747242 4.182428
6 -3.980280 1.815531
5 5.404499 7.120676
3 7.623275 -9.095284
5 5.404499 7.120676
2 -0.637533 6.688612
8 -1.549509 -7.402636
7 6.339723 5.838766
7 6.101288 -3.100658
3 8.570569 7.046779
2 -0.676941 -2.882096
7 -6.699305 -2.144017
7 2.909637 -7.023136
9 -8.840710 4.548989
3 -2.314945 -4.157146
7 -6.699305 -2.144017
10 1.000252 -2.390225
2 8.748272 3.961016
1 -0.676941 -2.882096
4 -5.361535 9.179470
1 6.292279 -2.563141
2 -1.228372 -4.628423
4 2.786447 8.058635
2 -8.686240 -4.379908
5 5.404499 7.120676
3 -3.200755 -6.619882
6 -7.345142 1.815531
2 -0.676941 -2.882096
7 -6.699305 -2.144017
1 -0.676941 -2.882096
7 -6.699305 -2.144017
9 0.538028 -3.972223
9 -8.840710 4.548989
7 -6.699305 -2.144017
9 -8.840710 4.548989
8 -6.595955 9.005083
4 5.404499 7.120676
9 -8.840710 4.548989
1 -0.676941 -2.882096
8 1.423076 -8.276738
3 -3.200755 -6.619882
8 4.550050 -1.527145
3 -3.200755 -6.619882
10 2.457308 -7.031382
5 5.404499 7.120676
