10 100
K -4.984433 2.989775 4.493973
Z 1 -4.984433 2.989775 -4.493661 2.118487
Z 2 -4.984433 2.989775 -4.789333 3.970558
K 9.032406 -2.183220 2.821275
K 8.928324 8.860036 4.925311
Z 5 -8.169690 8.388902 0.894675 -9.155086
Z 5 8.928324 8.860036 8.097039 9.415881
P -2.376036 5.277563 -0.027228 8.831490
P -8.325053 8.717484 -4.389920 12.586198
P -7.020211 -1.597600 -4.244121 0.685040
6 -7.811558 5.477777
7 8.928324 8.860036
9 -8.325053 8.717484
4 9.032406 -2.183220
9 -8.325053 12.586198
6 -18.446919 -5.283795
7 -2.189041 -7.060566
8 -0.027228 5.277563
10 -7.020211 0.685040
1 3.761185 -6.206308
4 9.032406 -2.183220
1 -4.984433 2.989775
7 8.928324 8.860036
3 -4.984433 2.989775
7 8.928324 8.860036
1 9.157498 6.015288
7 8.928324 8.860036
1 -0.608677 -9.597520
9 -4.389920 12.586198
2 -4.984433 2.989775
4 5.385550 -5.493385
6 -2.013203 -9.492260
8 -0.027228 5.277563
2 -4.984433 2.989775
3 -4.984433 2.989775
7 8.928324 8.860036
1 -8.281812 8.798687
10 -4.244121 -1.597600
4 9.032406 -2.183220
2 -4.984433 2.989775
3 -4.984433 2.989775
4 3.685415 -8.107014
7 8.112620 -0.076609
6 4.952422 2.299880
9 -8.325053 8.717484
9 -4.389920 8.717484
6 8.928324 8.860036
6 8.928324 8.860036
1 -4.984433 2.989775
4 9.032406 -2.183220
10 -4.244121 0.685040
2 2.234873 0.528493
1 -4.984433 2.989775
3 -1.085291 5.433971
3 8.225786 -7.378922
1 -4.984433 2.989775
1 -4.984433 2.989775
9 -4.389920 12.586198
9 -0.549988 1.446143
4 0.534186 -6.378314
4 9.032406 -2.183220
2 -4.984433 2.989775
3 2.636701 3.201091
1 -6.337703 -4.785623
6 -18.446919 -5.283795
3 -7.522863 -2.338092
5 8.928324 8.860036
2 -8.623726 -9.178423
3 -4.984433 2.989775
10 -4.244121 -1.597600
7 8.928324 8.860036
10 -7.020211 -1.597600
10 -7.020211 0.685040
5 1.466285 6.308030
9 -8.325053 8.717484
4 7.244183 -3.642798
6 0.222545 -5.803572
2 -4.984433 2.989775
10 -7.020211 0.685040
10 -4.244121 0.685040
4 -7.134451 4.153402
8 -0.027228 5.277563
9 -8.325053 8.717484
10 -4.244121 -1.597600
4 -9.444089 -3.119004
5 8.928324 8.860036
3 2.483629 6.993519
7 8.613987 8.444054
3 -4.984433 2.989775
8 -0.027228 8.831490
5 6.695806 -1.951555
7 8.928324 8.860036
4 9.032406 -2.183220
9 -4.389920 12.586198
10 -8.185767 -6.993265
2 -4.984433 2.989775
10 -7.020211 0.685040
3 -4.984433 2.989775
5 -9.044244 6.441596
7 8.928324 8.860036
3 -4.984433 2.989775
6 -5.804190 -1.387968
2 -4.984433 2.989775
2 -4.984433 2.989775
5 8.928324 8.860036
7 8.928324 8.860036
10 -7.020211 -1.597600
3 -4.984433 2.989775
4 2.855793 2.725189
10 -7.020211 0.685040
