10 100
P -5.969754 5.539203 -1.554669 9.551686
K -9.874610 -6.537708 4.383965
P 7.504871 -5.516397 10.644649 -3.770890
K 8.691165 -7.152356 4.456911
K -8.599902 -5.910959 4.690345
P 5.253698 7.410425 7.831971 10.586878
K 3.898453 -0.004489 3.591032
P -3.658335 5.116460 0.101932 8.381561
K -9.244608 -9.723775 3.433233
Z 7 -1.973907 4.517754 6.845680 8.089272
1 -1.554669 5.539203
5 -8.599902 -5.910959
8 -2.200537 3.139869
4 7.339567 -3.668013
2 -9.874610 -6.537708
6 -9.207208 3.819522
7 -9.884589 -0.973674
2 -9.874610 -6.537708
3 10.644649 -3.770890
2 -3.116192 -8.064347
10 -0.902779 11.851784
5 -8.599902 -5.910959
7 -4.080352 0.355401
10 3.898453 -0.004489
1 -1.405718 -6.782995
1 -1.554669 5.539203
2 -9.874610 -6.537708
10 -6.290240 1.886586
7 3.898453 -0.004489
8 4.865388 -6.697091
10 -3.908378 -8.635728
7 3.898453 -0.004489
9 -9.244608 -9.723775
3 7.504871 -3.770890
5 -8.599902 -5.910959
7 3.898453 -0.004489
1 -5.969754 5.539203
2 8.080032 -4.705942
10 -3.516678 -4.870783
9 -9.244608 -9.723775
2 -9.874610 -6.537708
10 -0.902779 11.851784
10 -9.526910 8.941098
6 5.253698 10.586878
1 8.442117 -1.446184
10 3.898453 -0.004489
4 7.285761 2.918012
2 -9.874610 -6.537708
3 -6.838656 4.988234
1 -5.969754 9.551686
3 10.644649 -5.516397
4 8.691165 -7.152356
2 -9.874610 -6.537708
1 -5.969754 9.551686
1 -1.554669 5.539203
4 8.691165 -7.152356
7 3.898453 -0.004489
9 -9.244608 -9.723775
2 2.594941 -3.425665
4 8.691165 -7.152356
4 9.459596 -0.450802
8 -3.658335 5.116460
4 8.691165 -7.152356
2 -9.874610 -6.537708
7 -1.302112 5.375614
10 -0.902779 11.851784
9 6.306480 -6.259398
10 -0.902779 11.851784
7 3.898453 -0.004489
2 3.605360 -4.502028
8 -5.837919 -5.742432
2 -0.574735 -3.991945
3 7.504871 -5.516397
4 8.691165 -7.152356
10 3.898453 -0.004489
7 3.465878 -3.306017
3 -5.504646 -9.242725
4 8.691165 -7.152356
7 3.898453 -0.004489
4 -8.724421 5.355292
7 3.898453 -0.004489
4 8.691165 -7.152356
10 3.898453 -0.004489
8 -5.760057 -2.639065
9 5.294349 -3.565972
5 -8.599902 -5.910959
1 -5.969754 5.539203
4 8.691165 -7.152356
4 8.691165 -7.152356
4 8.691165 -7.152356
6 -9.141057 8.239261
10 -0.902779 11.851784
1 -3.219561 0.293549
10 0.437336 -2.285973
7 3.898453 -0.004489
7 3.898453 -0.004489
6 7.831971 7.410425
2 -9.874610 -6.537708
1 -5.969754 9.551686
8 0.101932 5.116460
9 -4.639943 5.920920
2 -9.874610 -6.537708
10 -0.902779 11.851784
6 5.253698 10.586878
8 -9.569727 -7.847894
9 3.598105 -2.918463
3 10.644649 -3.770890
4 8.691165 -7.152356
7 3.898453 -0.004489
10 -0.902779 11.851784
