10 100
K -9.523752 -3.291484 2.060769
P 5.257602 -7.033130 10.017396 -5.393659
P 4.136235 -2.923407 7.348500 0.216553
Z 1 -9.523752 -3.291484 -10.428796 -3.716803
K -5.479770 1.975151 2.474718
Z 5 -3.050194 1.504627 -2.860062 2.486385
K -9.791700 -2.645364 1.523606
K -0.764263 7.574909 3.497270
K 6.004516 1.142715 4.190470
Z 5 6.114996 3.409993 8.677158 9.399227
7 -9.791700 -2.645364
5 9.354774 4.380777
6 -0.620618 1.034103
2 5.257602 -5.393659
4 -9.523752 -3.291484
9 -7.234025 5.478753
7 -9.791700 -2.645364
10 13.084680 -5.966620
4 -9.523752 -3.291484
8 -0.764263 7.574909
1 -1.327698 -9.785005
1 -9.523752 -3.291484
9 9.753141 -0.950404
8 -0.764263 7.574909
6 -5.479770 1.975151
1 -9.523752 -3.291484
7 -2.017808 -1.920029
6 -5.479770 1.975151
10 -5.479770 1.975151
9 -7.745139 4.927924
5 -5.479770 1.975151
2 10.017396 -7.033130
10 -5.479770 1.975151
7 -9.791700 -2.645364
1 -9.523752 -3.291484
9 4.168933 -0.244597
8 -0.764263 7.574909
10 -5.479770 1.975151
6 6.094869 -7.969509
8 -0.764263 7.574909
9 6.004516 1.142715
7 -9.791700 -2.645364
2 5.257602 -7.033130
10 -5.479770 1.975151
10 13.084680 -5.966620
3 5.529465 -8.716029
6 -5.456313 6.901451
3 4.136235 -2.923407
10 0.217181 3.019304
7 -9.791700 -2.645364
10 -5.479770 1.975151
10 -0.913872 -9.603799
6 -2.629851 4.691249
2 10.017396 -5.393659
2 10.017396 -5.393659
2 5.257602 -5.393659
3 7.348500 0.216553
7 -1.189802 3.554597
5 -5.479770 1.975151
6 -5.479770 1.975151
1 -9.523752 -3.291484
4 -9.523752 -3.291484
7 -9.791700 -2.645364
1 6.251905 6.353896
9 6.004516 1.142715
4 -9.523752 -3.291484
8 -0.764263 7.574909
4 -5.106470 -0.418504
2 10.017396 -5.393659
3 4.136235 -2.923407
2 -9.270007 2.527934
4 -9.523752 -3.291484
9 1.015793 -7.311177
2 10.017396 -7.033130
5 -1.257432 -6.203244
6 -5.479770 1.975151
1 -9.523752 -3.291484
8 -0.764263 7.574909
1 -9.523752 -3.291484
6 -0.620618 1.034103
5 -5.479770 1.975151
2 -8.960003 5.087562
6 -1.343521 2.692090
10 -7.631134 4.751660
1 -4.377012 -9.102737
4 -9.523752 -3.291484
1 -9.523752 -3.291484
9 1.390706 8.505141
3 9.157035 2.406044
8 -0.764263 7.574909
2 10.017396 -5.393659
7 9.976288 2.418000
8 5.114255 5.220458
1 -9.523752 -3.291484
4 -9.523752 -3.291484
5 -5.479770 1.975151
9 6.004516 1.142715
3 4.136235 -2.923407
3 7.348500 -2.923407
1 6.374169 9.982898
2 5.257602 -7.033130
9 -8.737143 -3.156971
8 -0.764263 7.574909
2 10.017396 -7.033130
3 4.136235 0.216553
5 -5.479770 1.975151
6 -5.479770 1.975151
9 8.194784 4.501422
8 -0.764263 7.574909
3 8.708173 -3.532867
