10 100
K -2.942485 -8.763614 3.601770
P -9.049187 -2.515730 -5.629354 1.215436
K -3.044160 -9.967136 3.592401
P -7.145720 -5.438216 -3.907173 -3.255866
K -7.759942 -1.459435 2.019463
Z 3 -2.396264 7.407845 -0.336681 -1.788824
P -5.200025 -8.994352 -1.617863 -4.086595
Z 1 -2.942485 -8.763614 -3.942301 -8.782823
K 0.736029 -9.194308 2.928084
P 9.083674 -3.383792 13.002879 1.515948
4 1.890316 5.531170
1 -3.770290 7.054938
1 -2.942485 -8.763614
9 0.736029 -9.194308
2 -9.049187 -2.515730
8 -6.054324 -8.576865
3 -3.044160 -9.967136
1 -2.942485 -8.763614
9 7.945937 -7.479933
4 -3.907173 -5.438216
2 -5.629354 -2.515730
9 0.736029 -9.194308
6 1.094335 -1.236860
10 13.002879 -3.383792
4 -9.069640 5.812567
6 5.600297 -8.031221
10 13.002879 1.515948
4 -7.145720 -3.255866
4 -7.145720 -5.438216
7 -1.617863 -8.994352
10 13.002879 -3.383792
10 9.083674 -3.383792
5 -7.759942 -1.459435
3 -3.044160 -9.967136
5 9.951189 -6.906285
1 -2.942485 -8.763614
6 5.600297 -8.031221
6 -3.044160 -9.967136
10 4.268133 -1.623522
4 -7.145720 -5.438216
7 4.366470 -1.087593
9 0.736029 -9.194308
1 -2.942485 -8.763614
4 -7.074167 7.698734
10 -9.680880 9.569864
9 0.736029 -9.194308
10 9.083674 1.515948
3 -3.044160 -9.967136
4 -7.145720 -3.255866
2 -9.049187 1.215436
9 4.107951 -5.875036
1 -2.942485 -8.763614
10 13.002879 -3.383792
8 -2.942485 -8.763614
6 -3.044160 -9.967136
3 0.878956 8.030181
3 -3.044160 -9.967136
3 -3.044160 -9.967136
2 -5.629354 1.215436
4 -7.145720 -3.255866
8 1.107041 -5.978093
1 -2.942485 -8.763614
8 -5.765355 8.371049
2 -5.629354 1.215436
8 -2.942485 -8.763614
10 -2.569248 5.311287
5 -7.759942 -1.459435
3 -3.044160 -9.967136
6 5.600297 -8.031221
10 0.358489 -8.591626
6 -3.044160 -9.967136
2 -1.503765 5.748270
3 -3.044160 -9.967136
1 -2.942485 -8.763614
1 -2.942485 -8.763614
10 13.002879 -3.383792
7 -5.200025 -4.086595
7 -5.200025 -8.994352
4 -3.907173 -5.438216
7 -3.505106 8.441320
2 0.890684 0.706432
7 -1.617863 -8.994352
10 9.083674 1.515948
4 -7.145720 -5.438216
10 13.002879 -3.383792
9 0.736029 -9.194308
5 -7.759942 -1.459435
7 5.003887 0.990676
1 -4.544957 -0.184691
2 1.039436 2.829512
4 -3.907173 -3.255866
3 -3.044160 -9.967136
3 -3.044160 -9.967136
6 -3.044160 -9.967136
5 8.266613 8.993188
10 13.002879 1.515948
3 -3.044160 -9.967136
3 7.779086 -1.928378
10 9.083674 -3.383792
9 -5.025792 5.075754
8 -9.887724 5.380397
1 -2.942485 -8.763614
5 -7.759942 -1.459435
1 -2.942485 -8.763614
10 9.083674 1.515948
6 -6.591993 -4.455449
7 -5.200025 -4.086595
1 -4.953715 -5.947907
5 -7.759942 -1.459435
1 -2.942485 -8.763614
