10 100
P -7.296171 -9.786678 -6.009003 -5.674450
P 3.505908 7.957142 5.491409 12.860699
Z 2 6.657560 2.430666 -0.905859 -1.138841
Z 2 1.150621 -3.504367 -2.716888 4.108747
Z 4 -5.764075 -4.238044 -2.085734 8.880351
P -0.288160 2.003294 1.521532 3.943102
K -2.034836 4.424563 4.955624
K 7.532072 2.465673 1.002015
Z 1 -7.296171 -9.786678 -7.321846 -8.787008
P -7.910899 1.457816 -5.011584 5.723369
8 7.532072 2.465673
1 -6.009003 -9.786678
1 -7.296171 -5.674450
2 3.505908 12.860699
3 5.491409 12.860699
2 7.949224 1.379525
6 1.521532 2.003294
5 -9.494645 1.352781
8 7.532072 2.465673
5 3.505908 12.860699
4 -7.711276 2.865881
1 -4.141293 -3.665026
1 -6.009003 -9.786678
3 3.505908 7.957142
2 -1.808226 -5.659512
1 -7.296171 -9.786678
10 -5.011584 1.457816
2 3.505908 12.860699
1 -6.009003 -9.786678
4 5.709204 -9.228785
4 -10.665567 -0.250701
7 -2.034836 4.424563
5 3.605664 -1.192023
10 -5.011584 5.723369
8 7.532072 2.465673
9 -6.345107 -7.872086
6 7.679395 0.508556
9 -6.009003 -5.674450
2 -8.915542 3.138236
2 8.260864 3.978367
2 -3.204294 5.136317
1 -7.296171 -5.674450
7 -2.034836 4.424563
4 3.505908 7.957142
3 5.491409 12.860699
7 -2.034836 4.424563
1 -4.555301 -7.237375
10 -5.011584 1.457816
1 -3.648094 -1.191062
1 -6.009003 -5.674450
8 7.532072 2.465673
6 1.521532 2.003294
9 -1.669757 -5.161331
8 7.532072 2.465673
6 1.521532 2.003294
1 -7.296171 -5.674450
9 -6.009003 -9.786678
1 -7.296171 -9.786678
10 0.905259 4.764772
6 -7.177017 -9.920138
6 1.521532 3.943102
6 8.036077 -1.855156
4 -14.625659 2.641104
9 -7.296171 -9.786678
2 3.505908 7.957142
9 7.611958 5.948510
8 6.104258 5.264326
1 -7.296171 -9.786678
1 9.879848 -9.876338
10 -5.011584 1.457816
4 5.491409 7.957142
10 -7.910899 1.457816
8 7.532072 2.465673
6 -0.288160 2.003294
8 7.532072 2.465673
3 5.491409 7.957142
4 5.491409 12.860699
9 -7.296171 -9.786678
8 7.532072 2.465673
2 5.550008 8.444409
5 -7.342207 10.998906
2 3.505908 7.957142
4 -4.177211 -6.496879
10 -5.668047 0.246696
2 3.505908 12.860699
4 -14.625659 2.641104
1 -6.009003 -9.786678
2 3.505908 12.860699
7 -2.034836 4.424563
6 -0.288160 3.943102
1 -6.009003 -9.786678
1 -4.668784 3.322891
4 6.504168 8.422409
6 1.521532 2.003294
5 -6.488827 16.219905
7 -2.034836 4.424563
7 -2.034836 4.424563
1 -3.432356 2.294946
3 8.920271 -3.515341
3 5.491409 7.957142
3 12.705572 -6.632449
10 -5.011584 1.457816
5 -9.038258 12.031197
7 -2.034836 4.424563
7 2.148469 1.053474
2 5.491409 12.860699
1 -4.215434 8.820643
8 0.563428 -0.479836
7 -2.034836 4.424563
5 5.382222 -2.969018
