10 100
P 7.367613 3.997310 11.837317 6.756275
K -3.255117 -1.827172 1.101818
Z 2 -2.159868 -1.947307 -2.050835 -0.953269
K 5.454687 7.268624 2.862972
K -1.705862 5.906150 1.898153
K -5.845035 5.842344 1.672627
K 0.226476 2.134646 1.395881
Z 3 -1.064619 -2.067441 -1.863593 -2.668806
K 1.939607 1.542810 1.900096
Z 8 -4.216711 -2.365076 -3.728515 -3.237810
8 -3.2551 -1.8272
5 1.3407 -8.4269
8 5.9969 -9.2452
7 0.2265 2.1346
9 -8.6075 1.4047
9 1.9396 1.5428
1 4.6518 9.2694
10 -1.4399 -4.2389
6 -5.8450 5.8423
10 9.0686 6.5999
9 -0.0654 -2.0861
7 0.2265 2.1346
4 5.4547 7.2686
3 -1.0646 -2.0674
1 11.8373 6.7563
1 11.8373 3.9973
8 -1.4399 -4.2389
1 -1.3073 5.9586
10 -3.2551 -1.8272
9 -1.7738 -3.4688
10 -1.4399 -4.2389
10 1.5202 -4.7545
6 -5.8450 5.8423
2 -3.2551 -1.8272
10 -6.1199 -4.8953
4 -3.0871 3.9410
7 0.2265 2.1346
3 -3.2551 -1.8272
7 0.2265 2.1346
9 1.9396 1.5428
4 5.4547 7.2686
2 -3.2551 -1.8272
5 -1.7059 5.9061
1 11.8373 3.9973
3 -3.2551 -1.8272
3 -3.2551 -1.8272
10 -1.0646 -2.0674
7 0.2265 2.1346
7 5.4037 4.5447
8 8.0944 9.9117
2 -3.2551 -1.8272
1 9.8685 4.5615
4 0.4648 -8.3175
3 -3.2551 -1.8272
10 -5.1783 -2.9030
6 -5.8450 5.8423
5 -7.6660 -3.9582
10 -1.0646 -2.0674
2 -3.2551 -1.8272
3 -1.0646 -2.0674
7 0.2265 2.1346
5 7.5632 -4.7170
7 0.2265 2.1346
8 -3.2551 -1.8272
10 -3.2551 -1.8272
9 1.9396 1.5428
1 7.3676 6.7563
10 -1.0646 -2.0674
1 7.3676 3.9973
2 -3.0586 -6.9164
3 -3.2551 -1.8272
5 -1.7059 5.9061
7 3.6387 -0.0382
3 -4.8824 -7.8817
10 4.9920 8.1823
3 -3.2551 -1.8272
3 -7.8004 -8.5283
4 -4.0330 -7.9397
4 5.4547 7.2686
5 -1.7059 5.9061
7 0.2265 2.1346
5 -1.7059 5.9061
8 -1.4399 -4.2389
2 -3.2551 -1.8272
9 4.6043 3.0968
6 5.6455 9.1372
10 -6.1199 -4.8953
2 -3.2551 -1.8272
3 -3.2551 -1.8272
6 -5.2647 2.6391
7 0.2265 2.1346
1 -8.8643 4.8728
8 6.8103 -2.2900
2 -3.2551 -1.8272
3 -3.2551 -1.8272
6 -5.8450 5.8423
8 -3.2551 -1.8272
1 -6.3634 -1.9550
10 -5.1783 -2.9030
3 -3.2551 -1.8272
2 -3.2551 -1.8272
2 -3.2551 -1.8272
6 -5.8450 5.8423
5 -1.7059 5.9061
9 5.3975 1.3169
6 3.4818 -5.2751
5 -1.7059 5.9061
8 4.4840 8.1247
8 9.8640 -3.1260
5 -1.7059 5.9061
