10 100
K -2.375788 -7.337321 4.936705
P 6.275421 9.366637 10.978994 11.967490
P 5.922771 -0.132862 8.431628 2.529671
Z 2 -6.724273 -1.100486 0.169717 9.060572
Z 1 1.408966 -8.509574 8.865611 -2.803178
Z 5 4.082294 -4.579660 -1.566311 3.244840
K -3.987984 -8.217609 3.416831
K -9.094355 -2.335794 2.222790
Z 6 1.551479 -12.469148 1.596305 -11.470153
P 3.848098 -0.010045 8.171049 1.694892
2 3.8599 -8.9267
10 -6.5731 8.5624
10 6.6458 8.9017
8 -4.4674 4.2811
7 -3.9880 -8.2176
1 -2.3758 -7.3373
6 12.3674 -4.6610
1 -2.3758 -7.3373
2 6.2754 11.9675
4 -8.1217 6.5211
5 1.5515 -12.4691
10 3.8481 1.6949
8 -9.0944 -2.3358
3 -1.2517 4.0337
7 -3.9880 -8.2176
10 6.3342 -8.3344
8 3.4915 7.5130
8 1.5549 6.8022
4 10.9790 11.9675
5 -2.3758 -7.3373
10 3.8481 1.6949
2 10.9790 9.3666
2 10.9790 11.9675
7 9.0624 8.5116
5 -2.3758 -7.3373
4 6.2754 11.9675
10 3.8481 1.6949
2 6.2754 11.9675
5 1.8776 9.9555
8 -5.7788 0.0968
2 6.2754 9.3666
2 10.9790 9.3666
10 8.1710 1.6949
8 -9.0944 -2.3358
7 -3.9880 -8.2176
6 12.3674 -4.6610
2 10.9790 11.9675
2 6.2754 9.3666
1 -4.3494 0.3622
5 -2.3758 -7.3373
5 1.5515 -12.4691
3 5.9228 2.5297
6 -2.3758 -7.3373
7 -3.9880 -8.2176
6 1.0382 -4.4119
9 1.5515 -12.4691
1 -2.3758 -7.3373
7 -3.9880 -8.2176
10 8.1710 1.6949
2 6.2754 11.9675
8 -9.0944 -2.3358
7 -3.9880 -8.2176
1 -2.3758 -7.3373
5 -2.3758 -7.3373
2 10.9790 9.3666
9 8.7327 0.6820
8 -9.0944 -2.3358
7 -3.9880 -8.2176
10 3.8481 -0.0100
7 8.5550 2.0284
5 -2.3758 -7.3373
7 -3.9880 -8.2176
9 -4.4230 1.2723
4 0.6144 15.8083
5 1.5515 -12.4691
9 1.4256 4.7096
5 -2.3758 -7.3373
1 9.3704 9.9736
9 -2.3758 -7.3373
7 -3.9880 -8.2176
9 -4.4300 -2.4455
9 8.7327 0.6820
7 -3.9880 -8.2176
5 -2.3758 -7.3373
2 6.2754 11.9675
10 9.0866 7.4855
8 7.4395 2.3119
9 -2.3758 -7.3373
6 1.5515 -12.4691
1 -7.5164 -0.7327
3 -3.6677 -1.8492
1 -5.4808 -4.6240
4 6.2754 11.9675
3 8.4316 2.5297
4 10.9790 9.3666
8 -9.0944 -2.3358
9 8.7327 0.6820
6 -4.2467 0.3242
9 0.1211 -7.6694
7 9.8690 2.9804
1 -2.3758 -7.3373
10 8.1710 1.6949
1 -2.3758 -7.3373
3 5.9228 -0.1329
3 8.4316 2.5297
8 -9.0944 -2.3358
7 8.8179 -3.0395
9 5.9226 -7.7097
7 -3.8817 -1.6287
5 -2.3758 -7.3373
