10 100
K 0.531474 -9.639969 1.089119
Z 1 -1.588849 -2.773784 9.788572 -8.834001
Z 1 0.531474 -9.639969 1.204260 -10.379806
P -1.434196 -8.773760 0.252996 -5.095786
P -5.980470 3.939143 -3.859644 6.648491
P -6.445855 3.290366 -4.520418 7.669116
P -9.566802 1.265208 -7.468947 4.171914
Z 3 -0.458028 -9.184923 -0.875838 -10.093458
K 0.812948 4.021237 1.114622
K -2.669641 -3.972235 3.993456
6 -6.4459 7.6691
2 0.5315 -9.6400
8 -1.4475 -8.7299
9 -4.8317 -1.4653
5 -5.9805 3.9391
5 -3.8596 3.9391
10 -2.6696 -3.9722
7 -7.4689 1.2652
2 0.5315 -9.6400
9 0.8129 4.0212
4 0.2530 -8.7738
6 -4.5204 7.6691
2 2.5381 -0.3307
6 -8.3174 9.0898
1 0.5315 -9.6400
6 -6.4459 7.6691
3 -5.4948 3.4326
4 1.7450 2.0513
7 -7.4689 1.2652
8 0.5315 -9.6400
8 -3.8224 1.6456
8 -1.4475 -8.7299
9 8.7244 8.8337
9 0.0279 -0.5516
8 -5.9068 -9.1442
5 2.2406 0.8598
1 -4.4941 1.6173
8 -1.3595 3.0873
1 0.5315 -9.6400
9 0.8129 4.0212
10 -2.6696 -3.9722
5 8.5865 9.6630
5 -3.8596 6.6485
1 9.1581 -9.0178
1 0.5315 -9.6400
8 0.5315 -9.6400
9 0.8129 4.0212
4 0.2530 -5.0958
6 -6.4459 3.2904
3 0.5315 -9.6400
5 -2.4389 -1.1487
9 0.8129 4.0212
6 -4.5204 3.2904
5 -3.8596 6.6485
2 0.5315 -9.6400
9 0.8129 4.0212
4 9.6672 -8.3769
8 -1.4475 -8.7299
8 -8.5120 0.0733
7 6.8631 -9.2800
8 0.5315 -9.6400
5 -3.8596 6.6485
5 -6.5203 6.7104
6 -6.4459 3.2904
2 5.2922 -0.7022
6 -4.5204 3.2904
10 -2.6696 -3.9722
3 8.3549 4.0841
9 0.8129 4.0212
10 -2.6696 -3.9722
10 -2.6696 -3.9722
1 -8.1108 -6.5010
6 -4.5204 3.2904
5 -3.8596 3.9391
10 -2.6696 -3.9722
4 0.2530 -8.7738
5 -3.8596 6.6485
7 7.0248 -9.9593
4 0.2530 -8.7738
3 0.5315 -9.6400
6 -6.4459 3.2904
6 -4.5204 7.6691
3 -0.5913 -1.5656
10 -2.6696 -3.9722
5 -3.8596 6.6485
4 0.2530 -8.7738
1 -7.4234 2.0613
9 0.8129 4.0212
3 0.5315 -9.6400
2 7.4735 -5.4089
6 -1.1594 5.6468
4 -3.1761 -6.2415
6 3.0971 1.1015
8 -1.4475 -8.7299
4 -1.4342 -5.0958
1 0.5315 -9.6400
9 0.8129 4.0212
4 -0.7964 9.3024
6 -6.4459 7.6691
4 -1.4342 -8.7738
9 0.8129 4.0212
5 -3.8596 3.9391
9 0.8129 4.0212
6 -4.5204 7.6691
7 -9.5668 1.2652
4 -4.9967 -7.8348
10 -2.6696 -3.9722
1 0.5315 -9.6400
3 3.5901 2.0945
9 0.8129 4.0212
