10 100
P -8.011622 -7.411208 -6.989815 -3.245133
P -5.414212 3.537376 -1.361330 7.663938
K -2.048897 -0.644085 2.539017
K -8.522531 -1.126575 3.678116
P -8.373702 -9.598955 -5.722638 -8.268357
K 2.577980 -0.330498 3.336711
K 8.117195 -1.785401 2.806668
K -1.295021 2.842599 3.122592
Z 2 0.705831 -8.462457 5.475241 -6.507686
K -3.351553 -6.743296 1.981263
3 -2.0489 -0.6441
4 -3.4448 -9.3819
7 8.1172 -1.7854
1 -8.0116 -3.2451
6 2.5780 -0.3305
5 3.4941 4.5844
2 -1.3613 7.6639
8 -1.2950 2.8426
4 -8.5225 -1.1266
2 -1.3613 7.6639
2 -3.3311 3.4464
10 -3.3516 -6.7433
2 -5.4142 7.6639
9 -5.4142 7.6639
9 5.8820 1.2173
1 -6.9898 -7.4112
2 9.5008 8.8041
2 -5.4142 3.5374
1 -8.0116 -7.4112
1 7.7332 2.7979
6 2.5780 -0.3305
7 8.1172 -1.7854
5 -5.7226 -9.5990
8 -1.2950 2.8426
7 8.1172 -1.7854
10 -3.3516 -6.7433
9 -5.5718 -8.5289
6 2.5780 -0.3305
3 -8.0679 -9.3553
7 4.9384 9.1469
2 -8.5146 6.4154
5 -8.3737 -8.2684
5 -5.7226 -9.5990
4 -8.5225 -1.1266
6 2.5780 -0.3305
7 8.1172 -1.7854
8 -1.2950 2.8426
1 -6.9898 -7.4112
6 -7.3213 1.3128
10 -3.3516 -6.7433
10 -3.3516 -6.7433
6 2.5780 -0.3305
2 2.5923 0.6375
1 7.8215 -6.3600
9 3.4371 0.9025
10 -6.3463 -2.1333
1 -6.9898 -7.4112
4 -8.5225 -1.1266
1 2.6515 2.0298
6 7.0318 -8.1115
6 2.5780 -0.3305
3 -2.0489 -0.6441
4 1.0629 -0.4900
7 -6.4421 8.9019
7 8.1172 -1.7854
10 -3.3516 -6.7433
1 -4.7298 3.3729
5 1.8965 1.3103
1 -8.0116 -7.4112
8 -1.2950 2.8426
6 2.5780 -0.3305
3 -2.0489 -0.6441
9 -1.3613 7.6639
8 6.0994 -3.4673
2 -5.4142 3.5374
2 -1.3613 3.5374
3 -2.0489 -0.6441
5 -5.7226 -8.2684
9 7.4935 7.7674
5 6.2838 -2.2876
2 5.6778 5.9577
1 -8.0116 -7.4112
5 -3.1356 8.2756
6 0.5436 7.6948
10 -0.6925 -0.9660
3 -2.0489 -0.6441
5 -8.3737 -8.2684
3 -2.0489 -0.6441
3 -2.0489 -0.6441
8 -6.0603 2.0573
3 -2.0489 -0.6441
6 2.5780 -0.3305
3 -2.0489 -0.6441
6 7.4280 -3.2322
9 7.6640 -24.2453
1 -8.0116 -7.4112
7 8.1172 -1.7854
10 -8.3788 -4.4316
8 -2.1697 0.1084
2 9.2896 -7.3308
5 -5.7226 -9.5990
9 7.6550 -18.4614
5 -8.3737 -9.5990
4 -2.0836 4.4712
2 -5.4142 7.6639
2 -1.3613 3.5374
2 6.2395 3.6600
7 7.9201 -6.1327
6 2.5780 -0.3305
6 2.5780 -0.3305
