10 100
P 4.281596 -5.693600 7.587657 -1.028034
Z 1 -1.717476 -6.700404 -2.632955 3.950519
Z 1 -4.725155 3.352390 4.767827 -7.076556
K 7.910117 9.065468 4.225995
K -8.600969 0.241362 4.087701
Z 5 -1.949427 4.541490 6.329669 8.415682
P -2.231464 -8.779066 0.960314 -5.818121
Z 1 4.281596 -5.693600 5.127969 -5.161009
Z 1 4.281596 -5.693600 3.295883 -5.525166
K -8.092931 -7.144936 3.706284
2 4.2816 -1.0280
4 0.3515 -6.7616
10 9.7588 9.2143
10 -8.0929 -7.1449
9 1.4996 3.3959
2 -11.0579 -7.2962
7 -2.2315 -8.7791
3 3.4365 -6.4628
1 -5.4483 -1.3126
8 9.9183 -4.7318
2 4.2816 -5.6936
2 -8.5965 -2.1349
2 -8.5965 -2.1349
9 7.4001 -6.7914
4 7.9101 9.0655
1 0.0731 -1.7570
1 -4.3024 5.0351
6 -8.6010 0.2414
10 -8.0929 -7.1449
9 -8.1876 -6.0283
6 -8.6010 0.2414
2 -7.8004 -6.7321
3 7.5877 -1.0280
6 -8.6010 0.2414
1 4.2816 -1.0280
5 8.5269 5.6511
3 -1.2085 -6.0254
5 -8.6010 0.2414
4 7.9101 9.0655
6 -9.5127 2.1898
4 0.9470 -0.2553
1 4.2816 -5.6936
5 -8.6010 0.2414
7 0.9603 -5.8181
7 -2.2315 -5.8181
5 -8.6010 0.2414
6 3.6825 6.6283
2 7.5877 -1.0280
8 7.5877 -1.0280
9 7.5877 -5.6936
8 5.7121 -2.7131
1 7.5877 -5.6936
6 5.3612 8.7387
10 -0.9993 -5.1502
4 7.9101 9.0655
10 4.4414 -9.7838
6 -9.5127 2.1898
10 -8.0929 -7.1449
1 4.2816 -1.0280
5 -8.6010 0.2414
4 7.9101 9.0655
10 -4.6661 -8.0900
8 4.2816 -1.0280
8 4.2816 -5.6936
5 -8.6010 0.2414
10 8.7071 3.6793
5 -8.6010 0.2414
4 7.2783 4.3066
2 -8.5965 -2.1349
7 8.0276 -3.9413
9 2.7324 -10.0944
1 4.2816 -5.6936
6 -8.6010 0.2414
10 -8.0929 -7.1449
10 -8.0929 -7.1449
2 2.7155 5.5161
3 -1.5184 -9.3169
3 7.5877 -5.6936
6 -9.5127 2.1898
1 7.5877 -1.0280
5 5.3597 5.2432
9 4.2816 -5.6936
10 6.9018 -1.4220
9 1.3857 -4.4757
10 -9.5457 1.3423
1 3.3569 -8.6085
4 7.9101 9.0655
6 -9.5127 2.1898
3 4.2816 -1.0280
4 7.9101 9.0655
3 7.5877 -1.0280
2 7.5877 -5.6936
7 0.9603 -8.7791
2 -8.5965 -2.1349
7 -2.2315 -5.8181
2 7.5877 -5.6936
3 -1.5184 -9.3169
3 7.5877 -1.0280
5 -8.6010 0.2414
2 4.2816 -1.0280
9 4.2816 -1.0280
3 -0.1286 -1.3509
10 -8.0929 -7.1449
8 -3.6150 -5.2617
9 4.2816 -1.0280
1 4.2816 -1.0280
3 3.1266 -9.7543
1 4.2816 -5.6936
7 -2.2315 -5.8181
9 5.8508 -11.1922
