10 100
P -3.991744 9.693396 -1.132941 13.612633
K 1.703758 1.507628 1.125903
Z 1 -1.132941 9.693396 -0.486584 8.930361
P -8.602027 -8.832181 -5.493766 -6.256506
K 1.340926 8.383934 1.016674
P 3.654263 -4.364696 6.959901 -3.032779
Z 2 -5.873271 -1.651343 -9.721815 3.277456
K 3.865424 -7.338238 4.623627
Z 1 -3.991744 9.693396 -3.455355 8.849425
Z 5 1.340926 8.383934 0.423696 8.782293
6 3.6543 -4.3647
10 1.3409 8.3839
7 -10.7752 -8.2363
5 1.3409 8.3839
10 -5.6190 4.2145
1 -1.1329 13.6126
7 -6.3800 -0.1300
4 -1.7786 2.0737
8 3.8654 -7.3382
7 -3.2467 9.2132
7 1.7038 1.5076
7 -10.7752 -8.2363
10 1.3409 8.3839
8 3.8654 -7.3382
4 -8.6020 -6.2565
4 -8.6020 -8.8322
1 -3.9917 13.6126
5 -8.9969 -8.7588
4 -8.6020 -6.2565
4 1.5313 7.7169
8 3.8654 -7.3382
10 1.3409 8.3839
5 1.3409 8.3839
3 -4.9988 10.3379
3 -3.9917 13.6126
3 -0.6628 12.5133
1 -1.1329 9.6934
3 -4.9988 10.3379
6 -4.0393 5.0158
1 -3.9917 13.6126
1 -1.6201 9.4734
7 -10.7752 -8.2363
3 -1.1329 13.6126
6 6.9599 -3.0328
7 -8.6663 3.2490
1 7.0304 4.1867
4 -5.4938 -8.8322
7 1.7038 1.5076
2 -9.0319 6.9709
3 -4.5287 13.1578
3 -1.1329 13.6126
6 3.6543 -3.0328
8 -1.8110 6.7065
6 6.7759 3.6964
6 3.6543 -3.0328
6 -3.7374 6.6225
3 -0.6628 12.5133
2 1.7038 1.5076
7 1.7038 1.5076
9 -9.9134 0.1570
4 -5.4938 -6.2565
2 1.7038 1.5076
9 -5.2055 7.1051
8 3.8654 -7.3382
7 1.7038 1.5076
10 1.3409 8.3839
1 -1.1329 9.6934
6 3.4212 4.9662
9 -7.5402 11.3574
8 3.8654 -7.3382
5 1.3409 8.3839
8 3.8654 -7.3382
2 1.7038 1.5076
8 3.8654 -7.3382
9 7.9409 -4.2750
7 1.7038 1.5076
10 1.3409 8.3839
1 8.8144 -3.2578
1 -6.7137 -9.2553
3 -4.9988 10.3379
10 1.3409 8.3839
3 -4.9988 10.3379
5 2.4016 -8.1362
4 4.2695 8.1322
9 -3.9917 9.6934
1 -3.9917 13.6126
10 1.3409 8.3839
8 3.8654 -7.3382
5 -8.5345 -4.8438
10 1.3409 8.3839
9 -3.9917 13.6126
1 -3.9917 9.6934
3 -1.1329 9.6934
1 -9.5317 -7.6296
1 -3.9917 9.6934
7 -6.0489 -5.1151
7 1.7038 1.5076
10 1.3409 8.3839
4 3.5521 -2.7981
5 1.3409 8.3839
2 1.7038 1.5076
3 7.8810 4.3220
8 3.8654 -7.3382
10 0.2759 -4.0305
6 -7.6283 0.4161
6 6.9599 -4.3647
1 -5.0959 -1.4580
4 2.5459 -3.3551
9 -3.9917 13.6126
4 -5.4938 -6.2565
