10 100
P 7.764775 -3.924830 11.448148 -1.223341
Z 1 7.764775 -3.924830 7.937944 -4.909722
Z 1 3.706476 9.305770 -5.094235 1.699515
P 6.655953 7.817057 7.848459 9.722858
P 1.378692 1.087552 4.451759 2.657977
P 4.195889 -9.576136 8.235537 -5.040336
Z 3 -6.666925 -2.317316 -2.171372 -9.504111
K -4.121195 -5.182909 3.410111
P 8.847642 5.761797 13.718029 7.418631
Z 7 -13.964761 -14.815809 -13.109681 -15.334304
5 1.3787 1.0876
5 1.3787 1.0876
2 4.3023 -5.1812
3 -8.7968 15.2375
3 -8.7968 15.2375
8 5.2649 7.3137
8 -4.1212 -5.1829
7 2.5010 7.3122
4 -9.4506 -9.6170
7 1.0233 3.9004
4 7.8485 7.8171
8 -0.0928 -2.1539
1 7.7648 -1.2233
1 4.3846 -2.7085
6 8.2355 -9.5761
4 8.9779 0.6414
9 2.2864 6.7429
8 -4.1212 -5.1829
9 8.8476 7.4186
10 -3.8360 -3.3818
9 1.2852 -2.5013
2 6.8433 -1.3854
1 7.7648 -3.9248
10 4.7529 0.7058
9 8.8476 5.7618
1 3.0555 0.1515
9 13.7180 7.4186
10 -21.5206 7.2785
7 -11.5356 -15.9978
4 -6.3910 7.1981
5 4.4518 1.0876
4 6.6560 9.7229
3 -1.1396 -8.5136
4 -9.0884 8.5885
8 -4.1212 -5.1829
3 -6.1238 14.8463
6 4.1959 -9.5761
5 4.4518 1.0876
7 -21.5206 7.2785
10 7.7648 -3.9248
7 -5.5903 18.4908
5 1.3787 2.6580
5 4.4518 1.0876
7 -6.1238 14.8463
3 -8.2633 18.8821
3 -6.1238 14.8463
2 2.0980 7.6377
8 2.3187 -6.3226
10 0.6557 -8.8824
9 5.9028 2.4445
3 -8.2633 18.8821
2 4.3023 -5.1812
9 13.7180 7.4186
3 11.4481 -3.9248
3 11.4481 -3.9248
9 13.7180 7.4186
10 -13.9648 -14.8158
8 -4.1212 -5.1829
2 11.4481 -3.9248
10 -15.9712 -40.3678
1 8.5384 2.6126
7 -13.9648 -14.8158
3 -8.2633 18.8821
10 -22.3382 4.7037
7 -11.5356 -15.9978
8 0.4392 2.2440
7 -5.5903 18.4908
9 13.7180 7.4186
1 7.7648 -1.2233
10 -9.6018 -13.4631
6 4.1959 -9.5761
3 6.6172 -0.3990
3 7.7648 -1.2233
4 6.6560 9.7229
2 -6.3455 0.5495
5 4.4518 2.6580
2 11.4481 -1.2233
1 11.4481 -1.2233
1 7.7648 -1.2233
2 -8.8531 7.1923
9 13.7180 5.7618
5 -4.6464 -6.5374
3 11.4481 -1.2233
7 -13.1471 -19.3099
10 -3.3156 7.9865
4 9.0489 8.7283
3 -8.2633 18.8821
4 6.6560 9.7229
4 -8.9304 1.7261
9 13.7180 5.7618
2 3.3808 -2.6418
7 11.4481 -1.2233
4 5.2178 -8.2794
6 3.6932 -0.6237
9 8.0912 6.7954
9 13.7180 5.7618
9 13.7180 7.4186
4 6.6560 7.8171
6 -8.6830 -0.9787
6 4.1959 -5.0403
