10 100
P -6.445118 -4.402899 -5.021518 -1.991053
K 9.602546 3.801093 1.530324
Z 1 0.113654 8.514585 -5.390507 6.853495
P -4.854251 6.131107 -0.257158 7.771170
Z 2 9.602546 3.801093 10.470007 4.298599
Z 5 8.104927 4.115782 7.899292 3.137153
K 4.706095 3.036246 1.883341
P 2.774274 -4.766040 4.427650 -1.113658
K 5.708351 -0.737381 2.932888
K 9.175569 8.412963 2.963846
2 9.602546 3.801093
4 3.449787 -0.332922
10 -0.062043 -5.647452
3 -6.445118 -4.402899
3 8.384585 8.789953
9 0.139554 -8.990816
3 -4.196090 1.819627
4 -9.613260 2.420807
2 2.869398 -9.973925
5 9.602546 3.801093
4 -8.415264 -8.569171
7 4.706095 3.036246
5 9.602546 3.801093
2 -0.736341 -0.418928
10 9.175569 8.412963
10 7.760485 -0.191961
10 9.175569 8.412963
4 -4.854251 7.771170
8 2.774274 -1.113658
10 9.175569 8.412963
7 -5.824100 7.778684
2 9.602546 3.801093
9 5.708351 -0.737381
9 6.678428 9.547750
9 5.708351 -0.737381
6 9.602546 3.801093
5 2.573373 -4.559298
2 9.602546 3.801093
3 -9.975866 14.425592
8 4.427650 -1.113658
6 6.607309 4.430471
5 9.602546 3.801093
5 3.994790 -4.374782
6 6.917828 -1.209577
1 -6.445118 -1.991053
2 9.602546 3.801093
6 6.607309 4.430471
10 8.913618 -0.994756
7 4.706095 3.036246
10 9.175569 8.412963
2 8.171519 5.598485
10 -6.144095 -2.026003
3 -11.161800 13.638066
4 -0.257158 6.131107
2 9.602546 3.801093
2 9.602546 3.801093
8 4.427650 -4.766040
3 -4.956289 -5.382065
3 -5.021518 -4.402899
10 9.175569 8.412963
4 2.935128 8.390431
10 9.175569 8.412963
10 3.081781 -3.521227
1 -6.445118 -4.402899
4 -0.257158 6.131107
5 9.602546 3.801093
6 9.215730 -4.498535
10 9.175569 8.412963
5 9.602546 3.801093
6 9.602546 3.801093
6 6.607309 4.430471
3 -11.161800 13.638066
9 5.708351 -0.737381
4 -0.257158 7.771170
1 -5.021518 -1.991053
5 9.602546 3.801093
6 9.602546 3.801093
6 9.602546 3.801093
5 -9.007285 3.323223
5 9.602546 3.801093
2 8.824610 -6.255263
10 -2.345742 3.790782
6 6.607309 4.430471
1 -9.335455 4.150904
10 9.175569 8.412963
1 -5.021518 -4.402899
4 1.732494 -6.385355
6 9.602546 3.801093
1 -6.445118 -1.991053
5 9.602546 3.801093
2 -0.817173 -4.540958
2 1.369280 7.500187
8 4.427650 -4.766040
6 6.019450 -1.374175
9 5.708351 -0.737381
8 2.774274 -1.113658
5 9.602546 3.801093
8 -3.721821 3.049340
9 -5.143559 -9.004352
1 6.627238 8.726680
6 9.602546 3.801093
5 9.602546 3.801093
1 7.200201 -5.356881
5 1.736135 -8.749726
1 -6.445118 -4.402899
7 4.706095 3.036246
6 9.602546 3.801093
6 6.607309 4.430471
3 -5.021518 -4.402899
2 9.602546 3.801093
