10 100
K -6.150041 6.831499 2.197170
K -2.577380 -5.080237 3.321339
K 8.223212 5.187489 4.158395
Z 3 12.303923 4.387457 12.496313 5.368775
Z 3 8.223212 5.187489 8.239781 4.187626
Z 3 4.132343 5.933841 3.952862 4.950080
Z 4 8.223212 5.187489 8.605127 6.111687
K 6.292016 -5.568571 3.932968
Z 6 -2.761710 9.751742 -3.500348 9.077639
Z 6 -9.233514 6.131796 4.158203 -2.921634
10 8.217813 -6.049266
6 0.041474 6.680193
8 -4.098654 -0.398469
2 1.032207 7.851598
5 8.223212 5.187489
10 -8.229399 1.799417
8 6.292016 -5.568571
5 8.223212 5.187489
9 0.041474 6.680193
1 -9.358198 4.912951
4 16.384633 3.587424
2 -2.577380 -5.080237
8 -4.846319 -0.196136
4 16.384633 3.587424
9 -9.639665 -7.869980
10 8.223212 5.187489
7 8.223212 5.187489
1 4.014216 -5.207231
2 0.369633 -8.043358
2 -2.577380 -5.080237
10 -6.286121 -2.679505
6 0.041474 6.680193
1 -6.150041 6.831499
5 8.223212 5.187489
2 -2.577380 -5.080237
1 -6.150041 6.831499
6 4.944689 6.588093
6 -7.326032 3.691232
5 8.223212 5.187489
4 8.223212 5.187489
10 8.223212 5.187489
7 8.223212 5.187489
10 -1.852036 -9.715690
2 -2.577380 -5.080237
7 8.223212 5.187489
10 -1.852036 -9.715690
7 16.384633 3.587424
2 -2.577380 -5.080237
4 -8.277543 8.322978
10 0.041474 6.680193
5 -5.442701 1.666944
2 -2.577380 -5.080237
8 6.292016 -5.568571
2 -2.577380 -5.080237
3 8.223212 5.187489
3 -9.293954 2.692089
10 -1.852036 -9.715690
3 8.223212 5.187489
5 8.223212 5.187489
8 -0.881577 -0.434593
4 16.384633 3.587424
8 6.292016 -5.568571
6 8.223212 5.187489
2 -3.750593 -1.445413
5 8.223212 5.187489
4 16.384633 3.587424
8 6.292016 -5.568571
9 -6.305433 21.107046
3 8.223212 5.187489
9 8.223212 5.187489
7 8.223212 5.187489
6 8.223212 5.187489
3 4.258546 -1.979919
8 -3.771030 0.951995
4 -5.757023 2.093629
6 0.041474 6.680193
9 8.223212 5.187489
5 8.223212 5.187489
10 -6.286121 -2.679505
9 -5.564893 12.823290
10 0.041474 6.680193
1 -2.229567 3.888951
1 -6.150041 6.831499
6 8.223212 5.187489
10 1.702142 -0.410365
10 8.223212 5.187489
1 -9.689357 -2.875414
7 -0.664827 -7.750640
10 9.473564 1.781136
3 -6.093221 0.627254
8 6.292016 -5.568571
7 1.313089 9.815578
7 3.557646 1.734116
6 0.041474 6.680193
10 -6.286121 -2.679505
5 8.223212 5.187489
9 -2.415536 6.430902
1 -6.150041 6.831499
4 8.223212 5.187489
6 8.223212 5.187489
8 6.292016 -5.568571
5 8.178173 -4.432765
6 8.223212 5.187489
4 4.408992 7.622561
1 7.485779 -4.150695
3 8.223212 5.187489
1 -6.150041 6.831499
8 5.757051 -5.119403
6 8.223212 5.187489
3 8.223212 5.187489
