10 100
K 0.861703 -3.194015 1.091735
K 6.514915 1.386294 4.793899
Z 2 1.737241 1.780384 1.655035 0.783769
P -0.021365 -8.988410 2.476254 -7.092504
P -8.724414 -8.670589 -4.112641 -5.548807
Z 3 6.514915 1.386294 6.426160 0.390240
P -7.186679 -6.852691 -2.870150 -3.785016
Z 6 3.029345 -7.451895 -3.845730 2.073295
K -7.707682 -5.529216 1.709574
K 4.427082 1.326230 3.236336
10 4.4271 1.3262
6 -3.0404 2.1745
6 6.5149 1.3863
6 6.5149 1.3863
2 6.5149 1.3863
2 6.5149 1.3863
10 -7.7194 3.1480
10 4.4271 1.3262
1 0.8617 -3.1940
3 -2.9531 -9.6811
3 6.5149 1.3863
3 -3.0404 2.1745
9 -7.7077 -5.5292
5 -8.7244 -5.5488
8 -2.1197 -6.2342
9 -5.3881 6.5951
6 5.4348 -9.9914
9 -7.7077 -5.5292
10 4.4271 1.3262
9 -7.7077 -5.5292
2 5.0373 8.4271
2 -4.5163 6.2657
5 -4.1126 -5.5488
8 6.5149 1.3863
7 -2.8702 -6.8527
2 6.5149 1.3863
10 -7.9055 0.9091
10 4.4271 1.3262
1 -5.0447 -6.7434
7 -2.8702 -3.7850
6 6.5149 1.3863
5 -4.1126 -5.5488
3 -3.0404 2.1745
7 -7.1867 -3.7850
2 6.5149 1.3863
4 -0.0214 -8.9884
3 -8.1282 7.3695
6 -0.5450 -9.7734
6 -9.7292 6.2155
9 -7.7077 -5.5292
10 4.4271 1.3262
9 -7.7077 -5.5292
10 5.8779 6.4213
10 8.8201 0.9035
4 2.4763 -8.9884
1 0.8617 -3.1940
8 -6.4568 -7.9764
3 -9.6800 -6.5519
1 -4.3001 -4.9708
10 -6.5453 8.4339
5 -8.7244 -8.6706
2 -5.9040 0.1996
1 0.8617 -3.1940
6 -3.0404 2.1745
7 0.3928 -5.3755
9 -7.7077 -5.5292
2 -0.2351 -5.2656
3 6.5149 1.3863
6 -9.1209 5.9128
2 6.5149 1.3863
4 -6.5466 -9.8649
1 0.8617 -3.1940
7 -2.8702 -3.7850
4 1.2624 9.8973
8 -6.4568 -7.9764
8 -4.1954 1.3408
4 -3.6490 -1.2028
10 4.4271 1.3262
3 3.7007 8.1290
10 4.4271 1.3262
10 8.3440 0.2362
1 0.8617 -3.1940
4 2.4763 -8.9884
9 -7.7077 -5.5292
8 -5.9558 -5.4709
10 -1.4885 -9.6389
1 0.8617 -3.1940
1 -0.1095 -4.2474
5 -4.1126 -8.6706
2 6.5149 1.3863
9 -7.7077 -5.5292
7 -2.8702 -3.7850
4 -0.0214 -8.9884
1 0.8617 -3.1940
9 -7.7077 -5.5292
1 0.8617 -3.1940
1 8.7157 4.5382
6 16.0591 0.4726
8 7.4257 9.5105
8 -9.2568 6.8332
9 -7.7077 -5.5292
6 6.5149 1.3863
3 -2.6313 -9.1867
10 4.4271 1.3262
2 6.5149 1.3863
4 2.4763 -8.9884
8 -6.4568 -7.9764
5 -4.1126 -5.5488
2 6.5149 1.3863
5 -4.1126 -5.5488
