10 100
P 7.559279 -1.978266 11.593210 0.026143
Z 1 -3.844732 4.622018 -7.096461 4.563728
Z 2 11.418575 9.768240 10.419932 9.820319
Z 1 7.559279 0.026143 8.482258 -0.358709
Z 1 7.559279 0.026143 7.591003 1.025640
P -6.275103 1.881242 -2.614007 6.615771
P 5.371911 0.905541 9.702649 2.805490
K 3.219901 -0.872527 1.591047
P 1.888995 1.513367 3.033101 3.326935
K -6.983053 7.139927 2.714284
2 7.559279 0.026143
4 3.526822 0.957962
3 12.605615 19.439324
6 -2.614007 1.881242
3 11.593210 -1.978266
4 11.822243 -1.428983
10 -6.983053 7.139927
2 11.593210 0.026143
9 1.888995 3.326935
8 -3.333582 0.888564
2 11.346736 11.771361
4 10.398271 -2.839642
3 -4.041065 -0.159429
9 4.633343 7.847283
9 1.888995 3.326935
10 -1.703735 -4.959045
8 3.219901 -0.872527
9 3.033101 1.513367
3 11.418575 9.768240
5 -8.152875 1.282493
6 -2.614007 6.615771
9 3.033101 1.513367
7 5.371911 0.905541
5 7.559279 0.026143
1 7.559279 0.026143
9 3.033101 3.326935
2 7.387236 9.623663
4 7.559279 -1.978266
9 3.033101 3.326935
8 3.219901 -0.872527
9 1.888995 1.513367
2 7.559279 0.026143
7 5.371911 0.905541
10 -6.983053 7.139927
2 7.315397 11.626784
2 11.593210 -1.978266
2 7.315397 11.626784
10 4.832395 1.511380
3 11.138766 7.783457
9 1.888995 3.326935
1 6.222966 7.081656
7 -6.576686 5.977207
1 7.559279 0.026143
6 -2.614007 1.881242
1 -1.559426 6.564833
1 -8.706305 8.765643
3 7.387236 9.623663
6 -6.275103 1.881242
7 9.702649 0.905541
1 11.593210 0.026143
8 2.333927 8.719621
7 5.371911 0.905541
5 3.695303 0.849145
7 9.702649 0.905541
10 -6.983053 7.139927
8 8.592021 7.750768
10 -6.983053 7.139927
7 4.119273 4.645541
9 1.888995 3.326935
4 11.593210 0.026143
3 9.762233 1.246722
7 5.603040 -6.006569
5 3.972435 -1.325126
7 -3.330576 -8.290536
6 -0.512406 -8.744143
1 11.593210 0.026143
4 11.593210 -1.978266
8 3.219901 -0.872527
9 1.888995 3.326935
7 5.371911 2.805490
8 3.219901 -0.872527
4 7.559279 0.026143
8 8.444970 0.000450
5 7.559279 0.026143
8 3.219901 -0.872527
6 -6.275103 6.615771
6 -6.275103 6.615771
7 9.702649 2.805490
10 -6.983053 7.139927
3 8.593567 19.858925
2 -9.336135 -1.362308
9 6.626992 7.039307
7 9.702649 0.905541
1 11.593210 -1.978266
3 7.315397 11.626784
8 3.219901 -0.872527
4 11.593210 0.026143
1 7.559279 0.026143
10 -6.983053 7.139927
9 -9.251641 -3.691130
3 7.387236 9.623663
6 -6.275103 1.881242
10 -6.983053 7.139927
3 7.559279 -1.978266
1 7.559279 -1.978266
5 11.593210 0.026143
6 -2.614007 1.881242
1 7.559279 0.026143
7 -1.319436 6.202476
5 11.593210 0.026143
