10 100
P -3.822640 -8.359218 -1.407495 -7.190087
Z 1 1.798853 5.721692 -5.272574 -7.894454
K 0.795146 2.900173 3.268016
K -2.962896 -2.785733 1.376798
P -6.072711 -4.458325 -1.093468 -0.571980
K -2.879856 -7.648128 4.635115
P -2.280611 0.612724 1.823423 3.150937
K 7.859072 -1.130033 1.324775
K 0.087698 7.764478 1.485974
K -2.883000 2.972398 2.728213
2 -1.407495 -8.359218
2 -5.530309 -6.303224
7 1.823423 0.612724
2 -3.822640 -7.190087
8 7.859072 -1.130033
6 4.070810 1.044607
3 0.795146 2.900173
6 -2.879856 -7.648128
4 -2.962896 -2.785733
7 -2.280611 0.612724
7 1.823423 0.612724
1 -3.822640 -8.359218
7 1.823423 0.612724
9 0.087698 7.764478
4 -2.962896 -2.785733
6 -2.879856 -7.648128
6 6.557087 -5.989074
5 -6.072711 -0.571980
10 9.619863 -3.505095
1 -1.407495 -7.190087
6 -2.879856 -7.648128
7 -2.280611 3.150937
8 -3.084391 5.972341
5 5.128685 6.290158
6 -2.879856 -7.648128
9 0.087698 7.764478
7 1.823423 0.612724
5 -1.093468 -0.571980
2 -1.407495 -7.190087
8 7.859072 -1.130033
7 -2.280611 0.612724
3 0.795146 2.900173
8 7.859072 -1.130033
9 0.087698 7.764478
6 -2.879856 -7.648128
7 -2.280611 3.150937
4 -2.962896 -2.785733
4 -0.463425 3.658706
4 -2.962896 -2.785733
9 0.087698 7.764478
4 -2.962896 -2.785733
9 0.087698 7.764478
4 -2.962896 -2.785733
4 -2.962896 -2.785733
9 -1.811796 3.858969
6 -2.879856 -7.648128
3 0.795146 2.900173
7 -7.431360 -9.502981
6 -2.879856 -7.648128
4 -9.567745 -0.222765
10 -2.883000 2.972398
5 -1.093468 -4.458325
8 7.859072 -1.130033
2 -3.822640 -7.190087
4 -2.962896 -2.785733
9 3.792971 -0.892901
8 7.859072 -1.130033
4 -2.962896 -2.785733
7 -1.682511 -1.275904
5 -6.072711 -0.571980
10 8.027726 0.233271
1 5.428727 -2.251901
3 0.795146 2.900173
5 3.032471 9.265005
8 7.859072 -1.130033
5 -1.093468 -4.458325
1 -1.407495 -7.190087
2 -6.919394 -4.327530
1 -3.822640 -7.190087
8 1.401123 -7.798218
7 -2.280611 3.150937
2 -5.530309 -6.303224
2 0.883889 -3.989355
3 0.795146 2.900173
5 -1.093468 -4.458325
4 -2.962896 -2.785733
10 -2.883000 2.972398
9 0.087698 7.764478
1 -3.822640 -8.359218
6 -2.879856 -7.648128
5 -1.093468 -0.571980
6 -2.911917 4.680750
2 2.525858 6.481468
7 -2.132904 -9.832379
1 -3.822640 -7.190087
5 -9.935266 -6.910565
5 -6.072711 -0.571980
2 -1.073611 8.992250
1 -1.407495 -7.190087
2 2.184677 2.153053
6 0.236713 -9.263578
7 -2.280611 3.150937
9 -2.457569 -6.834099
2 -1.407495 -8.359218
6 -2.879856 -7.648128
2 -3.822640 -7.190087
9 0.087698 7.764478
4 4.000076 2.740137
4 -2.962896 -2.785733
5 -6.072711 -4.458325
