10 100
K -0.255836 -7.494420 2.340275
Z 1 -0.255836 -7.494420 0.491871 -6.830391
K -1.059949 -3.167646 3.285988
P -7.548654 2.208659 -4.152620 3.460397
K -7.646033 -5.307072 4.873827
Z 2 -0.349767 -9.832809 0.649427 -9.872946
Z 6 -0.443699 -12.171198 -0.635077 -11.189681
P -5.822146 5.369291 -0.860334 8.958713
Z 1 3.261930 3.615640 -9.017177 9.465983
P -6.981426 5.308644 -2.017717 9.912457
4 8.2307 -4.9719
5 6.8615 -4.1459
6 -0.4437 -12.1712
1 -0.2558 -7.4944
10 -2.0177 9.9125
8 6.1205 -8.9128
9 -9.0871 -6.9149
2 6.9269 3.5475
9 -0.2558 -7.4944
4 -4.1526 3.4604
5 6.3478 7.6300
10 0.9666 7.9464
7 -9.9958 -2.3776
7 -2.3748 -7.9076
4 -7.5487 2.2087
6 -0.2558 -7.4944
2 -4.3079 -5.6694
6 -0.4437 -12.1712
7 -2.3748 -7.9076
8 -3.1794 9.6296
3 -1.0599 -3.1676
1 0.8917 -4.4795
2 -0.2558 -7.4944
8 -0.8603 8.9587
7 -0.4437 -12.1712
9 9.6739 13.3468
1 -0.2558 -7.4944
7 -7.2042 0.6655
6 -0.2558 -7.4944
7 -0.2558 -7.4944
9 8.5457 -4.1726
10 -2.0177 9.9125
1 -0.2558 -7.4944
6 -0.2558 -7.4944
5 -7.6460 -5.3071
10 -2.0177 5.3086
7 1.0208 3.7592
10 -2.0177 5.3086
1 -0.2558 -7.4944
4 -8.1588 1.7230
7 -2.3748 -7.9076
10 -6.5619 -9.1876
2 -0.2558 -7.4944
9 9.6739 13.3468
6 -0.2558 -7.4944
4 -4.1526 2.2087
2 2.6068 -3.5717
8 -3.6417 -5.0790
8 -5.8221 5.3693
3 9.4247 8.9889
6 -6.4855 5.8809
6 -0.4437 -12.1712
8 -5.8221 8.9587
4 -6.6743 2.3286
7 -0.2558 -7.4944
5 5.6299 9.7454
6 -0.2558 -7.4944
8 6.1658 -9.6514
10 -2.0177 5.3086
2 2.0828 -8.8462
6 -5.5721 -6.2197
2 -5.8569 -9.8645
9 -0.2558 -7.4944
8 -0.8603 5.3693
1 -0.2558 -7.4944
2 -2.7806 0.3289
3 -0.9298 5.1606
9 -0.2558 -7.4944
1 -0.2558 -7.4944
8 -5.5096 -0.0779
5 -7.6460 -5.3071
6 8.6907 8.4194
3 2.5253 -6.3259
9 -0.2558 -7.4944
6 -5.5034 9.3541
3 -1.0599 -3.1676
5 -7.2037 4.1051
1 -0.2558 -7.4944
5 -8.9069 -8.4612
5 -7.6460 -5.3071
3 -8.4258 2.5623
4 -4.1526 3.4604
5 -8.2395 -8.4763
3 -1.0599 -3.1676
1 -0.2558 -7.4944
6 -0.4437 -12.1712
9 -0.2558 -7.4944
6 -0.4437 -12.1712
6 -9.1582 3.8885
2 -0.5270 7.7418
1 -0.2558 -7.4944
1 -0.2558 -7.4944
9 9.6739 13.3468
1 -3.6587 -7.5984
2 -2.5432 0.0199
4 -7.5487 3.4604
3 -1.0599 -3.1676
8 9.6262 -6.5640
7 -0.4437 -12.1712
8 -5.8221 8.9587
