10 100
K -3.308324 4.476232 4.647592
P 2.062956 -3.925089 5.724548 0.508828
K 8.245001 -2.986906 4.306510
Z 2 2.062956 -3.925089 2.732953 -3.182725
P -4.015897 1.331221 0.630715 3.638032
P -2.196356 5.289102 0.059648 8.047021
P -2.616863 0.179160 -1.310615 3.215497
Z 6 0.417709 -9.610127 -6.537383 -4.005255
Z 5 0.630715 1.331221 -0.246500 0.851125
P 9.587410 -7.999161 12.280204 -6.620692
4 2.062956 -3.925089
9 2.586490 -5.836112
2 5.724548 -3.925089
8 -8.554831 8.793127
9 0.630715 3.638032
2 2.062956 0.508828
4 -4.238870 -1.705586
3 8.245001 -2.986906
7 -5.452813 9.072416
8 -2.196356 5.289102
6 -7.808089 6.055547
10 12.280204 -7.999161
7 -1.310615 0.179160
4 5.724548 0.508828
10 12.280204 -7.999161
3 -0.018001 -7.388601
6 -2.196356 8.047021
6 0.357581 6.896732
1 -3.308324 4.476232
3 8.245001 -2.986906
2 2.062956 -3.925089
1 4.181152 -1.403473
7 -2.616863 0.179160
4 7.849748 9.893902
6 9.495587 -7.520951
9 -4.015897 3.638032
1 -3.308324 4.476232
1 -3.308324 4.476232
4 -1.094703 0.723484
6 -2.196356 5.289102
8 -2.196356 5.289102
1 -3.308324 4.476232
2 3.967233 5.046871
10 -8.863626 -4.033966
5 2.501936 4.299174
3 -8.697006 4.312442
1 -6.388137 -9.555111
4 5.724548 -3.925089
1 -3.308324 4.476232
6 -2.196356 5.289102
5 -6.280655 -7.468464
8 -17.391598 -10.808774
9 -1.873879 -2.582603
8 -2.196356 5.289102
9 -4.015897 3.638032
3 8.245001 -2.986906
7 4.951522 -3.404263
6 0.059648 8.047021
7 -1.310615 0.179160
3 8.245001 -2.986906
6 -2.196356 8.047021
10 12.280204 -6.620692
10 9.587410 -6.620692
7 3.344498 6.642896
3 8.245001 -2.986906
8 -2.196356 5.289102
8 -17.391598 -10.808774
6 0.059648 8.047021
4 6.099405 0.170513
9 0.809760 -9.405418
2 3.018855 -3.041675
10 9.587410 -6.620692
9 -4.015897 1.331221
8 -14.696696 -10.222585
6 -2.196356 8.047021
1 -3.308324 4.476232
8 -2.196356 8.047021
1 -7.159279 -7.048291
8 -2.196356 5.289102
10 12.280204 -7.999161
2 5.724548 0.508828
2 2.062956 0.508828
5 -8.233205 8.873152
9 -4.015897 1.331221
2 5.724548 0.508828
3 8.245001 -2.986906
10 9.587410 -7.999161
1 -4.923050 -5.628400
3 8.245001 -2.986906
7 -2.616863 3.215497
10 4.406032 1.421892
3 -2.835933 -0.786712
7 -1.310615 3.215497
1 -3.308324 4.476232
8 -2.196356 8.047021
3 -8.469048 0.128278
4 5.724548 0.508828
10 12.280204 -6.620692
9 -4.015897 3.638032
1 -3.308324 4.476232
6 0.059648 8.047021
9 4.386869 -9.674957
3 8.245001 -2.986906
5 -4.015897 1.331221
4 2.062956 -3.925089
10 -8.155701 -5.072031
10 9.587410 -7.999161
7 -1.310615 0.179160
5 -4.015897 3.638032
4 -0.379652 0.196435
