10 100
K 7.949695 2.760708 2.269291
P -2.956000 8.404881 -0.965430 12.234726
Z 1 7.949695 2.760708 6.960318 2.615331
P 0.626520 -4.117212 2.844251 0.224457
Z 2 -3.775870 -0.234326 2.606095 4.837028
P -8.640683 -5.870414 -6.282635 -2.196821
K 2.959142 -9.565533 3.548402
P -9.170985 1.457856 -5.060348 3.494770
P -0.659024 8.034177 1.159401 9.323338
Z 9 -2.061839 -5.279603 -5.365123 2.000128
9 1.159401 9.323338
7 5.202429 5.545640
5 -2.956000 8.404881
7 -9.327001 0.020148
8 -9.170985 1.457856
7 2.959142 -9.565533
10 -0.659024 9.323338
3 7.949695 2.760708
5 8.899004 -1.308806
7 2.959142 -9.565533
8 -9.170985 1.457856
7 2.959142 -9.565533
6 -8.640683 -2.196821
7 7.175445 -0.306950
3 -3.029283 -5.778931
6 -6.282635 -2.196821
1 7.949695 2.760708
9 9.508627 4.667457
9 -3.606401 -6.956275
2 -2.956000 8.404881
4 2.787355 0.929801
4 4.893791 7.495455
1 8.107468 5.924951
8 7.405140 7.764126
9 -7.077261 -0.745064
2 -2.956000 12.234726
1 3.736371 -9.402131
9 1.159401 9.323338
4 -4.432415 -6.111943
10 -4.287960 -0.163599
2 -5.798044 4.731463
8 -5.060348 1.457856
10 -15.172831 1.912349
1 7.949695 2.760708
1 -7.597528 -1.768638
3 7.949695 2.760708
8 -2.560615 -6.417181
4 2.844251 0.224457
2 -2.956000 8.404881
6 -8.640683 -2.196821
8 -5.060348 1.457856
10 1.159401 9.323338
1 7.949695 2.760708
5 -2.956000 8.404881
1 7.949695 2.760708
6 7.606511 -4.187994
4 5.753089 -0.392385
10 -15.172831 1.912349
6 -6.282635 -5.870414
7 2.959142 -9.565533
3 7.949695 2.760708
8 -5.060348 3.494770
6 -8.640683 -2.196821
7 2.959142 -9.565533
7 2.959142 -9.565533
3 7.949695 2.760708
3 -1.141781 -4.441185
1 7.949695 2.760708
10 -3.923548 -8.964585
5 -0.965430 8.404881
1 7.949695 2.760708
2 -2.956000 8.404881
2 -5.247226 6.086348
4 2.844251 -4.117212
1 -9.667773 3.312886
6 -8.640683 -5.870414
6 -6.282635 -5.870414
10 -13.975382 3.280846
9 -3.198650 -0.775846
9 -0.659024 8.034177
4 2.844251 -4.117212
10 -0.659024 9.323338
6 -8.640683 -5.870414
2 -0.965430 8.404881
4 -0.408536 -5.240197
2 3.502786 -9.600320
10 1.159401 9.323338
5 8.556065 -2.252451
6 -6.282635 -5.870414
7 2.959142 -9.565533
10 -13.975382 3.280846
9 -0.659024 8.034177
8 -9.170985 1.457856
7 2.959142 -9.565533
6 -6.282635 -5.870414
2 -0.224762 7.313863
8 8.042769 -5.394277
6 -8.640683 -2.196821
5 -0.107656 -2.106677
2 1.339605 7.621466
4 2.844251 0.224457
6 -8.120545 -0.535176
4 -5.532256 5.574664
10 -15.172831 1.912349
7 2.959142 -9.565533
8 -9.170985 3.494770
9 -0.659024 8.034177
1 7.949695 2.760708
8 -5.060348 3.494770
1 7.949695 2.760708
