10 100
P -6.452946 -2.243895 -2.839990 0.081616
Z 1 -6.452946 0.081616 -6.407545 1.080585
Z 2 -2.839990 0.081616 -2.074967 0.725620
K 8.128814 9.315261 2.753602
K 3.603108 -7.837053 4.698667
P -2.651802 7.084341 -1.376984 10.987724
K -7.468358 1.365455 1.483185
K -4.371299 4.942805 4.006136
K -9.315350 -7.579859 1.830465
P 1.922471 1.664511 3.440586 6.417035
6 -1.3770 7.0843
10 1.9225 1.6645
10 1.9225 1.6645
9 -9.3154 -7.5799
10 1.9225 1.6645
7 -9.3967 5.8956
6 -2.6518 10.9877
3 -3.4561 -3.4784
10 3.4406 6.4170
5 3.6031 -7.8371
7 -0.7186 9.3813
3 -6.4529 0.0816
6 -1.3770 10.9877
7 -7.4684 1.3655
9 -6.4914 -0.5641
6 -2.6518 7.0843
4 8.1288 9.3153
9 -9.3154 -7.5799
2 5.1869 -2.1072
8 -4.3713 4.9428
2 -0.4990 -6.8489
8 -4.3713 4.9428
2 -6.4529 0.0816
5 3.6031 -7.8371
7 -7.4684 1.3655
1 -2.8400 0.0816
6 -2.6518 7.0843
3 -3.4561 -3.4784
6 -1.3770 7.0843
5 3.6031 -7.8371
3 3.2139 0.8412
1 -3.8437 8.6103
8 3.7200 -3.2899
7 7.2378 -4.7489
1 -6.4529 0.0816
5 3.6031 -7.8371
2 -8.6873 -2.5967
8 -4.3713 4.9428
4 8.1288 9.3153
9 -9.3154 -7.5799
1 -2.8400 0.0816
9 -9.3154 -7.5799
1 -2.8400 -2.2439
2 -3.2920 -1.7420
8 -4.3713 4.9428
6 -2.6518 10.9877
7 -7.4684 1.3655
3 2.3756 -5.8913
4 8.1288 9.3153
8 -2.1652 -8.0852
6 -2.6518 10.9877
4 8.1288 9.3153
6 -3.9276 7.8429
9 -9.3154 -7.5799
2 -7.6746 -4.4742
7 1.1025 3.2940
7 -7.4684 1.3655
6 -2.6518 7.0843
7 -7.4684 1.3655
3 4.3721 5.1602
5 -1.1514 -0.3040
3 -6.4529 0.0816
7 -7.4684 1.3655
4 8.1288 9.3153
6 -1.3770 10.9877
5 -0.9238 1.3965
10 3.4406 6.4170
1 8.7844 -9.1591
2 -10.2619 -1.9066
3 -0.3133 7.7973
7 -7.4684 1.3655
10 -3.0238 9.8567
4 7.9265 -3.4463
9 -9.3154 -7.5799
9 -6.1382 -5.9947
2 -2.8400 0.0816
7 -7.4684 1.3655
10 -2.7250 -7.2483
5 -3.3899 -3.7935
7 -7.4684 1.3655
10 3.4406 1.6645
5 -0.5509 -3.5696
2 -6.4529 0.0816
4 8.1288 9.3153
9 -9.3154 -7.5799
10 3.4406 1.6645
7 -7.4684 1.3655
1 -8.6922 -4.2077
6 -1.3770 10.9877
5 -9.3311 0.6082
1 -9.1144 -0.6226
1 1.4731 -1.1361
9 3.6894 5.2944
4 8.1288 9.3153
6 -3.8459 4.7479
9 6.9989 5.2493
6 -2.6518 7.0843
7 6.2897 1.8790
6 1.3681 -9.6785
3 -6.6050 1.6612
