10 100
K 7.793026 3.399228 3.576971
P -4.964407 4.107994 -0.739607 5.671148
K 2.764030 -8.334048 2.825272
P -2.947264 2.672517 -1.651648 7.119477
K -0.698711 -6.726314 3.013657
K 0.491914 -6.243758 3.350551
K -3.254689 -9.230483 2.207503
P -5.217010 -3.407446 -1.584096 -1.920614
Z 8 -1.584096 -3.407446 -2.499916 -3.809035
K -8.121402 0.757384 4.366436
6 0.4919 -6.2438
3 2.7640 -8.3340
8 2.4931 -9.9897
1 7.7930 3.3992
3 2.7640 -8.3340
9 -8.9922 -9.3507
9 -7.7100 7.2282
5 -0.6987 -6.7263
5 -4.3576 -2.6459
7 -3.2547 -9.2305
5 2.4720 2.9615
3 3.7184 4.8722
6 0.4919 -6.2438
6 0.4919 -6.2438
8 9.7736 -3.0398
8 9.5699 -4.8014
8 0.9284 -1.1635
3 2.7640 -8.3340
5 -0.6987 -6.7263
9 -4.0452 -6.0797
9 -4.0452 -6.0797
3 2.7640 -8.3340
7 2.8861 9.7767
7 -3.9349 7.1186
2 1.0278 -1.0413
1 7.7930 3.3992
6 0.4919 -6.2438
3 2.7640 -8.3340
9 -3.1329 1.3552
3 -7.2566 -2.9508
10 -8.1214 0.7574
3 2.7640 -8.3340
1 7.7930 3.3992
5 -0.6987 -6.7263
1 7.7930 3.3992
4 -1.6516 2.6725
6 5.8137 -0.4707
2 -0.7396 5.6711
2 -4.9644 4.1080
8 -5.2170 -1.9206
4 -7.7409 6.0813
7 -3.2547 -9.2305
5 -9.2650 -5.4455
8 7.4275 2.6188
5 -0.6987 -6.7263
7 3.7458 -0.4214
3 2.7640 -8.3340
9 -9.0806 -9.1517
8 -1.5841 -3.4074
2 -0.7396 4.1080
9 -1.5841 -3.4074
8 7.6633 7.8579
5 -7.4442 9.3648
4 -2.9473 7.1195
9 -1.5841 -1.9206
8 -5.2170 -1.9206
10 -8.1214 0.7574
7 -3.2547 -9.2305
5 -0.6987 -6.7263
9 -4.0452 -6.0797
7 -3.2547 -9.2305
3 2.7640 -8.3340
6 0.4919 -6.2438
7 7.8612 -7.0617
6 0.4919 -6.2438
5 5.6576 -7.9396
3 6.4536 -9.7410
5 -0.6987 -6.7263
5 -4.1019 -1.7600
2 -0.7396 4.1080
5 -0.6987 -6.7263
2 7.1146 -3.9900
5 -0.6987 -6.7263
2 -4.9644 4.1080
8 -1.5841 -3.4074
8 -1.5841 -1.9206
4 -2.9473 7.1195
8 -5.2170 -3.4074
9 -5.2170 -1.9206
3 2.7640 -8.3340
4 -1.6516 7.1195
4 -2.9473 2.6725
9 2.1549 -7.4982
9 -0.2146 -7.7634
3 2.7640 -8.3340
10 -8.1214 0.7574
8 -1.5841 -1.9206
1 7.7930 3.3992
5 -9.3698 1.6977
7 -0.6084 -2.6501
5 -8.4171 -4.4909
8 -5.2170 -3.4074
3 2.7640 -8.3340
2 -4.9644 5.6711
3 7.3961 8.8624
2 7.2363 -0.1704
5 -0.6987 -6.7263
9 -5.2170 -1.9206
2 1.7391 -2.2852
10 -8.1214 0.7574
