10 100
P -1.676236 3.481397 1.481868 7.314561
Z 1 -3.131718 -5.013104 -6.970414 -7.055717
K -8.695230 6.588915 4.784629
K 3.208643 0.864556 1.344953
P 1.980553 -9.562233 6.845518 -5.797337
P -3.735054 9.851759 -2.513393 12.036369
K 8.720457 2.020342 1.608493
P 3.018687 -3.729228 5.480466 -2.383333
Z 4 1.821437 -4.189046 -7.693535 -7.773722
P 3.152023 4.488203 4.744260 8.894354
4 3.2086 0.8646
7 8.7205 2.0203
3 -8.6952 6.5889
3 -8.6952 6.5889
4 4.2378 -1.8224
2 9.9867 -4.4662
6 -9.7949 0.3051
2 -1.6762 3.4814
2 4.7267 -8.5516
9 0.5469 4.5395
5 6.8455 -5.7973
10 3.1520 8.8944
1 1.4819 7.3146
5 1.9806 -5.7973
3 -5.0950 -6.0198
1 -0.7358 -8.0973
8 3.0187 -3.7292
3 -8.6952 6.5889
8 5.4805 -2.3833
8 5.4805 -2.3833
4 -0.5281 7.4930
1 1.4819 3.4814
7 8.7205 2.0203
1 -4.9696 -0.2149
10 2.7917 -9.1073
5 4.2260 -8.8107
10 9.4181 5.8606
6 -2.5134 9.8518
1 -1.5882 2.6004
6 -2.5134 9.8518
10 4.1270 -4.3870
3 0.0516 -6.7589
4 3.2086 0.8646
8 3.0187 -2.3833
1 1.4819 3.4814
5 1.9806 -9.5622
8 5.4805 -2.3833
4 3.2086 0.8646
6 -3.7351 12.0364
10 3.1520 8.8944
2 -1.6762 7.3146
3 -7.4897 8.5185
1 1.4819 3.4814
6 -3.7351 9.8518
1 2.2115 4.1481
8 5.4805 -2.3833
6 -2.5134 9.8518
2 4.7267 -8.5516
8 5.4805 -3.7292
6 -2.5134 12.0364
8 3.0187 -3.7292
6 -2.5134 12.0364
8 7.9691 -1.0598
8 3.0187 -2.3833
7 8.7205 2.0203
6 3.5558 -0.3314
9 6.1983 -7.0711
5 7.5590 5.6203
7 8.7205 2.0203
4 3.2086 0.8646
4 3.2086 0.8646
7 8.7205 2.0203
7 -8.8322 -7.5113
10 3.1520 8.8944
6 -2.5134 12.0364
3 0.5409 -6.4196
2 1.4819 7.3146
5 1.9806 -5.7973
8 3.0187 -2.3833
2 -1.6762 7.3146
8 3.0187 -2.3833
1 1.4819 3.4814
6 0.9254 4.2681
1 1.4819 3.4814
9 6.1983 -7.0711
2 9.6702 -8.0738
5 1.9806 -9.5622
5 6.8455 -5.7973
5 6.8455 -9.5622
3 -1.0659 -1.5625
2 -1.6762 3.4814
6 -3.7351 9.8518
7 -7.6202 9.8548
9 4.1111 1.7865
9 3.2086 0.8646
7 8.7205 2.0203
10 3.4394 -8.0989
8 -7.0132 -3.3742
10 3.1520 8.8944
1 -1.6762 3.4814
2 -8.0521 6.0461
9 3.2086 0.8646
5 1.9806 -9.5622
7 8.7205 2.0203
1 4.5544 2.3182
1 1.4819 3.4814
6 -9.0931 -1.9909
3 -4.4368 6.2345
7 -8.3056 4.0298
5 6.8455 -5.7973
