10 100
P -2.050202 8.222034 -0.599354 11.303530
P -6.821762 -1.071669 -2.248749 1.444586
P 2.688912 4.695918 6.345884 7.380577
P -7.225487 2.912993 -2.793160 7.403464
P -1.312865 8.371814 0.968352 10.469490
P 5.349986 -6.199138 8.498817 -3.567468
Z 6 1.195962 -2.457094 7.998602 -2.611621
Z 6 5.349986 -6.199138 5.127845 -5.224124
Z 2 0.660691 3.711834 5.880336 0.141765
K 2.507311 -5.694326 3.148651
1 -2.050202 11.303530
7 4.102496 -4.162021
5 -1.312865 8.371814
1 -2.050202 11.303530
8 8.498817 -3.567468
6 8.498817 -3.567468
6 5.349986 -6.199138
7 -4.947456 9.216147
9 -2.248749 1.444586
6 2.919875 -6.391789
6 8.498817 -3.567468
6 5.349986 -3.567468
8 9.386000 3.876800
8 4.209996 -3.827196
2 -6.821762 -1.071669
10 2.507311 -5.694326
5 0.968352 10.469490
9 1.278760 6.741745
2 -2.248749 -1.071669
3 2.688912 4.695918
8 -4.451262 -5.600743
1 -2.050202 8.222034
9 -6.821762 -1.071669
2 -6.821762 -1.071669
9 -2.248749 1.444586
10 9.669440 4.428234
10 2.507311 -5.694326
10 -8.884371 2.141763
7 -1.727577 9.254138
7 5.737685 -1.750703
4 -2.793160 7.403464
2 -6.821762 1.444586
4 -2.793160 2.912993
10 2.507311 -5.694326
4 -7.225487 7.403464
5 0.867423 7.389231
10 -7.363297 5.681920
8 5.349986 -3.567468
1 -0.599354 8.222034
6 5.349986 -6.199138
2 -2.117751 3.316224
1 0.676049 6.653020
5 0.968352 8.371814
6 -1.572668 3.398297
6 -8.199844 -9.992782
8 2.511922 -7.563153
7 5.349986 -6.199138
7 8.661204 0.949481
9 4.063819 8.157669
7 8.498817 -6.199138
4 -2.793160 7.403464
10 2.507311 -5.694326
4 -2.793160 2.912993
6 -4.662008 3.605634
1 -0.599354 11.303530
8 5.349986 -3.567468
4 2.627770 8.214802
9 -7.439190 7.214050
1 -2.050202 11.303530
9 2.405771 12.419514
10 2.507311 -5.694326
8 8.498817 -6.199138
8 -0.600045 -7.185231
5 0.968352 10.469490
6 -1.992198 -7.649888
4 -2.793160 2.912993
2 -6.821762 -1.071669
5 -1.312865 10.469490
9 2.405771 12.419514
6 8.498817 -3.567468
2 -6.821762 1.444586
7 8.498817 -6.199138
1 1.822305 5.051779
8 7.207173 -1.022046
1 -2.050202 8.222034
4 -2.793160 2.912993
10 2.507311 -5.694326
9 0.060733 11.507189
1 -0.599354 8.222034
1 -0.599354 8.222034
5 0.968352 8.371814
4 -2.793160 7.403464
6 5.349986 -6.199138
2 -2.248749 1.444586
10 4.876915 1.128517
9 4.063819 8.157669
6 5.697730 -9.299953
9 4.063819 8.157669
6 5.349986 -3.567468
10 2.507311 -5.694326
6 -6.316543 -3.353550
9 -4.501174 -5.550856
9 2.405771 12.419514
6 5.349986 -6.199138
2 1.085001 -6.876835
8 5.349986 -6.199138
6 8.498817 -6.199138
5 -6.073884 -3.436232
5 0.968352 8.371814
9 4.128227 -0.115372
