10 100
P 5.756206 -6.338463 8.188084 -2.715588
P 1.259144 9.731199 3.336936 11.435656
Z 2 -5.473906 -1.105354 -6.730819 -1.470901
Z 2 3.336936 9.731199 3.250908 10.727492
P 4.781187 -4.665841 8.783158 -1.346222
Z 4 5.383974 10.087371 6.020894 9.316442
Z 1 5.756206 -6.338463 5.347593 -7.251171
K 0.149446 0.279673 3.032517
P -5.822761 -7.641898 -3.178231 -5.626112
K 8.800648 5.631663 1.678077
1 8.188084 -6.338463
1 8.188084 -2.715588
10 8.800648 5.631663
5 4.781187 -1.346222
1 5.756206 -6.338463
7 5.756206 -6.338463
7 8.188084 -6.338463
3 3.336936 9.731199
2 8.517948 8.649588
8 3.349079 6.684574
2 3.336936 9.731199
6 9.903346 -7.395736
9 -5.822761 -7.641898
10 8.800648 5.631663
1 8.188084 -2.715588
10 -0.145133 2.755426
6 3.336936 9.731199
9 -3.178231 -5.626112
2 3.336936 9.731199
9 -5.822761 -5.626112
8 7.924715 -5.520666
5 4.781187 -1.346222
2 -4.927093 -6.819391
5 4.781187 -1.346222
8 -5.611962 8.666635
10 8.800648 5.631663
5 4.430181 -3.504893
8 0.149446 0.279673
5 4.781187 -4.665841
10 8.800648 5.631663
3 -7.787296 -0.200463
1 8.188084 -2.715588
10 8.800648 5.631663
9 -5.822761 -5.626112
4 5.383974 10.087371
2 1.259144 11.435656
10 8.800648 5.631663
9 -5.822761 -7.641898
2 1.259144 11.435656
3 7.774317 -5.526488
7 6.838666 -2.111463
5 4.781187 -4.665841
10 8.800648 5.631663
8 0.149446 0.279673
3 5.243829 -8.494803
4 1.259144 11.435656
7 8.017965 -3.580119
8 0.149446 0.279673
9 7.867635 -5.381630
8 0.149446 0.279673
2 1.259144 11.435656
5 8.783158 -1.346222
10 3.782181 -2.336982
7 8.188084 -2.715588
4 2.785563 -8.770581
4 5.091798 11.766599
3 -3.310709 4.043187
1 5.756206 -6.338463
6 6.119952 12.030450
9 -1.982940 -9.937136
2 1.259144 11.435656
1 4.143121 -3.492351
1 7.822717 3.693230
8 -0.359697 7.499543
3 1.259144 11.435656
5 4.781187 -1.346222
7 4.136404 -4.524553
8 0.149446 0.279673
3 1.259144 11.435656
8 0.149446 0.279673
9 3.882616 -8.514360
10 4.937348 -0.449607
1 5.756206 -2.715588
6 4.838110 14.392499
7 8.188084 -2.715588
1 8.188084 -2.715588
8 9.263484 0.370540
9 -5.822761 -7.641898
2 -4.831808 1.674745
9 -2.312131 -5.791154
2 1.259144 11.435656
2 3.336936 9.731199
1 8.188084 -6.338463
5 8.783158 -4.665841
1 8.188084 -6.338463
8 0.149446 0.279673
9 -5.822761 -5.626112
1 8.188084 -2.715588
2 3.336936 11.435656
9 -1.765538 9.243146
5 8.783158 -1.346222
7 -5.704514 -6.822655
8 0.149446 0.279673
5 4.781187 -4.665841
8 0.149446 0.279673
4 -7.012888 -1.860643
2 1.259144 11.435656
9 -3.178231 -7.641898
5 4.781187 -1.346222
6 1.259144 9.731199
