10 100
P 5.562929 -0.081735 7.625696 2.139941
K 0.937115 -5.051368 4.646258
Z 2 -1.319515 -0.989922 -2.193648 -1.475610
P -2.995474 -9.835510 1.508101 -8.559244
K 6.919255 -6.489338 3.484817
K -0.591318 -7.985022 1.196890
K -8.400886 2.914274 1.955973
Z 5 3.494016 -5.847709 3.309895 -6.830612
K 6.233674 6.193519 3.123262
Z 6 -0.591318 -7.985022 -0.627581 -6.985680
6 -0.591318 -7.985022
10 -0.591318 -7.985022
10 -5.604400 -1.032906
5 6.919255 -6.489338
2 0.937115 -5.051368
1 6.312612 -2.808158
5 6.919255 -6.489338
6 -0.591318 -7.985022
10 -0.591318 -7.985022
8 0.068777 -5.206080
7 -8.400886 2.914274
2 1.141152 -5.076125
8 0.068777 -5.206080
3 0.937115 -5.051368
7 0.988077 -7.212045
3 0.937115 -5.051368
9 3.807289 -4.490505
5 6.919255 -6.489338
4 1.508101 -9.835510
6 -0.591318 -7.985022
6 -0.591318 -7.985022
3 -2.986739 7.830913
2 0.937115 -5.051368
2 0.937115 -5.051368
3 1.597881 -8.866575
2 0.937115 -5.051368
10 7.142156 4.397186
4 6.991400 -1.924287
5 6.919255 -6.489338
8 6.919255 -6.489338
5 -9.801728 5.408344
4 -2.995474 -9.835510
1 1.556318 7.371262
6 -0.591318 -7.985022
2 0.937115 -5.051368
6 -0.591318 -7.985022
10 -0.591318 -7.985022
10 -0.591318 -7.985022
3 -9.391307 7.873727
2 -3.522266 -8.493857
4 -2.995474 -9.835510
8 5.394561 1.356454
9 6.233674 6.193519
2 0.937115 -5.051368
2 -7.114496 -2.122350
5 6.919255 -6.489338
1 7.625696 -0.081735
7 2.243597 7.574528
6 -0.591318 -7.985022
7 4.607975 7.464524
5 6.919255 -6.489338
6 -0.591318 -7.985022
3 -3.576146 3.071523
4 1.508101 -9.835510
10 -0.591318 -7.985022
10 -6.392231 -1.113646
9 -6.196354 -1.179318
4 1.508101 -9.835510
10 7.153030 1.387498
8 6.919255 -6.489338
6 8.503889 -4.612028
7 -8.400886 2.914274
9 6.233674 6.193519
3 -3.576146 3.071523
9 6.233674 6.193519
3 7.634004 9.429598
3 0.937115 -5.051368
10 9.840085 -3.702024
1 -7.013131 -6.007713
9 6.233674 6.193519
2 0.937115 -5.051368
4 -2.995474 -9.835510
1 9.769598 -3.913567
10 -0.591318 -7.985022
5 4.119327 -3.721216
10 -0.591318 -7.985022
10 -0.591318 -7.985022
7 1.715830 0.979670
6 -0.591318 -7.985022
2 0.937115 -5.051368
10 9.632418 -6.218675
7 -8.400886 2.914274
8 6.919255 -6.489338
9 6.233674 6.193519
8 -4.237395 -2.759296
3 0.937115 -5.051368
5 6.919255 -6.489338
3 -3.576146 3.071523
5 6.919255 -6.489338
8 6.919255 -6.489338
5 6.919255 -6.489338
3 0.937115 -5.051368
8 6.919255 -6.489338
2 0.937115 -5.051368
5 6.919255 -6.489338
8 0.068777 -5.206080
9 6.233674 6.193519
1 5.147864 -0.629694
1 -6.730550 6.794858
3 -3.576146 3.071523
