10 100
K -5.172646 1.164012 1.322924
Z 1 4.108567 -2.119197 -4.880942 -7.195562
P 5.977257 -7.373415 9.507036 -4.886787
P 3.048458 0.756185 4.103640 5.188560
Z 4 3.048458 5.188560 2.253516 5.795246
P 7.002463 5.456989 11.995326 6.751411
P -4.802825 8.392095 -2.337029 10.798720
P 4.882968 8.479240 9.221168 10.746031
K 6.944219 9.391109 2.238657
Z 7 -0.498642 9.362081 1.486381 -5.371301
6 7.0025 5.4570
5 3.0485 5.1886
5 3.0485 0.7562
5 3.0485 5.1886
7 -2.3370 10.7987
4 4.1036 0.7562
5 4.9850 -3.8049
9 6.9442 9.3911
7 -4.8028 10.7987
8 8.8219 -1.3404
3 9.5070 -7.3734
7 -4.8028 10.7987
9 6.9442 9.3911
5 4.1036 5.1886
5 7.3237 6.3581
4 4.1036 5.1886
1 -5.1726 1.1640
4 8.1813 -4.8976
7 -4.8028 8.3921
9 6.9442 9.3911
1 -5.1726 1.1640
6 11.9953 6.7514
2 9.9506 -2.9696
8 9.2212 8.4792
4 -2.3637 5.8271
3 5.9773 -4.8868
10 4.8794 6.4203
9 6.9442 9.3911
6 11.9953 5.4570
4 -5.3260 -0.9030
4 3.0485 0.7562
7 -4.8028 8.3921
3 5.9773 -4.8868
3 9.5070 -7.3734
4 4.1036 5.1886
1 -5.1726 1.1640
5 4.1036 5.1886
4 3.0485 5.1886
7 -4.8028 10.7987
4 4.1036 0.7562
7 -2.3370 8.3921
4 4.1036 5.1886
1 -5.1726 1.1640
6 7.0025 5.4570
8 6.3501 6.8660
5 -2.7883 -4.3197
5 3.3269 4.1708
8 4.8830 10.7460
4 -6.3024 -1.5332
5 3.3269 4.1708
3 9.5070 -7.3734
2 -5.7585 -3.6569
9 6.9442 9.3911
1 -5.1726 1.1640
10 -4.8028 8.3921
8 9.2212 8.4792
6 7.0025 6.7514
5 3.0485 5.1886
7 -2.3370 10.7987
2 -5.1726 1.1640
10 -9.8665 -2.8810
9 2.2740 9.8063
10 3.9088 9.5658
7 6.1286 -8.9727
5 3.0485 5.1886
3 9.5070 -7.3734
1 -5.1726 1.1640
4 4.1036 5.1886
8 4.8830 10.7460
10 3.9088 9.5658
6 -9.8738 2.0475
2 -5.1726 1.1640
5 -0.5120 -6.9312
3 5.9773 -7.3734
10 6.6036 -4.5560
2 -5.1726 1.1640
1 -5.1726 1.1640
6 -7.7265 -8.1314
7 -2.3370 10.7987
1 -5.1726 1.1640
3 8.4036 -2.6850
7 5.9040 3.3956
4 3.0485 0.7562
3 5.9773 -7.3734
8 9.2212 8.4792
2 2.1269 -11.7625
7 -2.3370 8.3921
6 7.0025 5.4570
2 -5.1726 1.1640
5 7.3237 6.3581
2 2.1269 -11.7625
4 -4.3040 1.9691
5 7.6022 5.3403
2 -5.1726 1.1640
10 0.2009 4.8246
4 3.0485 0.7562
5 3.0485 5.1886
10 3.2719 11.8866
9 6.9442 9.3911
5 7.6022 5.3403
