10 100
K -3.962414 9.391378 3.500790
P 5.770902 -3.386861 10.698047 -0.247777
K 5.649159 -8.472727 4.668449
K -9.650871 6.235035 3.387156
Z 3 8.701512 -4.940368 7.944867 -4.286542
K 8.072527 2.262652 4.985058
P 6.433806 -2.546589 7.611176 2.330782
Z 3 -1.847139 -6.907351 5.250302 4.122033
P 8.159930 -4.804144 9.329488 -0.302805
P -0.003150 -8.208261 4.656760 -4.816527
8 3.248295 -8.486691
9 9.329488 -0.302805
9 -6.881958 -9.864495
2 5.770902 -3.386861
10 -0.003150 -4.816527
9 9.329488 -4.804144
5 5.649159 -8.472727
2 5.770902 -3.386861
2 10.698047 -3.386861
1 -8.086732 3.803534
4 -9.650871 6.235035
10 2.771821 3.296748
9 -2.133777 -6.768491
7 7.611176 2.330782
8 0.414026 5.126603
5 5.649159 -8.472727
9 -4.270119 -3.329742
2 10.698047 -0.247777
3 5.649159 -8.472727
8 0.072855 3.714576
4 -9.650871 6.235035
4 -9.650871 6.235035
6 8.072527 2.262652
7 -7.169146 -2.122306
6 8.072527 2.262652
10 -0.759844 -2.987258
4 -9.650871 6.235035
5 5.649159 -8.472727
4 -9.650871 6.235035
2 -8.736989 -0.021701
9 9.329488 -0.302805
1 -8.743543 -7.962642
7 7.611176 2.330782
5 11.753864 -1.408009
5 8.070768 7.537874
5 5.201645 7.679726
9 9.329488 -0.302805
7 6.433806 -2.546589
9 -8.922395 3.270722
5 11.753864 -1.408009
5 5.649159 -8.472727
5 5.649159 -8.472727
1 -3.962414 9.391378
3 5.839737 -3.070844
8 -6.377779 -0.733357
8 5.649159 -8.472727
7 6.433806 2.330782
3 5.649159 -8.472727
2 8.758964 -9.271859
9 9.329488 -4.804144
3 -2.721162 6.134905
4 -9.650871 6.235035
6 8.072527 2.262652
2 10.698047 -3.386861
1 -3.962414 9.391378
6 -0.029201 -5.820935
8 -6.377779 -0.733357
2 10.698047 -3.386861
7 1.553864 0.401502
2 5.770902 -0.247777
2 5.770902 -3.386861
6 8.072527 2.262652
7 7.611176 2.330782
2 -3.986620 -6.200734
10 -0.003150 -8.208261
9 8.159930 -4.804144
6 8.072527 2.262652
8 6.639800 -9.384924
1 -3.962414 9.391378
2 7.323550 0.070642
4 -9.650871 6.235035
10 4.656760 -4.816527
8 6.348208 0.127113
2 10.698047 -3.386861
1 -3.962414 9.391378
5 5.649159 -8.472727
3 7.178461 6.414523
7 8.948947 8.740488
5 3.991014 -3.823908
9 8.159930 -0.302805
10 -0.003150 -4.816527
10 4.656760 -8.208261
8 5.649159 -8.472727
5 -9.633058 -0.894047
2 10.698047 -3.386861
9 9.329488 -4.804144
10 4.656760 -4.816527
4 -6.840635 7.269898
9 8.159930 -0.302805
8 -6.377779 -0.733357
2 5.770902 -0.247777
8 0.729978 2.147247
9 9.329488 -4.804144
1 -3.962414 9.391378
4 -9.650871 6.235035
6 8.072527 2.262652
2 10.698047 -3.386861
6 8.072527 2.262652
9 -7.792857 -8.630562
6 -6.230730 -1.595419
