10 100
P 7.364642 3.900892 10.558161 7.727364
P -5.919646 5.414497 -3.082228 8.005215
Z 2 -5.919646 5.414497 -6.502943 4.602239
K 9.619040 1.109433 2.018105
K -5.372644 -7.602878 3.486724
P 1.650232 -9.375749 6.379020 -8.158076
P 8.728834 -3.790328 13.394746 -0.854110
Z 3 2.205032 -8.816627 0.083480 0.921568
Z 3 5.157421 -4.082647 4.696075 6.209124
Z 2 -5.418971 -4.569220 -5.275096 -4.436852
3 -3.464742 6.242304
9 -3.082228 8.005215
9 15.340315 6.367512
5 -5.372644 -7.602878
10 -5.919646 5.414497
8 -3.082228 8.005215
5 -5.372644 -7.602878
7 13.394746 -0.854110
4 9.619040 1.109433
3 -5.919646 5.414497
4 9.619040 1.109433
10 -3.082228 5.414497
4 9.619040 1.109433
8 -8.950038 1.042616
4 9.619040 1.109433
8 -4.231325 -6.587408
1 7.817861 -3.036962
2 -5.919646 5.414497
4 -2.224733 -7.216022
8 -3.464742 6.242304
7 0.433261 4.051041
7 13.394746 -3.790328
7 -3.119433 0.226113
5 -6.131646 -7.456010
3 -4.276361 3.348542
3 -5.919646 5.414497
2 -5.919646 8.005215
6 1.650232 -9.375749
9 -4.371376 8.930975
1 -9.023739 -5.142433
8 -2.228087 -9.679892
1 4.295097 6.053193
8 3.951151 -4.679235
6 -2.913776 -3.398869
4 -1.882791 -8.221136
6 6.379020 -9.375749
8 0.802912 10.058239
6 -5.954729 9.251393
6 1.650232 -8.158076
6 0.747384 -4.479599
9 12.514278 6.113638
7 8.728834 -3.790328
6 -2.623162 9.071008
9 -5.919646 8.005215
5 -5.818693 2.444678
1 10.558161 3.900892
7 13.394746 -3.790328
9 -1.187747 -6.096823
5 -5.372644 -7.602878
1 -4.518761 -2.950144
6 1.650232 -9.375749
4 -0.256816 4.143592
3 0.935047 1.283468
4 9.619040 1.109433
5 -5.372644 -7.602878
3 2.241931 -3.801310
3 -3.082228 5.414497
7 -0.484966 -2.805605
4 9.619040 1.109433
10 -8.432104 6.633337
1 5.502101 -2.565206
8 0.802912 10.058239
4 -7.833764 -9.259903
7 13.394746 -3.790328
5 -9.745226 -2.024000
6 3.890498 -3.613963
3 -5.919646 5.414497
4 9.619040 1.109433
9 -5.919646 5.414497
10 -5.919646 5.414497
10 7.070259 -6.113962
2 -5.919646 5.414497
1 10.558161 7.727364
6 6.379020 -9.375749
2 -3.082228 8.005215
8 -3.464742 6.242304
10 4.488517 -5.898495
1 7.364642 7.727364
10 -3.082228 8.005215
4 0.768747 -5.801599
6 -2.297342 -2.757412
4 9.619040 1.109433
2 3.730952 -1.650187
6 8.401573 4.152306
6 7.919815 -5.349957
7 8.728834 -3.790328
8 -3.464742 6.242304
5 -5.372644 -7.602878
6 6.379020 -9.375749
6 6.379020 -8.158076
5 -5.372644 -7.602878
4 9.619040 1.109433
4 9.619040 1.109433
5 9.794619 7.789338
6 1.650232 -9.375749
9 -3.464742 6.242304
7 -2.394842 -3.316360
8 3.673637 7.504479
2 -0.064336 -7.933573
9 12.282477 8.693965
