10 100
P -5.529697 -2.364435 -1.785702 0.072556
Z 1 2.428184 -7.216274 -7.335772 3.081498
K -8.211076 4.228062 4.888228
Z 1 -5.529697 -2.364435 -4.769117 -3.013679
K 7.983267 -0.579384 4.550624
P 6.608326 2.989156 9.729961 6.025575
Z 2 -3.402413 5.761177 -2.798111 6.900826
P -4.283015 4.895842 -2.083932 7.111132
Z 8 -0.594473 -4.953045 -9.932191 -3.074555
Z 6 3.631565 0.298120 -8.653952 6.426217
5 7.9833 -0.5794
2 -2.1927 -2.7503
6 9.7300 2.9892
9 -5.7766 -13.4598
5 0.4901 -7.1196
2 -1.7857 0.0726
8 -4.2830 7.1111
10 2.7245 -8.0188
8 -4.2830 4.8958
6 6.6083 2.9892
7 -5.5297 0.0726
3 -8.2111 4.2281
8 -4.2830 4.8958
8 -2.0839 4.8958
3 1.6185 1.8321
2 -2.1927 -2.7503
2 1.4474 -1.9025
2 -4.4271 1.1180
5 8.7228 -0.2365
9 -2.0839 7.1111
7 -1.9936 0.9884
6 6.6083 6.0256
10 2.7245 -8.0188
2 -2.1927 -2.7503
2 -1.7857 -2.3644
1 -7.8180 -4.9724
8 -2.0839 7.1111
3 -1.3350 -0.4857
10 8.4984 -8.3327
2 -2.1927 -2.7503
3 -8.2111 4.2281
2 -4.4271 1.1180
7 -1.3802 0.8404
10 6.6083 2.9892
7 -2.1927 -2.7503
6 8.6637 -5.6080
2 -4.6262 -2.6207
9 -6.6332 -15.5028
6 1.0000 5.0448
10 -6.9244 2.2868
4 -1.7857 -2.3644
1 -5.5297 0.0726
8 -2.0839 7.1111
7 -1.7857 0.0726
10 5.1502 -6.1923
2 -5.5297 0.0726
2 4.9694 -8.9634
1 -1.7857 -2.3644
4 -7.9365 -2.7470
6 9.7300 2.9892
5 7.9833 -0.5794
8 -4.2830 4.8958
1 -5.5297 0.0726
4 4.7703 5.4282
3 -8.2111 4.2281
6 1.9908 8.4496
5 7.9833 -0.5794
5 7.9833 -0.5794
2 -1.7857 0.0726
8 -4.2830 4.8958
3 5.9279 -0.7041
10 -6.2297 -5.2709
10 2.7245 -8.0188
2 -4.4271 1.1180
1 -1.7857 -2.3644
10 0.8468 -5.5251
1 -5.5297 -2.3644
3 -8.2111 4.2281
9 -2.0839 7.1111
7 -11.1267 1.9869
5 -2.8089 -6.0335
6 1.5760 6.1560
9 -2.0839 4.8958
5 7.9833 -0.5794
6 7.8101 -8.6431
4 -3.5085 2.9790
2 -4.4271 1.1180
1 -1.7857 0.0726
3 -3.4000 4.2855
10 5.1502 -6.1923
4 -4.0993 5.9815
5 7.9833 -0.5794
9 -7.8046 -12.6094
3 -8.2111 4.2281
5 7.9833 -0.5794
5 7.9833 -0.5794
5 2.7044 4.3518
7 4.3526 -8.7218
10 9.7300 6.0256
7 5.1772 -4.4884
8 8.0016 6.3052
9 -2.0839 7.1111
8 -5.4990 5.1046
5 -1.1102 -6.6065
5 7.9833 -0.5794
7 -11.1267 1.9869
9 1.8762 8.3537
5 7.9833 -0.5794
4 -1.7857 -2.3644
1 -1.7857 -2.3644
