10 100
P -5.150513 3.496786 -1.940162 8.135214
K 7.240932 5.258540 2.689299
K 6.377263 -6.247813 1.433697
Z 1 -8.781859 -2.852243 4.339009 -0.868162
P 4.503988 -9.599783 8.923768 -7.619540
P -6.803637 4.649227 -5.362299 8.390108
K 7.598607 -1.160551 2.406506
P -3.190727 3.417435 1.628920 5.623734
Z 5 -6.175266 -6.314676 5.223015 6.645241
K 0.136690 1.645633 3.955429
6 -6.803637 8.390108
3 6.377263 -6.247813
4 -5.150513 3.496786
2 7.240932 5.258540
4 5.959233 -0.794245
1 1.961898 -1.355609
8 -6.916156 -6.714210
6 -6.803637 4.649227
6 -7.463925 -9.949172
3 6.377263 -6.247813
10 0.136690 1.645633
7 7.598607 -1.160551
2 7.240932 5.258540
9 8.923768 -7.619540
8 9.810205 -6.991515
4 1.002613 -11.325563
10 0.136690 1.645633
1 -5.150513 8.135214
5 8.923768 -7.619540
10 0.136690 1.645633
10 0.136690 1.645633
10 0.136690 1.645633
2 7.240932 5.258540
3 6.377263 -6.247813
1 -2.993401 -6.134935
8 -3.190727 5.623734
5 6.939940 -3.999303
4 -0.368833 -6.894519
9 -10.797194 3.857647
6 -6.803637 4.649227
4 -5.150513 8.135214
2 7.240932 5.258540
1 -5.688721 7.371394
3 3.677532 4.862390
4 -2.064203 -12.274769
4 -1.940162 3.496786
3 6.262021 6.326337
8 1.628920 3.417435
4 -5.150513 3.496786
7 7.598607 -1.160551
3 6.377263 -6.247813
6 -5.362299 8.390108
1 -1.940162 3.496786
2 7.240932 5.258540
2 4.501155 -2.648062
3 6.377263 -6.247813
4 1.899286 0.023973
5 8.923768 -9.599783
8 -5.541073 -1.130926
4 -2.064203 -12.274769
10 -9.390164 -7.504745
10 0.136690 1.645633
3 6.377263 -6.247813
9 -2.993111 -0.704786
7 7.598607 -1.160551
9 -9.397560 8.494115
5 8.511088 -4.621810
7 3.877097 2.945676
9 -9.397560 8.494115
10 0.136690 1.645633
9 4.503988 -9.599783
6 -2.789834 1.494541
5 8.923768 -7.619540
3 -1.927028 2.186673
9 -8.950364 -9.861251
8 -3.190727 3.417435
1 -0.853587 5.321441
1 -5.150513 8.135214
2 4.788550 9.705000
9 -10.797194 3.857647
6 6.186136 2.572577
3 6.377263 -6.247813
4 -5.150513 8.135214
3 6.377263 -6.247813
7 7.598607 -1.160551
8 -3.190727 5.623734
8 1.628920 3.417435
6 -6.803637 4.649227
6 -0.181311 -2.328128
10 -3.928129 -3.665409
1 -5.629325 -9.736820
8 1.628920 3.417435
8 1.628920 3.417435
6 -6.803637 4.649227
1 -1.940162 3.496786
1 -5.150513 8.135214
8 -3.190727 3.417435
10 0.136690 1.645633
3 6.377263 -6.247813
3 1.627602 3.954149
8 -3.190727 3.417435
10 8.620311 -3.424297
4 -5.694989 -1.061447
4 -1.940162 8.135214
7 -1.135489 -0.503982
8 1.628920 3.417435
3 2.478616 5.944692
9 -1.272067 1.694444
2 7.240932 5.258540
4 -8.370052 -1.140650
