10 100
K 8.425399 -5.869038 2.442303
P 9.177838 -5.486371 14.152445 -1.978122
Z 2 4.995692 -6.134376 -5.034645 -6.179669
K -4.599879 -0.898449 4.286456
P 4.484441 2.238983 8.259988 3.312430
K 1.808857 -8.666996 1.627654
Z 1 6.928579 -2.885534 -2.302159 -8.143970
P 4.414843 5.264997 7.161222 9.170627
P -5.357601 7.145085 -3.657536 9.262056
Z 1 1.810070 7.821606 -8.074414 -3.675598
8 7.161222 9.170627
10 -12.717964 12.308533
1 8.425399 -5.869038
8 7.161222 9.170627
5 5.202508 -5.277719
5 4.484441 3.312430
4 -4.599879 -0.898449
7 5.125565 -0.076458
5 8.259988 2.238983
4 -7.709341 8.528762
8 4.414843 5.264997
7 5.125565 -0.076458
1 8.425399 -5.869038
6 1.808857 -8.666996
1 8.425399 -5.869038
5 7.154900 -2.841173
2 9.177838 -5.486371
10 4.185046 -6.792245
8 7.161222 5.264997
5 4.484441 2.238983
7 5.125565 -0.076458
8 2.345375 2.890495
1 8.425399 -5.869038
6 1.808857 -8.666996
8 7.161222 9.170627
4 5.385111 -5.756934
10 -1.858107 5.148394
6 -9.517660 -4.095534
4 2.382461 -4.851242
3 6.640738 -1.802315
9 -3.657536 9.262056
5 9.334906 9.234568
10 8.425399 -5.869038
10 -12.717964 12.308533
10 8.425399 -5.869038
5 8.259988 3.312430
2 14.152445 -1.978122
3 8.574076 7.648958
6 1.808857 -8.666996
5 4.484441 3.312430
1 8.425399 -5.869038
8 4.414843 5.264997
8 4.414843 9.170627
1 -1.164442 -4.378122
6 1.808857 -8.666996
4 -4.599879 -0.898449
1 8.425399 -5.869038
3 6.588065 -9.419674
10 5.456627 6.071375
5 4.484441 3.312430
5 -7.125843 -4.641175
2 9.177838 -5.486371
4 -4.599879 -0.898449
1 0.135939 5.414892
5 -6.011676 9.522463
6 1.808857 -8.666996
7 2.586963 -3.449720
2 14.152445 -1.978122
3 -0.725311 3.300861
6 -4.666372 -6.411521
1 8.425399 -5.869038
2 3.514162 -8.449199
10 -1.536847 6.650428
8 4.414843 9.170627
4 -4.599879 -0.898449
7 -6.067071 2.481918
2 14.152445 -1.978122
3 9.589360 -6.868270
8 7.161222 9.170627
10 8.425399 -5.869038
4 1.151595 9.303449
5 7.979837 8.625277
5 7.900447 2.536803
4 -4.599879 -0.898449
7 8.425399 -5.869038
4 -4.599879 -0.898449
9 -3.657536 7.145085
2 14.152445 -1.978122
8 4.414843 9.170627
6 1.808857 -8.666996
5 4.484441 3.312430
2 14.152445 -1.978122
1 8.425399 -5.869038
7 8.425399 -5.869038
2 1.953312 -0.762148
10 8.425399 -5.869038
8 7.161222 9.170627
7 8.425399 -5.869038
3 -7.922442 -2.712973
8 4.414843 9.170627
7 5.125565 -0.076458
8 4.414843 9.170627
10 6.142188 7.713225
7 5.125565 -0.076458
10 7.829482 9.682933
4 -4.599879 -0.898449
4 9.709164 0.966131
6 1.808857 -8.666996
7 5.125565 -0.076458
6 1.808857 -8.666996
