10 100
P -2.345998 -6.383894 -0.279344 -2.244495
K 3.783321 1.938519 3.271847
Z 2 2.405987 -1.029297 3.313064 -1.450262
K 7.682858 -2.883423 4.069242
P 9.392742 -8.414050 10.444989 -6.983021
P -3.604401 -9.340970 -1.569651 -6.677202
K -4.791563 4.223311 3.135957
P 5.860461 -5.364787 9.869637 -4.331605
Z 6 3.762751 -2.730164 1.915823 -7.644884
K 3.651387 -6.977440 2.070464
6 -1.5697 -6.6772
5 -9.4768 6.0066
2 3.7833 1.9385
5 10.4450 -6.9830
3 -9.2786 4.3127
1 3.2431 -7.6313
10 3.6514 -6.9774
8 5.8605 -5.3648
2 3.7833 1.9385
10 3.6514 -6.9774
9 5.1760 -9.2122
7 -4.7916 4.2233
5 9.6553 -9.8194
7 -4.7916 4.2233
7 -4.7916 4.2233
10 -1.1813 -7.9111
7 -8.6037 1.5633
3 2.1121 -0.7787
8 5.8605 -5.3648
3 8.6572 -0.4072
10 3.6514 -6.9774
4 7.6829 -2.8834
9 5.1760 -9.2122
4 3.6650 -1.8808
9 5.1760 -9.2122
5 10.4450 -8.4140
4 7.6829 -2.8834
7 -2.5121 -6.7134
3 3.7833 1.9385
4 -2.3047 4.0600
1 -2.3460 -6.3839
8 -4.8460 0.9231
3 3.7833 1.9385
2 3.7833 1.9385
3 0.1970 -5.5595
6 7.4874 -9.8585
6 -1.5697 -9.3410
5 -8.6480 1.2178
10 1.6060 0.2283
1 -3.4434 -8.4107
1 -2.3460 -6.3839
10 3.6514 -6.9774
8 9.8696 -4.3316
4 7.6829 -2.8834
3 -0.3782 -2.7327
7 -4.1469 7.8797
8 -6.1781 -2.8440
9 6.7071 -10.5522
7 -9.1664 -8.6762
8 9.8696 -4.3316
1 -0.2793 -6.3839
9 4.9528 -12.5567
3 3.7833 1.9385
1 -0.2793 -6.3839
8 9.8696 -5.3648
7 -4.7916 4.2233
1 -2.3460 -2.2445
5 10.4450 -6.9830
5 9.3927 -8.4140
2 7.3200 -9.2717
4 7.6829 -2.8834
4 7.6829 -2.8834
5 9.3927 -6.9830
1 7.3544 -1.6568
10 3.6514 -6.9774
1 -2.3460 -6.3839
1 -0.2793 -2.2445
10 -8.6683 5.8644
7 -4.7916 4.2233
8 -5.8184 -7.9453
5 -2.9368 7.9431
5 9.3927 -8.4140
5 9.3927 -8.4140
2 3.7833 1.9385
3 1.0287 -3.9971
7 -4.7916 4.2233
10 3.6514 -6.9774
4 7.6829 -2.8834
3 3.7833 1.9385
8 5.8605 -4.3316
6 -4.2271 7.2878
1 -2.3460 -6.3839
1 -5.6162 -2.5519
3 3.7833 1.9385
10 3.6514 -6.9774
10 3.6514 -6.9774
8 9.8696 -4.3316
10 5.9841 -4.6242
8 5.8605 -4.3316
7 -4.7916 4.2233
6 -1.5697 -9.3410
1 -0.2793 -2.2445
10 -2.5448 -1.5181
3 -9.2515 9.5814
1 -2.3460 -2.2445
8 9.8696 -4.3316
9 5.1760 -9.2122
5 10.4450 -6.9830
5 10.4450 -8.4140
7 -4.7916 4.2233
