10 100
K 4.918214 -3.515007 4.123392
K -5.383155 6.581234 4.028750
K 4.038052 5.756076 3.571882
Z 1 -9.394127 -8.621437 1.966589 -6.684647
K 1.461309 2.953227 1.792569
P 7.193304 5.558645 10.242268 8.066542
P -9.662889 -0.865600 -7.045517 0.797402
Z 4 -2.454755 9.249168 -7.523379 -9.113760
Z 1 0.818709 -3.071813 0.711227 -4.066020
Z 5 1.461309 2.953227 0.560639 3.387732
4 -4.6614 -0.9939
4 4.9182 -3.5150
6 10.2423 8.0665
1 5.8994 -8.1010
8 -18.7481 -1.9209
2 7.7261 -7.2298
10 4.6302 2.8751
2 -5.3832 6.5812
10 -6.9244 -1.2661
3 4.0381 5.7561
2 0.1625 -8.0251
6 10.2423 5.5586
6 7.1933 8.0665
1 4.9182 -3.5150
7 2.7514 -2.7146
1 -7.6646 -7.7486
4 5.8017 -8.6973
2 3.3291 5.1872
7 -9.6629 0.7974
4 -1.2349 -1.9362
1 4.9182 -3.5150
7 4.0071 2.2308
9 -1.8892 5.0510
6 -8.0898 -5.7380
5 -7.8661 -2.5079
9 -3.2808 -2.6286
10 7.7331 -3.9281
3 -4.9136 2.1207
2 -5.3832 6.5812
3 4.0381 5.7561
3 4.0381 5.7561
1 4.9182 -3.5150
9 0.0575 1.5650
4 5.8017 -8.6973
3 4.0381 5.7561
1 4.9182 -3.5150
8 5.8017 -8.6973
7 1.9143 5.7296
3 4.0381 5.7561
8 5.8017 -8.6973
4 4.9182 -3.5150
2 -5.3832 6.5812
1 4.9182 -3.5150
7 -7.0455 -0.8656
6 7.1933 8.0665
3 4.0381 5.7561
1 -1.5231 -1.2623
5 1.4613 2.9532
10 4.3537 5.8077
8 -8.8748 -0.4049
10 1.4613 2.9532
5 -9.4912 3.9589
5 0.2610 -1.9030
3 4.0381 5.7561
4 -7.8960 -7.7964
6 8.2903 -8.0276
5 1.4613 2.9532
6 5.2196 -1.3863
1 -0.2461 1.6815
4 5.8017 -8.6973
5 7.2390 7.0807
5 1.4613 2.9532
2 -5.3832 6.5812
7 -0.9369 -9.0101
9 4.9182 -3.5150
6 -1.1183 -6.3453
4 4.9182 -3.5150
5 1.4613 2.9532
2 -5.3832 6.5812
5 1.4613 2.9532
8 -18.7481 -1.9209
9 -7.6300 6.2784
1 4.9182 -3.5150
7 -1.9680 -5.9386
8 -8.2075 -6.3979
1 4.9182 -3.5150
1 4.9182 -3.5150
3 -2.2143 -2.9777
1 4.9182 -3.5150
1 4.9182 -3.5150
2 -5.3832 6.5812
1 4.9182 -3.5150
10 1.4613 2.9532
6 7.1933 5.5586
9 4.9182 -3.5150
8 5.8017 -8.6973
1 4.9182 -3.5150
5 -3.4050 7.8276
7 -9.6629 0.7974
10 -9.8189 4.1177
4 4.9182 -3.5150
6 7.1933 8.0665
2 -5.3832 6.5812
9 3.0969 -4.7485
6 10.2423 5.5586
1 -1.4534 -2.2076
5 1.4613 2.9532
1 4.9182 -3.5150
9 -3.2808 -2.6286
1 4.9182 -3.5150
