10 100
K -5.002776 7.822831 2.742059
K 0.358340 8.984435 3.852126
Z 2 -4.608664 8.139852 -8.298255 -1.448666
K 0.110489 7.926545 3.875512
Z 2 0.358340 8.984435 -0.316883 9.722049
Z 1 -4.589189 10.533520 -5.577748 10.684351
K 8.454810 -6.918224 3.440353
Z 4 1.257953 11.628291 0.302790 11.924371
Z 3 5.815629 -1.088398 -1.773732 -7.128254
K 8.950849 -3.474366 3.174004
5 0.3583 8.9844
1 -2.5362 -1.5983
2 0.3583 8.9844
7 8.4548 -6.9182
2 -5.6272 -9.5503
7 9.8008 -9.4998
1 4.6851 -6.5038
10 8.9508 -3.4744
8 2.4054 15.3300
10 8.9508 -3.4744
4 0.7519 -6.4841
1 -5.0028 7.8228
5 0.3583 8.9844
10 8.9508 -3.4744
1 -5.0028 7.8228
2 0.3583 8.9844
5 0.3583 8.9844
6 -4.1756 13.2442
4 0.1105 7.9265
2 7.8931 0.2535
3 -2.6023 -5.5819
1 -5.0028 7.8228
8 0.1105 7.9265
5 0.3583 8.9844
9 14.4064 -8.6675
3 3.1650 5.8214
4 0.1105 7.9265
5 -3.9052 3.3927
4 0.1105 7.9265
6 -4.8204 1.5481
8 2.4054 15.3300
8 0.1105 7.9265
6 -5.0028 7.8228
9 -2.5759 0.6283
2 0.3583 8.9844
1 -7.2488 -8.1811
6 -5.0028 7.8228
4 0.1105 7.9265
4 9.1950 -9.3323
1 -5.0028 7.8228
3 4.9042 9.2137
7 8.4548 -6.9182
6 -4.1756 13.2442
8 0.1105 7.9265
10 1.1920 -3.3326
2 0.3583 8.9844
4 0.1105 7.9265
2 0.3583 8.9844
3 0.3583 8.9844
3 0.3583 8.9844
2 1.4830 -2.9724
10 8.9508 -3.4744
4 0.1105 7.9265
7 8.4548 -6.9182
5 0.3583 8.9844
2 -4.6930 7.0398
7 -1.6250 -8.9398
7 8.4548 -6.9182
7 4.6707 5.4097
8 7.5152 9.0479
4 0.1105 7.9265
4 4.6884 6.6889
8 2.4054 15.3300
2 0.3583 8.9844
3 9.9980 9.1147
8 0.1105 7.9265
10 8.9508 -3.4744
1 -2.4761 -8.2085
8 2.4054 15.3300
1 -5.0028 7.8228
4 3.7506 3.6641
3 -1.4754 2.0312
10 -6.9676 -8.5054
6 1.6618 4.2034
3 -7.7283 12.0961
5 0.3583 8.9844
6 6.5747 -8.9504
5 0.3583 8.9844
6 -4.1756 13.2442
8 0.1105 7.9265
4 0.1105 7.9265
3 -1.5225 1.4006
9 5.9749 4.1487
6 -5.0028 7.8228
3 -7.7283 12.0961
1 -4.3593 9.1020
6 8.3146 3.1837
8 1.7535 7.2879
7 2.6604 6.8727
1 6.2819 0.3469
8 9.6613 -4.3559
9 15.6233 -17.2463
1 6.4651 7.3411
3 0.3583 8.9844
2 8.6573 0.0396
1 -5.0028 7.8228
2 0.3583 8.9844
1 -5.0028 7.8228
2 -0.6418 -5.4405
10 8.9508 -3.4744
