10 100
K 6.000362 -5.330974 3.214022
K 1.975382 -2.504708 2.673307
Z 2 0.548199 -0.244239 -0.297371 -0.778103
P -4.536607 5.363796 -0.281691 7.046908
K 2.697164 0.689501 4.844322
P -5.648860 9.736885 -2.110164 14.663480
P -5.185768 8.759655 -1.583456 13.286011
P 1.231619 -0.041357 4.248564 4.259148
K 6.382949 -7.056752 2.305347
P -7.994400 -8.199859 -3.227324 -5.985992
7 -1.583456 8.759655
9 6.382949 -7.056752
5 2.697164 0.689501
9 4.140561 -9.245047
4 -4.536607 7.046908
6 -5.648860 9.736885
10 4.111310 -1.760117
8 4.248564 -0.041357
2 1.975382 -2.504708
2 1.975382 -2.504708
10 3.192894 7.616608
7 7.438378 4.136059
2 2.737445 4.139141
4 -4.536607 7.046908
1 6.000362 -5.330974
2 1.975382 -2.504708
2 1.975382 -2.504708
9 6.382949 -7.056752
6 -2.110164 14.663480
10 -3.227324 -5.985992
6 -5.648860 14.663480
1 -8.240575 -9.571298
7 -5.185768 8.759655
1 6.000362 -5.330974
2 4.517598 1.516066
5 2.697164 0.689501
2 1.975382 -2.504708
5 2.697164 0.689501
8 -3.294514 -8.461548
2 1.975382 -2.504708
6 -5.648860 14.663480
1 6.000362 -5.330974
3 1.975382 -2.504708
1 6.000362 -5.330974
8 4.248564 4.259148
5 -6.561986 7.265799
9 6.382949 -7.056752
9 6.382949 -7.056752
6 -6.537364 3.793391
3 0.581320 3.918892
7 5.518272 -4.124512
6 -5.648860 9.736885
9 6.382949 -7.056752
6 -5.863743 3.945821
5 -5.698148 -6.479190
1 6.000362 -5.330974
7 -8.565963 -7.652711
9 6.382949 -7.056752
5 2.697164 0.689501
2 1.177489 2.950975
4 -4.536607 7.046908
1 -8.836560 8.265327
8 4.248564 -0.041357
6 -2.110164 9.736885
7 -6.097543 -5.005170
1 6.376144 -9.959398
6 -2.110164 9.736885
3 3.171923 -1.370506
10 -7.994400 -8.199859
6 -5.648860 9.736885
5 2.697164 0.689501
7 -1.583456 8.759655
4 7.423550 0.440921
1 6.000362 -5.330974
2 -9.434281 -3.211785
7 -0.684949 3.636638
4 -0.281691 7.046908
9 6.382949 -7.056752
9 6.382949 -7.056752
4 -8.921472 -8.772631
8 4.248564 -0.041357
3 1.975382 -2.504708
9 -3.925281 -4.428653
4 7.244480 1.928325
7 8.519490 -4.641130
2 -1.782532 -9.767038
5 7.308889 -5.160645
2 1.975382 -2.504708
6 -5.648860 9.736885
2 5.638304 2.011476
10 -3.227324 -5.985992
8 4.248564 4.259148
9 6.382949 -7.056752
6 -2.110164 9.736885
4 -4.536607 7.046908
2 -7.429089 1.616246
3 -0.878983 2.016230
4 2.089132 -3.686014
7 -1.583456 13.286011
5 2.697164 0.689501
8 1.231619 4.259148
8 4.248564 4.259148
1 6.000362 -5.330974
7 -5.185768 13.286011
6 -5.648860 9.736885
2 1.975382 -2.504708
2 1.975382 -2.504708
2 7.156411 0.384877
7 -1.583456 13.286011
4 -4.536607 7.046908
