10 100
K 1.943181 3.535615 4.011129
K -8.716006 1.144264 1.662638
Z 2 -7.053498 1.123522 -7.041023 2.123444
P -7.652807 -6.457642 -4.027738 -4.184926
P -4.415376 8.971583 -3.311771 10.890074
Z 1 1.127294 -0.391659 2.106389 -0.595065
K -9.436362 -6.863027 4.597659
K -7.634427 -3.784764 4.794405
K -4.244716 -0.905649 1.841458
Z 7 -5.041235 -5.513461 -5.334768 -4.557512
5 -3.311771 8.971583
7 -9.436362 -6.863027
1 3.610067 -2.431721
7 -9.436362 -6.863027
7 -9.436362 -6.863027
8 -7.634427 -3.784764
7 -9.436362 -6.863027
8 -7.634427 -3.784764
1 1.943181 3.535615
10 -0.646108 -4.163895
5 -4.415376 10.890074
3 -5.390990 1.102780
3 -5.390990 1.102780
7 -9.436362 -6.863027
3 -8.716006 1.144264
9 -4.244716 -0.905649
7 -9.436362 -6.863027
4 -4.027738 -4.184926
7 -9.436362 -6.863027
9 -4.244716 -0.905649
1 1.943181 3.535615
6 -1.402550 2.241739
1 9.236284 -5.847347
5 -4.620200 -0.033653
2 -8.716006 1.144264
8 -7.634427 -3.784764
2 -8.716006 1.144264
3 0.711636 -3.589379
2 8.283857 9.970796
7 -9.436362 -6.863027
9 -4.244716 -0.905649
10 -0.646108 -4.163895
8 -7.634427 -3.784764
6 0.820209 1.310063
3 -5.390990 1.102780
4 -9.376684 -8.637339
9 1.723013 -7.847671
4 -4.027738 -4.184926
8 -8.898059 1.185295
9 -7.529170 0.272791
5 -4.415376 8.971583
6 0.311407 -4.318933
10 -0.646108 -4.163895
7 -7.910636 6.098094
7 -1.749066 -0.432499
3 -8.716006 1.144264
5 -3.311771 10.890074
6 0.311407 -4.318933
2 -8.716006 1.144264
6 0.311407 -4.318933
8 -7.634427 -3.784764
1 -8.089373 -7.511151
4 7.693701 -6.090332
4 -7.652807 -4.184926
6 1.943181 3.535615
2 -5.207891 -0.905072
7 -9.436362 -6.863027
2 -8.716006 1.144264
10 -9.436362 -6.863027
9 3.212821 -3.001520
9 -4.244716 -0.905649
10 -6.695157 2.475665
8 -5.491133 7.060890
8 -7.634427 -3.784764
10 -9.436362 -6.863027
10 -9.436362 -6.863027
6 0.311407 -4.318933
1 1.943181 3.535615
1 1.943181 3.535615
5 -4.415376 10.890074
10 9.817940 -7.048984
8 -7.634427 -3.784764
10 -0.646108 -4.163895
4 -7.652807 -6.457642
10 -8.246057 -7.869358
9 -2.761112 6.580316
6 7.492411 1.678650
1 1.943181 3.535615
6 1.943181 3.535615
2 -8.716006 1.144264
3 -8.716006 1.144264
10 -9.436362 -6.863027
8 -7.634427 -3.784764
4 -4.027738 -4.184926
7 -9.436362 -6.863027
5 -3.311771 10.890074
9 -4.244716 -0.905649
3 -5.390990 1.102780
8 -7.634427 -3.784764
5 -3.311771 10.890074
9 4.267577 -6.704475
9 -4.244716 -0.905649
4 -7.652807 -4.184926
5 -4.415376 10.890074
3 -3.614619 5.282869
5 2.470096 -6.675647
8 -4.020886 2.602956
10 -4.193463 -1.968391
4 -7.652807 -4.184926
2 -8.716006 1.144264
