10 100
K 4.441161 -1.063266 3.662304
K 6.144739 -5.839410 3.201055
K -3.331176 0.077651 2.288168
Z 1 2.341325 3.417652 -7.570935 -7.508925
P -6.368269 2.310807 -4.954908 4.769785
K -2.934202 -3.766362 4.132516
K -9.709195 -9.958827 4.799245
K -9.926725 -7.800719 3.303355
P -5.194989 2.170997 -2.772731 5.236687
Z 4 0.551944 7.341950 -0.067767 8.126780
3 -3.3312 0.0777
10 -5.3905 8.1785
9 9.8801 3.0159
8 8.6018 -4.3588
7 -9.7092 -9.9588
2 6.1447 -5.8394
4 -2.3223 5.0724
4 -2.3223 5.0724
8 -1.5870 -4.0565
4 3.3586 -9.2489
6 -2.9342 -3.7664
2 6.1447 -5.8394
10 7.8260 1.6095
10 -2.3223 5.0724
1 4.4412 -1.0633
8 -9.9267 -7.8007
2 -9.7254 -1.6967
9 -5.7183 -1.7342
6 -2.9342 -3.7664
10 3.4262 9.6115
1 4.4412 -1.0633
6 -2.9342 -3.7664
2 6.1447 -5.8394
10 3.4262 9.6115
10 -2.3223 5.0724
1 -7.2107 7.5951
1 4.4412 -1.0633
4 5.1360 7.2366
3 5.2597 -3.1639
9 0.7039 -0.7337
8 -9.9267 -7.8007
6 -2.9342 -3.7664
7 -9.7092 -9.9588
3 -3.3312 0.0777
8 -9.9267 -7.8007
9 -2.7727 5.2367
8 2.1532 -8.2240
8 -9.9267 -7.8007
5 0.6563 2.5771
4 -2.3223 5.0724
5 -2.4240 7.2464
4 -2.3223 5.0724
9 -2.7727 5.2367
6 -2.9342 -3.7664
9 9.5815 -1.3288
4 4.4412 -1.0633
6 -6.1816 -0.8445
6 -2.9342 -3.7664
4 4.4412 -1.0633
1 8.3402 0.8364
1 4.4412 -1.0633
4 -2.3223 5.0724
1 -1.6449 -6.8692
2 6.1447 -5.8394
7 -9.7092 -9.9588
6 -2.9342 -3.7664
8 -9.9267 -7.8007
6 -3.7463 -4.4115
8 -9.9267 -7.8007
9 4.9314 4.7874
6 -2.9342 -3.7664
6 7.5229 8.6061
3 -3.3312 0.0777
10 4.4412 -1.0633
2 6.1447 -5.8394
6 -2.9342 -3.7664
10 3.4262 9.6115
10 7.8260 1.6095
6 -2.9342 -3.7664
6 -2.9342 -3.7664
9 -5.1950 2.1710
6 -2.9342 -3.7664
8 -1.1120 -7.4474
3 -3.3312 0.0777
5 -6.3683 2.3108
6 -2.9342 -3.7664
2 6.1447 -5.8394
9 6.1480 3.5854
6 -2.9342 -3.7664
1 4.4412 -1.0633
6 -2.9342 -3.7664
9 -5.1950 2.1710
10 -2.3223 5.0724
10 -2.3223 5.0724
8 -9.9267 -7.8007
10 7.8260 1.6095
5 -0.7184 -2.7326
8 -9.9267 -7.8007
6 7.9890 8.3584
4 -2.3223 5.0724
1 4.4412 -1.0633
6 -2.9342 -3.7664
7 -9.7092 -9.9588
4 4.4412 -1.0633
4 4.4412 -1.0633
4 -4.6400 1.0418
6 -2.9342 -3.7664
5 -6.3683 4.7698
3 2.1322 8.9025
10 7.8260 1.6095
