10 100
K -8.639300 -8.464983 3.438347
K 7.090756 -6.009523 2.491990
Z 2 2.221378 2.321671 -8.088102 -0.327403
K 8.536790 -7.889177 4.331529
P -9.158928 7.576311 -7.687930 9.468384
P 4.836691 -3.041342 9.549760 -0.861302
P 9.666399 -8.256524 13.499438 -7.093699
P 2.911393 3.343312 5.625256 7.958282
Z 8 5.625256 7.958282 4.790986 7.406927
P 3.757159 -9.872214 5.319767 -6.459393
9 5.625256 3.343312
6 4.836691 -0.861302
6 2.957557 -2.712333
9 0.315799 7.270776
2 -3.564235 -8.544435
3 3.963287 -3.127038
10 7.715568 5.055221
1 -8.639300 -8.464983
1 -8.639300 -8.464983
9 -7.262010 7.313971
9 0.315799 7.270776
10 5.319767 -6.459393
3 -9.069762 -1.698667
3 2.471264 11.968287
2 -3.571663 -2.026551
3 7.090756 -6.009523
6 4.836691 -0.861302
10 5.319767 -9.872214
6 4.836691 -0.861302
9 2.416916 -6.433635
4 -6.480163 4.340825
8 2.911393 7.958282
1 5.738443 3.084451
3 7.874171 9.196541
7 9.666399 -8.256524
3 7.090756 -6.009523
4 6.218945 6.833481
10 5.798577 6.022704
7 13.499438 -8.256524
10 -4.338240 -3.627569
1 -3.460837 3.694884
9 5.625256 7.958282
9 5.625256 7.958282
9 4.561382 5.461639
1 -8.639300 -8.464983
4 8.536790 -7.889177
1 2.243552 9.113873
3 2.471264 11.968287
5 -9.158928 7.576311
4 8.536790 -7.889177
8 5.625256 3.343312
7 9.666399 -8.256524
8 -0.987331 -4.071785
8 2.911393 7.958282
9 5.889261 7.574797
4 8.536790 -7.889177
6 -0.872078 8.285145
9 5.625256 7.958282
3 7.090756 -6.009523
6 -4.753066 5.276699
8 5.625256 3.343312
7 8.771491 2.536278
1 -2.696076 -9.362038
6 9.549760 -3.041342
6 5.781986 -9.777529
7 9.666399 -7.093699
4 8.536790 -7.889177
2 7.090756 -6.009523
9 -4.801416 8.158667
10 5.319767 -9.872214
3 -3.727647 -2.929913
10 -8.507185 1.892756
3 2.471264 11.968287
7 13.499438 -8.256524
2 4.356628 2.327341
6 9.549760 -0.861302
5 -7.687930 7.576311
2 7.090756 -6.009523
5 -9.158928 9.468384
3 2.471264 11.968287
7 9.666399 -8.256524
3 2.471264 11.968287
6 -2.861690 4.422199
1 -8.639300 -8.464983
7 13.499438 -7.093699
1 9.013455 -3.437218
2 7.090756 -6.009523
4 8.536790 -7.889177
9 5.625256 7.958282
2 1.842983 -2.850037
10 3.757159 -9.872214
6 2.487149 3.676625
3 7.090756 -6.009523
7 9.151082 -5.468743
8 5.625256 3.343312
9 5.625256 3.343312
4 8.536790 -7.889177
8 2.911393 3.343312
7 9.666399 -8.256524
9 5.625256 3.343312
6 4.836691 -0.861302
10 3.757159 -9.872214
9 8.596805 2.354603
8 0.237137 3.581282
1 -8.639300 -8.464983
7 -4.872346 -5.996719
8 7.551045 5.752406
7 -6.752333 -7.497642
4 8.536790 -7.889177
5 0.286233 -3.305985
