10 100
P 2.154195 8.909735 3.398184 13.440978
K -6.283270 -9.476067 3.612349
P 2.034573 1.326270 5.488530 2.496740
Z 2 -2.704398 -8.985417 -2.840224 -7.994684
Z 1 -5.699664 4.103299 -9.651761 -7.189772
Z 2 -1.001593 8.387112 9.042232 -2.881484
P -1.196883 1.899765 2.047663 6.412633
Z 1 7.755824 4.413134 5.942762 4.960749
Z 5 -7.493448 6.469136 -7.050686 5.947281
P -8.687901 4.169638 -6.504756 6.675025
2 -6.283270 -9.476067
8 7.997406 0.563709
7 2.047663 6.412633
1 -8.269294 -0.879093
10 -8.687901 6.675025
10 -8.687901 4.169638
5 -9.815168 13.533849
9 -11.472972 -2.652099
8 -6.855773 1.569598
1 2.154195 8.909735
7 2.047663 1.899765
3 5.488530 2.496740
3 -9.872828 0.076349
7 2.047663 1.899765
2 -6.283270 -9.476067
10 -4.786231 3.806331
2 -6.283270 -9.476067
1 3.398184 13.440978
8 -0.733266 -7.584591
6 17.349038 11.587673
1 2.154195 13.440978
8 2.154195 8.909735
4 -6.283270 -9.476067
5 -9.815168 13.533849
4 -6.143966 8.880143
4 -6.283270 -9.476067
1 2.154195 8.909735
4 -6.283270 -9.476067
3 5.488530 2.496740
10 1.774487 3.348855
4 0.874474 -8.494766
8 2.154195 8.909735
8 3.398184 8.909735
1 -2.963441 -3.164286
6 -6.283270 -9.476067
4 0.874474 -8.494766
2 -6.283270 -9.476067
8 1.637577 3.080656
4 -6.283270 -9.476067
8 8.530334 -7.548098
8 2.154195 13.440978
2 -6.283270 -9.476067
4 0.874474 -8.494766
9 1.604459 2.180900
6 -6.283270 -9.476067
3 3.682997 -9.695734
8 3.398184 13.440978
7 8.084028 -9.370906
7 2.047663 6.412633
10 -8.687901 4.169638
1 3.398184 8.909735
1 -5.404196 -5.531938
1 2.154195 8.909735
8 7.426870 -8.568217
5 3.398184 8.909735
4 -4.988381 2.235331
5 -2.024768 4.179956
2 -6.283270 -9.476067
6 17.349038 11.587673
4 -6.283270 -9.476067
9 -16.146331 -3.141371
4 -2.832454 -5.323578
9 -9.815168 13.533849
1 2.154195 8.909735
5 3.398184 8.909735
8 -8.631884 -8.041836
6 -0.600918 0.218926
10 -6.504756 4.169638
8 -1.009905 -2.653770
2 -6.283270 -9.476067
10 -8.687901 4.169638
2 -6.283270 -9.476067
3 4.199547 -0.535038
8 8.324425 -3.783975
4 -8.364254 -9.502250
10 -6.504756 4.169638
1 3.398184 13.440978
10 -4.942578 -0.892121
4 -5.863301 -0.846370
6 -6.283270 -9.476067
2 1.322730 -9.562972
1 9.158928 7.851568
6 17.349038 11.587673
10 -6.504756 4.169638
10 -6.504756 6.675025
7 2.047663 1.899765
7 -2.152266 9.437094
6 -6.283270 -9.476067
5 -6.017185 16.300615
2 -6.283270 -9.476067
5 -9.815168 13.533849
4 -2.341025 6.551882
1 -0.078781 -9.741266
8 2.154195 8.909735
8 3.398184 8.909735
5 2.154195 8.909735
10 0.637749 -6.686587
9 -6.989716 17.076303
3 2.034573 1.326270
2 -6.283270 -9.476067
