10 100
P 9.776654 2.066747 14.746386 5.862300
K -1.158054 9.696284 1.567856
K -5.583916 -8.704284 3.276707
K -8.527521 -9.268959 4.919711
P 4.798108 1.076820 8.267270 3.519121
Z 1 -0.941729 4.929709 8.118575 3.663568
K -5.411658 1.972003 1.064016
K -9.795408 -2.634811 4.686786
K 9.501363 -1.734526 4.107569
Z 4 -7.655776 -4.842815 -1.067173 4.244754
10 -8.527521 -9.268959
1 14.746386 5.862300
7 -5.411658 1.972003
7 -5.411658 1.972003
5 8.267270 1.076820
10 -8.527521 -9.268959
3 -5.583916 -8.704284
8 1.601245 -5.358241
1 14.746386 2.066747
7 -5.411658 1.972003
7 -5.411658 1.972003
5 -8.086716 1.765294
9 9.501363 -1.734526
3 -5.583916 -8.704284
3 4.746641 8.001477
4 5.259706 -9.471825
9 2.949441 -9.682278
3 -5.583916 -8.704284
3 -9.758974 8.734959
4 -8.527521 -9.268959
9 9.501363 -1.734526
9 9.501363 -1.734526
4 -8.527521 -9.268959
6 -3.636503 -6.866723
9 9.501363 -1.734526
10 -8.527521 -9.268959
8 -9.795408 -2.634811
3 -5.583916 -8.704284
9 7.634279 -6.136707
4 -8.527521 -9.268959
5 4.798108 1.076820
2 -1.158054 9.696284
2 -1.158054 9.696284
8 -9.795408 -2.634811
3 -5.583916 -8.704284
10 -11.591494 -7.047539
1 9.776654 2.066747
4 -8.527521 -9.268959
3 -5.583916 -8.704284
1 9.776654 2.066747
2 -1.158054 9.696284
5 -0.245680 8.041452
5 -8.037687 9.525682
5 8.267270 1.076820
8 -9.795408 -2.634811
4 7.314595 3.208517
9 9.501363 -1.734526
5 4.798108 1.076820
9 9.962144 6.349633
2 -1.158054 9.696284
1 7.864417 -0.874456
9 9.501363 -1.734526
9 1.583694 9.075406
3 -5.583916 -8.704284
8 -9.795408 -2.634811
4 -1.280343 8.040580
7 -8.303256 -0.784610
10 -11.591494 -7.047539
8 -8.020175 -8.114310
10 -2.770940 1.694119
4 8.240881 -3.399619
2 -1.158054 9.696284
1 -7.081971 1.625708
9 -9.981511 8.847267
6 9.110377 1.094526
3 -5.404340 9.440235
7 -8.001410 2.534700
7 -5.411658 1.972003
8 -9.795408 -2.634811
10 5.515118 -5.662283
2 5.250563 -3.069519
7 -5.411658 1.972003
10 -8.527521 -9.268959
5 4.798108 3.519121
4 -8.527521 -9.268959
5 8.267270 1.076820
1 14.746386 5.862300
4 -8.527521 -9.268959
5 6.938861 6.744473
2 -1.158054 9.696284
7 -9.541412 3.472494
3 -9.185740 8.191868
2 -1.158054 9.696284
7 -5.411658 1.972003
5 4.798108 3.519121
2 -1.158054 9.696284
4 -2.791764 3.418340
2 -8.121506 -4.351455
10 -11.591494 -7.047539
3 -5.583916 -8.704284
4 -8.527521 -9.268959
4 -0.987945 4.814981
8 -9.795408 -2.634811
9 9.501363 -1.734526
4 -8.527521 -9.268959
2 -1.158054 9.696284
10 8.215212 4.289094
2 -1.158054 9.696284
6 14.930226 3.382280
2 -1.158054 9.696284
