10 100
P 6.220355 3.421060 9.342691 7.640939
K 7.970691 -9.634980 2.496678
K 8.089734 8.289038 2.726299
Z 3 5.419888 8.840968 5.217442 7.861675
Z 3 5.596568 8.997876 7.563807 -7.641638
Z 1 0.659779 -3.035814 -4.579637 -1.996900
Z 2 7.970691 -9.634980 7.031250 -9.292267
K -8.834349 -0.385393 2.611287
Z 1 9.342691 7.640939 10.339190 7.557342
P 1.816246 4.528971 2.925619 8.191012
6 1.725668 -15.026517
7 7.970691 -9.634980
9 6.967059 12.322042
1 6.220355 7.640939
5 3.337435 7.727188
4 8.089734 8.289038
6 6.220355 7.640939
7 7.970691 -9.634980
2 7.970691 -9.634980
2 7.970691 -9.634980
1 9.342691 3.421060
10 -2.220626 5.573166
9 9.342691 7.640939
5 3.337435 7.727188
1 9.342691 7.640939
3 1.293854 -6.913266
4 2.750042 9.392898
4 8.089734 8.289038
5 -2.144605 -7.927151
7 -2.358648 -4.227624
7 2.025771 6.869269
8 -8.834349 -0.385393
10 1.816246 8.191012
7 7.970691 -9.634980
7 7.970691 -9.634980
1 -9.948620 -4.288265
6 6.220355 7.640939
4 2.750042 9.392898
3 8.089734 8.289038
2 7.970691 -9.634980
4 2.750042 9.392898
7 4.951257 7.046016
4 2.750042 9.392898
3 8.089734 8.289038
7 7.970691 -9.634980
8 -8.834349 -0.385393
5 -6.483835 3.236952
8 -9.774989 3.497524
2 7.970691 -9.634980
4 -8.479682 8.411080
5 8.089734 8.289038
9 10.045754 11.801837
2 7.970691 -9.634980
1 9.342691 3.421060
7 7.970691 -9.634980
8 -8.834349 -0.385393
10 7.429077 0.690257
1 6.220355 3.421060
7 7.970691 -9.634980
1 6.220355 7.640939
3 -7.818410 -8.591177
4 8.089734 8.289038
1 -7.988315 0.069885
4 8.089734 8.289038
4 -6.782831 8.890037
9 6.220355 3.421060
5 8.089734 8.289038
1 6.220355 7.640939
9 9.342691 7.640939
3 8.089734 8.289038
9 9.342691 7.640939
2 7.970691 -9.634980
7 7.970691 -9.634980
2 -3.594079 6.941765
5 8.089734 8.289038
5 -0.958555 -5.535147
4 2.750042 9.392898
4 8.089734 8.289038
10 2.925619 8.191012
8 -8.834349 -0.385393
4 -6.549001 0.532701
2 -9.391743 9.830167
9 9.342691 3.421060
8 -8.834349 -0.385393
7 7.970691 -9.634980
4 3.727775 -8.325568
9 10.045754 11.801837
6 -9.162106 3.796607
3 8.089734 8.289038
1 9.342691 3.421060
5 8.089734 8.289038
3 8.089734 8.289038
8 -1.527019 -7.841190
5 7.008268 -7.766880
5 8.089734 8.289038
3 8.089734 8.289038
9 9.342691 7.640939
3 3.993422 -8.851756
2 7.970691 -9.634980
8 1.284000 6.413591
9 9.342691 7.640939
9 5.166387 6.487123
6 9.342691 7.640939
9 6.220355 3.421060
10 2.033785 4.987412
6 1.725668 -15.026517
4 -8.834337 -2.799224
7 -8.089188 6.652718
9 9.342691 7.640939
9 3.622414 9.364239
