10 100
P 9.684712 1.221186 11.046053 3.575284
P 9.586798 -2.240452 11.301408 0.699427
K 9.392596 7.443720 2.338771
P 1.017572 -4.560373 2.488757 0.432135
P -1.227856 -9.880548 1.810757 -6.574782
P 1.608747 -0.444147 2.888403 2.347719
K 8.143807 -1.874265 1.172133
P 1.761959 -7.406059 4.433713 -2.407658
P 4.960486 -6.608055 7.046210 -5.027385
P 6.462088 6.907299 9.309094 10.372395
4 -7.0193 8.7787
7 8.1438 -1.8743
7 -6.6635 1.2648
10 9.3091 6.9073
1 4.1485 -1.3629
1 9.6847 1.2212
8 -9.6927 4.5229
5 1.8108 -6.5748
9 -1.0009 6.6116
5 1.8974 4.5166
10 9.3091 6.9073
2 9.5868 0.6994
10 9.8607 2.0016
5 1.8108 -9.8805
8 1.7620 -7.4061
8 4.4337 -2.4077
5 -8.6529 8.9238
5 -2.6925 7.6017
5 1.8108 -9.8805
9 7.0462 -6.6081
2 11.3014 -2.2405
4 2.4888 0.4321
8 -9.8902 7.8369
8 4.4337 -7.4061
2 -8.5841 8.1731
3 9.3926 7.4437
5 7.2940 3.3551
3 0.5864 5.9809
10 6.4621 10.3724
8 4.4337 -7.4061
2 9.5868 -2.2405
3 9.3926 7.4437
7 8.1438 -1.8743
1 9.6847 3.5753
1 3.9829 6.7214
7 -1.2507 -2.2555
6 2.8884 -0.4441
6 7.2370 5.5985
10 9.3091 10.3724
6 1.6087 -0.4441
3 9.3926 7.4437
1 11.0461 1.2212
7 8.1438 -1.8743
8 4.4337 -2.4077
6 0.5252 -4.6462
7 9.9994 -2.0124
8 4.4337 -2.4077
9 4.9605 -5.0274
2 11.3014 0.6994
3 -7.9536 7.2033
3 9.3926 7.4437
2 -8.9186 9.4225
1 11.0461 1.2212
1 0.6408 2.3669
10 9.3091 10.3724
3 9.3926 7.4437
3 2.0904 8.2568
1 11.0461 3.5753
2 9.5868 0.6994
9 7.0462 -5.0274
7 8.1438 -1.8743
5 -1.2279 -6.5748
8 1.7620 -7.4061
3 8.8130 -8.6855
9 -5.1529 2.6241
9 4.7997 0.8540
10 6.9110 8.9630
5 7.9479 -9.9770
9 4.0737 6.8471
10 9.3091 10.3724
4 2.4888 -4.5604
7 8.1438 -1.8743
3 2.8904 2.9658
9 -4.2393 7.5724
7 8.1438 -1.8743
9 -4.0142 -6.7179
2 -2.6162 -3.7627
2 11.3014 -2.2405
5 9.9722 1.8456
6 2.8884 -0.4441
5 1.8108 -9.8805
5 -5.5267 4.5524
4 -7.7999 7.3195
8 1.7620 -2.4077
10 0.0063 -7.4466
6 4.8161 -6.5159
8 1.7620 -7.4061
7 8.1438 -1.8743
1 9.6847 1.2212
7 8.1438 -1.8743
7 8.1438 -1.8743
1 -0.8997 8.9627
3 9.3926 7.4437
10 -6.1798 -6.7337
6 2.8884 2.3477
2 9.5868 -2.2405
1 11.0461 3.5753
7 -1.6861 9.6316
10 6.4621 6.9073
10 6.4621 6.9073
