10 100
P -1.123622 3.527006 3.137762 7.067917
P 4.778033 3.176672 8.471471 7.137100
P 9.954279 2.224051 13.018352 3.683973
K 1.824526 2.817428 1.787328
Z 4 9.359317 8.904078 0.590271 2.900242
Z 5 -0.827832 4.088139 -0.831888 3.088148
K 8.545846 -4.714823 1.207400
Z 1 -1.123622 3.527006 -0.239141 3.060429
Z 3 9.954279 2.224051 10.704013 1.562312
P 3.142015 8.525036 8.041030 11.285140
3 -2.472990 -8.072312
8 -1.123622 3.527006
5 0.959482 4.080889
10 8.041030 8.525036
6 0.665140 0.735110
8 3.137762 7.067917
8 7.387885 9.840326
7 8.545846 -4.714823
3 -4.395784 -0.485913
1 -1.123622 7.067917
10 0.724801 8.022725
6 -9.116825 -9.720553
4 4.053807 5.567942
8 3.804024 9.231154
8 3.137762 7.067917
9 8.886223 -0.997620
4 1.824526 2.817428
8 -1.123622 7.067917
9 4.713629 -4.907232
3 9.954279 2.224051
6 5.686908 -8.627829
2 4.778033 7.137100
5 0.959482 4.080889
6 0.959482 4.080889
7 8.545846 -4.714823
5 -6.182585 0.969763
6 -2.615146 4.095389
1 -1.123622 3.527006
10 8.041030 11.285140
8 -1.123622 3.527006
4 1.824526 2.817428
7 -3.045395 -6.129192
2 4.778033 3.176672
8 -4.046138 1.527769
8 -8.706969 0.445573
7 -5.600059 5.984966
4 1.824526 2.817428
10 8.041030 8.525036
3 -1.270084 5.408892
5 -5.151652 -0.611854
10 9.997991 0.438039
10 3.663709 2.946946
6 1.824526 2.817428
6 5.988188 -6.083778
3 9.954279 3.683973
9 6.355654 -0.767869
3 13.018352 3.683973
9 9.954279 3.683973
2 4.778033 3.176672
8 3.137762 3.527006
10 3.142015 8.525036
5 0.959482 4.080889
8 -4.046138 1.527769
8 -4.046138 1.527769
8 3.137762 3.527006
10 8.041030 11.285140
10 8.041030 11.285140
4 8.999754 -7.167617
4 -8.760944 9.321369
10 8.041030 11.285140
5 0.959482 4.080889
10 3.142015 11.285140
4 1.824526 2.817428
2 8.471471 3.176672
2 8.471471 7.137100
4 1.839860 1.335201
10 1.783782 0.107133
1 -1.123622 7.067917
7 8.545846 -4.714823
5 -9.694345 -4.592344
5 3.916875 0.352570
5 0.959482 4.080889
6 1.824526 2.817428
5 0.959482 4.080889
1 3.137762 7.067917
1 3.137762 7.067917
6 1.824526 2.817428
6 -3.490412 2.838988
4 1.824526 2.817428
2 4.778033 3.176672
2 4.778033 3.176672
6 5.511046 0.837700
1 -1.123622 7.067917
6 0.959482 4.080889
7 6.262295 -3.043042
3 9.954279 2.224051
6 -3.167074 -6.980530
9 8.886223 -0.997620
8 -1.123622 3.527006
10 3.529700 -4.644135
2 7.510491 8.336003
2 1.648412 -1.975391
10 -3.164116 4.984730
4 -3.640925 -1.362977
5 1.824526 2.817428
6 -3.490412 2.838988
9 9.954279 2.224051
4 1.824526 2.817428
10 2.589359 -1.785815
4 1.824526 2.817428
