10 100
P -6.807280 2.271836 -4.082233 5.061907
K -9.405337 0.810203 2.924159
K -8.432914 4.609911 2.847963
P 0.029102 -1.288238 3.592282 1.998592
Z 2 -6.481744 0.867719 -6.501413 1.867525
P -6.570127 2.068346 -2.041885 6.934203
K 6.717722 -0.469527 4.394802
K 9.634824 -1.781168 2.768003
Z 3 -8.240546 1.768452 -7.242830 1.835998
P -9.121386 -5.649703 -5.057261 -4.165874
1 -6.8073 5.0619
1 -9.8005 6.2789
6 -2.0419 2.0683
4 3.5923 1.9986
2 -9.4053 0.8102
2 -9.4053 0.8102
9 -8.0482 -1.0730
7 6.7177 -0.4695
2 -9.4053 0.8102
4 0.0291 -1.2882
2 -9.4053 0.8102
7 6.2211 -0.2137
7 -0.6970 -8.7115
9 -8.4329 4.6099
7 -2.2711 -7.7063
4 3.5923 -1.2882
3 -0.4606 -5.4892
8 9.6348 -1.7812
3 -8.4329 4.6099
5 -7.8970 -6.7598
4 0.0291 -1.2882
1 5.6558 -3.5023
6 -6.5701 6.9342
3 -3.6402 1.5469
7 6.7177 -0.4695
7 -2.3445 5.9708
5 6.4008 -1.5873
5 -3.5582 0.9252
2 -9.4053 0.8102
10 -5.0573 -4.1659
4 4.3099 7.9153
7 6.7177 -0.4695
9 -8.0482 -1.0730
8 -6.2742 9.4994
4 0.0291 -1.2882
9 -8.4329 4.6099
1 -9.5914 -2.8688
10 -5.0573 -5.6497
4 0.0291 1.9986
2 -9.4053 0.8102
6 -5.6961 -7.6988
10 9.2174 0.6760
1 -6.8073 5.0619
6 -2.0419 2.0683
2 -9.4053 0.8102
2 -9.4053 0.8102
7 -0.2182 5.8328
5 -3.9344 9.6870
7 6.7177 -0.4695
2 -9.4053 0.8102
5 -3.5582 0.9252
9 -8.0482 -1.0730
2 -9.4053 0.8102
9 -8.0482 -1.0730
10 -2.1000 -7.3135
6 -2.0419 6.9342
9 -8.0482 -1.0730
7 6.7177 -0.4695
9 -8.4329 4.6099
4 3.5923 1.9986
10 -5.0573 -5.6497
3 -8.4329 4.6099
10 -9.1214 -4.1659
1 -4.0822 2.2718
1 2.2999 -9.1698
10 -5.0573 -5.6497
1 -6.8073 2.2718
4 0.0291 1.9986
4 0.0291 1.9986
4 0.0291 -1.2882
6 -1.6191 -3.3999
1 -6.8073 2.2718
9 5.9630 -3.9730
1 8.8398 6.9876
10 -6.1366 -5.0512
10 -5.0573 -5.6497
9 -8.4329 4.6099
10 -5.0573 -5.6497
4 0.0291 -1.2882
9 4.3936 -6.5166
4 7.8990 -0.8749
7 6.7177 -0.4695
5 7.3603 -5.7018
2 -3.0345 -4.4686
5 -3.5582 0.9252
10 -5.0573 -5.6497
4 0.0291 1.9986
8 1.8784 0.0853
6 -2.0419 6.9342
2 4.7509 1.7721
7 -2.2924 4.0699
6 -6.5701 6.9342
7 -6.5691 -4.7315
7 6.7177 -0.4695
2 -6.7205 9.5065
2 -9.4053 0.8102
10 -6.1114 7.3058
4 3.5923 1.9986
2 -9.4053 0.8102
1 -6.8073 2.2718
