10 100
K 4.726095 9.375133 3.191770
K -1.328993 -8.355090 2.282311
Z 1 2.282659 7.321597 2.926043 6.556054
P -6.414366 6.287657 -5.020318 9.451510
K -6.368472 8.617131 2.490936
K -8.874055 2.180036 3.666568
P -2.238429 -5.750935 2.123538 -0.817969
Z 1 4.726095 9.375133 4.045512 10.107804
P 6.619840 -4.071290 10.453549 -1.014102
P -3.353004 -8.221741 -0.853954 -5.757698
8 4.726095 9.375133
7 2.123538 -5.750935
10 -3.353004 -5.757698
10 -3.353004 -8.221741
3 -0.160778 5.268060
4 0.321887 -1.617141
2 -1.328993 -8.355090
2 -1.328993 -8.355090
2 6.405085 -7.253234
8 4.726095 9.375133
3 -0.160778 5.268060
8 -3.344122 9.321555
7 2.123538 -5.750935
1 4.726095 9.375133
1 9.246894 3.854305
10 -0.853954 -8.221741
8 4.726095 9.375133
1 4.726095 9.375133
4 2.931289 8.044280
5 -6.368472 8.617131
5 -6.368472 8.617131
8 4.726095 9.375133
2 -1.328993 -8.355090
1 4.726095 9.375133
2 2.890459 8.521064
6 -8.874055 2.180036
4 -6.414366 6.287657
2 9.797021 -2.589859
2 -1.328993 -8.355090
1 4.726095 9.375133
8 4.726095 9.375133
4 -5.020318 9.451510
9 -8.447438 -7.478658
9 6.619840 -4.071290
5 1.023051 -3.548651
2 -1.328993 -8.355090
9 6.619840 -4.071290
4 -6.414366 6.287657
8 4.726095 9.375133
9 10.453549 -4.071290
4 -6.414366 9.451510
1 4.726095 9.375133
2 -1.328993 -8.355090
9 10.453549 -4.071290
4 -5.020318 9.451510
1 4.726095 9.375133
10 -0.853954 -5.757698
2 -1.328993 -8.355090
2 2.061157 8.533664
8 1.519310 -2.948565
2 -1.328993 -8.355090
1 4.726095 9.375133
4 -6.414366 9.451510
10 -4.930114 1.246390
5 -6.368472 8.617131
3 4.726095 9.375133
4 -6.414366 9.451510
10 -0.853954 -8.221741
9 6.619840 -1.014102
2 -1.328993 -8.355090
3 -0.160778 5.268060
2 -5.389211 5.497262
7 2.123538 -0.817969
9 -4.221463 8.498539
10 -0.853954 -8.221741
6 -8.874055 2.180036
7 -2.238429 -5.750935
7 -5.416315 6.908627
3 3.712380 7.062405
1 4.726095 9.375133
1 7.788354 5.957012
1 4.726095 9.375133
8 4.726095 9.375133
7 2.123538 -0.817969
2 -1.328993 -8.355090
8 9.629747 6.755506
3 0.099575 6.669230
9 6.619840 -4.071290
9 10.453549 -4.071290
4 -9.606849 1.418417
8 4.726095 9.375133
1 5.742865 1.986183
10 0.997967 -2.533380
4 -5.020318 6.287657
7 -2.409436 -8.969497
9 6.619840 -1.014102
1 4.726095 9.375133
4 1.255837 5.751289
4 -6.414366 6.287657
5 -6.368472 8.617131
4 -6.414366 6.287657
1 1.001146 -7.120566
5 -9.165979 5.845226
1 4.726095 9.375133
10 -0.668546 -7.927541
2 -1.328993 -8.355090
6 -8.874055 2.180036
10 -0.853954 -8.221741
5 -6.368472 8.617131
10 -0.853954 -5.757698
