10 100
P -5.071399 -3.256120 -0.502639 0.402834
Z 1 -0.502639 -3.256120 -1.255995 -2.598507
K -7.431182 -8.757583 3.931258
P 7.385687 -0.287605 8.559526 3.708520
K -0.340693 2.750127 2.075613
K 1.473023 -0.012668 3.901769
K -5.348740 -7.549084 2.797323
P 7.118512 -7.749406 9.319543 -5.147917
P 2.011388 9.935332 3.324950 13.098760
P 4.458025 5.042337 9.043452 8.881561
7 -5.348740 -7.549084
7 -5.348740 -7.549084
8 7.118512 -5.147917
9 2.011388 9.935332
5 3.714097 -7.932568
6 1.473023 -0.012668
4 8.559526 -0.287605
4 8.559526 -0.287605
10 9.043452 8.881561
2 8.061288 -8.556654
4 7.385687 -0.287605
1 -0.502639 0.402834
3 -7.431182 -8.757583
1 -8.374025 9.018871
5 -4.955978 -8.385828
3 -7.431182 -8.757583
8 -5.353877 -4.954108
7 -5.348740 -7.549084
6 1.473023 -0.012668
2 -4.680360 -0.508056
10 9.043452 8.881561
4 8.559526 -0.287605
10 4.458025 5.042337
6 -7.719826 5.322292
3 -7.431182 -8.757583
2 -4.745252 0.776466
5 7.324830 8.321985
9 2.011388 9.935332
10 -8.131124 -1.586497
6 4.779034 5.616505
3 -7.431182 -8.757583
7 -5.348740 -7.549084
5 -6.814676 0.173686
7 -5.348740 -7.549084
4 7.385687 -0.287605
2 -0.502639 -3.256120
6 1.473023 -0.012668
10 9.043452 5.042337
10 9.043452 5.042337
1 6.027472 -8.195156
2 -5.071399 -3.256120
4 8.559526 -0.287605
7 -6.587792 3.699814
10 4.458025 5.042337
6 -4.438240 -6.074441
2 7.139409 -3.124910
10 4.458025 8.881561
7 -5.348740 -7.549084
10 4.458025 5.042337
7 3.742886 -6.180017
3 -5.055653 -6.404191
1 -0.502639 -3.256120
10 9.043452 5.042337
7 -5.348740 -7.549084
1 -5.071399 0.402834
6 -4.119261 -5.910686
5 -0.340693 2.750127
5 -0.340693 2.750127
8 7.118512 -5.147917
2 -4.128052 -3.750413
1 -5.071399 -3.256120
3 -7.431182 -8.757583
6 1.473023 -0.012668
5 -0.340693 2.750127
10 9.043452 8.881561
4 7.385687 -0.287605
9 -9.565695 -1.903747
8 3.468560 -2.439335
8 9.319543 -7.749406
1 -5.071399 0.402834
5 -9.807612 -0.998356
10 4.458025 8.881561
2 -0.502639 0.402834
9 2.011388 13.098760
9 7.806897 5.276727
2 6.066263 8.448714
8 7.118512 -5.147917
4 -0.457139 -0.410289
3 -0.895754 -0.181502
5 -0.340693 2.750127
2 -0.502639 -3.256120
1 -0.502639 -3.256120
9 2.011388 9.935332
2 -5.071399 0.402834
9 2.011388 13.098760
9 2.011388 9.935332
2 -6.688228 -7.650943
7 0.369430 -5.614204
3 -6.364276 1.197437
2 3.043275 9.480036
2 -5.071399 -3.256120
7 -5.348740 -7.549084
7 -5.348740 -7.549084
10 6.831174 8.754610
7 -5.348740 -7.549084
1 -0.502639 -3.256120
7 -5.348740 -7.549084
2 -4.310264 2.420520
10 -0.295107 9.379898
4 5.548459 -3.397561
