10 100
P 3.629424 -8.830856 8.497510 -6.876659
Z 1 8.497510 -6.876659 8.024171 -7.757539
K 2.764241 -0.632785 1.842915
Z 2 -0.501053 -7.766107 8.982689 -2.054075
P -6.705602 -9.604376 -4.490993 -7.326132
K -2.918205 8.916491 1.882678
Z 5 -4.490993 -9.604376 -4.133928 -10.538455
Z 1 -9.797735 -8.161901 -4.297908 8.750262
Z 2 3.629424 -6.876659 3.535613 -5.881069
P -3.061547 -9.030290 -1.297104 -5.614271
8 3.6294 -6.8767
8 3.6294 -8.8309
2 6.8679 -7.9552
2 8.4975 -8.8309
2 6.8679 -7.9552
1 3.6294 -6.8767
6 -1.9297 -2.6387
1 4.4799 -7.8527
10 9.5775 -0.9824
6 -2.9182 8.9165
6 -2.9182 8.9165
2 9.5546 -12.0147
2 9.5546 -12.0147
6 -2.9182 8.9165
6 -2.9182 8.9165
1 8.4975 -8.8309
6 -2.9182 8.9165
7 -2.8411 -8.1271
8 3.6294 -6.8767
2 3.6294 -8.8309
5 -3.7456 2.8917
2 -6.3131 7.6717
2 6.8679 -7.9552
9 -1.1530 -7.7860
6 -2.9182 8.9165
5 -4.4910 -7.3261
9 -2.1908 6.2707
1 0.8428 -1.9074
6 -2.9182 8.9165
5 -6.7056 -7.3261
3 2.7642 -0.6328
6 -2.9182 8.9165
6 -2.9182 8.9165
4 -7.7694 -8.4180
9 -1.3364 0.3328
8 -8.1462 6.1467
7 -6.7056 -9.6044
3 2.7642 -0.6328
7 -2.8411 -8.1271
2 8.4975 -6.8767
2 -3.0841 7.2447
6 6.2320 9.7480
6 -2.9182 8.9165
7 -4.4910 -9.6044
10 -3.0615 -9.0303
5 -4.4910 -9.6044
4 6.8679 -7.9552
2 0.9443 -2.2272
6 -2.9182 8.9165
10 4.9337 -7.7813
9 0.6494 -8.5411
6 -2.9182 8.9165
6 -2.9182 8.9165
4 8.4975 -8.8309
5 -4.4910 -7.3261
7 -2.8411 -8.1271
7 -4.4910 -7.3261
2 -2.5118 1.2081
9 -1.2317 -13.0311
7 6.3477 7.0711
3 2.7642 -0.6328
8 8.4975 -6.8767
7 -6.0107 -7.9071
6 -2.9182 8.9165
3 2.7642 -0.6328
8 -23.8375 3.6387
9 9.2500 -2.5107
10 -1.2971 -5.6143
7 8.8890 5.7248
2 8.4975 -6.8767
4 8.4975 -8.8309
5 9.8284 -4.7215
6 -2.9182 8.9165
2 6.8679 -7.9552
10 -3.0615 -9.0303
5 4.1326 0.7044
4 4.4930 -0.2279
3 2.7642 -0.6328
2 3.6294 -8.8309
7 4.1320 7.3459
2 2.8587 7.2935
7 -2.8411 -8.1271
9 -1.2317 -13.0311
8 -5.3740 9.1735
3 2.7642 -0.6328
4 -9.5044 -1.0148
8 3.6294 -8.8309
9 -0.7879 -9.7058
2 -0.2555 -3.9008
8 8.4975 -8.8309
2 11.1842 -10.9362
7 -4.4910 -9.6044
8 -21.0500 -0.8051
10 -3.0615 -9.0303
9 -5.2689 -4.7183
2 6.8679 -7.9552
9 8.4975 -6.8767
1 8.0593 7.4761
5 -4.4910 -9.6044
7 -3.2926 -4.7687
