10 100
K 9.476193 -4.867288 1.373478
Z 1 8.102789 -4.881565 8.113184 -5.881511
P 8.293984 -1.881815 10.080763 0.681375
Z 3 10.080763 0.681375 9.084418 0.595951
P 8.335230 -3.786185 10.133633 0.603739
P 6.122355 -2.423349 10.280671 1.903847
P -2.194358 9.297079 0.377930 11.800321
Z 7 0.377930 11.800321 1.362078 11.977669
K 5.447702 3.744454 1.503822
K -5.030158 -2.194944 1.630162
3 10.0808 -1.8818
9 5.4477 3.7445
4 8.2940 -1.8818
3 8.2940 0.6814
9 5.1400 9.1891
4 8.2940 -1.8818
8 -0.0205 9.6795
10 -5.0302 -2.1949
3 8.2940 0.6814
10 -5.0302 -2.1949
6 10.2807 -2.4233
7 0.3779 11.8003
9 5.4477 3.7445
4 -4.0681 6.5832
7 -2.1944 11.8003
2 -8.6812 -5.9727
1 9.4762 -4.8673
6 6.1224 -2.4233
10 -0.7042 7.9468
7 -2.1944 11.8003
4 -6.9418 8.1147
5 10.1336 0.6037
5 8.3352 -3.7862
6 6.1224 -2.4233
10 -5.0302 -2.1949
1 9.4762 -4.8673
4 9.6445 3.2072
3 3.2214 7.7900
4 10.0808 0.6814
9 5.4477 3.7445
1 9.4762 -4.8673
2 6.7294 -4.8958
10 1.3022 -4.1454
6 6.1224 -2.4233
6 10.2807 1.9038
2 9.4762 -4.8673
5 10.1336 0.6037
5 10.1336 0.6037
10 -5.0302 -2.1949
8 0.3779 9.2971
6 10.2807 1.9038
9 -0.7858 -7.9521
3 9.9136 9.6957
7 0.3779 9.2971
4 9.6445 3.2072
2 9.4762 -4.8673
8 -0.8641 3.1283
1 9.4762 -4.8673
8 -2.3442 -0.5546
7 0.3779 9.2971
8 7.1811 -3.4845
6 1.9489 7.0352
8 0.8505 -5.8412
7 0.3779 11.8003
8 -0.7229 -7.9734
8 -4.3921 -6.5871
2 9.4762 -4.8673
9 5.4477 3.7445
7 -3.3674 -8.3757
6 6.1224 1.9038
9 5.4477 3.7445
6 6.1224 1.9038
1 -0.2329 -6.4618
8 -3.8961 -7.5393
6 8.6482 5.3867
5 8.3352 0.6037
2 9.4762 -4.8673
10 -8.4283 -1.4254
10 6.9345 1.7644
1 9.4762 -4.8673
9 5.4477 3.7445
6 6.1224 1.9038
6 3.0427 -3.7772
7 0.3779 11.8003
6 10.2807 -2.4233
4 10.0808 -1.8818
6 6.1224 1.9038
5 8.3352 0.6037
6 -4.3125 7.2247
1 9.4762 -4.8673
6 -4.4359 -0.2434
5 8.3352 0.6037
2 9.4762 -4.8673
2 9.4762 -4.8673
9 5.4477 3.7445
2 6.7294 -4.8958
10 -5.0302 -2.1949
9 -4.1054 3.8164
2 9.4762 -4.8673
6 10.2807 -2.4233
10 -5.0302 -2.1949
9 6.9053 2.2340
5 -5.4032 -7.1049
7 8.1395 -8.2503
3 10.0808 -1.8818
5 -5.1225 -8.3005
4 10.0808 0.6814
2 6.7294 -4.8958
6 6.1224 -2.4233
1 -8.1588 -1.6756
