10 100
P -1.708708 6.807324 1.949168 7.809596
Z 1 -5.235763 6.918394 -8.060556 -4.634774
P -0.504932 -6.227825 3.363057 -3.129087
Z 2 1.949168 6.807324 1.681551 7.770849
K 5.385317 -5.332282 2.794171
K -7.048735 -7.332212 2.926995
Z 2 -1.708708 7.809596 -1.107977 7.010145
P 7.544058 1.322421 10.103976 5.768504
K 0.911917 6.411590 1.943245
P 7.365319 2.510558 9.238665 4.008584
2 -8.416148 8.447318
1 -1.708708 6.807324
3 3.363057 -3.129087
1 1.949168 7.809596
7 -0.454937 14.429604
3 -0.504932 -3.129087
8 10.103976 1.322421
3 3.363057 -3.129087
3 3.363057 -6.227825
7 -1.763799 4.017292
5 5.385317 -5.332282
5 5.385317 -5.332282
4 1.949168 6.807324
8 10.103976 5.768504
5 5.385317 -5.332282
9 5.988114 5.953672
8 10.103976 1.322421
4 -0.847858 3.851167
4 1.949168 6.807324
2 6.925795 2.832162
4 1.432285 7.666032
1 -1.708708 7.809596
4 1.949168 6.807324
2 -1.708708 6.807324
7 1.949168 6.807324
10 7.365319 2.510558
5 -9.878788 4.007152
4 11.039143 17.200907
7 -7.953677 9.336514
1 1.949168 7.809596
7 -1.173154 18.016277
2 -1.708708 7.809596
2 -8.416148 8.447318
8 7.544058 1.322421
2 -0.931747 -2.665453
5 5.385317 -5.332282
7 -4.247687 -7.588090
1 -1.708708 6.807324
8 7.544058 1.322421
2 -1.708708 7.809596
6 -7.048735 -7.332212
8 1.052554 -3.279267
6 -6.964176 -3.478102
5 5.385317 -5.332282
10 -6.504952 6.444030
3 9.387180 7.278281
5 -3.816681 7.804150
10 7.365319 2.510558
4 -7.953677 9.336514
6 -7.048735 -7.332212
9 0.911917 6.411590
1 3.580550 -0.925248
1 -1.708708 7.809596
4 7.612150 -4.552462
5 5.385317 -5.332282
5 8.238284 4.320918
5 5.385317 -5.332282
9 7.430867 2.771872
6 -7.048735 -7.332212
4 -8.416148 8.447318
9 0.911917 6.411590
9 9.159926 -5.814729
2 -1.708708 6.807324
5 5.385317 -5.332282
10 7.365319 2.510558
5 -8.990856 7.330143
10 5.132181 4.603873
4 -11.198873 11.024342
9 5.346662 -3.186192
9 0.911917 6.411590
7 8.118963 -6.136984
8 7.544058 1.322421
4 11.893940 16.677580
5 8.435308 -7.386534
9 0.911917 6.411590
3 3.363057 -3.129087
3 -0.504932 -3.129087
1 1.949168 7.809596
10 9.238665 4.008584
1 1.949168 6.807324
6 -3.966010 1.022709
1 4.407557 7.948890
10 9.238665 4.008584
5 5.385317 -5.332282
9 0.911917 6.411590
6 -7.048735 -7.332212
4 -1.708708 7.809596
9 0.911917 6.411590
2 -1.708708 6.807324
5 5.385317 -5.332282
1 1.949168 6.807324
1 -1.708708 6.807324
9 0.911917 6.411590
1 -0.444466 9.354243
1 1.949168 6.807324
2 8.771863 8.816850
1 5.931258 4.193066
7 -2.726492 4.296169
8 9.335317 -0.492460
6 -8.533120 -1.334316
