10 100
P 3.804986 9.544002 6.045289 10.640414
P 8.848857 9.055603 10.004829 11.945842
K 0.981891 3.178688 2.525170
K -7.231737 -6.489703 2.601621
K -4.166134 -9.373638 2.248181
P 3.837527 9.435636 7.664458 12.356689
P 2.660248 -3.708068 4.735494 -0.768578
K -7.810422 3.925225 2.124293
P -3.651086 3.558853 -2.613233 6.854420
P 3.558763 -3.021797 4.801309 -0.033957
9 -2.613233 3.558853
10 4.801309 -3.021797
9 3.038920 0.515145
10 6.930496 1.805761
10 3.558763 -0.033957
3 0.981891 3.178688
6 7.664458 9.435636
7 4.735494 -3.708068
7 4.735494 -0.768578
1 3.804986 9.544002
2 8.848857 9.055603
5 -3.010578 -5.056703
9 -2.613233 3.558853
2 -3.233134 9.370992
9 -4.841957 9.086254
9 -3.651086 3.558853
8 -7.810422 3.925225
4 6.143088 6.160729
9 -9.884687 -2.535892
6 3.837527 9.435636
5 -4.166134 -9.373638
3 0.981891 3.178688
5 -4.166134 -9.373638
2 10.004829 9.055603
6 0.622959 -0.103369
4 -7.231737 -6.489703
10 3.558763 -3.021797
1 -8.487379 2.847383
6 4.811627 2.059973
7 2.660248 -3.708068
5 -4.166134 -9.373638
2 9.495900 -2.349144
7 -7.187098 3.737626
4 -7.231737 -6.489703
2 10.004829 11.945842
5 -4.166134 -9.373638
1 0.434855 1.719443
3 0.981891 3.178688
6 3.837527 9.435636
8 4.441217 7.366084
10 3.558763 -0.033957
5 2.989483 -6.960498
4 -7.231737 -6.489703
7 -4.774497 -7.078908
9 -3.651086 3.558853
1 3.804986 10.640414
2 10.004829 9.055603
9 -5.983217 -7.332315
2 -7.921574 4.614727
7 4.735494 -3.708068
7 4.735494 -0.768578
8 4.037842 -3.872850
5 -4.166134 -9.373638
5 -1.640270 5.497722
2 8.848857 11.945842
5 -5.564226 5.620752
8 -7.810422 3.925225
7 2.660248 -0.768578
2 1.413573 2.693655
10 6.057592 5.142790
9 -3.651086 3.558853
10 -4.818606 -6.868235
8 4.483561 -0.918741
9 -7.389993 1.234675
10 -5.216467 6.894692
6 3.837527 9.435636
10 3.558763 -3.021797
2 10.004829 11.945842
2 10.004829 11.945842
10 0.230346 9.549644
10 1.675971 -0.683997
10 -7.412503 5.094720
2 10.004829 11.945842
8 -7.810422 3.925225
2 4.074528 -5.162570
1 -8.971067 2.729234
6 3.837527 12.356689
6 3.837527 12.356689
5 -4.166134 -9.373638
1 3.804986 10.640414
7 4.735494 -0.768578
7 2.660248 -0.768578
8 -7.810422 3.925225
2 8.848857 9.055603
10 -8.511840 -1.174271
9 -2.369480 -8.817570
5 -4.166134 -9.373638
5 7.050168 3.710223
4 -7.231737 -6.489703
1 -7.096458 6.831113
2 10.004829 11.945842
9 -2.613233 3.558853
8 -7.810422 3.925225
2 10.004829 9.055603
3 0.981891 3.178688
7 4.735494 -0.768578
8 -7.810422 3.925225
5 -4.166134 -9.373638
4 -7.231737 -6.489703
9 0.026255 9.366209
