10 100
K 9.647512 2.568246 4.942316
P -5.178415 6.116625 -3.923425 8.678813
Z 2 -5.178415 8.678813 -6.155507 8.465993
K -9.724540 -7.781649 1.263369
K -9.689529 -0.079502 2.574926
Z 3 -6.244005 11.008905 -5.801657 10.112061
P 3.954850 -4.375608 8.857722 -2.361272
P 0.026834 4.336309 4.490569 7.436387
K -2.204972 7.115825 4.340363
Z 3 6.400333 -8.482973 -7.935061 3.515776
3 7.2656 2.4558
7 8.8577 -4.3756
8 4.4906 7.4364
4 -9.7245 -7.7816
7 3.9549 -4.3756
10 -9.7889 -0.8911
6 -6.2440 11.0089
2 -5.1784 6.1166
8 4.4906 7.4364
5 -9.6895 -0.0795
5 -9.6895 -0.0795
9 -2.2050 7.1158
5 -9.6895 -0.0795
1 9.6475 2.5682
1 9.6475 2.5682
10 -9.7889 -0.8911
1 9.6475 2.5682
4 -9.7245 -7.7816
6 6.2139 4.9509
9 -2.2050 7.1158
3 -3.9234 6.1166
5 -9.6895 -0.0795
7 -3.6137 4.4056
10 -7.9575 -7.2172
10 -12.5321 -0.1069
1 9.6475 2.5682
3 -5.1784 6.1166
2 -7.5764 -4.3765
10 -2.4395 6.5603
8 4.4906 7.4364
4 -9.7245 -7.7816
5 -9.6895 -0.0795
2 -5.1784 8.6788
10 -3.9234 6.1166
5 -9.6895 -0.0795
2 -3.9234 8.6788
5 -9.6895 -0.0795
8 -8.2968 0.9663
6 -4.7178 -4.2410
5 -9.6895 -0.0795
7 -5.4701 8.1158
2 -5.1784 8.6788
6 -5.8077 7.7495
8 0.0268 7.4364
6 -6.2440 11.0089
10 -12.5321 -0.1069
2 -5.1784 8.6788
8 0.0268 4.3363
4 -9.7245 -7.7816
1 -1.3037 7.6207
10 -5.1027 11.5308
8 0.4332 -6.3956
7 3.9549 -4.3756
9 -1.3869 -7.8622
10 -5.1784 8.6788
4 -9.7245 -7.7816
9 -2.2050 7.1158
6 -5.1027 11.5308
1 9.6475 2.5682
10 -4.0371 9.2008
8 4.4906 4.3363
1 -2.2085 -9.1396
7 8.8577 -2.3613
5 -9.6895 -0.0795
9 -2.2050 7.1158
10 -3.9234 8.6788
10 -15.3262 -0.6836
8 0.0268 7.4364
9 -6.5304 2.2892
7 8.8577 -2.3613
7 2.5535 -3.7462
5 -2.0166 -4.2794
5 -9.6895 -0.0795
3 -5.1784 6.1166
1 9.6475 2.5682
10 -15.0134 0.5318
6 5.7491 5.1921
1 9.6475 2.5682
3 -5.3852 -1.5470
5 -2.2453 6.1388
7 8.8577 -2.3613
7 5.3803 -8.0411
6 -0.4421 9.8390
7 -3.5340 9.3966
2 -5.1784 6.1166
5 -9.6895 -0.0795
9 -2.2050 7.1158
5 -9.6895 -0.0795
8 0.0268 4.3363
4 -8.7502 8.2784
8 4.4906 4.3363
8 1.9300 -8.5051
8 0.0268 4.3363
2 -5.1784 8.6788
2 8.0528 -6.1639
7 8.8577 -4.3756
9 -2.2050 7.1158
8 0.0268 4.3363
4 -9.7245 -7.7816
6 -9.8888 8.4798
