10 100
K 4.275306 -6.844121 1.580913
P -3.870118 -7.891648 -0.357066 -3.738127
K 8.109960 8.744782 2.445625
Z 1 4.275306 -6.844121 4.142994 -5.852913
Z 4 4.275306 -6.844121 3.337103 -6.498036
P -0.282195 8.686455 2.237202 11.660637
Z 6 -0.282195 8.686455 0.033059 9.635463
Z 7 5.695529 -9.828869 8.690499 1.765453
Z 8 3.443487 -4.031957 -2.930722 9.095172
P 5.709437 -6.556677 7.463781 -2.290440
10 5.7094 -6.5567
6 -0.2822 8.6865
8 9.6980 -2.7879
5 4.2753 -6.8441
9 -0.5212 12.5770
9 -14.6948 -10.1773
5 4.2753 -6.8441
3 8.1100 8.7448
5 4.2753 -6.8441
8 4.8274 7.3632
1 4.2753 -6.8441
5 4.2753 -6.8441
5 4.2753 -6.8441
8 19.1288 7.2973
6 -0.2822 8.6865
2 -3.8701 -7.8916
6 2.2372 11.6606
5 -7.1370 -3.5622
7 9.5365 7.9840
6 -0.2822 11.6606
6 -0.2822 8.6865
3 -4.0335 -3.9651
8 19.8926 3.4750
8 -0.2822 8.6865
6 7.6521 -4.2420
9 -7.1570 9.3548
4 4.6401 -7.2146
4 -6.6642 4.2421
1 5.8980 5.2560
5 4.2753 -6.8441
10 -2.6066 -9.8946
2 -3.8701 -7.8916
6 2.2372 8.6865
1 9.1783 3.5722
6 2.2372 8.6865
7 2.2372 8.6865
7 -5.2514 0.4557
1 -7.4455 9.2387
1 -7.3218 5.9714
6 -0.2822 8.6865
2 -0.3571 -3.7381
2 -3.8701 -3.7381
4 -0.5164 -7.0937
1 4.2753 -6.8441
9 -5.8054 4.7812
10 7.4638 -6.5567
3 8.1100 8.7448
1 4.2753 -6.8441
8 2.2372 11.6606
1 4.2753 -6.8441
5 5.0609 -3.9033
4 4.2753 -6.8441
9 19.4897 6.4218
3 8.1100 8.7448
8 -5.4770 -2.2915
10 7.7410 -0.6967
10 4.6639 -6.8640
1 4.2753 -6.8441
4 4.2753 -6.8441
6 2.2372 11.6606
10 -5.4708 7.9450
6 8.6967 -2.5721
3 8.1100 8.7448
2 -3.8701 -7.8916
3 8.1100 8.7448
4 4.2753 -6.8441
3 8.1100 8.7448
5 4.2753 -6.8441
3 5.0388 -6.2156
4 4.2753 -6.8441
8 19.8926 3.4750
10 -9.5553 9.6470
1 3.1950 4.8357
5 4.2753 -6.8441
9 -2.3008 10.1940
10 5.7094 -2.2904
5 4.2753 -6.8441
6 -7.7464 2.0351
3 -8.6564 5.1705
10 5.7094 -6.5567
8 1.4937 -7.3572
1 4.2753 -6.8441
1 -4.9130 0.1759
8 19.8926 3.4750
7 2.2372 8.6865
10 -9.8430 -7.1570
3 8.1100 8.7448
8 -0.5212 12.5770
7 1.9036 5.7453
4 4.2753 -6.8441
10 7.4638 -2.2904
9 -2.3008 10.1940
8 19.8926 3.4750
9 -9.4882 -0.9546
8 19.8926 3.4750
5 4.2753 -6.8441
6 -0.2822 8.6865
6 2.2372 11.6606
6 -4.8788 -9.5511
10 5.7094 -2.2904
