10 100
P 8.716045 1.345775 10.863864 4.753871
P -1.814406 -7.940937 2.587379 -3.468387
P -0.363709 -4.968625 3.145564 -3.518549
Z 2 1.709859 3.175497 0.023654 -0.461298
P -0.114310 -0.206089 3.221017 2.203688
P 3.672889 -8.640746 8.434797 -4.109367
Z 1 2.895254 -5.598703 8.289441 2.341815
K 1.595655 4.244963 4.726129
K 9.619132 -5.152599 4.371736
P -6.837270 1.469574 -3.146189 5.676872
5 3.221017 -0.206089
10 -3.146189 1.469574
3 3.145564 -4.968625
1 8.716045 1.345775
10 -6.837270 5.676872
10 -6.837270 1.469574
3 3.145564 -3.518549
1 9.639595 6.718709
2 4.390549 -6.435791
1 -9.118961 1.871036
8 1.595655 4.244963
4 -2.478962 0.954399
8 1.358942 1.823986
6 8.434797 -8.640746
6 -1.988669 8.506170
6 3.672889 -4.109367
10 4.430073 7.364153
3 -0.363709 -4.968625
6 -8.701861 -0.302786
1 8.716045 4.753871
1 5.109618 -0.858896
6 8.434797 -8.640746
6 3.672889 -8.640746
4 -1.814406 -7.940937
4 2.587379 -3.468387
8 1.595655 4.244963
1 10.863864 1.345775
7 10.863864 4.753871
2 7.709108 8.691548
2 2.393506 -1.317016
1 8.716045 1.345775
8 1.595655 4.244963
10 -0.109191 0.050337
5 -0.114310 -0.206089
3 -0.363709 -4.968625
1 8.716045 1.345775
5 6.715407 2.721444
7 10.863864 4.753871
2 2.587379 -7.940937
3 3.145564 -4.968625
4 -3.927938 -0.447552
9 9.619132 -5.152599
6 8.434797 -4.109367
7 8.716045 4.753871
8 9.794419 -4.526044
2 2.587379 -3.468387
6 -7.511655 9.850576
10 -6.837270 5.676872
1 8.988162 9.980466
10 -3.146189 5.676872
8 1.595655 4.244963
5 3.221017 -0.206089
4 -3.927938 -0.447552
6 8.434797 -4.109367
2 -1.814406 -7.940937
2 2.587379 -3.468387
8 -0.849794 4.144580
2 2.587379 -7.940937
6 8.943930 -6.284131
2 2.587379 -7.940937
1 9.393753 -6.584949
10 2.487839 8.918106
1 1.717840 8.052068
5 1.911480 -5.181350
10 -6.837270 1.469574
9 9.619132 -5.152599
3 -2.476215 -2.213647
7 8.716045 1.345775
4 -1.814406 -3.468387
9 9.619132 -5.152599
1 -0.520839 -4.039067
2 7.492286 9.636265
9 9.619132 -5.152599
6 -1.741762 5.591458
2 2.587379 -3.468387
5 8.633441 -8.210950
8 1.595655 4.244963
6 8.434797 -8.640746
10 -3.146189 5.676872
10 -6.837270 5.676872
9 9.619132 -5.152599
2 5.987746 -6.602226
3 3.145564 -3.518549
6 2.975079 -6.653997
9 9.619132 -5.152599
3 -0.363709 -3.518549
9 9.619132 -5.152599
2 -8.006926 5.401307
1 8.716045 4.753871
1 0.040099 1.571164
2 2.587379 -3.468387
2 2.587379 -7.940937
1 8.716045 1.345775
9 9.619132 -5.152599
1 8.716045 1.345775
1 10.863864 4.753871
1 10.863864 1.345775
6 -9.552376 3.671985
5 9.567887 -2.960679
6 3.672889 -4.109367
