10 100
K 1.278259 -0.025700 3.772264
Z 1 -3.278431 1.770837 4.100126 5.613395
Z 2 2.143089 -3.513490 5.054711 -7.686634
P 6.034766 6.452116 7.347650 8.295001
Z 4 7.347650 8.295001 6.786976 7.466965
K 7.567783 -2.976728 3.119001
Z 6 0.648320 5.540965 9.653299 3.657819
Z 1 4.855293 -1.223531 5.172830 -0.275285
K -4.798053 -9.160482 1.560639
K 9.684252 2.412947 4.568506
5 7.835109 7.075966
3 1.278259 -0.025700
1 1.278259 -0.025700
2 -2.138006 6.534281
1 7.357001 -4.802637
4 6.034766 8.295001
1 1.278259 -0.025700
4 6.034766 8.295001
9 -4.798053 -9.160482
3 5.801848 -8.639961
1 1.278259 -0.025700
6 7.567783 -2.976728
10 9.684252 2.412947
8 8.432328 -2.421363
2 1.278259 -0.025700
10 9.684252 2.412947
4 7.347650 6.452116
6 7.567783 -2.976728
6 7.567783 -2.976728
10 9.684252 2.412947
3 -6.818844 -7.287918
4 7.347650 8.295001
3 -2.138006 6.534281
7 -0.996983 -4.021013
4 6.034766 8.295001
5 7.835109 7.075966
6 7.567783 -2.976728
3 -2.138006 6.534281
7 7.567783 -2.976728
3 -5.809377 3.972748
9 -4.798053 -9.160482
1 1.278259 -0.025700
8 8.432328 -2.421363
9 -4.798053 -9.160482
7 -7.211194 -0.464879
1 1.278259 -0.025700
5 -6.288137 1.182741
3 1.278259 -0.025700
6 7.567783 -2.976728
5 4.825407 -9.097023
10 9.684252 2.412947
8 -4.256998 -4.881836
2 2.335081 -6.254096
3 1.278259 -0.025700
10 9.684252 2.412947
1 1.278259 -0.025700
8 8.432328 -2.421363
4 7.347650 8.295001
7 10.401151 10.572102
7 7.567783 -2.976728
9 -4.798053 -9.160482
8 -7.855229 9.891527
9 -4.798053 -9.160482
9 -4.798053 -9.160482
10 -4.001051 -0.174405
10 9.684252 2.412947
6 0.450803 -8.256435
1 1.278259 -0.025700
5 7.347650 8.295001
6 7.567783 -2.976728
10 9.684252 2.412947
8 1.278259 -0.025700
7 5.539805 -1.089700
4 7.347650 8.295001
2 -2.138006 6.534281
7 3.512649 6.103416
2 -2.138006 6.534281
6 7.567783 -2.976728
7 -7.797642 -4.852083
4 7.347650 6.452116
3 -6.908064 8.884962
2 -2.138006 6.534281
3 -5.809377 3.972748
2 1.278259 -0.025700
2 8.981264 -1.446782
7 10.401151 10.572102
9 4.207095 -1.060505
1 1.278259 -0.025700
7 7.567783 -2.976728
10 9.684252 2.412947
9 -4.798053 -9.160482
1 1.278259 -0.025700
3 7.722442 1.346253
8 9.997954 9.223994
3 -0.831812 -1.497906
8 8.432328 -2.421363
3 -0.831812 -1.497906
1 1.278259 -0.025700
6 0.401420 -7.731084
9 -4.798053 -9.160482
7 7.567783 -2.976728
9 -4.798053 -9.160482
1 1.278259 -0.025700
3 -2.138006 6.534281
9 -5.020465 5.682566
9 0.023930 -4.814917
2 0.926646 -1.029904
2 -2.138006 6.534281
10 9.684252 2.412947
4 7.347650 8.295001
