10 100
P -2.939280 -3.595376 -1.893113 -0.385242
K -7.290286 -4.295071 1.175296
K -8.117213 -3.586532 4.933668
Z 3 -8.117213 -3.586532 -8.002335 -2.593153
K -4.886801 -3.122406 4.916875
Z 4 -12.801326 -2.037283 -13.115341 -2.986701
Z 5 -8.459061 -7.829344 -0.380069 6.092017
Z 2 -7.290286 -4.295071 -8.004994 -3.595648
Z 4 -3.919232 -0.994614 -4.444585 -0.143730
Z 1 -9.107103 3.272883 -9.015666 -6.743910
1 -1.893113 -0.385242
9 0.278749 1.597303
3 -8.117213 -3.586532
10 -2.939280 -3.595376
9 0.278749 1.597303
5 -4.886801 -3.122406
8 -7.290286 -4.295071
3 -8.117213 -3.586532
10 -1.893113 -0.385242
10 -1.893113 -3.595376
6 -17.485438 -0.488034
2 -7.290286 -4.295071
6 -2.323391 -5.871536
5 -4.886801 -3.122406
8 -7.290286 -4.295071
2 -7.290286 -4.295071
9 -4.476072 -4.403146
10 -7.864843 5.235683
1 -1.893113 -3.595376
8 -7.290286 -4.295071
1 -1.893113 -0.385242
3 1.193723 5.736548
10 0.358694 -5.129263
9 -8.117213 -3.586532
4 6.186688 5.507044
7 6.166673 -3.143142
5 -4.886801 -3.122406
10 -16.194509 -3.725925
2 3.330882 -7.210388
5 3.927286 -4.102505
4 1.318599 -4.374791
8 -7.290286 -4.295071
9 6.774761 9.273762
10 1.177548 5.278576
10 -2.939280 -0.385242
4 -8.117213 -3.586532
8 -7.415322 -9.944889
8 9.529158 3.658071
4 -8.117213 -3.586532
9 -8.117213 -3.586532
2 1.512220 9.316338
2 -7.290286 -4.295071
9 5.753035 9.347555
2 -7.290286 -4.295071
8 -4.477890 -8.894519
3 -8.117213 -3.586532
2 -4.786110 -6.375337
8 -7.290286 -4.295071
7 -6.144566 -2.392487
10 -2.544683 4.192774
8 -7.290286 -4.295071
10 -16.253112 -0.516326
8 -7.290286 -4.295071
7 4.595589 -0.195825
8 -7.290286 -4.295071
3 -8.117213 -3.586532
4 -8.117213 -3.586532
6 -17.485438 -0.488034
1 -2.939280 -3.595376
8 -7.290286 -4.295071
8 -7.290286 -4.295071
10 -1.893113 -0.385242
6 -17.485438 -0.488034
1 -2.939280 -0.385242
2 -7.290286 -4.295071
10 -1.893113 -3.595376
9 8.624462 -4.796165
9 0.278749 1.597303
1 -1.893113 -0.385242
3 -1.877292 8.458541
10 6.028814 -8.647585
1 -1.893113 -3.595376
7 -6.144566 -2.392487
8 -7.290286 -4.295071
3 -8.117213 -3.586532
2 -7.290286 -4.295071
4 -8.117213 -3.586532
9 -8.787345 -9.952284
10 -15.148516 -3.706827
8 -7.290286 -4.295071
8 7.529026 -1.597370
5 -4.886801 -3.122406
7 -4.886801 -3.122406
10 -15.207119 -0.497228
5 -4.466630 -4.247865
6 -8.117213 -3.586532
1 9.428320 9.977882
8 -7.290286 -4.295071
9 5.186715 0.424678
2 -7.290286 -4.295071
1 -2.939280 -0.385242
1 5.554364 7.877435
7 -4.886801 -3.122406
2 -5.636954 -8.399091
1 -2.939280 -3.595376
2 -7.290286 -4.295071
6 -8.117213 -3.586532
8 -7.290286 -4.295071
6 -8.117213 -3.586532
10 -2.939280 -3.595376
