10 100
P -4.084274 -2.903855 0.261008 1.354014
P -9.760632 4.555193 -8.517074 6.651031
P -0.925232 4.997872 0.546629 8.071685
P 8.566621 6.250722 9.922971 7.959090
K -7.239401 6.848396 3.296475
Z 3 -5.555023 3.676528 0.657160 -7.923481
Z 2 -4.654914 3.706140 -8.158642 3.380833
P -4.098024 -2.054832 -0.838460 1.882497
Z 6 -11.779392 2.258928 -12.454501 1.521210
P 2.578382 -6.595330 4.537610 -1.862472
7 8.4257 -3.0288
6 -0.9252 8.0717
10 2.5784 -1.8625
2 -9.7606 6.6510
2 -9.7606 6.6510
6 -8.9851 -2.5591
4 9.9230 7.9591
2 -9.7606 4.5552
2 -8.5171 4.5552
7 -9.5170 1.9316
2 -8.5171 6.6510
7 4.1375 -3.5465
3 -0.9252 4.9979
10 -7.3103 -8.6191
9 -11.7794 2.2589
10 4.5376 -1.8625
9 -11.7794 2.2589
7 2.3560 -0.0529
1 0.2610 1.3540
8 -0.8385 -2.0548
4 9.9230 6.2507
2 -8.5171 4.5552
3 -0.9252 4.9979
7 -4.2235 -9.2476
1 -4.0843 1.3540
6 8.7653 7.0972
8 -4.0980 -2.0548
1 -4.0843 -2.9039
4 8.5666 6.2507
8 -4.0980 1.8825
5 -7.2394 6.8484
5 -8.7181 -9.3849
5 -7.2394 6.8484
4 8.5666 6.2507
5 -3.3556 -1.3647
2 0.2244 -1.0770
9 -10.1415 14.7789
9 -13.7027 4.6567
10 4.5376 -1.8625
8 -9.2886 7.1487
4 2.4197 9.4639
6 2.2841 -1.2179
6 -10.0367 -0.6698
5 -7.2394 6.8484
8 -0.6149 -7.5021
2 6.6627 -3.0551
7 -9.7606 6.6510
9 -11.7794 2.2589
2 -9.7606 4.5552
6 0.5466 8.0717
7 8.3168 3.8150
10 -5.0166 5.8263
9 -10.1415 14.7789
7 -9.5170 1.9316
4 -4.2489 9.6293
4 9.9230 7.9591
6 0.5466 4.9979
8 -1.1080 8.6328
7 9.2428 -6.7530
7 -8.2947 2.1606
7 -8.2947 2.1606
2 -7.9120 -0.2825
3 -0.9252 8.0717
3 4.6471 -8.8255
10 4.5376 -1.8625
2 6.8038 2.8779
9 -14.8508 3.7357
5 -7.2394 6.8484
7 -4.4159 -8.3052
4 9.9230 7.9591
4 9.9230 7.9591
6 -0.9252 4.9979
5 -5.1425 1.5583
7 -9.5170 1.9316
6 -9.2209 0.5553
5 -7.2394 6.8484
7 9.4873 4.6677
2 -8.5171 4.5552
10 6.6919 -8.6737
5 -7.2394 6.8484
1 1.1885 6.5530
1 -4.0843 -2.9039
2 -9.7606 4.5552
10 4.5376 -1.8625
7 -9.7606 6.6510
3 0.5466 8.0717
8 -2.7127 4.1705
4 8.5666 7.9591
3 -0.9252 4.9979
6 8.9205 -4.2888
6 -12.5952 1.0338
5 3.3746 -4.2833
1 0.3872 5.7587
5 -7.2394 6.8484
9 -7.0797 15.0508
10 -6.4077 -9.3936
9 -6.9495 13.5847
7 0.5441 3.3388
3 0.5466 4.9979
4 8.5666 6.2507
