10 100
P 1.457395 -5.510291 4.561834 -2.784701
K -9.490087 -9.417442 4.727777
K 2.549832 -8.085066 1.502191
Z 3 2.549832 -8.085066 2.868205 -9.033032
P 3.080281 -6.114092 7.965677 -1.567316
Z 3 4.022893 -8.379465 4.218872 -7.398857
K 1.183763 -3.724397 3.655667
Z 3 -2.946808 0.635964 -3.037136 -2.858345
Z 4 2.549832 -8.085066 2.081363 -7.201587
Z 7 0.416991 -5.533167 -6.802272 -4.287193
2 -3.8897 2.1448
4 2.5498 -8.0851
6 8.0170 -0.1569
5 3.0803 -6.1141
8 -1.6190 -5.7599
7 -6.9232 7.3872
1 1.4574 -5.5103
4 2.5498 -8.0851
9 2.5498 -8.0851
10 -9.9954 -6.8035
4 2.5498 -8.0851
7 0.9270 -6.6139
1 4.5618 -5.5103
4 2.5498 -8.0851
10 0.5331 -7.4943
5 7.9657 -1.5673
10 1.1838 -3.7244
3 2.5498 -8.0851
9 2.5498 -8.0851
7 1.1838 -3.7244
8 -8.8867 -7.7894
5 7.9657 -1.5673
9 2.5498 -8.0851
8 -8.8867 -7.7894
7 -0.0414 9.1553
7 -3.5498 -1.3233
3 2.5498 -8.0851
7 1.1838 -3.7244
1 4.0736 -6.9293
6 2.5498 -8.0851
4 2.5498 -8.0851
5 7.9657 -1.5673
2 -9.4901 -9.4174
4 2.5498 -8.0851
8 -0.0898 -3.6291
9 2.5498 -8.0851
6 5.4960 -8.6739
5 7.9657 -1.5673
10 -8.8631 -7.9025
6 5.4960 -8.6739
5 3.0803 -1.5673
1 5.9866 -4.6225
9 2.5498 -8.0851
5 3.0803 -1.5673
6 -3.0148 6.0820
3 2.5498 -8.0851
7 1.1838 -3.7244
8 5.1129 -0.3285
4 1.3363 0.2784
10 2.1057 2.3595
2 3.1808 1.8704
10 0.0291 -6.5762
7 1.1838 -3.7244
9 2.5498 -8.0851
6 5.4960 -8.6739
5 3.0803 -6.1141
2 -9.4901 -9.4174
9 2.5498 -8.0851
4 2.5498 -8.0851
10 -6.6382 -9.2837
4 2.5498 -8.0851
2 -9.4901 -9.4174
3 -0.7449 -2.2370
9 2.5498 -8.0851
4 -7.7470 1.8984
1 1.4574 -5.5103
7 1.1838 -3.7244
3 2.5498 -8.0851
10 1.1838 -3.7244
8 2.5498 -8.0851
7 -4.5928 6.1321
9 2.5498 -8.0851
3 2.5498 -8.0851
10 1.1838 -3.7244
3 2.5498 -8.0851
8 -8.8867 -7.7894
6 5.4960 -8.6739
1 1.4574 -5.5103
4 2.5498 -8.0851
6 5.3157 -8.7619
6 -0.7046 2.0474
1 7.1707 6.5413
10 8.3659 3.9788
5 7.9657 -1.5673
4 2.5498 -8.0851
2 -9.4901 -9.4174
2 7.6046 -0.1346
8 2.5498 -8.0851
8 2.5498 -8.0851
6 5.4960 -8.6739
5 7.9657 -1.5673
1 -2.6631 -6.0889
4 2.5498 -8.0851
7 1.1838 -3.7244
5 -2.1262 0.9184
2 -9.4901 -9.4174
4 2.5498 -8.0851
3 2.5498 -8.0851
10 0.5331 -7.4943
6 5.4960 -8.6739
