10 100
K -1.338531 -6.414214 3.614188
P 0.213929 -8.597381 2.480031 -6.080651
K 0.058742 2.262938 4.443877
Z 2 8.904065 4.715322 8.778795 -7.460960
Z 2 2.000402 -4.751913 -9.426019 -2.875612
P -6.026212 -8.487051 -2.983197 -5.976937
Z 6 0.789980 -7.706160 -5.342321 8.274385
P 3.520662 2.534948 6.064002 5.477902
K -0.357310 2.825728 2.115298
P -3.781385 2.971489 -1.545295 7.295839
8 6.064002 5.477902
8 6.064002 5.477902
9 -0.357310 2.825728
9 -0.357310 2.825728
2 2.480031 -6.080651
1 -1.338531 -6.414214
5 0.451815 -4.291766
10 -1.545295 7.295839
1 -1.338531 -6.414214
10 -9.445570 -0.917964
6 -2.983197 -5.976937
8 -6.649240 8.454565
6 -6.026212 -8.487051
2 1.374059 3.108804
2 0.213929 -6.080651
4 0.213929 -6.080651
8 6.064002 2.534948
8 7.869268 -0.864239
10 -3.781385 7.295839
7 -5.876247 -6.777792
9 -0.357310 2.825728
1 -1.338531 -6.414214
10 -3.781385 2.971489
10 -1.545295 2.971489
4 0.796229 0.041980
3 0.058742 2.262938
5 -7.361935 9.947944
1 2.919919 -0.320035
7 -6.026212 -5.976937
2 2.480031 -6.080651
8 3.520662 2.534948
4 0.213929 -6.080651
2 0.213929 -6.080651
9 -0.357310 2.825728
1 -1.338531 -6.414214
7 -3.350532 -0.071795
10 -3.279788 -2.565531
9 -0.357310 2.825728
4 2.480031 -8.597381
6 -2.983197 -5.976937
8 6.064002 2.534948
8 6.064002 5.477902
4 15.104624 -6.210534
3 -0.553426 -1.828940
7 4.699633 -1.861050
1 1.058860 5.853007
3 0.058742 2.262938
6 -2.983197 -5.976937
2 0.213929 -6.080651
1 0.139684 -6.793649
10 -1.545295 7.295839
4 15.052845 -8.726730
8 6.064002 2.534948
9 -0.357310 2.825728
2 7.610734 7.281368
9 -0.357310 2.825728
9 -0.357310 2.825728
9 -0.357310 2.825728
5 2.480031 -8.597381
4 0.213929 -8.597381
8 8.779844 3.124580
9 -0.357310 2.825728
8 3.520662 5.477902
6 -6.026212 -5.976937
10 -7.001838 6.680793
7 -6.026212 -8.487051
8 3.520662 5.477902
4 1.122212 -3.594990
7 -6.026212 -5.976937
6 -6.026212 -8.487051
3 0.058742 2.262938
5 0.213929 -6.080651
6 -2.372167 -2.811815
4 0.213929 -8.597381
8 3.520662 2.534948
8 6.064002 2.534948
1 -1.338531 -6.414214
8 -3.456343 9.527244
7 -2.983197 -5.976937
7 -6.026212 -8.487051
9 -0.357310 2.825728
5 0.213929 -8.597381
4 17.318467 -8.773353
2 2.480031 -6.080651
2 8.911342 -7.010061
4 0.213929 -8.597381
2 0.213929 -6.080651
5 0.732660 -2.921650
10 -1.545295 2.971489
9 9.814939 -8.535008
4 0.213929 -6.080651
9 -0.357310 2.825728
8 3.520662 2.534948
3 0.058742 2.262938
9 8.408735 -8.768542
2 1.036258 -2.647689
5 0.732660 -2.921650
1 -1.338531 -6.414214
7 5.953791 -1.052504
3 0.058742 2.262938
