10 100
P 6.536670 -8.408385 8.446578 -4.915672
P -3.300350 -3.942914 -1.389739 -0.051510
P 5.650127 -8.922612 8.485317 -4.030897
P 5.766228 6.835145 6.767105 11.792052
K 7.788763 1.096482 2.110141
P -3.406231 0.343668 0.974262 3.009522
P -7.968641 -2.369138 -4.412713 2.071248
P -8.251705 3.748493 -6.081201 8.391548
K 6.968337 -7.096118 1.463707
Z 5 7.788763 1.096482 8.580546 0.485680
10 7.788763 1.096482
8 -6.081201 8.391548
2 1.820163 -6.847365
7 -7.968641 -2.369138
3 0.533445 1.889574
3 5.650127 -4.030897
7 -4.412713 -2.369138
2 -1.389739 -3.942914
4 5.766228 6.835145
6 0.974262 0.343668
7 -7.968641 2.071248
5 7.788763 1.096482
10 7.788763 1.096482
10 -4.899798 8.723065
5 7.788763 1.096482
10 3.703434 9.780590
7 -4.412713 2.071248
2 -3.300350 -3.942914
6 2.344651 7.645927
2 2.409391 0.782300
9 6.968337 -7.096118
2 -1.389739 -3.942914
6 -3.406231 3.009522
6 -0.038309 -7.906794
4 6.767105 11.792052
3 5.650127 -4.030897
4 6.767105 6.835145
1 9.026800 5.153195
1 4.450474 -2.730719
6 -6.760906 -0.978304
7 -7.968641 2.071248
3 8.485317 -4.030897
3 5.650127 -4.030897
8 -6.081201 3.748493
10 7.788763 1.096482
8 -8.251705 8.391548
4 5.766228 6.835145
9 6.968337 -7.096118
8 -3.005933 -7.977883
3 -9.228687 4.328872
4 6.767105 11.792052
10 0.920440 -4.767927
8 -8.251705 3.748493
2 -1.389739 -0.051510
4 5.766228 6.835145
3 5.650127 -4.030897
5 7.788763 1.096482
8 -3.780859 -3.261459
6 6.643014 3.288659
5 -7.604279 -3.402741
9 9.787438 5.103589
5 7.788763 1.096482
1 6.536670 -8.408385
5 7.788763 1.096482
4 5.766228 6.835145
2 -0.404044 -0.173891
4 6.767105 11.792052
3 5.650127 -8.922612
5 7.788763 1.096482
1 8.032447 -6.308868
7 -7.968641 2.071248
7 -4.412713 2.071248
9 6.968337 -7.096118
4 2.852453 6.701122
10 7.788763 1.096482
5 7.788763 1.096482
10 7.788763 1.096482
9 6.968337 -7.096118
10 -5.959203 3.129784
1 8.446578 -4.915672
6 -3.406231 3.009522
7 -4.412713 2.071248
10 7.788763 1.096482
2 -1.389739 -0.051510
6 -3.406231 3.009522
1 -8.468077 -8.631058
10 7.788763 1.096482
3 5.650127 -4.030897
4 -9.646362 -1.976311
8 -6.081201 3.748493
2 3.528517 -1.294551
7 -7.968641 -2.369138
9 6.968337 -7.096118
8 -6.081201 3.748493
1 6.536670 -4.915672
8 -9.860086 9.607800
9 6.968337 -7.096118
9 -6.862733 -0.400513
1 8.446578 -4.915672
8 -8.251705 8.391548
5 7.788763 1.096482
2 2.832783 -1.083197
8 -6.081201 8.391548
2 -1.389739 -3.942914
6 5.652333 -5.990264
3 -8.691348 4.933559
9 2.124893 -4.207461
5 7.788763 1.096482
8 9.238393 3.328307
6 0.802584 2.845978
