10 100
P -0.360896 -5.222899 2.908608 -3.759820
K -6.757783 -8.333790 4.515837
K -9.375052 -2.094037 2.612991
Z 3 -11.884107 -1.364406 -12.163339 -2.324629
P 7.250521 -1.094170 10.524309 1.273047
P 9.265191 7.661593 14.035212 10.532583
K 6.163490 4.225322 1.965254
P -1.213184 -7.855509 2.975986 -5.657673
Z 5 2.043111 -8.959631 2.054657 9.978125
P -0.627325 -2.947468 1.500360 -0.462439
8 -6.482790 -9.278569
1 -0.360896 -3.759820
1 -0.360896 -5.222899
6 -1.846988 4.742564
2 -6.757783 -8.333790
1 -3.498875 -2.946581
1 -0.360896 -5.222899
10 1.500360 -2.947468
1 2.485872 -7.843115
3 -8.342990 3.508764
1 -6.095401 7.080947
4 -1.069206 6.617370
7 -8.957964 7.765642
2 -6.757783 -8.333790
8 -1.213184 -7.855509
10 1.500360 -2.947468
10 3.756730 -1.441921
3 -2.701838 -1.574161
8 -1.213184 -7.855509
8 -9.745906 9.342577
4 2.988537 -2.358903
2 -6.757783 -8.333790
5 0.573271 3.622287
5 7.250521 -1.094170
10 -0.627325 -2.947468
1 -0.360896 -3.759820
3 -0.850518 4.451171
2 -6.757783 -8.333790
5 7.250521 -1.094170
5 7.250521 -1.094170
4 0.422870 7.706346
7 6.163490 4.225322
8 2.975986 -7.855509
5 10.524309 -1.094170
2 -6.757783 -8.333790
1 -8.509542 -4.389166
3 6.311021 -6.897876
3 -9.375052 -2.094037
10 -0.627325 -2.947468
4 -6.808318 -4.015388
7 6.163490 4.225322
6 9.265191 10.532583
2 -6.757783 -8.333790
2 -6.757783 -8.333790
8 2.975986 -7.855509
6 -5.064406 -7.481380
7 6.163490 4.225322
1 -0.360896 -3.759820
7 6.163490 4.225322
5 -2.165234 -3.294601
5 -4.146167 3.447553
8 -8.592970 -6.247437
8 2.908933 -6.661764
3 -9.375052 -2.094037
4 -0.137449 5.561350
1 -4.676006 -8.180668
7 6.163490 4.225322
10 -9.657940 0.726696
7 6.163490 4.225322
8 2.975986 -7.855509
5 7.250521 -1.094170
6 9.030315 -5.077464
7 -0.630835 -4.744386
2 -6.757783 -8.333790
7 6.163490 4.225322
4 -9.375052 -2.094037
8 2.975986 -7.855509
3 -9.375052 -2.094037
9 -9.736180 -8.158283
8 2.975986 -7.855509
1 2.908608 -3.759820
1 -0.360896 -3.759820
3 -9.375052 -2.094037
3 -9.375052 -2.094037
8 -1.213184 -7.855509
3 -9.375052 -2.094037
2 -3.171857 3.467992
3 -9.375052 -2.094037
7 -2.472895 -4.880491
4 -7.694487 -8.451664
5 7.250521 -1.094170
10 -0.627325 -2.947468
10 1.500360 -2.947468
1 2.908608 -5.222899
5 7.250521 -1.094170
1 2.908608 -5.222899
3 -9.375052 -2.094037
2 -6.757783 -8.333790
7 6.163490 4.225322
1 2.908608 -3.759820
7 5.933598 9.512036
4 -4.315128 -1.983871
7 6.163490 4.225322
6 0.427044 6.824882
10 -0.314599 4.998627
1 2.908608 -3.759820
7 -0.367942 -6.207604
10 -0.627325 -2.947468
9 -9.273108 -2.091086
2 -6.757783 -8.333790
