10 100
K 8.219178 9.189287 2.200997
K 7.238657 -6.738302 4.974142
P 1.620100 -7.573610 5.169956 -6.361211
P 2.488436 -8.450191 4.724833 -4.697472
K 5.709599 7.520972 1.809252
Z 2 4.691140 -2.466038 3.832246 -2.978190
Z 6 2.793621 -3.125263 3.785046 -2.994588
P 5.630331 -9.597453 10.325258 -8.202929
K -4.648070 -4.219398 2.487024
K 7.356228 -5.455912 1.174830
1 8.219178 9.189287
6 2.143623 1.806227
8 -1.951916 9.567014
9 -4.648070 -4.219398
4 2.488436 -4.697472
9 -4.648070 -4.219398
3 1.620100 -7.573610
4 -8.751249 5.729614
7 -3.256435 8.007868
10 7.356228 -5.455912
5 5.709599 7.520972
7 2.143623 1.806227
1 8.219178 9.189287
9 -4.648070 -4.219398
7 2.812497 9.369788
2 7.238657 -6.738302
7 6.150677 1.516136
6 2.143623 1.806227
10 7.384197 9.213817
4 4.724833 -4.697472
1 8.219178 9.189287
2 7.238657 -6.738302
2 7.238657 -6.738302
6 -9.486417 -5.449247
5 -9.982018 6.047898
9 1.260015 4.233975
5 3.820342 4.760813
1 8.219178 9.189287
8 10.325258 -9.597453
7 -9.848741 4.421408
1 8.219178 9.189287
5 5.709599 7.520972
9 -4.648070 -4.219398
2 7.238657 -6.738302
8 10.325258 -9.597453
4 7.957892 -0.637334
9 -5.319055 -8.650467
2 7.238657 -6.738302
8 10.325258 -8.202929
6 -3.343763 2.396377
7 7.238657 -6.738302
1 8.219178 9.189287
1 2.127108 8.605709
10 0.094072 4.029656
5 7.211903 2.548531
10 7.356228 -5.455912
9 -3.643082 6.450190
10 7.356228 -5.455912
7 3.766627 -0.002114
8 -2.946585 8.209649
4 2.488436 -8.450191
2 7.238657 -6.738302
2 7.238657 -6.738302
7 -6.043493 -0.956631
4 2.488436 -8.450191
8 5.630331 -8.202929
4 4.724833 -4.697472
3 -1.769486 -2.029124
10 -5.945720 2.340740
4 4.724833 -8.450191
6 -6.851029 -7.942011
1 -4.064417 5.684575
5 5.709599 7.520972
9 -4.648070 -4.219398
7 3.443619 -8.056753
4 2.488436 -4.697472
5 5.709599 7.520972
5 -3.458394 6.917877
9 -7.849778 6.608083
5 2.641430 8.801545
8 5.630331 -9.597453
5 5.709599 7.520972
1 8.219178 9.189287
2 7.238657 -6.738302
9 -4.648070 -4.219398
2 7.238657 -6.738302
4 8.785726 4.629539
6 7.889312 5.274801
10 7.356228 -5.455912
6 2.796042 -1.320846
7 3.443619 -8.056753
1 8.219178 9.189287
7 -1.220315 3.785394
5 5.709599 7.520972
7 2.143623 1.806227
5 -1.187078 -4.989366
3 5.169956 -6.361211
10 7.356228 -5.455912
8 5.630331 -9.597453
10 7.212290 7.258343
9 -4.648070 -4.219398
5 5.709599 7.520972
1 8.219178 9.189287
4 -2.473161 4.615528
10 7.356228 -5.455912
5 -8.133144 2.223644
5 -4.017648 8.734787
9 -4.648070 -4.219398
4 -4.325549 2.855209
8 7.367842 2.785027
