10 100
K 7.034753 8.020354 3.546025
Z 1 0.967908 -9.424444 -7.669254 8.110599
K -8.758320 -9.210391 1.817778
Z 2 -6.519531 -4.201198 9.288736 -6.492415
P 2.754800 -0.844671 4.380115 1.776516
K -9.197132 2.844813 4.452680
Z 5 2.754800 -0.844671 2.499556 0.122206
K -7.202281 -3.215729 4.514083
K 9.832532 -2.787083 1.264950
Z 8 -7.202281 -3.215729 -6.890488 -4.165879
10 -7.202281 -3.215729
4 -3.462878 6.336664
8 8.560906 -1.735460
4 7.034753 8.020354
4 7.034753 8.020354
4 1.936605 7.412818
2 7.034753 8.020354
10 -7.202281 -3.215729
7 4.380115 1.776516
9 9.832532 -2.787083
10 -7.202281 -3.215729
7 -7.048841 -7.974114
3 -7.953758 -9.704893
3 -8.758320 -9.210391
6 -9.197132 2.844813
9 9.832532 -2.787083
10 -7.202281 -3.215729
6 7.798515 3.670624
1 7.034753 8.020354
4 -16.316919 -1.925641
3 -8.600799 -2.147906
10 -7.202281 -3.215729
5 -5.829460 -1.225414
8 -7.202281 -3.215729
6 -9.197132 2.844813
9 1.873731 -0.799543
10 -7.202281 -3.215729
5 1.524433 2.381688
4 -16.559818 -3.601524
8 -7.202281 -3.215729
2 7.034753 8.020354
1 7.034753 8.020354
6 -9.197132 2.844813
6 -9.197132 2.844813
8 -7.202281 -3.215729
5 2.754800 -0.844671
10 -7.202281 -3.215729
9 -1.051724 -4.106060
8 -7.202281 -3.215729
8 2.006724 -5.317943
4 5.486027 -3.586402
3 -8.758320 -9.210391
3 -8.758320 -9.210391
6 -9.197132 2.844813
4 7.034753 8.020354
5 2.754800 1.776516
3 3.752707 -4.067571
2 1.501151 6.156547
2 -16.559818 -3.601524
4 9.559210 0.132372
6 1.793179 -0.787135
4 3.627448 4.042517
1 7.034753 8.020354
3 -4.307996 7.069296
5 2.754800 1.776516
8 -7.202281 -3.215729
3 -5.428706 5.911603
4 -0.130378 1.604506
10 -7.202281 -3.215729
9 9.832532 -2.787083
1 -8.034443 -4.127869
8 -7.202281 -3.215729
7 3.946143 -8.815726
6 -9.197132 2.844813
10 -7.202281 -3.215729
6 -7.595107 7.092731
2 -16.559818 -3.601524
3 -2.848864 -3.112518
9 9.832532 -2.787083
6 -9.197132 2.844813
10 -7.202281 -3.215729
7 1.341263 -1.646893
8 -7.202281 -3.215729
1 7.034753 8.020354
3 -8.758320 -9.210391
3 -8.758320 -9.210391
5 2.754800 -0.844671
9 9.832532 -2.787083
10 7.895937 6.544119
1 4.198568 1.859895
3 -8.758320 -9.210391
10 -7.202281 -3.215729
7 2.754800 -0.844671
9 9.832532 -2.787083
2 -5.256911 2.789666
6 -3.211660 9.367481
3 -8.758320 -9.210391
3 -0.979515 6.320238
10 -7.202281 -3.215729
10 -4.158146 -2.914162
9 9.832532 -2.787083
10 -7.202281 -3.215729
9 9.832532 -2.787083
3 -8.758320 -9.210391
10 -3.384492 8.490832
7 2.754800 -0.844671
7 2.754800 1.776516
1 -1.646712 -9.175993
9 9.832532 -2.787083
9 9.832532 -2.787083
