10 100
P -9.442400 -9.476501 -7.751883 -8.036393
K 6.069950 7.134873 1.190915
P 8.359975 -6.791457 9.587980 -3.571816
P 8.474833 -8.660520 13.330005 -5.213969
K 5.121582 -5.171052 1.888431
Z 3 9.587980 -6.791457 8.626083 -6.518046
K 6.858330 0.970864 3.700840
P 8.198956 -5.484961 10.701735 -3.229392
K -8.361150 -1.469202 1.454795
P 1.530128 6.285052 3.069962 10.603865
1 -9.442400 -9.476501
4 -2.862347 5.044261
2 6.069950 7.134873
10 3.069962 10.603865
9 4.065748 -1.124390
5 5.121582 -5.171052
10 3.069962 6.285052
7 6.858330 0.970864
2 6.069950 7.134873
4 13.330005 -5.213969
3 8.359975 -3.571816
5 5.792006 8.725965
4 -5.334241 3.923943
1 -4.644886 3.845640
8 -8.440429 2.558421
10 1.530128 10.603865
10 1.530128 6.285052
1 -9.442400 -9.476501
5 -0.033704 -6.538520
6 9.587980 -3.571816
7 6.858330 0.970864
3 9.587980 -3.571816
8 10.701735 -3.229392
9 -5.112560 -5.270630
5 5.121582 -5.171052
3 8.359975 -6.791457
2 -9.185908 -4.710730
5 5.121582 -5.171052
7 6.858330 0.970864
7 -9.256946 -6.642844
7 6.858330 0.970864
10 1.530128 10.603865
4 13.330005 -5.213969
2 -5.947430 9.914481
1 -7.751883 -8.036393
10 3.069962 10.603865
9 -8.361150 -1.469202
8 8.198956 -5.484961
7 -7.366451 9.742530
3 9.587980 -6.791457
9 7.540510 -3.586236
2 7.335384 1.587199
10 -9.345477 1.112500
5 5.121582 -5.171052
3 9.587980 -6.791457
8 8.198956 -3.229392
1 -9.442400 -9.476501
3 9.587980 -6.791457
8 -6.218613 6.341771
3 9.587980 -3.571816
8 8.198956 -5.484961
6 8.543570 -6.145543
5 5.121582 -5.171052
1 2.503087 7.276638
2 -2.705507 -9.388177
6 -7.233266 -5.620189
1 -7.751883 -9.476501
10 -6.517601 -8.904651
9 3.138210 -3.630872
1 0.292340 0.410349
4 8.474833 -8.660520
9 0.325010 -7.340426
8 4.814277 8.882194
9 -8.361150 -1.469202
10 1.530128 6.285052
6 9.587980 -6.791457
7 6.858330 0.970864
5 5.121582 -5.171052
9 -8.361150 -1.469202
5 8.201225 -0.714621
8 10.701735 -5.484961
6 -1.107225 6.210470
9 -8.361150 -1.469202
4 13.330005 -8.660520
9 -8.361150 -1.469202
10 3.259942 -6.472878
7 6.160786 -1.621698
7 7.576570 0.713007
2 6.069950 7.134873
5 8.592658 -9.340632
6 6.850084 -8.883827
3 9.587980 -3.571816
5 -1.000693 -5.355859
8 8.198956 -3.229392
3 8.359975 -6.791457
10 -8.142891 5.382649
8 -7.768580 3.348036
7 6.858330 0.970864
10 -6.176580 3.610524
3 9.587980 -3.571816
9 -8.361150 -1.469202
3 8.359975 -3.571816
5 5.121582 -5.171052
3 9.587980 -6.791457
9 -8.361150 -1.469202
3 8.359975 -6.791457
8 8.198956 -3.229392
9 -8.361150 -1.469202
9 -1.575337 3.389875
8 8.198956 -3.229392
