10 100
K -3.430706 -8.427831 4.420053
P -6.560283 7.199254 -1.628827 9.465841
P 7.301458 -7.465413 9.250439 -5.793627
Z 3 3.774442 -6.402640 -7.077626 -3.580019
K -8.327173 1.604954 3.221008
P 4.984212 -1.883188 8.620161 2.493860
P 1.993666 -4.404604 6.336061 -1.773589
K 9.112703 5.552585 3.079890
Z 5 1.628526 -9.630523 -0.144710 7.168392
P 2.587726 -2.098576 3.966800 1.713844
4 7.3015 -5.7936
10 2.5877 1.7138
9 -8.3272 1.6050
3 9.2504 -5.7936
1 -3.4307 -8.4278
2 -6.5603 7.1993
6 4.9842 2.4939
3 9.2504 -5.7936
10 2.5877 -2.0986
4 -7.5441 -2.5954
5 -8.3272 1.6050
1 -3.4307 -8.4278
3 7.3015 -7.4654
4 7.3015 -7.4654
2 0.6467 -9.4708
4 0.4212 5.6839
4 9.0743 -8.1427
2 -1.6288 9.4658
7 1.9937 -4.4046
7 1.9937 -1.7736
8 9.1127 5.5526
3 7.3015 -5.7936
8 9.1127 5.5526
5 -8.3272 1.6050
3 9.2504 -7.4654
10 2.5877 1.7138
9 1.8673 -8.3610
1 -3.4307 -8.4278
4 -3.8843 -1.1824
4 6.1201 -2.3775
2 4.5325 1.1017
1 -3.4307 -8.4278
3 -2.4873 1.8967
6 4.9842 -1.8832
1 -3.4307 -8.4278
4 -6.4322 -1.1535
4 7.3723 -7.1930
9 9.0190 3.4360
1 -3.4307 -8.4278
8 -3.3993 -3.1784
3 7.3015 -5.7936
9 1.1457 9.1178
1 -3.4307 -8.4278
8 9.1127 5.5526
10 3.9668 -2.0986
6 8.6202 2.4939
2 -6.5603 9.4658
10 -4.5367 -3.2369
8 9.1127 5.5526
1 -3.4307 -8.4278
6 -5.0018 -7.8562
7 1.9937 -4.4046
2 -6.5603 7.1993
6 4.9842 -1.8832
3 -3.6386 1.7494
10 3.9668 -2.0986
3 9.2504 -7.4654
4 -0.6167 2.2978
2 -1.6288 9.4658
3 7.3015 -5.7936
1 -3.4307 -8.4278
1 -3.4307 -8.4278
2 -1.6288 7.1993
7 -5.7811 1.7374
9 9.0190 3.4360
4 -3.4502 3.7749
6 4.9842 2.4939
8 9.1127 5.5526
1 -3.4307 -8.4278
7 8.0361 -1.4902
1 -3.4307 -8.4278
3 7.3015 -5.7936
10 2.1427 0.7601
10 3.9668 -2.0986
5 -8.3272 1.6050
1 -3.4307 -8.4278
3 -4.4035 3.1002
1 -3.4307 -8.4278
3 9.2504 -7.4654
10 -6.7101 -6.7143
4 9.0743 -8.1427
9 -8.3272 1.6050
8 9.1127 5.5526
6 8.6202 2.4939
3 9.2504 -5.7936
6 9.2625 -9.9724
5 -8.3272 1.6050
8 3.3570 1.6773
6 4.5585 4.9442
5 6.2195 0.0399
2 -1.6288 7.1993
7 8.6034 4.4563
3 7.3015 -5.7936
7 6.3361 -1.7736
9 7.6082 -1.8441
5 -8.3272 1.6050
8 9.1127 5.5526
8 9.1127 5.5526
5 7.2613 5.5069
5 -8.3272 1.6050
