10 100
K -6.173289 -8.155418 3.878216
Z 1 -0.674089 -7.068415 9.335204 2.844654
K -3.098350 -8.583123 3.068724
Z 1 -5.623110 -4.316426 -6.612996 -4.174562
Z 3 -3.098350 -8.583123 -2.809083 -9.540372
P -2.897980 1.043003 1.063925 5.426942
P -2.398189 -6.183733 0.847772 -3.580164
K -4.177562 1.600761 3.718238
K 8.395405 -2.818214 3.011006
Z 9 11.381390 -2.430854 11.252741 -1.439163
9 8.395405 -2.818214
6 1.063925 5.426942
2 -6.173289 -8.155418
10 5.430737 2.707618
7 -9.407209 -7.427024
10 8.395405 -2.818214
9 7.762532 0.898793
9 5.114237 -5.508698
5 -3.098350 -8.583123
1 7.496700 -2.091749
5 -3.098350 -8.583123
2 -6.173289 -8.155418
5 -3.098350 -8.583123
5 -3.098350 -8.583123
4 -4.100253 0.999647
7 0.847772 -3.580164
9 8.395405 -2.818214
7 -3.649379 1.104394
10 14.367375 -2.043493
5 -3.098350 -8.583123
8 -4.177562 1.600761
10 8.395405 -2.818214
5 -3.098350 -8.583123
1 -6.173289 -8.155418
4 -2.081658 2.858983
7 -2.398189 -3.580164
5 -1.203506 -4.666384
9 8.395405 -2.818214
1 -6.173289 -8.155418
3 4.211947 5.038929
3 -3.098350 -8.583123
1 5.472492 0.488860
10 8.076817 8.857429
9 8.015502 -5.500260
5 -3.098350 -8.583123
10 14.367375 -2.043493
7 4.431607 1.680355
2 -1.814162 -12.556858
9 -0.256529 -2.104920
3 1.772310 5.029847
10 14.367375 -2.043493
5 2.653386 7.637437
10 8.395405 -2.818214
10 6.457314 -3.359651
9 7.115529 9.812086
6 -2.897980 5.426942
5 -3.098350 -8.583123
7 -2.398189 -3.580164
9 4.910386 5.812587
7 -2.398189 -6.183733
6 1.063925 5.426942
1 -6.173289 -8.155418
2 -5.477057 6.462029
10 -6.683969 3.671005
1 4.237723 2.248746
10 8.395405 -2.818214
8 -4.177562 1.600761
5 -3.098350 -8.583123
7 -2.398189 -3.580164
2 -5.086139 -8.304586
7 0.847772 -6.183733
7 -2.398189 -6.183733
10 9.322645 0.889034
10 8.395405 -2.818214
10 8.395405 -2.818214
5 7.982039 -2.871160
7 0.847772 -3.580164
1 -6.173289 -8.155418
7 -2.398189 -6.183733
8 -4.177562 1.600761
3 -3.098350 -8.583123
6 -2.897980 5.426942
1 6.208789 -0.111058
5 -3.098350 -8.583123
9 8.395405 -2.818214
6 -2.897980 1.043003
9 8.395405 -2.818214
6 -2.897980 5.426942
7 9.854336 -7.280215
10 8.395405 -2.818214
6 5.300408 -1.989146
7 9.894068 -3.931100
1 -6.173289 -8.155418
3 -2.476324 3.866741
5 -3.098350 -8.583123
4 7.495477 2.540364
1 -6.173289 -8.155418
2 -6.173289 -8.155418
6 -2.897980 5.426942
4 0.168050 -1.543281
3 -3.098350 -8.583123
6 -2.679523 1.281157
9 8.395405 -2.818214
8 -4.177562 1.600761
5 3.061007 6.885167
9 8.395405 -2.818214
8 -4.177562 1.600761
3 -0.465957 2.391200
10 14.367375 -2.043493
6 -2.897980 5.426942
