10 100
K -0.241270 7.311584 4.532565
K -8.660880 -1.689232 3.997046
Z 2 -6.715004 -5.180642 -5.841506 -4.693814
P -6.186219 -3.553963 -3.849298 -0.660130
K 3.779026 -2.466305 1.825881
Z 4 -6.026144 -3.651826 3.427958 0.564660
Z 3 0.954938 -4.025274 0.600627 -7.732715
Z 1 2.826359 3.974849 3.562528 4.651646
P 3.232830 1.059989 5.669040 2.476719
K 7.006063 -9.251234 3.011316
8 5.893987 0.638114
5 3.779026 -2.466305
1 -0.241270 7.311584
6 -3.849298 -3.553963
3 -8.660880 -1.689232
5 3.779026 -2.466305
6 -9.972515 -9.095612
7 -8.660880 -1.689232
10 7.006063 -9.251234
1 -0.241270 7.311584
3 -4.769128 -8.672053
7 10.839159 -3.552803
3 -4.769128 -8.672053
5 3.779026 -2.466305
2 -8.660880 -1.689232
2 -8.660880 -1.689232
6 -9.152147 7.185560
7 10.839159 -3.552803
10 5.815222 -8.845673
7 6.700774 0.295323
7 -8.013570 -4.814108
4 4.056192 3.657377
5 8.677409 5.596795
6 -4.498811 -2.097642
2 -8.660880 -1.689232
1 -0.241270 7.311584
2 -8.660880 -1.689232
2 -0.185004 0.664848
9 8.174395 -4.121535
10 7.006063 -9.251234
8 5.893987 0.638114
1 -0.241270 7.311584
10 7.006063 -9.251234
8 7.219931 -9.558655
1 -0.241270 7.311584
10 7.006063 -9.251234
9 5.669040 2.476719
3 -8.660880 -1.689232
7 -8.660880 -1.689232
10 7.006063 -9.251234
9 5.669040 1.059989
8 -0.309118 -7.326636
3 -5.610088 -0.591278
5 3.779026 -2.466305
7 3.015826 -4.584830
4 -3.849298 -0.660130
10 7.006063 -9.251234
6 -2.345798 -4.031241
4 -6.186219 -0.660130
10 7.006063 -9.251234
3 -4.769128 -8.672053
1 -0.241270 7.311584
9 3.232830 1.059989
4 -2.925990 -4.269124
9 5.669040 2.476719
10 5.706950 -6.904396
9 0.980916 7.048653
2 -8.660880 -1.689232
3 8.520023 -6.789428
4 3.204620 4.619128
10 7.006063 -9.251234
2 -8.660880 -1.689232
7 -8.660880 -1.689232
1 -0.241270 7.311584
2 -8.660880 -1.689232
10 7.135383 -8.398805
5 3.779026 -2.466305
4 -6.186219 -0.660130
8 -0.241270 7.311584
1 0.662488 9.861492
3 -4.769128 -8.672053
8 5.893987 0.638114
2 1.661641 -9.251545
10 7.006063 -9.251234
1 -0.241270 7.311584
7 -8.314634 -9.585487
6 -4.498811 -2.097642
3 1.029862 0.067588
2 -8.660880 -1.689232
7 10.839159 -3.552803
8 -0.241270 7.311584
6 -6.186219 -0.660130
10 6.469718 -9.930210
6 -3.849298 -3.553963
3 -4.769128 -8.672053
9 5.669040 1.059989
4 -6.186219 -0.660130
2 -8.660880 -1.689232
7 5.695269 -9.672109
6 -6.060293 -3.836312
2 -8.660880 -1.689232
6 1.507856 0.573480
7 -4.769128 -8.672053
2 -8.660880 -1.689232
5 3.779026 -2.466305
3 2.425635 4.356858
8 5.893987 0.638114
8 5.893987 0.638114
4 -0.812435 0.190818
7 -4.274783 -0.213802
