10 100
K -1.861428 -5.970532 2.278310
K 3.881184 -9.054890 2.800558
P -5.487756 -8.440650 -1.972372 -6.260300
Z 3 -3.740969 -7.033196 -6.357152 -9.905417
P -7.031119 -2.286511 -2.463707 2.660721
P -8.451850 4.588360 -6.943416 9.156753
K 2.017148 1.245202 1.085741
K -4.128200 -0.445977 1.186592
P 2.129458 -5.799557 6.881659 -2.404250
Z 3 -8.785991 -5.788624 -3.485936 -0.410057
9 6.881659 -2.404250
2 3.881184 -9.054890
7 2.017148 1.245202
4 -5.487756 -8.440650
10 -11.486227 -2.529741
6 7.260036 -6.441526
7 1.635695 -8.204517
5 -7.031119 -2.286511
3 -1.972372 -8.440650
9 -2.719961 6.212852
2 5.708562 9.360134
3 -5.487756 -8.440650
2 3.881184 -9.054890
6 -5.647406 -0.855886
5 -2.463707 -2.286511
8 5.768860 9.683958
5 -2.463707 2.660721
2 3.881184 -9.054890
5 -0.036017 4.210126
2 3.881184 -9.054890
1 -1.861428 -5.970532
9 6.881659 -2.404250
10 3.231957 -6.865611
9 2.129458 -2.404250
8 -4.128200 -0.445977
6 -6.184666 2.657835
6 -8.451850 4.588360
10 -4.213535 -0.944137
8 -5.703023 -0.001249
10 -1.972372 -6.260300
3 -5.487756 -8.440650
2 -4.359121 -3.495463
5 -2.463707 -2.286511
9 6.881659 -5.799557
4 -5.487756 -8.440650
9 2.129458 -2.404250
9 2.129458 -5.799557
8 -4.128200 -0.445977
4 7.261850 -1.114900
4 -9.604332 -0.517582
6 6.061731 -6.917404
1 -1.861428 -5.970532
9 6.881659 -2.404250
3 0.818856 8.691430
8 9.532568 0.191542
4 8.658081 -9.919408
1 -1.861428 -5.970532
5 -7.031119 2.660721
7 2.017148 1.245202
3 2.241842 7.543809
2 -9.930144 -4.882914
10 -9.306113 -2.497682
5 -2.463707 2.660721
7 2.017148 1.245202
5 -2.463707 -2.286511
2 3.881184 -9.054890
1 -1.861428 -5.970532
5 -7.031119 -2.286511
6 -8.451850 4.588360
10 -9.357803 1.017323
10 -8.545232 -6.385896
2 3.881184 -9.054890
2 -1.945315 -7.399668
9 2.129458 -5.799557
7 2.017148 1.245202
7 2.017148 1.245202
10 -11.486227 -2.529741
7 2.017148 1.245202
4 -4.979686 -8.903429
3 5.489473 8.406849
3 -8.275610 5.612709
10 -1.972372 -8.440650
8 -4.128200 -0.445977
6 -6.943416 4.588360
2 3.881184 -9.054890
10 -5.487756 -8.440650
10 -9.306113 -2.497682
8 -4.128200 -0.445977
3 -5.487756 -6.260300
3 -5.487756 -8.440650
4 -1.972372 -6.260300
9 2.129458 -2.404250
9 1.023741 3.086154
10 -4.114708 0.748056
4 8.581884 1.150358
4 -5.487756 -8.440650
4 -2.808806 -8.700442
1 -1.861428 -5.970532
2 3.881184 -9.054890
1 -4.764588 8.313057
8 -4.128200 -0.445977
3 -9.352260 -0.766790
4 -5.487756 -8.440650
9 2.129458 -2.404250
6 -6.943416 4.588360
2 3.881184 -9.054890
9 -4.175669 3.812183
6 -6.943416 4.588360
10 4.676693 -0.154981
6 -8.451850 9.156753
