10 100
K -5.311545 -8.384133 2.247553
Z 1 -5.311545 -8.384133 -6.311390 -8.366515
K 4.514493 -1.770136 4.067898
K -9.485824 2.992683 4.864673
Z 4 -13.627370 0.440695 -13.102774 -0.410656
P -9.226946 -7.656422 -7.393869 -3.674182
P -0.376558 -7.063480 4.605574 -3.516589
Z 7 -9.214657 5.835990 -7.459233 3.497616
K 4.439652 3.932751 3.907649
P 9.769204 9.525224 13.513643 10.740901
10 7.701876 -8.409166
1 -1.000619 8.161936
1 7.116680 6.447957
1 -1.024379 3.055336
4 2.815229 -0.988093
2 -5.311545 -8.384133
4 -9.485824 2.992683
1 -5.311545 -8.384133
8 -0.376558 -3.516589
9 -5.367942 -3.245165
1 -5.311545 -8.384133
9 4.439652 3.932751
1 -5.311545 -8.384133
2 -5.311545 -8.384133
9 -2.022520 -1.728737
2 -5.311545 -8.384133
6 -7.393869 -7.656422
2 -5.311545 -8.384133
9 4.439652 3.932751
3 4.514493 -1.770136
7 -0.376558 -7.063480
9 -3.477705 -3.029717
7 4.605574 -7.063480
2 -5.311545 -8.384133
1 -5.311545 -8.384133
6 -7.393869 -3.674182
7 4.605574 -7.063480
5 -17.768916 -2.111293
6 -8.250878 2.614912
1 -5.311545 -8.384133
9 4.439652 3.932751
7 -0.376558 -3.516589
9 4.439652 3.932751
5 0.234185 -7.433460
9 4.439652 3.932751
7 -8.945127 -9.023437
9 4.439652 3.932751
5 -9.485824 2.992683
9 4.439652 3.932751
7 4.605574 -7.063480
9 4.439652 3.932751
1 6.413421 -1.676076
1 -5.357648 -8.780261
9 4.439652 3.932751
6 -9.226946 -3.674182
5 -17.768916 -2.111293
10 13.513643 10.740901
2 5.437618 5.880292
8 0.705045 -6.251517
7 4.605574 -7.063480
6 -2.182510 -2.375503
8 -1.795618 -4.657522
4 -9.485824 2.992683
3 4.514493 -1.770136
4 1.849660 7.051236
1 -5.311545 -8.384133
5 -9.485824 2.992683
2 -5.311545 -8.384133
10 4.134394 7.821489
10 7.360574 -4.405465
5 -9.485824 2.992683
3 4.514493 -1.770136
7 -0.376558 -3.516589
4 -9.485824 2.992683
7 -0.376558 -3.516589
7 -0.376558 -7.063480
3 4.514493 -1.770136
10 9.769204 10.740901
4 -9.485824 2.992683
1 1.157827 -9.385073
10 9.769204 9.525224
4 -9.485824 2.992683
10 13.513643 10.740901
9 -0.092270 -9.624940
4 4.174114 9.435269
9 3.450926 6.465576
8 -0.376558 -7.063480
9 -9.675692 -2.780162
3 4.514493 -1.770136
9 0.674240 7.430227
2 -6.554119 2.670751
8 0.705045 -6.251517
10 9.769204 10.740901
4 3.100873 -5.302856
6 -7.393869 -7.656422
4 -9.485824 2.992683
6 -7.393869 -7.656422
1 -5.311545 -8.384133
1 -5.311545 -8.384133
5 -9.485824 2.992683
6 -9.226946 -3.674182
10 13.513643 9.525224
2 -5.311545 -8.384133
2 5.581456 -9.657207
2 -5.311545 -8.384133
3 4.514493 -1.770136
1 2.587361 3.971907
7 4.605574 -7.063480
7 4.605574 -3.516589
8 -2.700862 -5.261452
