10 100
K 3.096205 -3.562914 4.649794
P 8.539406 7.123248 10.394263 11.640040
Z 2 3.876760 -4.889111 5.623108 9.506265
K 2.808075 3.384440 3.959608
Z 2 9.693092 -5.899642 -6.827632 -7.176372
K 9.654931 7.414379 2.084809
Z 4 -4.226580 6.697367 -5.885919 9.792514
P -1.414421 6.293615 2.380403 8.124652
P -3.118306 1.884024 -0.776972 3.402717
K -5.376138 -4.545939 1.560748
5 -2.4411 -7.8597
6 9.6549 7.4144
6 -8.4598 -6.2781
7 -5.3611 -0.9951
6 9.6549 7.4144
9 -3.1183 1.8840
4 2.8081 3.3844
5 11.2480 -23.4083
4 2.8081 3.3844
3 3.3016 12.2755
7 -5.3611 -0.9951
4 2.8081 3.3844
1 3.0962 -3.5629
9 -0.7770 1.8840
2 10.3943 7.1232
2 6.1926 3.3982
3 10.3943 11.6400
1 3.0962 -3.5629
1 3.0962 -3.5629
8 2.3804 6.2936
10 -5.3761 -4.5459
10 -5.3761 -4.5459
6 -5.7062 -6.1060
2 8.5394 11.6400
8 4.2823 9.4511
3 8.4648 -4.0928
1 3.0962 -3.5629
6 9.4026 -3.0178
3 1.5005 12.7190
5 10.3943 7.1232
8 6.7218 7.9554
9 -3.1183 1.8840
6 9.6549 7.4144
2 8.5394 7.1232
10 -5.3761 -4.5459
4 2.8081 3.3844
10 -8.0158 -5.5492
5 12.3868 -18.6602
3 3.3016 12.2755
8 -1.4144 6.2936
5 11.2480 -23.4083
8 6.7227 -6.8017
4 2.8081 3.3844
9 -0.0881 2.9211
10 -5.3761 -4.5459
8 0.9264 7.8451
7 -5.3611 -0.9951
6 9.6549 7.4144
3 10.3943 11.6400
7 -5.3611 -0.9951
8 -7.8570 3.6182
6 9.6549 7.4144
8 5.5312 -0.6261
8 3.0148 -2.4020
10 -5.3761 -4.5459
6 -5.4698 9.1212
10 2.1584 9.2555
8 2.3804 8.1247
3 3.3016 12.2755
8 -1.4144 6.2936
10 -5.3761 -4.5459
5 13.0808 -23.1233
8 2.3804 6.2936
2 8.5394 7.1232
4 2.8081 3.3844
4 -4.6158 -4.1133
5 10.3943 11.6400
4 -5.4129 -9.6511
4 2.8081 3.3844
4 8.0042 7.8081
10 -5.3761 -4.5459
7 -5.3611 -0.9951
6 9.6549 7.4144
5 11.2480 -23.4083
2 8.5394 11.6400
10 -5.3761 -4.5459
10 7.1635 4.6272
8 5.4240 -4.0960
10 -0.2133 2.2237
3 10.3943 7.1232
1 -4.4740 -7.6909
1 4.5346 -5.5079
8 -5.6612 0.2263
7 2.8081 3.3844
6 9.6549 7.4144
9 -2.8735 -9.1446
9 -0.7770 1.8840
1 3.6262 1.1919
1 3.0962 -3.5629
3 0.4206 8.3332
2 8.5394 11.6400
2 10.3943 11.6400
7 -2.9637 -7.4481
1 2.9044 2.2404
3 10.3943 7.1232
7 -5.3611 -0.9951
9 -3.1183 3.4027
7 -5.3611 -0.9951
9 -0.7770 3.4027
7 2.8081 3.3844
