10 100
P -5.763569 -4.496632 -4.719830 0.306628
Z 1 -7.727350 6.048457 -8.109395 -7.356254
K 2.892227 6.453542 4.020599
Z 2 -10.288543 -4.367667 -10.329770 -3.368517
Z 1 -5.763569 -4.496632 -6.196661 -5.397982
P 4.328741 -1.266973 7.723118 2.570649
K -9.371503 -7.290523 1.709432
P 0.435609 9.565126 4.300125 11.914644
P 1.537739 -1.184723 3.468240 1.034157
K -7.792245 1.528844 1.104468
1 -4.7198 -4.4966
3 2.8922 6.4535
10 -7.7922 1.5288
2 -11.3306 -4.3082
9 1.5377 -1.1847
2 -4.6238 9.5944
2 -4.7198 0.3066
6 7.7231 2.5706
6 4.3287 -1.2670
2 7.4262 6.1850
5 -5.7636 0.3066
1 -5.7636 0.3066
10 -7.7922 1.5288
2 -10.0150 0.4278
1 -5.7636 0.3066
7 -9.3715 -7.2905
5 -2.6657 -0.6804
5 -1.8544 -9.9636
5 -5.7636 -4.4966
1 -4.7198 -4.4966
3 2.8922 6.4535
8 2.8627 7.7443
6 7.7231 2.5706
10 -7.7922 1.5288
3 2.8922 6.4535
2 -11.3306 -4.3082
4 -15.1832 -0.0820
6 7.3753 -7.9293
9 -8.0903 6.7160
6 -4.1438 -8.3946
10 -7.7922 1.5288
10 -7.7922 1.5288
5 3.9753 -6.2831
10 -6.4158 9.5658
3 4.3072 3.8495
3 3.2344 -9.0820
8 0.4356 9.5651
2 -5.7636 -4.4966
10 -7.7922 1.5288
10 -7.7922 1.5288
2 -11.3306 -4.3082
7 -9.3715 -7.2905
7 -7.9820 -4.8497
2 -5.7636 -4.4966
9 3.4682 1.0342
7 -9.3715 -7.2905
2 -10.2885 -4.3677
2 -5.7636 0.3066
8 4.3001 11.9146
9 6.4015 -0.5385
6 5.3123 -0.0292
9 1.5377 -1.1847
5 -8.8569 1.1724
4 2.1564 3.0549
5 3.6566 1.7798
9 2.1760 5.6074
10 -7.7922 1.5288
4 -15.8277 -4.9550
9 1.5377 -1.1847
7 0.6375 -7.7440
7 -9.3715 -7.2905
6 7.7231 -1.2670
6 4.3287 2.5706
3 2.8922 6.4535
2 -5.7636 -4.4966
1 -4.7198 -4.4966
4 -4.7198 -4.4966
3 2.8922 6.4535
2 5.0401 5.8510
5 -4.7198 -4.4966
9 3.4682 -1.1847
9 3.4682 1.0342
7 -9.3715 -7.2905
10 -7.7922 1.5288
3 2.8922 6.4535
10 -7.7922 1.5288
1 -5.7636 0.3066
7 -9.3715 -7.2905
10 -7.7922 1.5288
5 -5.7636 -4.4966
7 7.4543 4.8324
8 0.4356 11.9146
1 -5.7636 0.3066
5 -4.7198 -4.4966
10 8.3830 -1.5276
6 -8.3965 8.0870
1 -5.7636 0.3066
6 -2.0938 1.9931
9 3.4682 1.0342
1 -8.1012 5.6774
7 -9.3715 -7.2905
9 3.4682 1.0342
1 4.3830 1.7189
7 -6.7685 -9.5638
7 9.1447 -0.2423
9 1.5377 -1.1847
9 3.4682 -1.1847
6 4.3287 2.5706
7 -9.3715 -7.2905
1 -5.7636 0.3066
