10 100
K -5.145657 9.976372 1.996824
P -3.069454 -8.687581 0.798378 -4.876221
P -4.127133 1.549495 -0.334965 2.918599
P -1.817733 -8.417901 1.979150 -6.286640
Z 2 0.798378 -4.876221 -0.176815 -4.654866
P 3.726146 7.559726 5.925239 8.763491
Z 1 -4.337915 11.802532 -5.252447 12.207045
Z 5 -4.743304 -8.540085 2.831254 -5.173011
Z 3 -0.334965 2.918599 0.599399 3.274918
K 8.475467 -8.654180 1.229288
6 -1.9652 4.7411
2 7.7605 3.0738
2 -9.6557 -7.3464
7 -0.5817 9.8305
2 -3.0695 -4.8762
10 6.9212 3.9370
2 -0.1788 4.1667
5 -3.0695 -8.6876
7 1.2902 -9.7756
9 -0.3350 2.9186
9 -1.2466 3.9401
3 -4.1271 1.5495
8 -0.9019 -9.7523
3 -4.1271 1.5495
2 -3.0695 -8.6876
1 -5.1457 9.9764
2 9.5688 -1.0137
9 -4.0758 1.4150
7 -3.5302 13.6287
2 0.0207 7.4255
2 -3.0695 -4.8762
5 2.4439 -1.4384
5 -1.0449 0.2315
3 8.8198 -3.5309
1 -5.1457 9.9764
9 1.4018 8.6769
7 -5.1457 9.9764
8 -3.7313 -7.1987
10 -8.7877 8.8223
9 -3.1642 0.3935
1 -5.1457 9.9764
10 8.4755 -8.6542
1 -5.1457 9.9764
3 -4.1271 2.9186
9 -1.2466 3.9401
4 8.1282 4.4822
9 -5.0980 -4.4374
6 3.7261 7.5597
4 5.7386 6.6310
2 7.0753 1.2905
4 1.9791 -6.2866
6 -2.4441 9.9783
4 1.6582 0.3977
5 0.7984 -4.8762
7 -5.1457 9.9764
3 -4.1271 2.9186
8 -4.2844 -2.1714
9 -0.3350 2.9186
7 -5.1457 9.9764
3 -8.9551 8.4477
5 -4.9035 2.9840
8 -1.1398 -4.3274
5 -7.2170 -0.1955
5 -3.0695 -8.6876
5 0.7984 -4.8762
9 -0.3350 1.5495
7 -3.6723 6.6073
2 8.8954 -9.9579
4 1.9791 -6.2866
2 0.7984 -8.6876
1 -2.5789 -3.4248
5 -1.0449 0.2315
7 -3.5302 13.6287
1 4.4162 2.7747
9 -0.3350 2.9186
8 0.5917 -10.5897
7 -5.1457 9.9764
10 5.5271 6.5901
1 -5.1457 9.9764
9 -4.1271 2.9186
8 -1.1398 -4.3274
5 -3.0695 -4.8762
4 9.4564 2.1704
7 -5.1457 9.9764
3 -4.1271 2.9186
1 -5.1457 9.9764
1 -3.8875 -8.9699
3 -0.3350 2.9186
2 -3.0695 -4.8762
9 -4.1271 2.9186
2 1.0737 0.6748
8 5.0736 -1.4134
7 -5.1457 9.9764
9 -9.7475 -5.8553
5 8.7955 -9.7643
4 -7.0086 7.1707
10 8.4755 -8.6542
6 5.9252 7.5597
6 -3.0945 2.0151
4 -2.4335 -7.9197
10 8.4755 -8.6542
5 -2.2836 -3.8735
8 0.7984 -4.8762
2 -3.0695 -4.8762
1 -5.1457 9.9764
2 -3.0695 -8.6876
3 -4.1271 1.5495
4 1.9791 -6.2866
8 8.0182 -9.9817
4 -1.8177 -6.2866
