10 100
P -7.239333 2.217434 -5.260818 3.675126
P 3.693812 -1.773987 7.760035 1.776935
K 8.458344 1.421735 4.165646
P -7.895695 9.258965 -5.796833 12.605156
K -9.405889 -0.602593 2.500338
P 7.578189 2.765709 12.318107 4.386677
P -2.946219 9.392371 1.433368 12.143334
Z 4 9.962620 -6.926492 -1.200714 -1.625423
Z 1 0.466876 -2.855328 -7.672882 -0.945685
P -1.071898 7.417383 2.967128 11.939736
6 1.669296 1.963302
6 12.318107 4.386677
6 12.318107 2.765709
5 -9.405889 -0.602593
2 3.693812 1.776935
4 -5.796833 12.605156
10 1.546589 9.369961
4 3.744408 -6.519359
5 -9.405889 -0.602593
9 -7.239333 3.675126
1 -5.260818 3.675126
2 7.760035 1.776935
8 1.516420 3.475061
1 -5.260818 3.675126
6 12.318107 4.386677
9 -5.260818 2.217434
6 7.578189 4.386677
8 -12.540552 -4.942393
4 -5.796833 12.605156
9 -6.919238 -4.851500
9 -7.239333 2.217434
1 -5.260818 2.217434
9 2.416314 -4.034920
10 -1.071898 7.417383
7 1.433368 9.392371
10 0.687257 -7.940674
8 -15.133766 -7.057160
7 1.433368 9.392371
2 3.693812 -1.773987
10 -1.071898 11.939736
8 4.519853 -3.566471
5 -9.405889 -0.602593
7 5.309652 -9.732869
3 8.458344 1.421735
5 -9.405889 -0.602593
1 -7.239333 3.675126
9 -7.239333 3.675126
4 -3.018567 2.042214
8 -7.895695 9.258965
5 5.673444 -0.074886
9 -7.239333 2.217434
8 0.327072 -0.782298
10 -1.071898 11.939736
3 8.458344 1.421735
6 7.578189 2.765709
10 4.892602 -8.789086
3 8.458344 1.421735
2 7.760035 -1.773987
2 3.693812 1.776935
4 -1.352727 4.587177
1 2.462102 0.714798
8 -5.796833 9.258965
7 -9.353695 -9.035067
1 3.111751 4.921305
10 9.128132 8.467800
4 -7.443336 2.057579
1 -7.239333 3.675126
1 -4.857088 9.307925
5 -9.405889 -0.602593
5 -9.405889 -0.602593
4 4.127940 -7.786114
5 5.557064 -3.669200
2 3.693812 1.776935
5 -9.405889 -0.602593
1 -7.239333 3.675126
1 -7.239333 2.217434
4 -5.796833 12.605156
2 7.760035 -1.773987
6 7.578189 2.765709
7 -6.041274 -0.012539
1 -5.260818 2.217434
1 -7.239333 2.217434
10 -1.071898 7.417383
1 -8.057790 1.599017
5 -0.166783 2.398732
2 3.693812 -1.773987
3 0.148996 8.257517
4 -5.796833 12.605156
1 -7.239333 3.675126
10 -1.071898 7.417383
4 -7.895695 9.258965
4 -5.796833 12.605156
7 7.974173 8.086567
7 1.433368 9.392371
9 -7.239333 2.217434
1 -5.260818 3.675126
10 -9.738641 -6.887791
10 8.077324 3.939391
8 -5.796833 12.605156
8 -5.796833 12.605156
3 8.458344 1.421735
7 1.433368 12.143334
8 -13.867016 -3.315828
6 7.578189 4.386677
2 3.693812 -1.773987
10 2.967128 11.939736
4 -7.434641 4.199959
2 7.760035 -1.773987
3 -8.600850 -7.419734
3 -8.044226 1.192557
