10 100
P -5.636410 3.193586 -3.859108 6.074520
K 6.703521 4.986273 3.556767
K -2.177254 8.649162 2.809188
P 9.180023 6.573483 11.331229 10.798631
Z 3 -2.177254 8.649162 -1.440921 9.325781
Z 2 6.703521 4.986273 6.637131 3.988479
K 6.916523 -7.257237 3.809809
Z 2 6.703521 4.986273 6.059280 4.221450
P -6.674870 -9.279443 -4.801886 -6.663273
K -4.453481 -1.956317 3.276218
4 9.180023 6.573483
1 -3.859108 3.193586
6 4.683710 0.325358
5 -2.177254 8.649162
5 -9.272594 -0.703289
1 -3.859108 6.074520
1 -3.859108 3.193586
8 6.703521 4.986273
2 6.703521 4.986273
9 -4.801886 -6.663273
4 -9.354683 -4.537104
8 6.703521 4.986273
1 2.595522 5.493631
10 -5.869355 -2.193054
4 9.180023 6.573483
1 9.307763 -0.994513
9 -6.674870 -9.279443
5 -2.177254 8.649162
2 6.703521 4.986273
6 5.418149 -5.840245
7 -1.622812 -8.993241
2 -1.524832 -1.306520
3 4.995662 -2.290894
2 6.703521 4.986273
5 -5.114115 8.698421
4 11.331229 6.573483
1 -3.859108 3.193586
2 6.703521 4.986273
1 -2.550150 3.620545
9 -4.801886 -6.663273
2 6.703521 4.986273
4 9.180023 10.798631
1 6.551480 -8.410560
2 6.703521 4.986273
9 7.923958 1.397177
10 -3.618732 6.898927
1 -5.636410 3.193586
5 0.886013 6.361649
6 9.791415 1.413700
5 -2.177254 8.649162
8 6.703521 4.986273
3 -2.177254 8.649162
2 5.794145 5.633919
6 6.703521 4.986273
9 -6.674870 -6.663273
6 6.703521 4.986273
6 6.703521 4.986273
6 6.703521 4.986273
8 6.703521 4.986273
7 6.916523 -7.257237
10 -4.453481 -1.956317
4 9.180023 6.573483
5 5.061443 3.910801
9 -4.801886 -9.279443
5 -2.177254 8.649162
7 6.916523 -7.257237
4 1.550700 -7.386063
3 2.662986 -3.051484
1 -5.577644 9.677879
2 6.703521 4.986273
3 -2.177254 8.649162
3 -2.104000 5.117518
8 9.739011 -9.884838
8 6.703521 4.986273
7 6.916523 -7.257237
3 -2.177254 8.649162
9 -6.674870 -6.663273
7 6.916523 -7.257237
10 -4.453481 -1.956317
8 -1.306672 7.950527
4 9.180023 6.573483
6 6.703521 4.986273
4 9.180023 10.798631
6 6.703521 4.986273
8 6.703521 4.986273
8 -7.572363 -4.073928
7 6.916523 -7.257237
6 6.703521 4.986273
9 -6.674870 -9.279443
1 -0.634870 -3.814447
6 6.703521 4.986273
5 -2.177254 8.649162
2 6.703521 4.986273
10 -2.465421 -3.705121
4 11.331229 6.573483
7 6.916523 -7.257237
9 -4.801886 -9.279443
10 -4.453481 -1.956317
8 6.703521 4.986273
7 6.916523 -7.257237
7 6.916523 -7.257237
6 6.703521 4.986273
10 -5.409746 4.304449
9 -4.801886 -9.279443
9 -6.674870 -6.663273
6 6.703521 4.986273
9 -4.801886 -6.663273
4 11.331229 6.573483
5 -2.177254 8.649162
3 -2.177254 8.649162
