10 100
K -1.139932 5.919877 2.266472
K 0.131709 7.099743 2.372230
P 1.423766 0.519261 3.024378 3.364464
P -7.545281 -7.836954 -3.191338 -4.717538
K 0.107600 -0.478493 1.816348
Z 5 0.107600 -0.478493 -0.166976 -1.440058
P -9.539681 -5.487658 -4.995026 -3.767034
K -3.919224 -9.614225 2.302311
Z 4 -9.348689 4.085723 -7.400530 -6.189447
Z 2 9.639841 -3.756036 9.638343 3.352926
3 1.423766 0.519261
7 5.740785 1.195316
6 0.601159 4.005403
8 -3.919224 -9.614225
7 -9.539681 -5.487658
4 -3.191338 -4.717538
10 19.143398 7.103748
5 0.107600 -0.478493
10 19.143398 7.103748
1 -1.139932 5.919877
1 -1.139932 5.919877
6 -7.708668 2.247507
10 -0.330844 0.927456
3 -5.970871 2.763012
10 0.131709 7.099743
1 -5.975944 -0.991915
7 -4.995026 -5.487658
8 -3.919224 -9.614225
9 -3.191338 -4.717538
5 6.449769 -7.081325
4 -3.191338 -4.717538
10 0.131709 7.099743
3 5.089552 -9.770773
3 -0.606320 4.127531
5 0.107600 -0.478493
1 -5.294873 -9.783196
1 -1.139932 5.919877
8 -3.919224 -9.614225
10 0.131709 7.099743
4 -3.191338 -4.717538
9 -3.855044 -3.684331
5 0.107600 -0.478493
4 -7.545281 -4.717538
10 0.131709 7.099743
4 -7.545281 -4.717538
9 -11.856378 -6.360418
8 1.954946 -7.085641
6 0.107600 -0.478493
5 0.107600 -0.478493
6 0.107600 -0.478493
6 0.107600 -0.478493
6 0.107600 -0.478493
8 -3.919224 -9.614225
10 6.629765 -1.532740
5 4.346487 1.493598
1 -1.139932 5.919877
4 -3.191338 -4.717538
10 0.131709 7.099743
8 -3.919224 -9.614225
7 -9.539681 -5.487658
10 0.131709 7.099743
6 -0.290006 2.658460
8 -3.919224 -9.614225
2 0.131709 7.099743
4 -8.126878 7.388017
3 -6.336218 5.162290
10 0.131709 7.099743
10 0.131709 7.099743
10 -7.261532 -3.392801
2 0.131709 7.099743
2 0.131709 7.099743
8 1.931943 7.818749
3 1.423766 0.519261
5 -2.644387 -5.902088
6 0.107600 -0.478493
3 -4.111960 -3.433520
5 0.107600 -0.478493
6 0.107600 -0.478493
8 -3.919224 -9.614225
1 -6.412854 0.838845
6 0.107600 -0.478493
10 -0.341977 -6.418262
4 -7.612143 5.867087
10 19.143398 7.103748
10 -9.447179 7.509365
9 -3.191338 -7.836954
7 -9.539681 -5.487658
6 0.107600 -0.478493
8 7.390244 8.806926
1 -1.139932 5.919877
8 -3.919224 -9.614225
8 -3.919224 -9.614225
8 -3.919224 -9.614225
8 -3.919224 -9.614225
9 0.732381 0.122966
3 3.024378 3.364464
8 -3.919224 -9.614225
5 0.107600 -0.478493
6 0.107600 -0.478493
2 0.131709 7.099743
5 -5.054853 2.703907
1 -1.139932 5.919877
7 -8.465799 -9.526917
2 1.834703 -4.697981
4 -4.235834 5.651120
10 0.131709 7.099743
7 0.847609 8.860012
8 -3.919224 -9.614225
10 0.131709 7.099743
8 -3.919224 -9.614225
