10 100
K -3.110557 3.560937 2.673076
K 6.898553 -0.049308 1.790102
K 5.003164 -8.611042 3.940205
K -6.848065 -2.276240 4.449966
P -3.808243 -8.691131 -2.418331 -5.587400
K 2.854995 -1.469602 1.771394
P -5.048990 0.241199 -2.800617 1.987771
Z 6 2.854995 -1.469602 2.350193 -0.606367
Z 8 2.854995 -1.469602 3.809274 -1.170685
P 3.583435 -1.270214 6.343336 3.156325
4 -6.848065 -2.276240
5 -3.808243 -5.587400
5 -2.418331 -5.587400
6 2.842947 4.054566
8 6.087048 6.250708
3 5.003164 -8.611042
2 6.898553 -0.049308
1 -3.110557 3.560937
7 -3.631164 2.722997
8 2.854995 -1.469602
6 2.854995 -1.469602
2 6.898553 -0.049308
6 2.854995 -1.469602
8 2.854995 -1.469602
1 -4.308529 1.714057
4 -3.749121 -0.012806
9 2.854995 -1.469602
4 -6.848065 -2.276240
8 -4.374526 -1.650211
6 2.854995 -1.469602
10 3.583435 -1.270214
1 -1.053771 4.713537
7 -5.048990 0.241199
6 2.854995 -1.469602
4 3.036030 -1.805563
9 2.854995 -1.469602
1 -3.110557 3.560937
8 2.854995 -1.469602
3 -2.710080 -6.132743
7 -5.048990 0.241199
1 3.013124 -7.716024
6 2.854995 -1.469602
5 -2.418331 -5.587400
8 2.854995 -1.469602
6 2.854995 -1.469602
3 -7.319196 -3.080610
10 2.993066 -3.833793
6 2.854995 -1.469602
2 4.019794 -2.249203
1 -3.110557 3.560937
1 -3.110557 3.560937
9 2.854995 -1.469602
2 6.898553 -0.049308
8 2.854995 -1.469602
10 -8.845100 4.922778
9 2.854995 -1.469602
1 -2.196707 -2.278153
9 2.854995 -1.469602
5 -2.418331 -8.691131
3 5.003164 -8.611042
8 2.854995 -1.469602
1 -9.744862 -5.326143
9 2.854995 -1.469602
7 8.233025 -0.662943
4 -5.254694 -1.735903
10 6.343336 -1.270214
7 9.460682 -7.633291
4 -8.399123 9.876477
8 2.854995 -1.469602
4 -6.848065 -2.276240
9 2.854995 -1.469602
10 3.583435 3.156325
4 -6.848065 -2.276240
10 7.050805 -7.301578
8 2.854995 -1.469602
9 2.854995 -1.469602
7 -2.800617 1.987771
2 3.128425 -1.326892
1 -3.110557 3.560937
4 -6.848065 -2.276240
5 -3.808243 -8.691131
6 -6.692356 -2.649402
10 7.281971 -9.605108
1 -0.244692 -9.277604
6 2.854995 -1.469602
8 2.854995 -1.469602
2 -9.044257 -9.635420
3 5.003164 -8.611042
9 -3.461900 -1.429470
2 6.898553 -0.049308
8 2.854995 -1.469602
1 -3.110557 3.560937
4 3.794385 -8.306721
3 5.003164 -8.611042
10 6.343336 -1.270214
3 -3.752875 3.850269
5 -3.808243 -8.691131
5 -5.593467 -7.994113
5 -2.418331 -5.587400
10 6.343336 3.156325
2 6.898553 -0.049308
3 -5.489524 -4.695139
6 2.854995 -1.469602
5 -2.418331 -8.691131
8 2.854995 -1.469602
5 2.137469 -1.400176
10 6.343336 -1.270214
1 6.559595 9.292750
2 -9.486155 3.198033
3 5.407710 1.174520
