10 100
P -3.996684 9.588092 0.195577 12.672211
P 7.652835 3.540884 8.725302 7.713097
P 6.983623 -5.814780 8.320784 -0.857581
P -4.558582 3.611632 -3.144000 4.881563
Z 3 2.354903 -9.326754 -8.336955 7.983159
P -0.389262 -1.470903 3.332275 2.143538
P -4.986158 -4.876191 -1.621173 -1.589587
Z 3 8.320784 -0.857581 8.864392 -1.696920
Z 7 3.128238 -9.308091 6.916824 -7.032208
Z 1 1.806400 -1.324203 -5.614904 -4.039728
5 8.3208 -0.8576
8 -3.8168 2.1120
3 6.9836 -5.8148
7 -0.8997 -8.9125
4 -8.6615 -7.0080
4 -4.5586 3.6116
6 -0.3893 2.1435
5 8.3208 -5.8148
4 -0.4969 8.1897
4 -4.5586 4.8816
10 -6.6148 4.4281
6 3.3323 2.1435
9 6.1316 -20.0969
7 -1.6212 -1.5896
2 8.7253 7.7131
10 -3.9967 12.6722
5 8.3208 -0.8576
2 8.7253 3.5409
3 5.6349 1.3799
3 6.9836 -0.8576
3 8.3208 -5.8148
3 8.3208 -5.8148
5 6.9836 -0.8576
3 6.9836 -0.8576
9 -4.9862 -1.5896
5 8.3208 -5.8148
7 -4.9862 -4.8762
10 7.6188 -10.6991
9 -2.4379 -6.8851
4 -4.5586 3.6116
8 -5.4033 8.7803
4 -4.5586 4.8816
1 7.0283 9.0815
4 9.7237 3.2763
3 8.3208 -0.8576
9 -1.6212 -4.8762
10 9.6094 -13.0549
8 8.3208 -0.8576
4 -3.1440 3.6116
4 4.2325 4.2950
1 -7.8444 1.0091
5 6.9836 -0.8576
3 8.3208 -5.8148
9 4.8104 -15.5826
2 -6.8702 -9.9468
1 8.9704 2.4097
4 -4.5586 4.8816
10 2.9512 -9.5865
9 7.7120 -17.1261
8 8.3208 -0.8576
7 -1.6212 -1.5896
10 -3.9967 12.6722
7 4.2929 8.4247
5 -5.9521 7.1111
9 -4.9862 -1.5896
8 4.8283 8.0429
6 2.9039 3.3166
5 5.7724 1.1956
8 6.1096 -8.2403
8 13.3913 -1.6648
9 4.8104 -15.5826
7 -4.9862 -4.8762
10 -3.9967 12.6722
1 0.1956 9.5881
2 -0.3064 -1.2510
3 6.9836 -5.8148
3 6.9836 -0.8576
2 -7.6546 -1.6847
5 -7.2904 -9.6742
2 -6.0604 9.0119
3 8.3208 -0.8576
10 0.1956 12.6722
3 -5.9906 4.1086
3 -7.7666 0.8314
1 -4.1698 5.8047
2 0.3196 5.7494
6 -0.3893 2.1435
2 8.7253 7.7131
9 -2.3194 2.4618
8 6.9836 -0.8576
2 8.7253 3.5409
10 -4.6478 -3.0519
5 -3.4563 -13.0892
6 3.3323 -1.4709
8 6.9836 -0.8576
9 3.2300 -18.5533
3 6.9836 -0.8576
9 1.8217 4.1251
2 -5.1496 -6.7594
7 8.5298 -4.4698
8 8.3208 -0.8576
6 -0.3893 2.1435
4 -4.5586 3.6116
2 7.6528 7.7131
7 -4.9862 -4.8762
8 6.9836 -5.8148
4 -3.1440 3.6116
4 -3.1440 3.6116
7 4.3631 0.1690
9 4.8104 -15.5826
