10 100
K -8.795523 8.865245 4.756279
Z 1 -8.795523 8.865245 -9.064808 9.828306
Z 1 -7.459192 2.260188 -2.218354 3.525223
P -1.956689 6.124542 2.102873 8.130910
Z 4 2.102873 6.124542 1.103880 6.079685
K 3.062562 -3.164206 4.684069
Z 4 -1.650041 4.187356 -1.527124 -5.695885
K -2.772225 3.598038 1.751626
Z 1 -9.422244 0.535412 -3.570454 -4.166013
P -6.570665 3.229421 -3.378541 6.873240
10 2.203392 -6.723658
9 -8.795523 8.865245
6 -4.891547 -3.153463
9 -8.795523 8.865245
5 2.102873 6.124542
8 -5.329924 0.856700
6 3.062562 -3.164206
3 -5.635270 -4.227175
8 -2.772225 3.598038
5 -1.956689 8.130910
4 -9.797519 5.147349
8 5.281402 1.905281
8 -2.772225 3.598038
7 2.102873 6.124542
3 -8.795523 8.865245
7 7.575164 -2.747960
10 -9.642820 7.478846
8 -2.772225 3.598038
4 -1.956689 8.130910
9 -8.795523 8.865245
6 3.062562 -3.164206
7 6.363552 7.507029
5 7.598996 -1.553308
8 8.682990 5.671093
5 -1.760530 3.762409
2 -9.902000 -5.239433
9 -17.421418 -1.871271
1 -8.795523 8.865245
8 -2.772225 3.598038
6 3.062562 -3.164206
7 2.102873 8.130910
8 -2.772225 3.598038
10 -6.029848 6.786172
7 -5.499870 8.036356
3 -5.635270 -4.227175
3 -5.635270 -4.227175
8 -0.885756 -1.802899
4 -1.956689 6.124542
7 -5.449972 6.030609
9 -8.795523 8.865245
1 3.274928 -0.467164
9 -17.421418 -1.871271
2 -8.795523 8.865245
5 2.102873 6.124542
3 -5.635270 -4.227175
2 -8.795523 8.865245
6 3.062562 -3.164206
9 -7.519535 -0.404079
5 2.102873 6.124542
4 -1.956689 6.124542
10 -6.570665 6.873240
6 -1.200259 5.720086
9 -8.232953 5.758189
1 3.828588 -5.825273
6 -2.276689 1.893541
4 2.102873 6.124542
9 -7.205174 -2.630937
6 3.062562 -3.164206
5 2.102873 6.124542
10 -6.570665 6.873240
1 -4.265206 -6.268186
9 -17.421418 -1.871271
9 7.074803 -5.572761
4 -1.956689 6.124542
9 -8.605319 6.452707
2 -8.795523 8.865245
6 -0.977713 -2.976297
9 -8.795523 8.865245
3 -8.795523 8.865245
5 2.282694 4.126249
2 -8.795523 8.865245
10 -3.378541 6.873240
4 2.912624 2.012418
8 -2.772225 3.598038
9 -8.795523 8.865245
4 -7.228461 -3.452129
7 4.230569 3.495431
4 2.102873 8.130910
4 2.102873 8.130910
3 -1.727728 -7.204353
1 -8.795523 8.865245
2 -8.795523 8.865245
9 -7.283907 -8.868675
1 -8.795523 8.865245
4 -1.956689 8.130910
10 8.327443 6.525883
1 -8.795523 8.865245
9 -5.498387 3.231467
1 -8.795523 8.865245
1 -8.795523 8.865245
5 -1.760530 3.762409
5 2.282694 4.126249
2 -8.795523 8.865245
8 -2.772225 3.598038
9 9.986479 3.572878
10 9.635875 -8.118962
3 -1.841394 -2.171280
4 -1.956689 6.124542
9 -17.421418 -1.871271
9 -17.421418 -1.871271
