10 100
K 5.225803 0.734874 1.633512
K -1.811496 4.481739 1.458520
Z 1 5.303186 -0.896804 6.302064 -0.849432
K -0.653872 -7.684283 1.275317
P -5.497584 -5.761616 -1.034728 -4.348677
Z 3 5.225803 0.734874 4.323074 0.304666
P 4.975008 6.166547 6.672068 9.064584
K -6.011908 -3.149433 3.803804
P 5.567935 -6.052066 9.462545 -3.691163
K -9.638036 4.047575 1.053919
1 5.225803 0.734874
7 7.918650 -3.031705
3 5.225803 0.734874
9 5.567935 -3.691163
2 -1.811496 4.481739
2 -1.811496 4.481739
10 1.502495 -0.117433
3 5.225803 0.734874
8 2.879810 -0.239795
5 -1.034728 -5.761616
2 -1.811496 4.481739
2 2.633173 -5.688614
5 1.170087 7.752166
2 -1.811496 4.481739
1 5.225803 0.734874
10 -9.638036 4.047575
10 -9.638036 4.047575
3 -0.146289 7.718841
8 -6.011908 -3.149433
6 5.380569 -2.528482
9 9.462545 -3.691163
9 9.462545 -6.052066
3 5.225803 0.734874
3 5.380569 -2.528482
8 -6.011908 -3.149433
10 -3.965640 -3.546084
4 -8.196914 1.510976
1 -9.254698 -7.620911
9 9.462545 -6.052066
1 8.558967 9.991384
4 -0.653872 -7.684283
9 5.647789 7.434057
4 -0.653872 -7.684283
8 -6.777480 -2.738630
2 -1.811496 4.481739
10 -5.320247 -1.464440
2 -1.811496 4.481739
8 -6.962783 -1.743756
5 -5.497584 -4.348677
5 2.384097 6.462671
4 -0.653872 -7.684283
1 5.225803 0.734874
7 6.672068 9.064584
8 1.672376 -9.273776
6 5.402966 -6.577335
10 1.074844 -5.416444
9 9.462545 -6.052066
6 5.380569 -2.528482
3 -9.701451 9.216428
8 -6.011908 -3.149433
1 7.176572 -2.694408
1 5.225803 0.734874
2 -1.811496 4.481739
10 -9.638036 4.047575
7 4.975008 6.166547
2 6.764271 -9.497439
4 -0.653872 -7.684283
7 -4.481609 5.804511
6 0.644734 -6.654158
9 -1.130896 -8.564228
7 6.672068 9.064584
9 5.567935 -6.052066
10 -9.638036 4.047575
5 -1.034728 -5.761616
9 9.462545 -6.052066
8 -6.011908 -3.149433
5 -1.034728 -4.348677
6 5.225803 0.734874
1 5.225803 0.734874
3 5.380569 -2.528482
10 -9.638036 4.047575
4 -2.475180 3.882620
1 5.225803 0.734874
2 -1.811496 4.481739
8 -5.765657 5.766561
7 0.890444 -6.367403
8 5.711255 -2.743647
1 5.225803 0.734874
7 8.276071 -5.843683
6 5.225803 0.734874
2 -1.811496 4.481739
4 -0.653872 -7.684283
6 5.380569 -2.528482
1 5.225803 0.734874
1 5.225803 0.734874
5 -1.034728 -5.761616
1 5.225803 0.734874
5 8.259064 -2.331733
2 -4.103115 -3.565015
2 -1.811496 4.481739
2 -1.811496 4.481739
2 -1.811496 4.481739
6 2.788554 2.910480
6 0.846263 9.977564
7 -3.737513 0.957307
2 4.104914 -9.683591
2 -1.811496 4.481739
8 9.315344 -6.333576
9 9.462545 -6.052066
9 9.462545 -6.052066
