10 100
K -3.270435 -2.967913 2.684869
P -8.202101 8.727320 -3.461464 12.998485
Z 1 2.210099 1.558682 2.083037 -8.016467
Z 3 -5.189379 9.291791 2.889048 2.403337
P 0.644552 -2.720207 5.454841 -1.332366
K 1.782472 7.516621 2.705682
P -7.328158 2.814603 -4.136403 5.083001
Z 5 -8.664769 -5.761948 4.433685 -3.479787
Z 4 -0.839716 -1.827684 -1.264403 -0.922344
P 5.670900 4.812716 7.860778 6.771176
6 7.9115 -5.2376
5 0.6446 -1.3324
6 1.7825 7.5166
2 -8.2021 8.7273
6 1.7825 7.5166
6 0.8543 7.4995
7 -7.3282 5.0830
1 -3.2704 -2.9679
7 -7.3282 2.8146
2 7.0910 -7.5713
3 7.5686 -3.1117
1 -7.9347 3.8821
2 -8.2021 8.7273
5 -9.7589 -4.1827
6 1.7825 7.5166
8 -5.4242 3.9301
5 7.3973 -0.3884
1 -3.2704 -2.9679
1 3.7506 2.8940
4 -6.0067 7.9084
1 -3.2704 -2.9679
4 1.6980 -6.4071
9 -5.2276 -9.1143
5 0.6446 -2.7202
6 1.7825 7.5166
4 9.0743 -1.3459
2 -8.2021 12.9985
1 -3.2704 -2.9679
9 -3.2704 -2.9679
3 -1.6265 -3.4178
8 6.1209 -5.1553
8 1.1247 -5.4761
1 -3.2704 -2.9679
6 1.7825 7.5166
5 0.6446 -2.7202
7 1.5723 5.5137
9 -7.5480 -9.1433
3 1.5251 -8.3034
7 -7.3282 2.8146
9 -3.2704 -2.9679
10 5.6709 6.7712
8 0.6446 -2.7202
9 1.5910 -0.6875
4 -3.2704 -2.9679
8 5.4548 -1.3324
8 5.4548 -1.3324
2 -8.2021 12.9985
10 -6.3964 9.6943
8 1.1247 -5.4761
10 5.6709 4.8127
6 1.7825 7.5166
1 -3.2704 -2.9679
1 -3.2704 -2.9679
7 -7.3282 2.8146
2 -3.4615 8.7273
7 -4.1364 2.8146
6 1.7825 7.5166
3 -5.4148 -1.2199
9 -6.9890 6.6533
9 -5.2276 -9.1143
6 1.7825 7.5166
5 5.4548 -1.3324
2 -8.2021 8.7273
6 1.7825 7.5166
5 -2.1965 -7.1548
8 -1.0424 7.8814
5 -4.8383 -3.1619
1 -3.2704 -2.9679
4 9.0743 -1.3459
6 1.7825 7.5166
7 -4.1364 2.8146
8 5.4548 -1.3324
7 5.0461 -7.5102
9 7.5686 -3.1117
8 0.6446 -2.7202
1 -2.9296 -5.2187
5 -9.8787 6.5260
6 1.7825 7.5166
8 1.5941 -6.7821
9 3.7024 7.9787
1 -3.2704 -2.9679
7 -7.3896 0.0067
3 7.5686 -3.1117
5 0.6446 -1.3324
9 -14.5750 -0.8894
9 7.5686 -3.1117
6 1.7825 7.5166
3 -3.2704 -2.9679
8 -5.7527 -7.7010
3 -3.2704 -2.9679
5 0.6446 -2.7202
6 -2.9242 2.1406
9 -2.2964 3.1476
7 5.5257 0.0498
3 4.9367 8.9395
1 -3.2704 -2.9679
8 5.4548 -1.3324
2 -3.4615 12.9985
4 9.0743 -1.3459
3 7.5686 -3.1117
