10 100
K 0.237569 8.077828 4.917342
Z 1 -6.155813 -1.436098 4.961591 -2.483258
K 5.521986 -2.387232 2.259011
P 8.512733 3.022101 11.168724 7.458892
Z 4 11.168724 3.022101 10.257142 3.433219
Z 5 11.168724 3.022101 12.063016 3.469585
P -2.776027 -8.936834 1.470098 -6.567752
K -6.767275 1.107684 4.577369
Z 3 5.097335 -0.168492 4.115162 -0.356473
K 5.526635 -7.525030 4.113230
10 5.5266 -7.5250
4 11.1687 3.0221
2 0.2376 8.0778
6 7.3636 -0.4794
6 9.4106 5.0129
7 1.4701 -8.9368
8 -0.3983 5.6237
1 0.2376 8.0778
7 -2.7760 -8.9368
9 4.9983 3.6065
9 4.6727 2.0502
10 -1.1688 -2.0318
9 4.6727 2.0502
5 -4.3927 0.3330
9 5.5220 -2.3872
1 0.2376 8.0778
1 0.2376 8.0778
6 9.4106 5.0129
8 -6.7673 1.1077
7 -2.7760 -6.5678
1 0.2376 8.0778
1 0.2376 8.0778
6 11.1687 7.4589
4 8.5127 7.4589
3 5.5220 -2.3872
2 0.2376 8.0778
7 -8.6800 9.9826
8 -6.7673 1.1077
7 -8.1069 6.8988
4 11.1687 7.4589
8 -6.7673 1.1077
1 -4.2853 -2.3073
4 -2.2614 5.1289
2 0.2376 8.0778
4 7.9597 1.1244
6 7.4554 -3.8789
9 5.5220 -2.3872
9 5.5220 -2.3872
7 1.4701 -8.9368
5 11.1687 7.4589
8 -6.7673 1.1077
6 6.0850 2.0759
7 -9.1880 0.3009
9 -4.4765 -3.7778
1 0.2376 8.0778
9 4.6727 2.0502
7 4.9139 -8.8575
7 -2.7760 -6.5678
4 0.7428 -6.5759
10 5.5266 -7.5250
2 -1.6514 -11.9765
7 -2.7760 -8.9368
1 0.2376 8.0778
2 1.3002 0.8027
8 -6.7673 1.1077
9 9.2633 -4.1726
5 11.1687 3.0221
5 8.5127 3.0221
5 11.1687 3.0221
1 6.7921 -0.3902
8 -6.7673 1.1077
9 4.6727 2.0502
10 5.5266 -7.5250
3 0.9523 5.9136
5 9.4106 5.0129
7 8.2689 -5.6840
1 0.2376 8.0778
2 -1.6514 -11.9765
8 -8.0247 -4.2946
9 9.7881 -9.7792
6 9.4106 5.0129
9 -1.3781 -1.2356
5 8.5127 3.0221
1 0.4487 -5.9230
6 11.1687 3.0221
5 9.4106 5.0129
6 6.0850 2.0759
10 5.5266 -7.5250
1 0.2376 8.0778
5 -6.7358 -5.8039
9 8.6653 -1.3967
4 5.3638 5.4340
2 -5.1302 -7.7716
3 9.0750 3.2270
9 -0.8181 2.6324
3 5.5220 -2.3872
4 8.5127 7.4589
4 -4.8717 -6.3351
3 5.5220 -2.3872
9 4.6727 2.0502
10 5.5266 -7.5250
10 5.5266 -7.5250
3 4.1097 3.8210
6 -6.8178 -8.3941
4 11.1687 7.4589
7 1.4701 -6.5678
5 11.1687 3.0221
9 5.5220 -2.3872
9 9.5041 -0.1616
5 8.5127 7.4589
