10 100
K 9.044691 -1.932374 1.892740
Z 1 9.044691 -1.932374 8.046036 -1.880538
Z 1 4.649728 4.406121 7.733229 7.056306
Z 1 8.472688 -0.128135 7.519446 -0.430344
K -3.879362 6.179957 4.234947
K -7.401387 5.834879 2.327930
K 1.339952 -1.190868 4.897557
K -3.812012 -6.804667 3.275878
Z 4 9.044691 -1.932374 10.010697 -1.673855
K 9.422735 3.451857 2.517011
10 9.6797 -8.9848
9 9.8559 -5.6299
1 9.0447 -1.9324
7 1.3400 -1.1909
2 5.8918 7.4175
6 -7.4014 5.8349
6 -3.5558 -4.9222
3 9.0447 -1.9324
7 1.3400 -1.1909
7 1.3400 -1.1909
9 9.0447 -1.9324
3 2.3380 -4.1825
8 -3.8120 -6.8047
10 9.4227 3.4519
4 5.8388 8.7741
8 -8.7830 7.0529
7 1.3400 -1.1909
7 -0.7795 -9.9627
2 0.1895 8.2820
5 -3.8794 6.1800
9 7.9007 1.6761
2 9.0447 -1.9324
5 -3.8794 6.1800
8 -3.8120 -6.8047
5 -5.8197 3.0820
3 9.8024 -3.9349
8 -8.7952 -5.3019
3 9.0447 -1.9324
9 9.0447 -1.9324
1 3.7905 -7.6908
1 7.1335 7.3382
4 7.9007 1.6761
4 -5.9097 -7.7701
5 9.0067 -7.7599
5 -3.8794 6.1800
2 -6.5335 -8.1410
6 -7.4014 5.8349
8 -3.8120 -6.8047
3 9.0447 -1.9324
1 3.4322 -8.6544
2 -3.4229 -9.5218
8 9.5068 -8.2818
8 -3.8120 -6.8047
3 9.0447 -1.9324
3 -0.9563 9.7038
5 -3.8794 6.1800
10 9.4227 3.4519
1 -5.6402 -5.7850
6 -7.4014 5.8349
6 -7.4014 5.8349
9 9.8559 -5.6299
9 9.8559 -5.6299
8 -3.8120 -6.8047
2 7.9137 -2.3718
5 -3.8794 6.1800
4 -0.7149 -8.0830
2 9.0447 -1.9324
10 9.4227 3.4519
7 1.3400 -1.1909
7 1.3400 -1.1909
2 2.6134 1.5332
6 -7.4014 5.8349
4 9.0447 -1.9324
2 -1.7587 6.2427
2 9.0447 -1.9324
6 -7.4014 5.8349
3 -7.9108 3.9843
8 -3.8120 -6.8047
1 -3.9007 -0.4920
3 -0.9563 9.7038
9 7.9007 1.6761
9 -5.6565 2.8776
5 -3.8794 6.1800
4 -5.9914 -6.1537
10 0.9239 4.4909
5 -3.8794 6.1800
7 1.3400 -1.1909
3 0.5006 -8.5961
5 -3.8794 6.1800
8 -3.8120 -6.8047
5 5.9806 -9.6317
1 9.0447 -1.9324
1 9.0447 -1.9324
8 -8.5807 8.6336
4 9.0447 -1.9324
4 2.3463 -1.1393
6 -7.4014 5.8349
3 -0.9563 9.7038
8 -6.9724 -8.8457
3 -0.9563 9.7038
8 4.5128 -7.8146
8 -3.8120 -6.8047
1 9.0447 -1.9324
7 1.3400 -1.1909
9 9.0447 -1.9324
6 -7.4014 5.8349
8 -3.8120 -6.8047
2 -0.5346 3.8328
9 7.5624 8.7960
7 -0.3313 -5.4459
