10 100
P 9.829351 7.934339 11.214788 11.152343
P 1.598859 8.214424 2.947332 11.660455
P -3.152837 -9.195075 -1.187386 -6.496165
P -0.072730 -0.956560 1.293607 0.232114
Z 1 -9.256760 -4.946067 8.767793 7.732086
K -3.093694 8.614229 4.123357
P 7.454020 3.356432 10.309280 5.575526
K 8.167596 -2.419642 1.288395
P -6.862514 -1.160189 -2.440928 0.695555
Z 3 6.689894 9.023729 1.628576 8.757550
2 1.598859 8.214424
4 -3.616973 -9.719500
6 7.249981 -3.492457
8 9.227567 5.726519
4 -0.072730 -0.956560
10 -2.771839 23.631750
9 -2.440928 0.695555
10 -5.009541 26.109612
6 -8.216243 1.105449
2 -3.091977 3.726489
5 9.829351 11.152343
10 -5.366645 -9.897430
1 11.214788 11.152343
2 1.598859 8.214424
9 -6.862514 0.695555
4 1.293607 0.232114
9 -2.440928 0.695555
9 -6.180022 -1.989063
10 4.510629 1.197762
5 9.829351 7.934339
9 -6.862514 -1.160189
8 9.761272 0.950942
6 5.902976 3.103231
4 1.293607 0.232114
7 10.309280 3.356432
10 -8.223619 -4.618704
3 -1.187386 -9.195075
8 -9.988189 -0.687772
3 -0.678069 -5.550632
3 -3.152837 -6.496165
1 9.829351 7.934339
2 1.598859 11.660455
10 -4.726448 23.425590
5 9.829351 7.934339
7 2.029752 -1.321580
9 -6.862514 -1.160189
9 -3.342839 -2.262873
2 1.598859 11.660455
9 -2.440928 -1.160189
2 6.243608 0.645710
9 -2.440928 -1.160189
3 -1.187386 -9.195075
4 2.490282 9.346992
2 2.947332 8.214424
5 4.937198 9.948091
9 0.439000 -5.125756
4 1.293607 -0.956560
5 12.813862 8.878935
8 8.167596 -2.419642
4 -6.380013 9.687389
10 -3.054932 26.315771
6 -3.093694 8.614229
2 2.947332 11.660455
2 1.598859 8.214424
1 11.214788 7.934339
1 11.214788 7.934339
7 -1.457088 -0.521448
2 1.598859 11.660455
9 -2.440928 0.695555
1 9.829351 11.152343
7 7.454020 3.356432
1 9.829351 7.934339
4 -0.072730 -0.956560
3 -3.152837 -9.195075
8 8.167596 -2.419642
5 11.214788 11.152343
1 -7.265979 0.639811
5 9.829351 7.934339
8 8.167596 -2.419642
10 -4.867490 -3.177278
3 -3.152837 -6.496165
1 -7.857966 -1.941733
9 6.300091 -8.022259
8 8.167596 -2.419642
4 5.195106 -9.553476
6 7.384833 -5.980162
7 8.129880 7.772230
10 5.546479 -6.861406
10 -1.370977 9.816006
6 -3.093694 8.614229
4 1.293607 0.232114
7 7.667086 2.407066
5 -5.864943 -2.654168
6 -3.093694 8.614229
6 1.052725 -2.451417
10 4.843938 5.688146
1 11.214788 11.152343
7 4.657139 -2.381920
2 1.598859 8.214424
9 -6.862514 0.695555
6 -3.093694 8.614229
1 -1.234633 -8.821140
7 -4.989426 0.655849
2 2.947332 8.214424
2 7.528610 7.947406
3 -1.187386 -9.195075
4 -2.427604 -6.298813
7 10.309280 3.356432
8 -2.048320 -0.709321
8 3.683701 2.494431
