10 100
P -7.141358 -0.829954 -2.440302 3.365471
P -0.096748 8.453788 4.048713 9.580510
Z 2 -0.080963 -2.969750 -1.128355 -4.389217
Z 2 6.597021 4.406645 7.429177 4.851603
Z 3 -0.096748 9.580510 0.714798 10.164798
K -9.943676 2.233657 1.865256
K -9.301167 -0.138696 3.682436
P -1.327127 -1.675243 2.085087 0.020540
K -5.080198 5.010333 4.914853
P 9.888536 -5.231499 11.828413 -2.626834
10 -9.9429 2.2523
7 6.6909 -7.2739
7 -9.3012 -0.1387
6 6.2771 -8.3986
8 -1.3271 -1.6752
5 10.6929 4.6779
1 -7.1414 3.3655
5 -4.5579 3.4933
3 4.0487 8.4538
8 -1.3271 -1.6752
6 -9.9437 2.2337
3 -0.0967 9.5805
9 -5.0802 5.0103
5 -5.7442 -8.2500
9 -5.0802 5.0103
8 2.0851 -1.6752
8 2.0851 -1.6752
6 -9.9437 2.2337
4 -6.3732 4.5540
8 8.6247 4.2723
2 4.7015 -2.4186
10 6.8169 -8.6573
7 2.4672 1.8210
2 -2.6465 3.9875
3 9.6163 4.3456
9 -5.0802 5.0103
8 -1.3271 -1.6752
7 -9.3012 -0.1387
2 4.0487 8.4538
4 2.7411 -0.5137
3 -0.0967 9.5805
6 7.4878 7.2055
1 -2.4403 -0.8300
7 -1.6797 -5.7086
3 -0.0967 9.5805
5 4.0487 9.5805
3 -0.0967 8.4538
2 4.0487 8.4538
10 9.8885 -2.6268
2 4.0487 9.5805
1 3.9096 -1.1275
3 10.6929 4.6779
5 -5.3488 22.8686
1 -2.4403 3.3655
5 -0.0967 9.5805
4 4.0487 8.4538
6 -9.9437 2.2337
4 4.0487 8.4538
3 9.6163 4.3456
9 -5.0802 5.0103
6 -0.9869 6.0763
3 10.8390 0.3845
1 -3.6294 9.8363
1 -2.4403 -0.8300
1 -2.4403 -0.8300
2 4.0487 8.4538
4 7.1826 -4.0333
1 -5.2104 0.7912
5 9.6163 4.3456
1 -7.1414 -0.8300
10 11.8284 -2.6268
3 -6.0178 2.4087
9 6.2257 -5.2166
9 -5.0802 5.0103
2 4.0487 9.5805
2 4.0487 8.4538
1 -7.1414 -0.8300
10 11.8284 -5.2315
7 -9.3012 -0.1387
9 -5.0802 5.0103
1 -7.1414 3.3655
2 4.0487 8.4538
1 -7.1414 3.3655
10 11.8284 -2.6268
4 6.2456 -3.4076
6 -9.9437 2.2337
4 9.4847 -0.5858
4 4.0487 9.5805
3 10.6929 4.6779
10 -5.2708 -2.0490
9 -5.0802 5.0103
7 -9.3012 -0.1387
1 -2.4403 3.3655
1 -7.7157 1.8822
2 4.0487 8.4538
8 2.0851 0.0205
1 6.2774 -9.8254
5 -0.0967 8.4538
3 10.6929 4.6779
10 7.2450 8.2897
1 -2.4403 -0.8300
7 -9.3012 -0.1387
9 -5.0802 5.0103
5 9.6163 4.3456
10 11.8284 -5.2315
7 -9.3012 -0.1387
1 -7.1414 3.3655
3 9.1337 -7.5505
2 -1.4359 0.6956
3 -0.2677 -4.8848
