10 100
K 7.729196 -5.613310 4.413684
Z 1 5.768947 -9.567805 6.664909 -10.011935
P 7.387597 4.963050 8.452538 8.921829
P -4.463541 -3.064050 -3.420665 -1.782706
Z 2 3.808697 -13.522299 4.210688 -14.437943
P 7.356751 -7.565397 9.506899 -5.622423
Z 1 4.016656 4.976438 4.574687 -1.430259
K -5.484372 0.671889 2.825356
P -5.818125 -9.100948 -4.468658 -6.415129
Z 7 -2.964095 8.233121 -4.774021 5.475234
5 -4.667015 -11.055573
6 9.506899 -7.565397
3 -4.261464 -9.018677
3 8.900004 -1.861532
1 7.729196 -5.613310
4 -3.267398 3.174913
4 -7.443913 3.264971
7 2.190893 -6.095703
1 7.729196 -5.613310
10 7.729196 -5.613310
8 -5.484372 0.671889
8 -5.484372 0.671889
6 -4.010276 1.755230
3 8.452538 8.921829
7 2.190893 -6.095703
8 -5.484372 0.671889
8 -5.484372 0.671889
4 -4.463541 -3.064050
2 3.759429 3.935275
6 -8.280086 3.708797
7 -1.387079 -7.195338
7 2.190893 -6.095703
2 7.729196 -5.613310
1 7.729196 -5.613310
10 -18.160915 7.260635
5 3.808697 -13.522299
10 -7.517034 -7.712080
2 7.729196 -5.613310
6 5.842155 7.660383
8 -5.484372 0.671889
8 -5.484372 0.671889
2 -4.320159 5.252328
10 -7.299037 -0.919385
9 -0.851249 -1.199323
10 -19.922178 12.533534
2 7.729196 -5.613310
7 2.190893 -6.095703
4 -1.744586 4.943538
8 -1.826891 -7.499813
3 8.452538 4.963050
6 7.356751 -7.565397
9 -5.818125 -9.100948
8 -5.484372 0.671889
4 2.844122 -8.584574
8 6.281095 -5.768213
8 -5.484372 0.671889
1 -4.896555 -3.255954
3 7.387597 4.963050
9 8.681966 1.791953
10 7.729196 -5.613310
6 -3.494748 6.525960
6 7.356751 -7.565397
7 7.729196 -5.613310
2 3.808697 -13.522299
7 -8.384687 -6.490934
3 7.387597 8.921829
9 -5.818125 -6.415129
7 2.190893 -6.095703
2 7.729196 -5.613310
6 -9.321451 0.428603
8 -5.484372 0.671889
10 -4.979118 -7.026955
7 7.729196 -5.613310
8 -5.484372 0.671889
3 7.387597 4.963050
4 -4.463541 -1.782706
7 7.729196 -5.613310
9 -4.468658 -9.100948
9 -5.818125 -6.415129
4 -4.463541 -3.064050
3 8.452538 8.921829
8 -5.484372 0.671889
8 -0.147323 -8.736203
1 7.729196 -5.613310
1 7.729196 -5.613310
3 8.452538 4.963050
9 -4.468658 -6.415129
3 0.299449 -6.753575
4 -4.463541 -1.782706
5 -6.175588 -1.958562
1 7.729196 -5.613310
9 -5.818125 -9.100948
10 -6.856821 -6.624080
5 5.332916 9.693343
2 3.808697 -13.522299
8 -5.484372 0.671889
3 0.926832 -8.326416
5 -2.118716 8.668434
7 2.190893 -6.095703
1 7.729196 -5.613310
5 3.808697 -13.522299
3 7.387597 8.921829
7 2.190893 -6.095703
6 9.506899 -5.622423
4 -4.463541 -1.782706
4 -3.351879 9.180551
7 4.456354 7.509209
3 7.387597 4.963050
10 2.190893 -6.095703
10 -19.922178 12.533534
