10 100
K 1.350592 -2.338118 2.551322
K 0.104158 -2.991382 4.900084
P -6.028153 5.872341 -2.137062 10.760785
P -1.420502 5.627370 0.507730 6.801060
P -6.584924 -6.217748 -4.068356 -4.841743
Z 1 3.090233 -4.204369 3.821717 -3.522510
P 2.066534 -8.455279 4.547676 -4.037999
P 9.174602 -2.924610 13.769522 -1.673870
P 5.715615 -2.330925 7.485037 1.394009
K 7.061449 -4.882861 3.499102
1 -6.8093 -0.1120
7 2.0665 -4.0380
7 2.0665 -4.0380
3 -2.1371 10.7608
2 9.6393 5.7994
9 7.4850 1.3940
5 -4.0684 -6.2177
5 -8.2259 6.5813
3 -0.0824 6.3840
6 4.8299 -6.0706
6 -2.3732 -4.6636
1 1.3506 -2.3381
3 7.3376 2.3977
3 -6.0282 5.8723
9 7.4850 1.3940
8 9.1746 -1.6739
5 -4.0684 -4.8417
9 7.4850 -2.3309
9 -6.6896 0.3262
10 7.0614 -4.8829
1 1.3506 -2.3381
8 13.7695 -1.6739
5 -4.0684 -4.8417
4 1.8721 4.6174
8 4.8196 -5.3448
7 -6.9999 -8.0443
8 9.1746 -1.6739
5 9.0667 -9.0142
4 -1.4205 6.8011
9 9.6187 8.3899
8 9.1746 -1.6739
1 1.3506 -2.3381
5 -6.5849 -4.8417
6 4.8299 -6.0706
3 -2.1371 5.8723
6 4.8299 -6.0706
1 1.3506 -2.3381
2 0.1042 -2.9914
2 -8.0370 -8.4996
9 5.7156 -2.3309
2 0.1042 -2.9914
8 13.7695 -1.6739
9 4.1784 -6.8508
7 2.0665 -4.0380
4 -1.4205 5.6274
4 -1.4205 6.8011
1 1.3506 -2.3381
7 -9.7438 -5.1609
4 -1.4205 5.6274
6 4.8299 -6.0706
6 4.8299 -6.0706
3 -6.0282 10.7608
5 -4.0684 -6.2177
9 5.7156 1.3940
9 7.4850 -2.3309
2 0.1042 -2.9914
4 0.5077 6.8011
3 8.5570 0.8803
10 -3.7189 3.5885
4 -1.4205 6.8011
2 4.4266 1.0118
5 -4.0684 -6.2177
3 -6.0282 10.7608
10 7.0614 -4.8829
10 7.0614 -4.8829
2 0.1042 -2.9914
8 9.1746 -2.9246
3 -2.1371 10.7608
2 -1.0213 -7.0591
8 13.7695 -1.6739
10 7.0614 -4.8829
9 5.7156 1.3940
6 4.8299 -6.0706
9 7.4850 -2.3309
10 7.0614 -4.8829
9 5.7156 -2.3309
7 4.5477 -4.0380
7 3.0182 -8.8498
2 0.1042 -2.9914
5 2.1358 6.7581
5 -4.0684 -4.8417
7 2.0665 -4.0380
9 5.7156 -2.3309
7 2.0665 -4.0380
3 -0.1961 6.7097
5 -4.0684 -4.8417
1 -4.1962 7.9307
7 9.7042 3.1395
10 7.0614 -4.8829
8 5.3210 0.0223
9 7.4850 -2.3309
4 -1.4205 6.8011
4 0.5077 6.8011
1 1.3506 -2.3381
1 1.3506 -2.3381
4 0.1819 0.3896
10 -3.8150 1.8716
5 -5.7313 5.2601
1 1.3506 -2.3381
8 0.0965 -0.2671
