10 100
K -9.658791 -2.878155 3.134257
K 7.531392 0.286414 1.751919
K -0.161362 5.162105 2.597082
K -6.521143 9.969045 1.013881
K -6.887159 -5.251178 4.685163
K 1.701302 -4.856872 1.991923
K -0.379720 -0.971392 1.097641
K -5.233119 5.019474 2.442162
P -4.324435 8.791610 -3.161411 11.352834
K 4.010541 -2.740038 3.110832
8 -9.691771 -9.237050
7 -0.379720 -0.971392
5 -6.887159 -5.251178
6 1.701302 -4.856872
10 4.010541 -2.740038
3 2.356096 -7.249548
9 -3.161411 11.352834
6 -2.035415 -4.661557
6 1.701302 -4.856872
1 0.092410 7.426148
3 -6.323823 -8.052983
5 -9.930083 -4.817399
6 2.075832 2.497273
1 -9.658791 -2.878155
4 -6.521143 9.969045
4 0.903713 -8.255197
3 -0.161362 5.162105
4 4.461412 -5.085311
7 -0.379720 -0.971392
9 -3.161411 8.791610
5 -6.887159 -5.251178
7 -0.379720 -0.971392
9 -4.324435 8.791610
1 8.281883 1.209711
6 4.133441 5.862344
7 -0.379720 -0.971392
9 -4.324435 8.791610
5 6.371745 -5.674837
3 -0.161362 5.162105
5 -6.887159 -5.251178
2 8.711936 -4.780402
2 7.531392 0.286414
7 -0.379720 -0.971392
3 -1.214349 2.337484
10 4.010541 -2.740038
1 -9.658791 -2.878155
1 5.134732 -5.282100
8 0.929993 0.139431
8 -5.233119 5.019474
4 -6.521143 9.969045
3 -0.161362 5.162105
2 7.531392 0.286414
5 -6.887159 -5.251178
4 -6.521143 9.969045
8 -1.137098 -1.478068
8 7.394025 7.750186
1 -9.658791 -2.878155
7 6.172558 -4.000560
2 7.531392 0.286414
2 7.531392 0.286414
9 0.904044 5.080311
8 -3.120643 5.721609
9 9.153651 -1.719740
9 3.141395 4.660151
1 7.087388 -9.663651
1 -9.658791 -2.878155
6 -4.396552 -9.679689
3 -0.161362 5.162105
4 -6.521143 9.969045
7 -0.379720 -0.971392
10 4.010541 -2.740038
8 -5.233119 5.019474
10 3.870249 -7.334935
9 -4.324435 8.791610
8 -5.233119 5.019474
3 4.451999 -8.180011
7 1.649592 -5.489880
2 7.531392 0.286414
10 4.010541 -2.740038
10 -2.290497 -0.531076
2 7.531392 0.286414
6 1.701302 -4.856872
10 4.010541 -2.740038
8 -5.233119 5.019474
6 9.902826 6.089727
5 -6.887159 -5.251178
8 7.730603 0.860745
3 -0.161362 5.162105
3 -8.584860 5.361121
8 -5.233119 5.019474
7 -6.349441 -8.669679
2 -1.627520 0.882930
9 -8.253741 -7.261285
8 -0.186572 -3.530987
7 -0.379720 -0.971392
2 7.531392 0.286414
9 -4.324435 11.352834
5 -6.887159 -5.251178
7 -0.379720 -0.971392
10 -9.176169 8.864117
7 -0.379720 -0.971392
2 7.531392 0.286414
6 1.701302 -4.856872
9 7.069165 -1.272434
1 -9.658791 -2.878155
5 1.718897 9.829201
3 -0.161362 5.162105
4 -6.521143 9.969045
3 6.089250 -7.871800
8 0.038284 3.542696
