10 100
K -3.306257 4.928866 4.544722
Z 1 -4.322181 0.499148 -3.347486 0.275609
K 9.422106 7.255354 4.302684
P -6.108271 7.319373 -4.203963 9.320466
Z 3 -2.444428 2.356152 -6.794799 9.538572
P 1.144587 -0.161480 6.079476 3.422867
P -8.349858 8.450533 -5.937245 10.063300
K 9.036837 -0.697550 4.752431
Z 2 7.563577 -2.260930 0.405150 4.244079
P -4.606130 9.517503 -0.448243 13.906391
9 -5.074383 -1.798765
2 -3.306257 4.928866
5 3.467698 9.296278
4 -1.360389 5.487435
6 6.469914 -6.267150
10 -0.448243 9.517503
5 -2.651072 -1.250853
6 1.144587 3.422867
4 -4.203963 9.320466
1 -3.306257 4.928866
8 9.036837 -0.697550
4 -9.423523 6.876370
8 9.036837 -0.697550
4 -4.203963 7.319373
8 9.036837 -0.697550
2 -3.306257 4.928866
8 9.036837 -0.697550
2 8.783150 -6.130770
9 7.994435 10.741203
1 -3.306257 4.928866
7 -5.937245 8.450533
3 9.422106 7.255354
8 9.036837 -0.697550
3 -7.487202 -1.538774
6 1.144587 3.422867
5 9.422106 7.255354
7 -6.129071 7.548961
4 7.520293 0.843748
8 9.036837 -0.697550
5 -12.282926 -5.891319
6 1.144587 -0.161480
1 -3.306257 4.928866
6 6.079476 -0.161480
10 -0.448243 9.517503
8 9.036837 -0.697550
10 8.845784 -9.878372
2 -3.306257 4.928866
7 -8.349858 10.063300
6 0.689095 5.951630
4 -6.108271 9.320466
5 9.422106 7.255354
3 9.422106 7.255354
7 -0.628246 -5.056629
8 9.036837 -0.697550
7 -4.922911 -0.992695
9 1.301336 -7.154289
8 -3.851133 6.349873
7 3.069331 -5.779578
5 -8.420467 4.546448
7 4.599154 -0.561763
3 0.548337 -7.686936
6 6.079476 -0.161480
9 9.299771 3.676058
5 9.422106 7.255354
8 9.036837 -0.697550
3 9.422106 7.255354
6 1.529409 6.199448
7 -5.937245 10.063300
7 -5.937245 8.450533
6 1.144587 3.422867
2 -3.306257 4.928866
5 -12.282926 -5.891319
5 9.422106 7.255354
6 6.079476 -0.161480
2 -5.338106 -3.930569
2 -3.306257 4.928866
4 -3.385207 6.306592
5 -12.282926 -5.891319
10 2.732380 1.074373
10 -0.448243 9.517503
2 -5.338106 -3.930569
3 9.422106 7.255354
2 0.679336 -6.952930
4 -6.108271 7.319373
6 6.079476 -0.161480
5 9.422106 7.255354
2 -3.306257 4.928866
8 9.036837 -0.697550
9 7.967440 5.986705
4 -6.108271 9.320466
5 9.422106 7.255354
6 6.079476 3.422867
4 -6.108271 9.320466
2 -5.338106 -3.930569
7 -5.937245 8.450533
7 -8.349858 8.450533
10 -0.448243 9.517503
1 -8.160485 -8.835142
7 -0.080315 3.221784
10 -4.606130 9.517503
8 9.036837 -0.697550
3 -8.974542 -6.655300
4 -6.108271 7.319373
10 -0.448243 9.517503
5 9.422106 7.255354
10 8.842841 -5.514059
10 -4.606130 13.906391
8 -8.370003 6.848293
3 9.422106 7.255354
9 -3.306257 4.928866
