10 100
K -0.314964 -9.341086 3.024504
K 6.771645 8.894944 2.657342
Z 1 -3.328485 -8.578547 1.603102 -4.134434
P 9.486546 3.437804 11.423029 6.197403
Z 3 -0.335420 -6.316650 -1.335397 -6.323414
K 1.071258 4.154317 2.972527
P -4.501116 1.520233 -1.524137 4.197268
P 5.768150 -1.465729 9.842965 2.538735
P 6.343451 9.304956 7.774045 12.367600
K -7.030320 0.904495 3.083881
6 1.071258 4.154317
3 -3.774391 -5.502196
8 9.842965 2.538735
5 -0.314964 -9.341086
10 -7.030320 0.904495
9 -3.035699 -1.259755
7 -4.501116 4.197268
3 1.608626 0.686304
7 -1.241736 3.501914
7 -4.501116 1.520233
4 9.486546 3.437804
2 -7.922566 1.361597
7 -1.524137 4.197268
1 -0.314964 -9.341086
4 11.423029 3.437804
2 6.771645 8.894944
7 -7.611691 -2.145590
6 1.071258 4.154317
5 -3.774391 -5.502196
1 4.266126 6.644184
8 -1.594919 9.156044
7 -4.501116 1.520233
10 -7.030320 0.904495
2 6.771645 8.894944
6 1.071258 4.154317
9 7.774045 12.367600
3 -3.774391 -5.502196
10 -7.030320 0.904495
5 -3.763060 -7.177546
10 -7.030320 0.904495
8 5.583058 2.591494
2 6.771645 8.894944
10 -7.030320 0.904495
8 5.768150 2.538735
5 -5.346283 0.735963
7 3.954865 2.205715
2 6.771645 8.894944
1 -0.314964 -9.341086
10 6.343129 6.942018
8 -5.797154 0.498765
5 -3.774391 -5.502196
4 9.486546 6.197403
8 5.768150 -1.465729
4 11.423029 6.197403
8 5.768150 -1.465729
4 -9.470915 -8.685021
8 9.842965 -1.465729
6 1.071258 4.154317
9 7.774045 9.304956
3 -3.774391 -5.502196
10 1.789057 -6.018286
6 1.071258 4.154317
8 5.768150 2.538735
1 -0.314964 -9.341086
4 9.486546 3.437804
8 5.768150 -1.465729
4 9.486546 3.437804
6 1.071258 4.154317
10 -7.030320 0.904495
4 9.486546 6.197403
5 -0.355875 -3.292215
6 1.071258 4.154317
7 -4.501116 4.197268
9 7.774045 12.367600
3 9.382685 5.829919
8 -1.616549 -2.534191
8 9.842965 -1.465729
2 6.489937 -1.071169
9 -7.791992 -1.564661
4 11.423029 3.437804
6 1.071258 4.154317
2 6.771645 8.894944
3 -0.314964 -9.341086
10 -7.030320 0.904495
5 -3.763060 -7.177546
10 -7.030320 0.904495
10 2.278657 -2.766904
3 -0.314964 -9.341086
3 -0.314964 -9.341086
9 6.343451 12.367600
9 6.343451 9.304956
8 5.768150 -1.465729
1 -0.314964 -9.341086
1 -2.597321 7.386541
7 9.587051 1.073998
10 -7.030320 0.904495
9 -6.427441 -6.134901
4 5.380890 -7.120305
7 4.241596 6.546788
6 1.071258 4.154317
8 2.376558 0.368314
3 1.677267 -3.617167
3 -3.774391 -5.502196
4 9.486546 6.197403
6 1.071258 4.154317
4 -6.719185 8.579105
9 -5.590533 -2.558797
7 9.886403 -4.985706
1 -0.314964 -9.341086
4 11.423029 3.437804
