10 100
P 9.850516 -8.020821 13.278477 -5.867465
Z 1 9.850516 -8.020821 10.650150 -7.420332
Z 1 13.278477 -8.020821 12.849652 -7.117433
Z 2 9.850516 -5.867465 8.911354 -5.523991
Z 1 13.278477 -8.020821 13.599522 -8.967885
K -1.380540 -1.406943 4.546843
Z 6 -1.348997 0.127569 -7.503636 -1.441762
K -0.867560 9.039287 1.727349
K 3.760791 1.259097 2.651231
K 8.528857 -4.451133 1.406127
6 -1.4689 1.6628
6 1.8398 4.2808
5 -1.9880 2.3673
4 9.8505 -8.0208
2 9.8505 -8.0208
5 13.2785 -8.0208
5 -5.5406 -4.0053
3 9.8505 -5.8675
1 -6.4603 -4.6525
6 -1.3805 -1.4069
8 -0.8676 9.0393
1 -3.2459 -0.9937
6 -2.1067 7.5051
8 -0.8676 9.0393
8 -0.8676 9.0393
5 11.9690 -6.3114
3 13.2785 -8.0208
2 12.8743 -5.3292
7 -1.3805 -1.4069
10 8.5289 -4.4511
5 0.8389 -1.8477
1 -9.9776 -0.8301
2 13.2785 -5.8675
5 9.8505 -8.0208
10 8.5289 -4.4511
3 -2.2967 -5.4017
3 11.6101 -6.6594
1 9.8505 -5.8675
6 -1.3805 -1.4069
6 -1.3805 -1.4069
9 -0.1432 -6.0141
9 3.7608 1.2591
3 2.5034 -6.7975
9 3.7608 1.2591
10 8.2740 9.2926
1 9.8505 -8.0208
3 13.2785 -5.8675
7 -2.1115 1.4596
7 -0.5017 1.9386
4 9.8505 -5.8675
4 1.4217 3.6647
10 8.5289 -4.4511
7 -1.3805 -1.4069
5 15.9998 -5.9363
4 9.8505 -5.8675
10 8.5289 -4.4511
3 13.7773 -4.0035
5 0.5559 -0.4349
7 -1.3805 -1.4069
1 13.2785 -5.8675
10 8.5289 -4.4511
4 9.8505 -5.8675
9 -7.9226 -4.3655
1 13.2785 -8.0208
6 0.8428 0.0516
7 -2.1115 1.4596
4 -3.0061 -2.7233
4 -5.3704 -5.2794
2 10.8063 -4.7288
8 -0.8676 9.0393
1 13.2785 -5.8675
5 -8.3434 -4.7263
9 3.7608 1.2591
1 5.1960 -8.0955
10 8.5289 -4.4511
1 4.7862 -8.6621
7 -1.3805 -1.4069
5 14.6903 -4.2268
7 -9.7404 9.0083
5 -8.3315 -3.6039
3 11.6101 -6.6594
10 2.2436 9.4094
6 -7.8603 -0.2204
10 8.2622 6.1498
6 -1.3805 -1.4069
9 3.7608 1.2591
7 -1.3805 -1.4069
2 11.9185 -8.6212
8 -0.8676 9.0393
2 7.8412 3.3620
6 0.6433 8.7290
7 -1.3805 -1.4069
2 -0.2350 8.8093
2 -1.6632 9.2491
2 9.8505 -8.0208
3 6.7429 4.9108
4 11.8136 -8.2295
3 13.7773 -4.0035
1 9.8505 -8.0208
9 3.7608 1.2591
6 9.3620 -3.4760
1 9.8505 -8.0208
1 9.8505 -5.8675
10 8.5289 -4.4511
7 -5.6569 -4.2998
5 11.9690 -6.3114
8 -0.8676 9.0393
8 -0.8676 9.0393
3 -4.4126 -5.9892
1 13.2785 -8.0208
