10 100
K -7.210981 5.439112 2.070709
P 3.973661 -1.642966 7.874059 1.787578
K -0.294348 -8.198009 1.762360
K -0.062166 9.532791 1.604510
P -1.694517 -0.465367 2.617359 0.958422
Z 3 -0.175641 5.791149 -1.651118 -7.099286
Z 1 -9.146139 4.702229 -8.790279 3.767690
Z 1 -7.210981 5.439112 -7.563963 6.374742
K -5.291581 -4.425731 4.445858
K -6.082823 3.118263 2.439455
4 -0.0622 9.5328
5 6.2335 -3.5164
1 9.8266 -3.4942
2 -4.0933 -5.3875
6 -0.2943 -8.1980
10 -6.0828 3.1183
10 -0.6370 4.4425
8 -7.2110 5.4391
9 2.0238 4.8326
8 -7.2110 5.4391
8 -7.2110 5.4391
8 5.0651 0.6011
3 7.0122 0.7514
4 -0.0622 9.5328
9 -5.2916 -4.4257
9 -5.2916 -4.4257
8 -7.2110 5.4391
7 7.1368 8.9739
3 -4.1038 7.2855
7 -11.0813 3.9653
6 -8.3948 5.3789
8 -7.2110 5.4391
7 -11.0813 3.9653
1 -7.2110 5.4391
5 3.0191 -2.8323
8 0.9371 -1.2357
2 7.8741 1.7876
1 -7.2110 5.4391
6 -4.7234 -0.5010
9 -5.2916 -4.4257
8 -7.2110 5.4391
6 -0.2943 -8.1980
8 2.9130 -8.8928
3 -0.2943 -8.1980
2 3.9737 -1.6430
8 -7.2110 5.4391
7 7.2783 -7.8521
9 -5.2916 -4.4257
7 -7.2110 5.4391
7 7.9804 -5.8196
4 1.0336 -0.7120
4 -0.0622 9.5328
1 -9.5132 9.2336
10 7.7787 0.3422
2 7.8741 -1.6430
5 0.7518 5.6968
7 4.3929 3.3656
4 -0.0622 9.5328
2 7.8741 -1.6430
10 -6.0828 3.1183
5 4.6559 3.3369
5 2.6174 -0.4654
2 9.2733 -3.2300
5 -5.7757 -0.0328
1 -7.2110 5.4391
6 -0.2943 -8.1980
4 -0.0622 9.5328
10 -7.9125 -7.4066
6 -3.2211 -7.8630
8 1.4033 0.5685
8 -7.2110 5.4391
4 2.5056 8.7897
7 -7.2110 5.4391
3 -0.2943 -8.1980
2 3.9737 1.7876
10 -6.0828 3.1183
2 7.8741 -1.6430
4 -0.0622 9.5328
8 -8.1255 4.3490
7 -7.2110 5.4391
10 -6.0828 3.1183
1 -7.2110 5.4391
3 3.2732 -8.8630
8 -7.2110 5.4391
7 -8.9316 7.2142
6 -3.2211 -7.8630
1 -7.2110 5.4391
7 -7.2110 5.4391
3 -0.2943 -8.1980
7 0.7292 5.2472
6 7.5782 -2.0406
2 7.8741 -1.6430
3 -0.2943 -8.1980
10 -0.5616 4.9109
9 -5.2916 -4.4257
7 -7.2110 5.4391
10 -4.9323 2.5183
1 -1.2807 5.3258
3 8.8504 5.0772
2 -6.2095 -3.3487
1 -6.5905 -7.2306
5 2.6174 0.9584
5 -0.9255 -8.0264
6 -8.1496 -9.4760
10 -6.0828 3.1183
7 -7.2110 5.4391
8 -7.2110 5.4391
6 4.4952 -3.4729
8 -7.2110 5.4391
7 -11.0813 3.9653
