10 100
K 8.319975 7.679328 1.828066
Z 1 8.319975 7.679328 7.614052 8.387617
Z 2 8.319975 7.679328 9.106371 8.297050
Z 2 8.927933 5.955318 9.871012 6.287887
K -4.087135 2.570050 4.235506
Z 2 6.638226 8.395950 6.246215 7.475989
K -1.494964 -8.517763 3.662078
K 4.359959 8.989896 2.443717
P 9.469092 -3.393345 12.865686 1.546084
Z 2 10.126022 7.962207 9.971280 8.950162
4 8.319975 7.679328
6 4.956477 9.112571
2 8.319975 7.679328
3 -7.128742 -1.954780
5 -4.087135 2.570050
8 4.359959 8.989896
2 8.319975 7.679328
7 5.275440 -3.682951
6 8.319975 7.679328
10 6.790224 2.896179
10 11.932069 8.245086
10 -7.693900 -4.833185
3 8.319975 7.679328
7 8.202022 7.116074
4 9.535891 4.231307
8 4.359959 8.989896
5 6.792656 4.866605
5 8.883286 2.417737
8 -1.701400 4.833265
7 -1.494964 -8.517763
7 -6.998479 0.754492
7 -1.494964 -8.517763
5 -4.087135 2.570050
6 8.319975 7.679328
4 8.319975 7.679328
2 8.504035 9.286365
5 8.103817 4.384347
4 9.535891 4.231307
8 -0.406303 4.453431
2 4.598461 2.124732
9 6.695797 -3.875306
2 8.319975 7.679328
2 8.319975 7.679328
4 9.535891 4.231307
5 -2.041148 -9.546995
3 8.319975 7.679328
4 9.535891 4.231307
6 4.257282 -1.882713
10 -3.016411 0.722373
5 -4.087135 2.570050
1 -4.502206 -9.945973
10 6.895977 -9.065473
8 4.359959 8.989896
3 8.319975 7.679328
2 8.319975 7.679328
7 -4.659785 9.386612
2 8.319975 7.679328
6 4.956477 9.112571
8 4.359959 8.989896
5 -4.087135 2.570050
6 8.319975 7.679328
9 1.948524 -0.459629
4 9.535891 4.231307
10 11.932069 8.245086
5 -4.087135 2.570050
10 11.932069 8.245086
9 3.833600 -2.723535
10 9.308976 2.253141
9 12.865686 -3.393345
5 -4.087135 2.570050
8 -8.972592 3.966921
8 4.359959 8.989896
5 4.731154 8.547551
9 7.118212 -5.952441
10 11.932069 8.245086
4 -7.701813 -0.032714
9 12.865686 -3.393345
1 8.319975 7.679328
6 4.956477 9.112571
3 8.319975 7.679328
2 8.319975 7.679328
4 8.319975 7.679328
6 4.956477 9.112571
8 4.359959 8.989896
10 11.932069 8.245086
2 8.319975 7.679328
7 -1.494964 -8.517763
4 -0.300114 6.945926
6 8.319975 7.679328
9 9.469092 -3.393345
7 -1.494964 -8.517763
9 9.469092 -3.393345
6 4.956477 9.112571
1 8.319975 7.679328
8 4.359959 8.989896
8 8.103521 -3.923140
3 8.319975 7.679328
3 8.319975 7.679328
8 4.359959 8.989896
6 4.956477 9.112571
7 -1.494964 -8.517763
6 8.319975 7.679328
8 4.359959 8.989896
2 8.319975 7.679328
10 11.932069 8.245086
8 2.303105 -2.695444
2 8.319975 7.679328
1 8.319975 7.679328
5 4.738895 -3.519522
2 8.319975 7.679328
