10 100
P 6.281924 9.444302 8.711942 12.181084
Z 1 -5.637311 9.789842 -4.149199 -1.389147
Z 1 8.711942 9.444302 9.649425 9.792333
Z 2 5.551923 -2.232215 0.083549 -2.757542
K 3.023236 3.086753 4.147508
P 4.450491 -1.912436 5.949607 -0.247246
P 7.170624 -4.095468 10.658234 -1.972531
Z 4 8.711942 12.181084 9.072012 13.114009
K -8.981459 6.586466 3.724937
Z 4 -17.629587 -17.500946 -18.602529 -17.731996
1 6.2819 12.1811
4 3.1126 -6.8473
7 10.6582 -1.9725
9 -8.9815 6.5865
7 7.1706 -4.0955
3 8.7119 9.4443
9 9.0835 0.9166
4 -15.0061 -14.9490
5 -6.4994 1.2373
9 -1.5355 9.7440
2 3.2676 8.5155
10 2.6388 -4.0417
10 -17.6296 -17.5009
4 -17.4296 -14.7715
2 0.7713 0.9961
8 -8.2088 1.7608
2 6.2819 9.4443
10 4.5301 -1.1026
4 7.2418 2.6050
1 6.2819 9.4443
9 -8.9815 6.5865
2 -19.3965 5.7026
10 -14.1389 -18.6009
9 5.1273 -8.1411
6 4.4505 -1.9124
5 3.0232 3.0868
5 3.0232 3.0868
7 2.7031 2.4185
10 9.4825 -9.7827
7 10.6582 -4.0955
3 6.8706 7.8586
8 25.1793 -11.5018
1 -9.1880 -3.2594
10 -8.5938 -9.3699
6 5.9496 -0.2472
10 -17.0511 6.3383
4 -15.2061 -17.6785
3 6.8706 7.8586
1 -1.0472 -9.4414
10 -16.2238 -19.8491
9 2.0026 1.2116
3 8.7119 12.1811
10 -4.0252 9.9351
2 -17.7670 8.9798
8 -6.3532 -7.1133
5 2.7703 1.7924
2 8.7119 12.1811
2 6.2819 9.4443
6 5.9496 -1.9124
4 6.2819 12.1811
5 3.0232 3.0868
4 -17.0511 6.3383
8 8.7119 12.1811
2 6.2819 9.4443
9 -8.9815 6.5865
10 -17.0511 6.3383
9 -8.9815 6.5865
2 6.2819 12.1811
4 -9.1936 4.8310
4 10.8771 -13.0936
9 -8.9815 6.5865
5 3.0232 3.0868
7 7.1706 -1.9725
5 3.0232 3.0868
5 3.0232 3.0868
6 5.9496 -0.2472
4 -2.0914 -5.5710
8 -10.6070 -8.6706
4 -17.7670 8.9798
5 3.0232 3.0868
3 0.2508 3.8222
5 -7.3779 3.6235
1 6.2819 9.4443
9 -8.9815 6.5865
1 6.2819 9.4443
1 6.2819 12.1811
8 8.7119 12.1811
4 9.9554 5.2688
6 5.9496 -1.9124
2 8.7119 12.1811
3 8.7119 12.1811
1 -1.9255 5.7632
1 8.7119 9.4443
2 8.7119 12.1811
6 -1.0460 -7.5296
10 -17.4296 -14.7715
10 -20.1124 8.3441
10 15.8434 -30.8187
5 3.0232 3.0868
4 8.7119 9.4443
4 8.4915 -13.5562
5 3.0232 3.0868
1 6.2819 12.1811
9 5.9969 -1.0136
3 6.8706 7.8586
2 6.2819 9.4443
4 -4.6753 -7.2982
4 -0.3841 0.8017
10 15.8434 -30.8187
6 5.9496 -0.2472
