10 100
K -9.703404 2.440305 2.402860
P -0.197335 8.705014 1.263543 10.134515
Z 1 -8.591662 4.570509 -9.478190 5.033183
P 6.693563 5.569402 9.883637 9.271338
Z 3 -5.096260 6.397567 -4.970100 7.389577
Z 3 3.352476 -6.742314 -3.508394 -0.418516
Z 1 -9.703404 2.440305 -10.696654 2.556300
Z 2 3.751720 -4.025990 1.851879 -9.631646
P -0.361915 0.423815 4.174997 4.474310
K -0.318919 1.342228 3.447354
8 14.336684 5.703833
8 1.263543 8.705014
3 -7.479920 6.700712
3 -7.479920 6.700712
9 4.174997 0.423815
3 -7.479920 6.700712
3 -7.479920 6.700712
3 4.252543 -7.805906
5 -1.626290 1.413090
3 2.268294 1.607267
8 13.467557 4.568892
6 -10.927056 2.960815
7 -1.465103 -7.626069
9 4.174997 4.474310
5 7.643941 1.971161
2 1.263543 10.134515
6 -7.479920 6.700712
3 -9.703404 2.440305
7 -9.703404 2.440305
6 -3.351505 7.647526
6 -10.927056 2.960815
10 0.807437 4.077558
3 -7.479920 6.700712
4 -8.082959 1.298802
5 1.183614 -7.988875
8 -9.074313 5.724588
10 -0.318919 1.342228
6 -9.703404 2.440305
2 1.263543 10.134515
4 6.693563 9.271338
9 4.174997 0.423815
5 -5.741523 0.214211
8 1.263543 10.134515
2 1.263543 8.705014
7 -9.703404 2.440305
10 -0.318919 1.342228
4 9.883637 9.271338
9 -0.361915 0.423815
5 -2.712599 6.094423
4 9.883637 5.569402
8 -3.842370 0.896752
3 -9.703404 2.440305
9 6.600784 -2.544204
4 9.883637 5.569402
1 -9.703404 2.440305
2 -6.943068 0.893410
3 -8.139445 0.814299
4 -8.624623 9.946503
5 -7.479920 6.700712
4 9.883637 5.569402
6 -7.479920 6.700712
5 -9.703404 2.440305
7 -9.703404 2.440305
3 -7.479920 6.700712
6 -7.479920 6.700712
1 -9.703404 2.440305
10 -0.318919 1.342228
1 -2.350732 -1.636566
3 -9.703404 2.440305
1 -8.890418 -3.063475
4 9.883637 5.569402
10 -0.318919 1.342228
6 -5.475550 6.984545
8 -0.816225 4.938181
3 -9.703404 2.440305
5 -7.760997 -8.895754
4 6.693563 9.271338
3 4.143637 -1.003345
4 6.693563 5.569402
5 -2.712599 6.094423
1 -9.703404 2.440305
2 -0.197335 8.705014
10 -0.318919 1.342228
9 2.319398 7.264387
8 1.263543 10.134515
6 8.844638 8.761766
5 -2.712599 6.094423
1 -9.703404 2.440305
9 -3.919122 -3.623539
10 -0.318919 1.342228
4 -3.270169 -5.625183
9 9.844958 8.401404
2 -0.197335 10.134515
2 0.161936 -8.852225
3 -9.703404 2.440305
4 6.693563 9.271338
9 -0.361915 0.423815
10 -9.676926 -7.775529
2 -0.197335 8.705014
9 6.324706 -3.023222
6 -10.927056 2.960815
8 0.757074 8.829530
1 -9.703404 2.440305
8 -7.163138 -8.107943
10 -0.318919 1.342228
5 -9.703404 2.440305
7 -9.703404 2.440305
8 3.336903 -5.459637
5 -1.626290 1.413090
1 -9.703404 2.440305
