10 100
K 1.327339 3.225571 1.905398
K 2.343194 6.715433 1.360696
K -6.681128 -3.730809 2.664615
K -5.791665 -3.564279 1.149925
K -0.688503 -0.002534 1.629088
K -6.562330 4.667845 4.537484
P 9.721834 -6.521018 12.689440 -1.916696
P 8.372508 -2.303818 12.979015 2.548436
K -1.277448 -5.480157 3.061835
P 2.144458 -3.955787 3.500038 0.921935
1 1.327339 3.225571
9 -1.277448 -5.480157
7 12.689440 -6.521018
10 2.144458 -3.955787
6 1.743598 0.107835
2 7.137293 5.309530
8 12.979015 -2.303818
3 2.643403 3.068812
7 12.689440 -6.521018
10 3.500038 -3.955787
7 12.689440 -6.521018
10 2.144458 -3.955787
9 -1.277448 -5.480157
1 1.327339 3.225571
9 4.613554 5.157562
4 -5.791665 -3.564279
3 -5.967649 -5.065170
2 2.343194 6.715433
8 8.372508 -2.303818
1 -7.044043 9.520166
5 -0.688503 -0.002534
6 2.742238 -9.800083
10 3.500038 0.921935
4 -5.791665 -3.564279
1 1.327339 3.225571
5 -0.688503 -0.002534
1 4.588489 7.803426
9 -1.277448 -5.480157
9 -1.277448 -5.480157
5 -0.688503 -0.002534
9 -1.277448 -5.480157
1 1.327339 3.225571
2 -4.033975 3.332177
9 5.232454 7.305699
4 -5.791665 -3.564279
9 -9.534545 -8.378916
2 2.343194 6.715433
2 2.343194 6.715433
6 -6.785824 1.522524
2 6.620756 -6.951606
2 -0.196372 -5.686766
5 -8.348207 -7.723384
4 -5.791665 -3.564279
9 -8.059114 -0.152559
1 -5.623557 -4.420526
6 -6.562330 4.667845
4 -5.791665 -3.564279
1 1.327339 3.225571
1 1.327339 3.225571
8 8.372508 -2.303818
10 3.500038 -3.955787
10 -9.608911 -9.263216
4 -5.791665 -3.564279
10 -4.846854 -2.823176
9 -1.277448 -5.480157
1 1.327339 3.225571
6 -3.960945 1.773486
6 -6.562330 4.667845
8 8.068210 8.710143
7 -9.418188 2.421491
6 -6.562330 4.667845
7 -1.170435 0.573658
2 0.613370 -0.848362
9 -1.277448 -5.480157
10 2.144458 0.921935
3 -6.681128 -3.730809
3 -6.681128 -3.730809
6 -6.562330 4.667845
10 2.144458 0.921935
1 1.327339 3.225571
9 8.124039 -8.206611
1 -7.567913 0.733098
8 8.372508 -2.303818
10 4.229369 -3.509375
1 -4.361646 -8.091242
2 2.343194 6.715433
9 -1.277448 -5.480157
5 -0.688503 -0.002534
3 -4.208471 -0.240088
7 9.721834 -6.521018
10 3.500038 0.921935
10 2.144458 -3.955787
4 -5.791665 -3.564279
10 4.489891 -4.477409
8 8.372508 2.548436
2 2.343194 6.715433
7 12.689440 -6.521018
10 3.500038 0.921935
4 -5.791665 -3.564279
1 1.327339 3.225571
6 -7.376731 -8.131828
7 -7.565232 -4.256143
2 2.343194 6.715433
9 -1.277448 -5.480157
1 1.327339 3.225571
7 12.689440 -1.916696
5 -0.688503 -0.002534
1 1.327339 3.225571
6 -6.562330 4.667845
6 -6.562330 4.667845
