10 100
K -8.495410 -3.084069 2.616969
K 3.229486 8.669423 1.709929
K 2.884250 0.800701 4.060400
P -1.535608 8.824783 1.948493 11.001434
P 3.074475 6.565153 5.451603 10.116335
Z 1 -8.495410 -3.084069 -7.995835 -2.217799
Z 2 1.865295 7.638482 2.468210 6.840677
P -7.656590 3.304647 -3.126923 7.909635
P 2.354040 -4.712347 3.533401 -3.496815
P -3.446304 6.978750 0.014693 9.294131
10 -3.4463 6.9787
4 1.9485 8.8248
7 -2.1574 -5.3526
1 -8.4954 -3.0841
4 -2.1164 7.4447
1 -8.4954 -3.0841
9 3.5334 -3.4968
6 -8.4954 -3.0841
1 -8.4954 -3.0841
5 0.0563 5.1612
8 -3.1269 3.3046
4 -1.5356 11.0014
7 0.5011 6.6075
4 1.5306 -6.2622
3 2.8842 0.8007
10 0.0147 9.2941
3 2.8842 0.8007
5 3.0745 10.1163
3 2.8842 0.8007
5 -7.6603 6.4747
6 -8.4954 -3.0841
7 5.9367 -8.4687
10 -3.4463 6.9787
4 -1.5356 11.0014
3 2.8842 0.8007
8 -3.5358 -8.0662
3 2.8842 0.8007
9 3.5334 -3.4968
7 0.5011 6.6075
3 2.8842 0.8007
7 0.5011 6.6075
4 -1.5356 11.0014
4 -1.5356 11.0014
4 -8.3624 -8.3397
4 -1.5356 11.0014
9 3.5334 -4.7123
6 -8.4954 -3.0841
1 2.6129 -9.8613
7 3.2295 8.6694
7 3.2295 8.6694
10 2.8917 -0.4764
8 -7.6566 7.9096
3 2.8842 0.8007
1 -8.4954 -3.0841
6 -8.7346 -0.0853
3 2.8842 0.8007
9 2.3540 -3.4968
3 2.8842 0.8007
1 9.3302 -5.8523
3 2.8842 0.8007
3 2.8842 0.8007
8 -3.1269 3.3046
5 1.3931 -1.5477
3 2.8842 0.8007
1 -8.4954 -3.0841
1 7.6358 -5.6325
1 -8.4954 -3.0841
6 -8.4954 -3.0841
7 3.2295 8.6694
7 0.5011 6.6075
9 -0.6670 0.4895
10 -3.4463 9.2941
3 -5.1354 0.9165
3 2.8842 0.8007
2 3.2295 8.6694
4 1.9485 8.8248
8 7.2750 4.6195
3 3.3918 -6.8542
7 9.0994 1.4382
10 2.9192 7.7975
10 -3.4463 6.9787
4 1.9485 8.8248
7 3.2295 8.6694
6 -8.4954 -3.0841
1 -9.2448 -4.2506
5 3.0745 6.5652
5 3.0745 10.1163
7 0.5011 6.6075
8 -7.6566 3.3046
4 -1.5356 8.8248
2 3.2295 8.6694
10 -6.7915 -6.6466
2 3.2295 8.6694
1 -8.4954 -3.0841
3 2.8842 0.8007
2 3.2295 8.6694
3 2.8842 0.8007
10 0.0147 9.2941
1 -8.4954 -3.0841
2 9.3863 5.8394
6 -8.4954 -3.0841
8 9.6587 5.4691
9 -8.2820 0.1569
3 7.2809 4.7312
1 -8.4954 -3.0841
6 -8.4954 -3.0841
8 -3.1269 7.9096
5 5.4516 6.5652
9 2.3540 -3.4968
1 -8.4954 -3.0841
