10 100
K -6.588059 2.296011 2.401539
P 2.119119 1.189641 3.932994 4.736115
P -5.798992 -2.809406 -1.162663 1.118745
Z 3 -0.981657 -1.985278 -7.104860 3.707980
P -4.178681 0.600447 -1.850540 3.745245
P 3.211995 9.149102 6.261200 12.283818
Z 6 6.261200 12.283818 6.952094 11.560861
P 3.187457 9.871102 6.378647 12.543922
Z 4 -8.173015 1.458008 3.166756 -1.891019
P 8.205257 -0.009830 10.366811 3.026939
5 9.284774 -1.464660
7 6.261200 12.283818
6 6.261200 12.283818
6 3.211995 9.149102
6 6.261200 9.149102
4 -4.427569 2.593736
9 -1.162663 1.118745
6 -9.862013 -8.648534
6 4.021658 -7.193411
10 8.205257 3.026939
3 -5.798992 1.118745
2 1.873587 2.849572
3 -5.798992 -2.809406
1 -6.588059 2.296011
2 2.119119 1.189641
4 -0.172862 -1.744858
6 -6.327305 -5.034578
9 -5.798992 1.118745
10 8.205257 -0.009830
8 3.187457 12.543922
5 -4.178681 3.745245
10 8.205257 3.026939
5 -4.178681 3.745245
3 -1.162663 -2.809406
4 -4.427569 2.593736
3 -1.162663 -2.809406
8 6.378647 9.871102
10 10.366811 -0.009830
8 3.187457 9.871102
3 -1.162663 1.118745
9 -1.162663 -2.809406
6 6.261200 12.283818
9 -4.427569 2.593736
2 2.119119 1.189641
10 1.823841 8.959649
2 2.119119 4.736115
10 10.366811 -0.009830
1 9.860186 -4.608196
8 6.378647 12.543922
1 -6.588059 2.296011
5 -4.178681 0.600447
4 -4.260855 4.590799
4 2.093595 -2.354296
9 -2.850491 2.168753
8 5.508490 -8.902530
4 -4.090627 -2.030334
4 -4.427569 2.593736
10 -7.905718 -0.178029
8 6.378647 12.543922
3 -1.162663 1.118745
6 -3.774127 2.324946
9 -6.394080 -9.546510
10 -3.791297 3.708614
7 2.664042 -4.231655
3 -5.798992 -2.809406
9 -2.511483 -3.898454
6 -5.112307 1.747952
8 3.187457 12.543922
6 -6.813973 -0.659395
7 -9.421941 -8.152550
5 0.925444 -5.169035
5 -1.850540 0.600447
6 3.211995 9.149102
3 -9.489383 8.304381
5 -4.178681 0.600447
10 -2.277704 -4.769471
4 -5.798992 -2.809406
5 -1.850540 0.600447
8 -7.000368 -4.572646
2 2.119119 4.736115
4 0.847679 -3.345856
3 -1.162663 1.118745
5 -1.850540 0.600447
5 -4.178681 3.745245
4 -0.509805 2.879212
4 -3.209788 -5.289939
6 6.261200 9.149102
2 3.932994 1.189641
4 -1.162663 1.118745
10 10.366811 3.026939
4 -0.509805 2.879212
8 3.187457 9.871102
7 6.261200 9.149102
3 -3.252625 9.494037
10 5.939731 7.725040
3 -1.162663 1.118745
9 -5.336077 6.513254
6 3.211995 12.283818
8 7.636003 -0.383281
9 6.770532 0.252220
5 -8.447542 8.244468
7 9.392693 12.141717
2 2.119119 4.736115
6 3.211995 12.283818
7 8.978853 7.218774
8 6.378647 9.871102
5 -1.850540 0.600447
2 3.932994 4.736115
8 -2.061260 8.079335
7 9.530917 15.187787
