10 100
P -4.710647 8.657310 -3.506265 12.292374
Z 1 0.216226 9.196368 1.589816 -3.939623
P 7.811014 9.707035 11.611992 13.940859
Z 2 -2.595910 5.672522 0.497087 6.935453
P 6.082722 9.565050 8.528781 13.453856
K -5.437556 9.545303 2.097795
P -5.876681 -5.904939 -1.035673 -2.479428
P 6.692515 -6.920164 8.808522 -4.076392
K -7.161293 2.588909 4.607542
K 1.207189 7.175315 4.038478
6 -5.4376 9.5453
5 6.0827 13.4539
5 8.5288 13.4539
7 -9.5783 -2.7835
7 -5.8767 -2.4794
8 8.6871 6.4484
1 -3.5063 8.6573
1 -3.5063 8.6573
2 0.7649 -1.1809
6 -5.4376 9.5453
8 6.6925 -6.9202
8 7.7990 9.8831
5 8.5288 13.4539
2 -3.5063 8.6573
2 -3.5063 8.6573
10 1.2072 7.1753
4 9.2866 2.4124
5 0.0194 9.7601
2 -4.7106 12.2924
3 7.8110 13.9409
2 -4.7966 -4.7926
2 3.9697 9.4390
5 6.0827 13.4539
2 -3.5063 8.6573
4 -8.4734 -7.0256
1 8.6663 8.8557
4 1.3874 0.3074
6 2.2514 9.9331
7 6.9561 1.6426
5 7.0239 -8.6360
4 1.7460 7.7516
10 1.2072 7.1753
5 6.0827 9.5651
6 -5.4376 9.5453
6 -5.4376 9.5453
2 -3.0557 -1.1230
1 -3.5063 8.6573
5 3.4568 0.4885
10 1.2072 7.1753
5 8.3896 -3.9887
10 6.9622 -9.5668
9 7.2993 -4.9392
8 3.1042 -6.7707
6 -5.4376 9.5453
10 1.2072 7.1753
1 -1.3319 -1.1893
10 1.2072 7.1753
5 8.5288 9.5651
2 -4.7106 12.2924
6 -5.4376 9.5453
4 7.6978 5.1585
4 -2.0171 2.0606
6 4.2301 -8.6796
3 7.8110 13.9409
2 5.1480 9.6882
6 -3.2772 -3.7413
9 -1.8959 -9.5583
2 9.1423 -8.8307
10 1.2072 7.1753
3 7.8110 13.9409
4 8.3379 -8.1568
10 -1.1701 3.7345
4 5.4500 8.8703
5 6.0827 9.5651
5 5.5109 9.2041
7 -1.0357 -2.4794
5 8.5288 9.5651
10 1.2072 7.1753
4 5.0415 -2.9597
1 -4.7106 12.2924
1 -3.5063 8.6573
10 5.4113 0.2582
7 -5.8767 -5.9049
9 6.4462 -3.7004
8 -3.8382 -2.3560
10 1.2072 7.1753
8 3.3495 9.9975
7 -5.8767 -2.4794
6 -5.4376 9.5453
10 -7.5982 6.9696
8 -8.9947 -9.7829
10 5.6274 -3.1894
7 -5.8767 -2.4794
6 2.0944 4.3407
4 0.5273 -0.5356
6 -5.4376 9.5453
2 3.2177 12.9955
6 -5.4376 9.5453
6 -5.4376 9.5453
6 1.0908 8.2300
7 -1.0357 -2.4794
2 -3.5063 12.2924
4 -1.2870 6.6259
7 -7.5246 4.7653
5 4.6488 7.5527
9 -7.1613 2.5889
3 -5.2607 3.0567
2 -4.7106 8.6573
10 -6.8864 -2.0224
10 1.2072 7.1753
