10 100
K -7.448717 -1.921481 4.989838
Z 1 1.372126 -2.159798 3.706269 4.090607
K -5.623526 -8.661484 2.387891
K -4.505705 -3.494608 2.771808
P -9.433278 -7.012417 -7.836701 -2.349929
K -8.107747 6.968146 3.064359
P -9.246991 3.151885 -6.343105 6.120144
Z 6 -7.561406 9.248872 1.308775 7.385988
K -1.732367 -0.811812 2.057711
P 0.550502 2.108396 3.322477 6.285511
3 -9.657070 9.875949
6 -8.107747 6.968146
9 -1.732367 -0.811812
6 -8.107747 6.968146
9 -1.732367 -0.811812
8 -5.871899 2.769036
1 2.838852 3.407432
3 -5.623526 -8.661484
9 -1.732367 -0.811812
4 -4.505705 -3.494608
9 -1.732367 -0.811812
4 8.292304 3.273588
3 -5.623526 -8.661484
3 -5.623526 -8.661484
6 -8.107747 6.968146
2 4.127760 -7.032252
9 -1.732367 -0.811812
4 -4.505705 -3.494608
8 8.971065 -6.639570
7 -8.606045 -0.437026
3 -5.623526 -8.661484
3 7.287342 4.322846
3 -5.623526 -8.661484
10 3.322477 6.285511
6 -7.820792 -9.330586
4 4.606301 4.597845
3 -9.805278 5.785004
2 8.190037 -7.761598
10 0.550502 2.108396
10 0.550502 6.285511
5 -9.000917 6.498579
9 0.473861 8.256122
1 -7.448717 -1.921481
2 8.190037 -7.761598
6 6.787038 1.987432
1 -7.448717 -1.921481
1 -7.448717 -1.921481
4 -0.325916 -5.224832
1 -7.448717 -1.921481
2 -4.817992 -3.670913
4 4.296445 2.665624
3 -5.623526 -8.661484
3 -3.110931 -2.122990
6 -8.107747 6.968146
10 0.550502 2.108396
7 -9.246991 6.120144
6 -8.107747 6.968146
2 8.190037 -7.761598
1 -7.448717 -1.921481
1 -6.518921 -9.173770
9 7.580678 -8.243501
9 -1.732367 -0.811812
3 -5.623526 -8.661484
5 3.937759 -9.028458
9 -1.732367 -0.811812
3 -5.623526 -8.661484
2 8.190037 -7.761598
10 0.550502 6.285511
3 -5.623526 -8.661484
7 -9.246991 6.120144
1 -4.774200 7.794729
1 0.373237 0.148058
6 -8.107747 6.968146
7 0.775401 -8.391421
3 -5.623526 -8.661484
1 -7.448717 -1.921481
6 -2.769960 -5.241997
6 -8.107747 6.968146
7 -9.246991 3.151885
8 -7.144076 11.556693
2 8.190037 -7.761598
9 -1.732367 -0.811812
9 -1.732367 -0.811812
3 -5.623526 -8.661484
4 6.157441 -2.204050
9 -8.999349 0.618298
7 -9.246991 6.120144
10 7.368282 -0.890586
7 -3.567662 -5.170709
10 -1.409311 1.700263
2 -7.448717 -1.921481
2 -7.448717 -1.921481
10 -3.621839 1.088011
4 -4.505705 -3.494608
5 -7.836701 -2.349929
6 -5.722570 7.428958
8 -7.144076 11.556693
7 -6.343105 3.151885
8 9.390382 0.793724
5 -7.836701 -2.349929
4 -4.505705 -3.494608
3 -2.758429 0.810669
6 0.059791 -9.818936
8 -8.107747 6.968146
2 8.190037 -7.761598
1 -7.448717 -1.921481
7 -9.246991 6.120144
5 -9.433278 -2.349929
10 3.322477 2.108396
6 0.622508 7.318010
