10 100
P -4.683094 2.508359 -0.714265 3.508380
K 0.406123 -5.866217 1.669198
Z 1 9.282765 -8.133072 5.062828 -0.408091
Z 3 -1.525423 9.592939 0.207269 6.751069
Z 1 5.952237 -8.740697 -4.977780 8.552602
Z 3 2.252480 -4.118750 -4.410812 -8.079484
P 5.705885 5.428249 10.593120 8.096882
P 8.391824 2.668462 12.959998 4.162144
K -1.730788 -9.699522 2.323985
K -4.391926 -3.295239 1.333611
10 -4.391926 -3.295239
4 3.511923 6.085093
10 -4.391926 -3.295239
6 16.786896 -5.624484
8 12.959998 2.668462
3 -4.683094 3.508380
8 7.926426 2.214558
10 -4.391926 -3.295239
10 -4.391926 -3.295239
9 2.723918 8.486147
8 8.391824 4.162144
5 -4.683094 2.508359
6 -6.656272 -6.452422
10 9.336875 8.801125
8 12.959998 2.668462
1 -4.683094 2.508359
6 -0.714265 2.508359
3 -9.696517 6.777617
8 12.959998 2.668462
6 6.656399 -9.891586
3 -8.433840 -6.548218
6 12.901122 -6.909939
8 1.028446 -1.739227
9 -1.730788 -9.699522
8 -5.982846 -5.073477
7 10.593120 5.428249
9 -1.730788 -9.699522
6 5.730404 6.028898
2 0.406123 -5.866217
8 12.959998 4.162144
7 5.705885 8.096882
4 6.218640 9.155162
4 -3.926568 -8.555161
8 12.959998 4.162144
4 4.400890 5.627077
8 5.092761 6.979033
9 -1.730788 -9.699522
2 5.903595 5.313678
1 -0.714265 3.508380
4 1.321334 7.033020
10 7.145949 4.743316
5 -8.867896 5.385460
6 6.746226 1.054285
8 -5.954745 7.012366
3 -4.683094 3.508380
2 0.406123 -5.866217
9 -1.730788 -9.699522
7 5.705885 5.428249
4 5.730404 6.028898
2 0.406123 -5.866217
3 7.033468 9.908803
8 8.391824 2.668462
3 -4.683094 2.508359
2 0.406123 -5.866217
6 5.638390 -13.855839
6 -8.899375 6.475984
7 10.593120 5.428249
1 -0.714265 3.508380
10 -4.391926 -3.295239
4 7.033468 9.908803
7 5.705885 5.428249
10 -7.552873 1.033470
4 4.400890 5.627077
6 8.398077 0.200150
2 -2.375747 4.289920
6 5.638390 -13.855839
1 9.773257 -6.308000
5 -4.683094 3.508380
6 16.859482 -6.621867
8 8.391824 2.668462
2 0.406123 -5.866217
7 3.754636 -6.629612
10 5.661313 2.194020
1 1.450137 -2.764036
4 -0.714265 3.508380
5 -1.347826 2.107924
3 -0.714265 2.508359
7 1.187171 -5.304155
4 4.400890 5.627077
4 -4.683094 3.508380
8 8.391824 4.162144
3 -4.683094 3.508380
4 -0.714265 2.508359
1 -4.683094 3.508380
8 12.959998 4.162144
10 -4.391926 -3.295239
1 -0.714265 2.508359
5 -2.323458 -4.802004
9 -1.730788 -9.699522
5 -0.714265 2.508359
2 5.675442 -9.579326
10 -4.391926 -3.295239
6 -9.427689 7.951959
8 8.391824 2.668462
5 -0.548030 6.121896
4 6.867939 1.809667
7 10.593120 5.428249
7 -5.040632 -1.635572
4 7.874931 9.368449
8 12.959998 2.668462
