10 100
K 7.811519 4.421874 3.609936
P 4.030915 8.222564 5.328032 9.630631
Z 1 4.407161 7.972035 -6.573571 -6.474448
K -2.032580 -5.305460 1.198807
K 1.800825 1.502270 2.617027
Z 1 1.938865 -3.345990 -6.262063 1.464345
K 5.240337 -7.068940 1.487331
P -8.132962 4.438658 -5.817755 7.380666
K -1.790684 8.924746 1.424121
K 1.812862 -0.394780 4.794867
2 -7.122075 0.980845
5 1.155806 -7.182952
5 -2.520935 -9.376404
9 -1.790684 8.924746
1 7.811519 4.421874
9 -1.790684 8.924746
5 1.800825 1.502270
8 -8.716049 -7.795012
2 5.328032 8.222564
7 5.240337 -7.068940
4 -2.032580 -5.305460
2 5.328032 8.222564
1 0.590607 -4.504640
3 0.075396 10.302080
8 -5.817755 4.438658
4 -2.032580 -5.305460
6 7.811519 4.421874
8 -5.817755 7.380666
1 7.811519 4.421874
8 -8.132962 7.380666
7 5.240337 -7.068940
1 7.811519 4.421874
7 -4.546642 -0.025709
3 0.075396 10.302080
3 5.627363 -8.763499
7 5.240337 -7.068940
10 1.812862 -0.394780
8 -5.817755 4.438658
4 -2.032580 -5.305460
8 -9.090154 6.055096
3 7.811519 4.421874
2 -1.753449 0.050312
10 7.679775 9.070171
1 7.811519 4.421874
5 1.800825 1.502270
4 -2.032580 -5.305460
8 8.393241 -9.764155
6 -6.338997 -4.810817
3 0.075396 10.302080
9 -0.335983 6.138582
5 -6.857283 -6.610211
2 5.328032 8.222564
9 5.961852 -8.276485
10 1.812862 -0.394780
2 -4.590571 -3.480889
4 -2.032580 -5.305460
8 -3.317683 0.501640
8 3.193813 -7.739032
1 7.925611 -9.536720
7 5.240337 -7.068940
3 0.075396 10.302080
8 -8.132962 7.380666
6 -1.975029 -12.262783
10 -8.516297 8.345434
7 5.240337 -7.068940
8 3.255832 9.025643
2 4.030915 9.630631
9 -8.080632 6.030447
3 0.075396 10.302080
7 5.240337 -7.068940
3 6.454095 7.954669
1 7.811519 4.421874
6 -1.417950 4.503409
7 5.240337 -7.068940
1 7.811519 4.421874
3 7.811519 4.421874
5 1.800825 1.502270
8 -8.132962 4.438658
2 5.328032 8.222564
2 5.328032 9.630631
1 -3.641644 2.087100
2 5.328032 8.222564
10 1.812862 -0.394780
4 -2.032580 -5.305460
5 1.800825 1.502270
6 8.575795 -5.691663
9 -7.718524 -9.008765
5 9.759512 -8.775750
2 4.030915 9.630631
6 -1.975029 -12.262783
2 4.030915 8.222564
10 9.936385 3.702806
2 5.328032 9.630631
6 -1.975029 -12.262783
9 -1.790684 8.924746
5 7.665185 -6.251991
1 7.811519 4.421874
7 -9.673192 -7.080799
7 5.240337 -7.068940
10 1.812862 -0.394780
10 1.812862 -0.394780
1 5.405713 7.042784
4 -2.032580 -5.305460
10 1.812862 -0.394780
5 1.800825 1.502270
5 1.306135 -2.676516
8 -8.132962 4.438658
2 -2.744005 7.687385
5 -9.328479 -6.922015
4 -2.032580 -5.305460
