10 100
K -7.714736 -3.116689 4.005026
K -8.599652 4.625150 1.991858
P 5.731241 -2.188911 10.567289 2.196496
K -6.047448 -9.950945 4.872738
P 7.338535 -3.495142 8.537308 -0.140516
Z 2 1.365283 3.460260 4.590133 -1.067399
P -3.023616 5.014970 -0.415367 7.834111
K 9.582681 -3.984725 3.212533
P -7.735472 3.104108 -4.332518 6.233051
Z 5 -2.725853 0.606562 -1.047132 -6.030925
9 3.6241 5.5184
1 -7.7147 -3.1167
2 -8.5997 4.6251
4 8.6641 4.7436
9 -7.7355 6.2331
8 9.5827 -3.9847
4 -6.0474 -9.9509
6 9.1694 -4.0798
2 -8.5997 4.6251
9 -7.7355 6.2331
7 2.2671 -9.2583
6 -3.9458 -2.3369
3 5.7312 2.1965
10 -3.6244 -1.5896
8 -2.7813 0.0488
8 2.6077 7.5575
8 -2.2953 9.8871
10 -12.2795 -5.4054
9 -7.7355 6.2331
3 10.5673 2.1965
1 9.7510 4.4220
7 -3.0236 5.0150
1 2.4094 0.8349
2 2.5715 -4.9502
4 -9.1075 -1.4297
9 -7.7355 6.2331
1 0.2506 5.7601
5 8.5373 -3.4951
9 -4.6228 -3.7284
5 7.3385 -0.1405
2 -8.5997 4.6251
3 10.5673 2.1965
5 7.3385 -3.4951
9 -8.5338 -0.9402
1 9.9501 5.6389
5 9.2171 8.1150
10 8.5373 -0.1405
9 -7.7355 3.1041
10 -11.2249 -4.8355
6 -8.5997 4.6251
4 -6.0474 -9.9509
5 8.5373 -3.4951
8 0.6087 6.9780
4 -4.1025 -8.0626
1 -7.7147 -3.1167
8 9.5827 -3.9847
2 -8.5997 4.6251
2 -8.5997 4.6251
8 9.5827 -3.9847
2 7.9071 2.9032
8 9.5827 -3.9847
10 -9.6301 -7.7868
3 7.8762 -9.8210
1 -6.8952 -6.7786
6 -8.5997 4.6251
1 -1.6772 6.2902
5 8.5373 -0.1405
8 9.5827 -3.9847
6 -8.5997 4.6251
9 -1.8961 -2.4494
7 -0.4154 5.0150
8 -9.9567 8.6551
2 -8.5997 4.6251
6 5.1677 3.7017
8 -4.7826 -9.5749
1 -7.7147 -3.1167
6 -8.5997 4.6251
7 -3.4305 4.3198
9 2.6027 -6.6655
5 7.3385 -3.4951
4 -6.0474 -9.9509
7 -3.0236 5.0150
9 7.3429 -4.1109
4 -6.0474 -9.9509
8 9.5827 -3.9847
5 9.7566 2.5466
2 -5.2625 -6.0755
1 -7.7147 -3.1167
5 -4.5067 5.8889
7 -3.0236 7.8341
1 -7.7147 -3.1167
9 -1.2961 0.5187
9 -4.3325 3.1041
2 -8.5997 4.6251
1 -7.7147 -3.1167
9 5.2219 6.5519
4 -6.0474 -9.9509
4 -6.0474 -9.9509
5 7.3385 -0.1405
6 3.5216 13.2586
9 -4.3325 3.1041
8 9.5827 -3.9847
10 -9.6301 -7.7868
7 -3.0236 7.8341
5 8.5373 -3.4951
3 5.7312 -2.1889
4 -4.1283 2.6931
9 -5.4300 -3.3845
3 5.7312 2.1965
6 -8.5997 4.6251
