10 100
P 7.058879 -5.613071 11.215410 -3.222650
P -0.214507 -2.937415 2.739476 -0.946643
P -8.346834 3.815358 -3.580070 7.874383
Z 3 3.864924 7.781505 -0.197320 7.538652
P -0.896622 5.719144 2.231174 6.966481
P 9.684146 4.189920 13.648592 7.841017
K 2.798543 -2.180525 3.174781
K -0.889951 -7.772929 2.015759
P 0.352423 -7.192773 3.760258 -4.216418
P -8.957979 -0.849638 -5.528363 3.868506
10 -8.9580 3.8685
3 -8.3468 3.8154
5 -8.1534 6.1363
10 -5.5284 -0.8496
3 -4.7012 -8.3221
3 -8.3468 3.8154
9 0.3524 -7.1928
5 2.2312 6.9665
9 2.5077 -5.3924
8 -0.8900 -7.7729
9 5.0705 -3.1540
2 1.4756 0.5177
8 -0.8900 -7.7729
8 -6.2808 -8.0194
7 -8.1662 -9.6743
10 -5.5284 -0.8496
3 -8.0408 -6.1250
9 7.1567 6.6505
9 -2.3764 -4.4781
4 8.3872 -4.5706
10 -5.5284 3.8685
2 5.1868 4.0543
8 -0.8900 -7.7729
8 -8.8112 5.3544
5 -0.8966 5.7191
4 8.1134 -3.7028
7 2.7985 -2.1805
9 3.7603 -7.1928
2 2.7395 -2.9374
4 -3.5160 6.8023
2 2.7395 -2.9374
4 -8.3468 3.8154
10 -8.9580 -0.8496
5 -0.8966 6.9665
5 2.2312 6.9665
9 0.3524 -4.2164
10 7.3253 8.9999
3 -4.7471 -8.1429
1 7.0589 -3.2227
9 0.3524 -4.2164
3 -3.5801 7.8744
5 -0.8966 6.9665
6 13.6486 4.1899
2 -0.2145 -2.9374
9 0.3524 -4.2164
7 5.5447 8.2033
3 8.9101 -8.1924
2 -1.5541 -7.9433
3 -2.3956 -8.9681
5 -0.8966 5.7191
10 -5.5284 -0.8496
2 -0.2145 -2.9374
7 2.7985 -2.1805
9 9.3054 4.4174
4 -8.7324 10.2645
6 -0.1225 8.5018
10 6.7127 -9.9522
6 13.6486 4.1899
6 -1.2235 0.0462
10 -8.9580 -0.8496
1 11.2154 -5.6131
9 4.3604 -4.0623
7 -5.2655 -4.8531
9 3.9343 2.0781
1 -4.7052 -7.8109
2 -9.2550 8.9495
4 -3.5160 6.8023
4 -3.5801 3.8154
8 -0.8900 -7.7729
4 -8.3468 7.8744
2 -8.4390 -8.8287
6 13.6486 4.1899
8 -0.8900 -7.7729
8 -0.8900 -7.7729
5 2.2312 6.9665
10 7.9971 -2.1587
8 -0.8900 -7.7729
2 2.7395 -0.9466
7 -1.5891 8.2340
2 -0.2145 -2.9374
5 -7.2716 -9.2530
6 13.6486 7.8410
9 0.3524 -7.1928
3 3.9103 0.0533
3 4.1910 0.0192
8 -0.8900 -7.7729
10 -3.3065 8.6473
5 -0.8966 6.9665
4 -3.5801 7.8744
7 2.7985 -2.1805
4 -3.5801 3.8154
4 1.1825 -2.1642
4 9.4801 4.6339
2 -0.2145 -2.9374
7 2.7985 -2.1805
5 9.7043 9.6860
8 -0.8900 -7.7729
9 3.7603 -7.1928
5 -0.8966 6.9665
5 -0.8966 5.7191
