10 100
K -1.747402 -9.425639 1.178292
Z 1 -1.747402 -9.425639 -2.129313 -10.349839
P -6.024283 8.844204 -1.805737 12.888043
K -4.037610 -9.730588 4.564354
Z 3 -6.024283 12.888043 -5.569694 11.997342
P 1.828513 7.237569 6.036253 8.565581
Z 2 2.131018 8.453507 -1.725272 -1.675156
P -4.520015 -7.355237 -1.955983 -3.695813
Z 1 -0.596389 -9.173571 -0.810316 -8.196721
Z 6 7.947574 9.807900 2.803386 -5.739079
3 -6.0243 8.8442
3 -6.0243 8.8442
4 -4.0376 -9.7306
10 6.0363 7.2376
6 -2.9092 -7.4551
1 -1.7474 -9.4256
3 -1.8057 8.8442
5 -6.0243 8.8442
9 -1.7474 -9.4256
3 -6.0243 8.8442
1 -6.6106 1.0760
9 -1.7474 -9.4256
2 -7.6733 8.1390
1 -1.7474 -9.4256
8 -1.9560 -7.3552
2 -1.7474 -9.4256
8 -0.0895 -8.6220
9 -1.7474 -9.4256
9 0.5546 -8.9215
3 -6.0243 8.8442
10 1.8285 7.2376
8 -1.9560 -3.6958
4 -4.0376 -9.7306
9 -1.7474 -9.4256
3 -1.8057 12.8880
2 -2.6137 -7.4975
7 -1.7474 -9.4256
10 -7.3065 7.5199
7 -1.7474 -9.4256
7 1.5951 0.6311
10 0.0076 -4.9978
9 0.5546 -8.9215
9 4.1913 -6.1820
10 1.8285 8.5656
10 12.1180 5.1610
8 -4.5200 -3.6958
6 1.8285 7.2376
6 1.8285 7.2376
2 -3.0459 -5.9099
4 -4.0376 -9.7306
4 -4.0376 -9.7306
9 9.1039 -6.5158
2 -1.7474 -9.4256
10 6.0363 8.5656
9 -1.7474 -9.4256
6 6.0363 8.5656
8 -4.5200 -3.6958
1 -1.7474 -9.4256
5 -2.7496 10.5155
2 -1.7474 -9.4256
2 -1.7474 -9.4256
7 -6.8633 -7.4779
5 -2.7496 10.5155
1 -1.7474 -9.4256
7 -6.8633 -7.4779
3 0.6219 9.8223
9 0.5546 -8.9215
2 -1.7474 -9.4256
8 -1.9560 -3.6958
2 -1.7474 -9.4256
2 -1.7474 -9.4256
10 11.3259 4.0951
9 -1.7474 -9.4256
1 -1.7474 -9.4256
10 0.0685 -6.1278
3 -6.0243 8.8442
1 -1.7474 -9.4256
8 -1.9560 -7.3552
9 5.5793 2.5772
3 -1.8057 8.8442
5 -6.0243 12.8880
1 -1.7474 -9.4256
8 -4.5200 -7.3552
9 -1.7474 -9.4256
1 -1.7474 -9.4256
7 3.0803 5.7683
1 -1.7474 -9.4256
3 -6.0243 8.8442
1 -1.7474 -9.4256
8 -4.5200 -7.3552
7 -1.7474 -9.4256
1 -1.7474 -9.4256
5 -6.0243 8.8442
5 -2.7496 10.5155
7 -7.3736 -5.8871
1 -1.7474 -9.4256
8 -4.5200 -7.3552
8 -1.9560 -3.6958
3 -6.0243 12.8880
7 -1.7474 -9.4256
5 -4.8354 -7.1565
9 -5.3497 -9.9587
4 -4.0376 -9.7306
5 -1.8057 12.8880
4 -4.0376 -9.7306
3 9.7615 9.5625
5 -6.0243 12.8880
7 -1.7474 -9.4256
10 7.9486 6.6048
4 -4.0376 -9.7306
