10 100
P 6.962896 3.458241 9.183824 4.688513
P -1.296064 0.348347 0.129523 5.017759
K -8.895979 -7.391011 4.665149
P -5.926728 -0.610195 -3.844643 1.798692
P 4.542171 3.853463 9.175851 8.054952
Z 5 4.542171 8.054952 5.501281 7.771918
K 1.208909 -1.739214 3.540042
K -7.118716 -6.252454 2.457821
K -8.789255 -9.799835 1.687169
K -5.243114 -0.983918 4.521993
10 -5.243114 -0.983918
8 -7.118716 -6.252454
9 -8.789255 -9.799835
7 1.208909 -1.739214
8 -1.797276 -4.464495
3 2.429816 0.337759
9 -8.789255 -9.799835
7 1.208909 -1.739214
4 3.319420 -0.122780
10 -5.243114 -0.983918
4 -3.844643 1.798692
10 -5.243114 -0.983918
9 -8.789255 -9.799835
10 -5.243114 -0.983918
8 -7.118716 -6.252454
9 -8.789255 -9.799835
7 1.208909 -1.739214
9 -8.789255 -9.799835
1 9.183824 3.458241
1 -0.043391 -6.406417
4 -3.844643 -0.610195
1 -8.965865 6.940789
3 -8.895979 -7.391011
8 -8.429053 -8.407106
6 9.175851 3.853463
9 -8.789255 -9.799835
4 -3.844643 -0.610195
9 -8.789255 -9.799835
5 4.542171 8.054952
7 1.208909 -1.739214
6 4.542171 8.054952
8 9.966075 -3.963969
3 -8.895979 -7.391011
7 1.208909 -1.739214
5 4.542171 3.853463
1 6.962896 3.458241
2 6.392049 8.809949
6 8.433457 5.539224
4 -3.844643 -0.610195
2 0.129523 0.348347
4 -3.844643 1.798692
9 -8.789255 -9.799835
6 2.720439 -8.916220
9 -8.789255 -9.799835
1 9.183824 3.458241
8 5.250597 8.686697
4 -5.926728 -0.610195
6 4.542171 8.054952
10 -5.243114 -0.983918
2 -1.296064 0.348347
2 0.129523 0.348347
6 -8.931988 8.746752
3 -6.970327 0.738441
9 -8.789255 -9.799835
8 2.080008 -1.870649
3 -8.895979 -7.391011
6 -7.516643 -3.243174
5 9.175851 8.054952
10 4.888682 4.687208
3 -8.895979 -7.391011
3 -8.895979 -7.391011
10 -0.097209 -5.571376
4 -3.844643 -0.610195
1 4.897030 6.417909
10 -5.243114 -0.983918
6 6.823253 11.583291
1 6.962896 3.458241
3 -8.895979 -7.391011
7 1.208909 -1.739214
9 -8.789255 -9.799835
4 -3.844643 -0.610195
8 -3.194434 -8.084762
4 -6.751489 -6.191590
7 1.208909 -1.739214
4 -5.926728 1.798692
2 -2.825826 -9.002330
5 9.175851 8.054952
6 9.175851 3.853463
8 -7.118716 -6.252454
9 -8.789255 -9.799835
1 7.790963 0.012390
1 -5.956033 2.042425
10 -9.367066 -5.368914
1 6.962896 4.688513
8 -7.118716 -6.252454
5 4.542171 3.853463
6 4.542171 8.054952
1 -7.516962 0.360851
6 4.542171 3.853463
9 -0.098867 -2.785065
1 6.962896 3.458241
9 -8.789255 -9.799835
9 -2.738487 2.988739
3 -0.207209 2.250910
2 -1.296064 5.017759
2 0.129523 0.348347
9 -8.789255 -9.799835
6 4.542171 3.853463
8 -7.118716 -6.252454
7 1.208909 -1.739214
