10 100
K 5.634484 -1.232529 3.363157
P 9.819451 0.298286 14.169940 2.946753
P -7.518921 -4.855753 -3.460518 0.040032
P -6.527003 4.156081 -2.945052 6.697387
Z 1 -5.091075 -5.362091 -6.784455 -2.293315
Z 5 5.634484 -1.232529 6.619470 -1.059895
Z 2 -9.122654 -2.630351 -1.511073 -7.733163
K 4.580591 9.277057 2.394522
P -5.000477 1.576761 -1.445119 4.774548
P -6.076868 -7.590010 -2.711851 -5.761773
9 -1.445119 4.774548
10 -2.711851 -7.590010
10 -6.076868 -7.590010
3 -7.518921 -4.855753
3 -3.460518 -4.855753
9 2.799973 3.768321
5 -14.303199 -12.234332
7 -7.086679 -22.271182
10 8.638370 -7.318223
9 -0.487256 3.587920
5 -14.303199 -12.234332
2 -1.629038 -6.846017
4 -6.527003 4.156081
10 -6.076868 -5.761773
5 5.634484 -1.232529
10 -5.544998 8.170611
1 -5.913412 6.375874
9 -1.445119 4.774548
6 5.634484 -1.232529
9 -5.000477 4.774548
2 14.169940 0.298286
9 -1.445119 4.774548
9 -1.445119 1.576761
9 -2.131611 9.779043
2 14.169940 2.946753
8 4.580591 9.277057
10 -2.711851 -7.590010
3 -3.460518 0.040032
10 -6.076868 -5.761773
2 9.819451 2.946753
8 -8.057273 0.764355
6 -1.344970 -3.748624
8 -1.759762 -1.225995
3 7.289732 -4.225921
7 -2.984202 -25.289593
3 -3.460518 0.040032
4 -2.945052 4.156081
1 5.634484 -1.232529
4 -6.527003 4.156081
7 0.746328 9.056706
7 9.819451 2.946753
2 14.169940 2.946753
10 -4.626117 -8.401611
2 9.819451 2.946753
10 -2.711851 -5.761773
9 -5.970678 -7.438798
1 7.147767 6.015881
9 -1.445119 4.774548
4 -9.381913 3.936647
5 5.634484 -1.232529
9 -5.000477 4.774548
10 -2.398890 -8.762998
6 -3.999598 -5.946076
9 -3.940099 0.210023
4 -6.527003 4.156081
6 5.634484 -1.232529
2 9.819451 2.946753
6 5.046814 0.999116
7 9.819451 0.298286
7 -6.756964 2.666125
7 9.819451 2.946753
9 3.391541 3.925510
4 -1.202667 -2.172580
6 -14.303199 -12.234332
2 -1.751398 -8.632764
10 -2.711851 -5.761773
6 -0.919970 -0.083203
8 -9.712925 -7.850979
7 2.586482 2.733226
3 -3.460518 -4.855753
2 3.831836 -7.978037
10 -2.711851 -5.761773
1 5.634484 -1.232529
7 9.819451 2.946753
10 0.826151 -5.985912
10 -6.076868 -7.590010
8 -0.127237 -3.126387
3 -7.518921 0.040032
6 5.634484 -1.232529
7 14.169940 2.946753
2 -5.105946 -3.777349
10 -2.711851 -7.590010
3 -3.460518 0.040032
10 -5.565898 -2.902236
3 -7.518921 0.040032
9 -5.000477 1.576761
3 -7.518921 -4.855753
10 -2.711851 -5.761773
6 -7.203541 -3.791064
6 9.180840 6.429203
9 -5.000477 4.774548
6 5.634484 -1.232529
1 4.165495 -2.631409
3 6.278271 -7.630077
2 0.687777 -6.173768
5 5.634484 -1.232529
3 -3.460518 0.040032
10 -2.711851 -7.590010
4 -6.527003 4.156081
8 4.580591 9.277057
