10 100
K 1.002524 2.106880 2.518900
Z 1 -9.470055 1.340784 9.683790 3.911897
Z 1 1.505029 9.555740 2.653053 -3.719360
K 4.384333 4.474786 1.751224
K -7.343430 6.490172 1.455337
K 7.964491 4.851198 1.976194
P 9.069650 -5.619586 12.273677 -1.108555
P -5.096427 7.789669 -3.179507 12.485190
K -0.634155 6.309892 2.825204
K 6.650146 5.101781 1.257721
10 6.6501 5.1018
7 9.0696 -1.1086
10 6.6501 5.1018
1 1.0025 2.1069
9 -0.6342 6.3099
5 -7.3434 6.4902
3 3.2789 2.3037
1 1.0025 2.1069
10 -3.9613 3.0439
6 3.7334 -4.3806
6 7.9645 4.8512
8 -5.0964 12.4852
6 -1.7906 -1.5434
1 1.0025 2.1069
7 12.2737 -1.1086
7 12.2737 -5.6196
6 7.9645 4.8512
7 12.2737 -5.6196
3 1.0025 2.1069
6 7.9645 4.8512
5 -7.3434 6.4902
3 3.2789 2.3037
10 6.6501 5.1018
9 -0.6342 6.3099
9 -0.6342 6.3099
1 1.0025 2.1069
9 9.4987 -9.6265
7 12.2737 -5.6196
5 -7.3434 6.4902
7 12.2737 -1.1086
9 -6.2837 9.7042
8 3.9187 -2.6830
5 2.0799 -1.1848
8 -5.0964 7.7897
4 4.3843 4.4748
10 6.6501 5.1018
5 -7.3434 6.4902
2 1.0025 2.1069
4 4.3843 4.4748
8 5.5967 -5.4463
5 -5.3869 0.7296
9 7.0182 -4.8908
1 1.0025 2.1069
4 9.2526 2.5556
4 3.5312 -9.6665
7 9.0696 -5.6196
5 -7.3434 6.4902
8 -3.1795 7.7897
10 -1.1982 0.5478
10 6.6501 5.1018
2 1.0025 2.1069
8 -3.1795 7.7897
10 8.2204 0.6491
2 0.8338 3.3636
2 5.4090 4.5810
9 -0.6342 6.3099
10 6.6056 -4.6981
4 4.3843 4.4748
1 1.0025 2.1069
8 7.0775 -5.9839
8 -5.0964 7.7897
5 -7.3434 6.4902
2 1.0025 2.1069
5 -7.3434 6.4902
10 6.6501 5.1018
9 -0.6342 6.3099
6 2.1739 7.1533
6 7.9645 4.8512
3 3.2789 2.3037
6 7.9645 4.8512
1 1.0025 2.1069
4 4.3843 4.4748
4 0.2604 -5.0237
1 1.0025 2.1069
7 1.3247 2.8704
5 -7.3434 6.4902
9 -1.1048 -0.5941
3 3.2789 2.3037
1 1.0025 2.1069
10 6.6501 5.1018
10 7.0421 9.2398
7 9.0696 -1.1086
8 -3.1795 7.7897
1 1.0025 2.1069
3 3.2789 2.3037
10 6.6501 5.1018
9 2.2910 -3.7235
9 -0.6342 6.3099
5 -7.3434 6.4902
10 6.6501 5.1018
1 -4.0709 0.3234
2 0.8338 3.3636
8 5.5318 -3.7354
1 1.0025 2.1069
3 -8.3011 -0.9666
10 6.6501 5.1018
7 0.5897 -6.3249
3 3.2789 2.3037
4 4.3843 4.4748
10 -4.9986 -0.9800
