10 100
P -8.660830 6.970861 -4.609690 8.259000
K -9.009269 -5.037500 3.949507
P 4.281157 9.883202 7.403342 13.570672
P -7.538906 -0.695984 -4.058984 2.539555
P 3.507583 -7.473303 6.391156 -2.531445
Z 5 9.437618 -9.908067 8.495935 -5.514091
Z 6 2.932333 5.732344 -4.359308 -0.431416
P 1.115898 1.297746 4.472902 4.032337
K 9.105821 7.671690 2.251649
Z 3 4.281157 9.883202 3.333488 10.202455
5 -6.869222 6.791994
1 -8.660830 6.970861
9 9.955095 -0.587783
7 6.391156 -7.473303
1 -8.660830 8.259000
5 6.391156 -7.473303
4 -4.058984 2.539555
4 8.608733 9.389812
2 -9.009269 -5.037500
2 -9.009269 -5.037500
4 -7.538906 -0.695984
4 3.561920 3.433638
5 3.507583 -7.473303
2 4.383921 7.928397
4 -7.538906 -0.695984
2 -9.009269 -5.037500
10 4.281157 13.570672
9 5.171010 7.249051
3 7.403342 9.883202
4 -7.538906 2.539555
4 -4.058984 -0.695984
7 -3.320267 -5.304953
7 0.562619 9.501539
7 -1.978478 15.578842
7 8.252620 1.086685
10 -4.982354 5.394678
1 -7.611786 -0.844064
5 3.507583 -2.531445
1 9.966556 -4.101579
9 1.937413 -6.452528
1 -8.660830 8.259000
6 6.391156 -2.531445
4 -7.538906 -0.695984
6 6.391156 -2.531445
1 -4.609690 8.259000
7 -5.120370 7.675302
2 -9.843712 -5.871377
10 4.281157 13.570672
5 6.391156 -2.531445
4 -7.538906 -0.695984
7 -9.513216 11.341344
2 -9.009269 -5.037500
6 6.391156 -2.531445
7 -2.842995 -2.175317
5 3.507583 -7.473303
7 3.507583 -2.531445
4 -7.538906 2.539555
5 3.507583 -7.473303
4 -7.538906 -0.695984
10 7.403342 13.570672
5 7.776199 4.635730
6 -6.020004 -4.985701
2 -9.009269 -5.037500
7 13.849071 -5.256995
7 -8.280519 -2.728163
7 -4.640320 10.518636
6 3.507583 -7.473303
8 3.261486 5.608226
10 4.281157 9.883202
9 9.105821 7.671690
4 -7.538906 2.539555
7 6.391156 -2.531445
2 1.347481 -8.490659
2 4.759745 3.118286
4 8.533058 -2.521473
3 7.403342 9.883202
3 4.281157 13.570672
4 4.097923 -9.904785
3 4.281157 9.883202
6 11.823885 -0.749159
10 6.766898 7.993989
10 2.049893 6.947406
1 -6.062309 7.363579
7 3.507583 -7.473303
10 4.281157 9.883202
3 -7.961551 3.761407
9 9.105821 7.671690
8 -8.121709 5.814103
8 1.115898 1.297746
6 -7.676761 -6.898141
1 2.288552 2.932071
8 -6.715013 2.819210
8 4.472902 1.297746
3 6.334131 5.608997
3 2.707041 3.322985
1 -4.609690 8.259000
6 11.823885 -0.749159
10 -7.616513 -7.832239
2 -0.773138 -9.927433
3 -0.321288 8.690780
6 6.391156 -2.531445
8 4.472902 1.297746
3 7.403342 13.570672
3 -6.183968 6.925002
9 9.105821 7.671690
2 -9.009269 -5.037500
4 -4.058984 -0.695984
9 9.105821 7.671690
10 4.281157 9.883202
8 4.472902 4.032337
