10 100
P -4.253622 1.423544 0.358569 5.708015
K -6.569295 -5.461685 4.333501
Z 2 7.608865 -7.796907 -1.676722 6.379298
K -9.777188 3.726756 3.780179
Z 1 -5.496396 6.531837 -6.563505 8.176538
Z 2 -6.569295 -5.461685 -6.503181 -6.459497
P -5.736171 -1.619186 -4.362471 3.367257
Z 5 -3.217340 -0.896566 -2.284755 -0.535615
Z 7 4.633901 2.237273 1.043967 -7.895574
K -6.668911 5.692573 2.883079
6 -3.506888 9.264025
5 -7.129949 0.849338
8 -9.238723 -4.107983
10 7.226449 0.998399
5 -1.337891 3.315319
3 11.132873 6.133450
7 -4.362471 -1.619186
7 -5.736171 3.367257
6 -6.569295 -5.461685
6 0.766188 -7.799306
4 -9.777188 3.726756
7 -4.362471 3.367257
10 -6.668911 5.692573
8 0.988768 -0.204690
5 -7.129949 0.849338
8 0.358569 5.708015
9 7.403664 1.651258
5 -4.253622 5.708015
10 -6.668911 5.692573
6 -6.569295 -5.461685
1 -4.253622 5.708015
10 -3.487790 6.528361
1 -0.079216 -8.491803
8 8.971357 7.248612
2 -6.569295 -5.461685
9 -5.736171 -1.619186
6 -6.569295 -5.461685
9 13.402393 -3.413284
7 -4.608076 -5.154657
10 -6.668911 5.692573
5 -9.093349 2.684207
5 8.622415 -6.825622
8 -4.086104 -1.930979
7 -6.901091 4.645266
3 2.878535 5.746867
6 -6.569295 -5.461685
6 -6.569295 -5.461685
6 2.021516 9.893845
10 -3.693326 -3.121053
1 0.358569 5.708015
1 3.812688 -9.715342
1 -4.253622 5.708015
9 13.402393 -3.413284
4 -9.777188 3.726756
8 -4.253622 5.708015
6 -6.569295 -5.461685
2 -3.612610 1.895029
8 -3.217340 -0.896566
1 1.909351 5.979973
4 -9.777188 3.726756
1 -4.253622 5.708015
7 -4.362471 3.367257
3 -6.569295 -5.461685
4 -9.777188 3.726756
8 0.358569 1.423544
7 -4.362471 3.367257
1 -4.253622 1.423544
4 -9.777188 3.726756
1 1.116782 9.954611
6 -1.252644 5.911249
1 0.358569 1.423544
2 -3.996630 -5.407896
1 -2.314237 -2.792322
4 -9.777188 3.726756
9 5.201952 7.064143
4 -9.777188 3.726756
10 7.642590 7.126534
7 6.332628 3.479341
6 -6.569295 -5.461685
1 0.358569 5.708015
10 -6.668911 5.692573
2 -6.569295 -5.461685
3 5.894959 -1.022198
9 10.263165 -7.287540
7 -5.736171 3.367257
4 -9.777188 3.726756
3 11.132873 6.133450
7 -5.736171 3.367257
4 -9.777188 3.726756
3 11.132873 6.133450
8 0.358569 5.708015
10 -6.668911 5.692573
4 -9.777188 3.726756
4 -9.777188 3.726756
5 -6.350012 -9.830448
4 -9.777188 3.726756
8 -2.682716 8.196855
6 -6.569295 -5.461685
10 -6.668911 5.692573
2 -6.569295 -5.461685
2 -6.569295 -5.461685
9 10.263165 -7.287540
8 7.584640 -6.909426
10 -6.668911 5.692573
4 -9.777188 3.726756
7 3.150109 -9.848183
1 9.691051 3.695222
8 -5.276195 -1.630506
6 -6.569295 -5.461685
2 -6.569295 -5.461685
