10 100
K 0.268321 6.076914 4.348064
K 6.072340 0.784665 3.013674
Z 2 6.072340 0.784665 7.061331 0.932644
Z 1 3.557083 8.921155 2.902943 9.677529
Z 1 0.268321 6.076914 0.428951 5.089899
P 1.926219 7.104009 5.754835 9.517150
K 0.763847 -0.563218 4.004190
K 0.898264 -9.464330 4.226811
P -2.423029 -1.863610 1.999351 0.928759
K -1.582813 -0.888631 4.081350
5 0.2683 6.0769
10 1.4470 5.4633
9 -0.1659 -0.5471
1 0.2683 6.0769
5 0.2683 6.0769
6 -0.3827 -5.1426
10 -1.5828 -0.8886
7 2.1824 -7.6880
10 -1.5828 -0.8886
10 -1.5828 -0.8886
5 0.2683 6.0769
9 1.9994 -1.8636
3 -4.8562 -7.2362
5 2.8590 -6.2041
3 6.0723 0.7847
7 0.7638 -0.5632
7 0.7638 -0.5632
3 6.0723 0.7847
8 0.8983 -9.4643
6 5.7548 7.1040
6 8.4241 -9.9339
6 -0.6457 -6.1782
6 5.7548 9.5172
5 0.2683 6.0769
8 0.8983 -9.4643
7 0.9717 4.5475
1 5.4898 2.8789
5 0.2683 6.0769
7 1.7814 -2.4819
5 3.4769 5.4343
6 1.9262 9.5172
5 -9.9771 2.0155
9 1.9994 -1.8636
1 3.2483 -1.3566
7 0.7638 -0.5632
2 6.0723 0.7847
9 2.5643 7.0488
3 5.6434 -8.1114
1 0.2683 6.0769
6 8.7132 -0.0301
1 0.2683 6.0769
9 8.2031 0.1430
1 4.8157 1.7943
6 1.9262 7.1040
5 2.0294 7.6114
10 -1.5828 -0.8886
1 3.6429 -5.0957
2 6.0723 0.7847
8 0.1032 -8.2932
7 -6.6302 -5.4792
1 0.2683 6.0769
5 -3.5400 -9.9807
9 -1.8221 8.5345
4 0.2683 6.0769
10 -1.5828 -0.8886
10 5.9924 -5.9770
2 6.0723 0.7847
4 0.2683 6.0769
3 4.3658 -3.6414
6 6.5710 0.6043
2 6.0723 0.7847
10 -8.1186 -9.3499
6 1.9262 9.5172
8 0.8983 -9.4643
9 -2.4230 -1.8636
6 1.9262 9.5172
8 1.2257 -7.5259
5 0.2683 6.0769
6 1.9262 9.5172
8 -5.3501 -9.1101
5 -0.6018 5.1794
3 -3.6626 3.1098
1 0.2683 6.0769
9 3.3462 1.6176
6 5.7548 7.1040
5 0.2683 6.0769
4 0.2683 6.0769
9 1.9994 0.9288
6 3.9723 -5.8347
10 -4.3324 6.4141
4 6.8458 11.7654
2 1.3610 -8.1583
1 0.2683 6.0769
6 1.9262 9.5172
7 9.3394 -3.9049
10 6.8427 6.5963
9 -2.4230 0.9288
10 -1.5828 -0.8886
6 5.7548 7.1040
5 0.2683 6.0769
8 -4.2514 7.7218
1 0.2683 6.0769
7 0.7638 -0.5632
3 6.0723 0.7847
3 2.0900 -2.7394
6 -8.1788 -3.2592
5 0.2683 6.0769
4 -7.5649 7.9312
8 -7.3388 7.7698
1 0.2683 6.0769
