10 100
P -0.808283 9.255424 2.709023 12.770769
K 3.674713 5.227401 3.009320
P 4.697467 1.951075 6.363948 5.430875
P -6.531845 -6.813216 -4.179131 -4.748319
K 6.612147 -8.130105 3.248616
Z 4 -6.531845 -4.748319 -7.376108 -4.212390
P -4.585211 -5.417855 -1.206722 -1.333037
K -5.150369 2.599400 1.873440
P -8.281865 -7.617367 -7.042867 -3.405988
P 6.714285 8.036483 9.405052 10.495554
10 6.714285 8.036483
4 -6.531845 -6.813216
1 -0.808283 9.255424
7 -4.585211 -5.417855
1 2.709023 9.255424
2 3.674713 5.227401
7 -1.206722 -5.417855
4 -6.531845 -4.748319
4 -6.531845 -6.813216
8 -5.150369 2.599400
3 6.363948 1.951075
3 6.363948 5.430875
2 8.306339 1.798599
4 -6.531845 -4.748319
5 6.612147 -8.130105
5 6.612147 -8.130105
10 6.714285 10.495554
8 6.674480 5.227516
6 7.637544 7.693837
8 -5.150369 2.599400
8 -5.150369 2.599400
3 6.363948 1.951075
9 -7.042867 -7.617367
2 -2.394471 -5.885498
6 4.008209 2.261256
7 -1.206722 -1.333037
2 3.674713 5.227401
7 -1.206722 -1.333037
1 -3.157428 -0.175777
10 6.714285 8.036483
9 -7.042867 -3.405988
7 -1.206722 -5.417855
5 6.612147 -8.130105
8 -0.654904 0.914375
8 -5.150369 2.599400
9 -5.790677 -2.291546
5 6.612147 -8.130105
1 -0.808283 9.255424
9 -7.042867 -3.405988
3 -9.831546 6.835901
6 -4.179131 -4.748319
7 2.118754 1.914157
8 -1.052638 -8.439045
8 -5.150369 2.599400
3 6.363948 1.951075
10 6.638580 8.721763
1 2.709023 9.255424
7 -1.206722 -1.333037
1 2.709023 12.770769
2 -9.737371 7.382301
6 -6.531845 -4.748319
1 -0.808283 12.770769
5 6.612147 -8.130105
4 -8.117640 4.519955
6 -5.530624 -6.877361
9 -7.042867 -7.617367
2 -9.663416 -2.024356
1 3.841628 -7.797883
9 -8.281865 -3.405988
2 3.674713 5.227401
10 6.714285 10.495554
8 -5.150369 2.599400
1 2.709023 12.770769
7 -4.585211 -1.333037
10 6.714285 10.495554
4 -4.179131 -4.748319
5 6.612147 -8.130105
5 6.612147 -8.130105
10 9.405052 8.036483
10 9.405052 10.495554
2 3.674713 5.227401
2 3.674713 5.227401
7 -1.206722 -5.417855
10 9.405052 10.495554
8 -5.150369 2.599400
8 -5.150369 2.599400
9 -0.382671 -0.147792
1 -0.808283 12.770769
5 6.612147 -8.130105
2 3.674713 5.227401
10 6.714285 8.036483
5 6.612147 -8.130105
4 -6.531845 -6.813216
9 2.400892 2.295836
5 6.612147 -8.130105
7 -4.585211 -1.333037
2 3.674713 5.227401
6 -4.179131 -4.748319
7 -8.975310 -9.661163
9 -4.996633 -5.312577
8 -4.958451 -2.183134
5 6.612147 -8.130105
7 -1.206722 -5.417855
8 3.022260 7.141905
5 6.612147 -8.130105
9 -7.550664 4.424677
3 6.363948 1.951075
10 7.812920 9.879018
3 6.363948 1.951075
6 -4.179131 -4.748319
