10 100
P -3.031708 -3.220820 0.972162 -0.806924
K -5.508872 4.844444 3.164890
P -3.006335 -9.312679 1.034094 -8.123807
K -5.635820 -9.986045 1.406596
P 5.313912 -2.290744 8.332295 0.390959
Z 5 8.332295 0.390959 8.038477 1.346821
P 3.109733 -0.246902 5.600519 3.974884
P -5.436770 4.235572 -4.259477 7.250802
P 0.598538 -0.773849 5.583143 3.491954
P 2.208447 -3.106749 3.253442 0.734004
1 0.972162 -3.220820
5 8.332295 0.390959
2 -5.508872 4.844444
2 7.623022 0.126411
2 -5.508872 4.844444
10 2.208447 -3.106749
3 -3.006335 -8.123807
6 8.332295 0.390959
9 0.598538 3.491954
3 1.034094 -9.312679
6 5.642808 -3.845026
5 5.313912 0.390959
3 1.034094 -9.312679
9 0.598538 -0.773849
2 8.462552 5.346536
2 -2.596001 -2.375601
6 8.332295 0.390959
6 6.016887 3.347517
9 5.583143 -0.773849
1 -3.031708 -3.220820
1 -3.031708 -0.806924
3 1.229500 0.957115
6 4.376202 -6.112538
5 8.332295 -2.290744
10 6.230155 6.221585
6 12.335837 -0.132311
8 -4.259477 4.235572
2 -5.508872 4.844444
5 8.332295 -2.290744
7 -9.039234 -1.143615
6 8.332295 0.390959
9 5.583143 3.491954
7 5.600519 3.974884
1 -3.031708 -3.220820
9 5.583143 3.491954
7 3.109733 3.974884
7 3.109733 3.974884
1 -3.031708 -0.806924
5 0.799676 7.082716
1 2.827373 -4.251791
10 2.208447 -3.106749
6 5.313912 -2.290744
3 -4.450940 -3.930336
8 8.878090 9.564456
4 -5.635820 -9.986045
3 1.034094 -9.312679
7 5.600519 -0.246902
3 -7.262557 -3.522753
7 4.911793 -4.750703
2 -5.508872 4.844444
4 -5.635820 -9.986045
4 -5.635820 -9.986045
6 -7.283454 -5.726103
5 7.271894 7.092975
4 -5.635820 -9.986045
3 -3.006335 -8.123807
1 -3.031708 -0.806924
4 0.230506 6.474061
10 -7.417935 -4.189809
4 -5.635820 -9.986045
4 -4.728170 -1.785644
5 -0.276949 8.903004
1 0.972162 -3.220820
1 -3.031708 -0.806924
6 5.313912 0.390959
3 0.005659 -6.755484
4 -7.015102 -7.086169
2 -5.508872 4.844444
1 -3.302357 7.164706
3 -3.006335 -9.312679
6 5.313912 0.390959
7 -8.999426 3.730475
1 0.972162 -3.220820
6 9.838600 -1.827728
4 -5.635820 -9.986045
2 -5.508872 4.844444
9 5.583143 -0.773849
7 7.303107 -3.075376
1 -0.354316 -6.370125
9 5.583143 3.491954
3 1.034094 -8.123807
8 -4.259477 7.250802
9 1.692421 -4.264216
10 -4.050823 9.295884
4 0.340718 6.282388
8 -4.259477 4.235572
6 8.332295 -2.290744
2 -5.508872 4.844444
5 5.313912 -2.290744
4 -5.635820 -9.986045
2 -5.508872 4.844444
6 -8.490539 -4.297654
2 -5.508872 4.844444
10 2.208447 0.734004
8 -4.259477 4.235572
9 5.583143 3.491954
10 3.253442 -3.106749
1 -3.031708 -0.806924
9 0.598538 -0.773849
3 -3.006335 -8.123807
