10 100
K 6.410559 -4.291979 3.004432
K -8.139568 -4.425764 2.378985
Z 2 -8.139568 -4.425764 -7.428087 -5.128468
Z 2 -8.139568 -4.425764 -7.158442 -4.619133
K -9.173416 1.869802 3.728943
P -2.298405 -4.617462 0.985030 -2.453131
P -0.014011 -2.832016 2.926193 1.880436
P -6.016673 -2.858660 -2.295786 0.028286
K 1.309617 3.506857 2.949063
K -6.630389 -6.737484 3.447309
5 -9.173416 1.869802
2 -8.139568 -4.425764
1 4.726966 -2.715804
1 6.410559 -4.291979
8 -1.742205 1.420983
3 5.811247 1.107555
5 -9.173416 1.869802
3 -8.139568 -4.425764
6 -2.298405 -2.453131
4 -0.899707 -6.195697
2 -8.139568 -4.425764
7 -0.014011 1.880436
5 -9.173416 1.869802
8 -2.295786 0.028286
6 0.985030 -4.617462
1 6.410559 -4.291979
1 6.410559 -4.291979
9 1.309617 3.506857
9 1.309617 3.506857
3 -8.139568 -4.425764
3 -8.139568 -4.425764
5 -9.173416 1.869802
8 -2.295786 -2.858660
6 0.385493 8.813052
2 -8.139568 -4.425764
8 7.097483 1.301257
6 -2.298405 -2.453131
8 -2.295786 0.028286
3 0.663941 -7.272451
5 7.167097 0.788758
10 -8.798510 -0.523498
8 -8.779252 9.571119
10 -4.114690 -0.181658
6 3.151063 -2.630731
6 -2.298405 -2.453131
6 -7.341831 -5.462534
6 -6.370874 1.397828
8 -0.765011 -7.123716
7 0.796958 8.097566
2 -2.360179 1.738712
10 -6.630389 -6.737484
9 1.309617 3.506857
5 7.039444 -8.926091
4 -8.139568 -4.425764
8 1.228613 0.214983
1 5.853067 5.990987
3 -8.139568 -4.425764
9 1.309617 3.506857
5 7.457856 -8.242858
9 1.309617 3.506857
3 -8.139568 -4.425764
7 -0.014011 -2.832016
6 -0.328418 6.361027
7 2.926193 -2.832016
9 1.309617 3.506857
5 -9.173416 1.869802
5 -9.173416 1.869802
6 0.985030 -4.617462
3 -8.139568 -4.425764
4 -6.404345 -0.250802
2 -4.714491 3.769885
1 6.410559 -4.291979
10 -6.630389 -6.737484
6 -2.298405 -4.617462
9 1.309617 3.506857
8 -6.016673 0.028286
6 0.985030 -4.617462
9 1.309617 3.506857
4 -8.139568 -4.425764
7 -0.014011 -2.832016
3 -8.139568 -4.425764
2 -8.139568 -4.425764
9 7.564718 -7.361174
3 -8.139568 -4.425764
1 6.410559 -4.291979
9 1.309617 3.506857
4 -8.853625 -0.773906
2 -8.139568 -4.425764
5 -9.173416 1.869802
4 -8.139568 -4.425764
5 7.352324 3.527782
3 -8.139568 -4.425764
10 9.737865 -9.430701
6 0.985030 -2.453131
8 -2.295786 -2.858660
6 0.985030 -4.617462
5 -9.173416 1.869802
7 2.926193 -2.832016
5 9.035657 7.803759
7 -2.038557 -0.086179
7 2.926193 -2.832016
7 2.926193 -2.832016
7 2.926193 1.880436
9 -0.029112 -4.123949
6 4.833738 -6.080585
9 -1.984590 8.890412
4 -8.139568 -4.425764
9 1.309617 3.506857
1 6.410559 -4.291979
7 -0.014011 1.880436
