10 100
P 5.455728 0.394138 9.323746 4.836157
P 7.696638 -8.059113 10.194163 -4.447023
P -7.981106 -0.491211 -4.170602 4.203866
K -6.149905 7.667612 4.406521
K -6.531433 -3.197504 3.672666
K -7.795351 3.449220 3.392454
Z 2 -3.087926 -3.456754 -5.271530 1.188871
Z 4 5.478960 -9.972128 -3.223878 -1.225737
P -1.042617 4.544394 0.265731 8.191288
Z 5 -8.418147 -6.348502 -7.560188 -6.862219
2 7.696638 -4.447023
6 -7.795351 3.449220
9 0.265731 4.544394
8 -1.931951 -9.316723
1 7.888655 -6.019173
8 -2.184540 2.405659
3 -7.981106 -0.491211
4 -6.149905 7.667612
7 -10.800657 -14.315313
7 -7.615926 7.098532
2 7.696638 -8.059113
2 10.194163 -8.059113
6 -7.795351 3.449220
9 -1.042617 8.191288
7 -6.816218 5.140318
1 9.323746 0.394138
1 5.455728 0.394138
8 6.204905 4.952210
2 10.194163 -8.059113
2 4.371765 6.314174
8 -12.102510 1.744648
5 -6.531433 -3.197504
5 2.309008 3.335890
4 -6.149905 7.667612
8 -12.102510 1.744648
10 -10.304861 -9.499499
2 3.211005 1.717970
4 -6.149905 7.667612
6 8.492679 -8.388087
4 -2.750572 7.939484
6 8.196953 -3.375836
4 -6.149905 7.667612
9 -1.042617 4.544394
7 -6.425841 -14.697165
4 5.917989 -3.608498
9 -1.491891 -8.264039
3 -7.981106 -0.491211
2 10.194163 -8.059113
8 7.339677 9.017079
8 -8.136552 6.300663
1 4.585523 -2.313992
2 7.696638 -4.447023
1 -0.530475 4.257981
1 5.455728 4.836157
3 -4.170602 4.203866
4 -6.149905 7.667612
6 -7.795351 3.449220
6 -7.795351 3.449220
2 -2.435168 7.031017
4 -6.149905 7.667612
9 -1.042617 8.191288
1 9.323746 4.836157
6 -7.795351 3.449220
2 10.194163 -8.059113
10 -10.304861 -9.499499
9 -8.984439 -6.202542
9 -1.042617 8.191288
6 2.668952 -7.303198
10 -6.263483 -7.879418
2 1.227950 -2.331062
5 -6.531433 -3.197504
6 -1.222577 6.790846
5 -6.531433 -3.197504
4 -3.886189 6.152284
10 1.052794 9.992024
4 -9.966974 2.079724
5 -6.531433 -3.197504
8 -6.149905 7.667612
10 -7.876865 -1.024282
1 9.323746 0.394138
8 -12.102510 1.744648
6 -7.795351 3.449220
7 6.112653 -8.359089
4 9.619332 -0.056947
5 -6.531433 -3.197504
9 -1.042617 8.191288
4 -6.149905 7.667612
5 1.191336 4.115737
3 -4.170602 4.203866
3 0.118343 -5.451661
9 -1.042617 8.191288
8 -6.149905 7.667612
9 0.265731 8.191288
9 -1.042617 8.191288
6 -7.795351 3.449220
2 -3.617460 -5.958026
2 -0.085922 0.370400
4 -6.149905 7.667612
2 7.696638 -4.447023
2 7.696638 -8.059113
4 -6.149905 7.667612
6 -7.795351 3.449220
3 -7.981106 4.203866
5 -8.412763 -7.277092
2 10.194163 -4.447023
4 -6.149905 7.667612
8 2.344473 -4.935585
3 -7.981106 4.203866
5 -6.531433 -3.197504
7 10.194163 -8.059113
