10 100
P 0.211133 -1.650161 2.368527 2.967653
K -6.120337 1.285438 4.111831
Z 2 -9.362026 -1.244108 -8.746838 -2.032489
K 4.621427 2.168142 3.074367
K -8.153140 7.262804 4.440360
P -7.442336 -2.897203 -5.603439 1.543875
K 5.362639 -5.630106 1.475895
K -8.364718 3.249077 1.544735
P -8.790599 -5.205247 -6.528314 -1.305141
K 9.893049 1.632576 4.146575
3 -6.1203 1.2854
8 3.0462 4.8511
10 9.8930 1.6326
10 -4.7720 8.2039
9 6.3106 -2.5073
3 -12.6037 -3.7737
6 -5.6034 1.5439
8 -8.3647 3.2491
3 5.7233 -3.6307
1 2.3685 2.9677
8 -8.3647 3.2491
4 3.5896 -6.6789
9 -8.7906 -5.2052
7 5.3626 -5.6301
3 -6.1203 1.2854
6 -5.6034 1.5439
3 5.4928 -4.5343
5 -8.1531 7.2628
7 5.3626 -5.6301
8 -8.3647 3.2491
8 -8.3647 3.2491
6 -7.4423 -2.8972
8 -8.3647 3.2491
10 9.8930 1.6326
2 -6.1203 1.2854
7 5.3626 -5.6301
2 0.8492 -5.3016
8 -1.2794 3.2394
9 -8.7906 -1.3051
10 9.8930 1.6326
4 4.6214 2.1681
8 -8.6816 -0.1836
2 -6.1203 1.2854
7 -6.8252 -4.2693
7 5.3626 -5.6301
8 -8.3647 3.2491
6 -7.4423 1.5439
10 9.8930 1.6326
10 1.6181 6.5628
3 -4.5768 -6.6066
1 2.3685 -1.6502
8 -8.3647 3.2491
5 -9.1286 4.0386
8 -8.3647 3.2491
2 -6.1203 1.2854
9 -5.1366 -7.0325
3 -6.1203 1.2854
4 4.6214 2.1681
4 0.5429 -5.4812
1 0.2111 2.9677
6 -5.6034 -2.8972
9 -8.7906 -1.3051
4 4.6214 2.1681
8 -9.1151 -4.7189
9 -6.5283 -1.3051
9 -1.5996 -3.6445
6 -5.6034 -2.8972
3 -12.6037 -3.7737
6 -5.6034 1.5439
10 9.8930 1.6326
5 6.5741 -7.2570
4 4.6214 2.1681
9 -6.5283 -5.2052
4 4.6214 2.1681
5 -8.1531 7.2628
8 -8.3647 3.2491
7 5.3626 -5.6301
6 -5.6034 1.5439
4 2.9403 6.5921
6 -1.2947 8.6642
4 3.9448 2.2785
6 -7.4423 1.5439
5 -8.1531 7.2628
7 5.3626 -5.6301
2 -6.1203 1.2854
9 -6.5283 -5.2052
5 -4.1861 -7.1405
2 -6.1203 1.2854
5 7.6895 4.1975
2 -6.1203 1.2854
3 2.6143 5.0436
1 2.3685 2.9677
10 9.8930 1.6326
4 4.6214 2.1681
2 -6.1203 1.2854
3 -12.6037 -3.7737
3 -12.6037 -3.7737
3 -12.6037 -3.7737
6 -7.4423 -2.8972
9 -8.7906 -5.2052
10 9.8930 1.6326
9 -6.5283 -5.2052
5 -8.1531 7.2628
4 4.6214 2.1681
2 4.0630 1.0489
3 -12.6037 -3.7737
7 -3.8461 3.2261
6 -5.6034 -2.8972
7 5.3626 -5.6301
9 -6.5283 -5.2052
