10 100
P -1.163560 -9.199211 3.600656 -4.407698
K -5.960385 6.843316 3.577541
P 9.376891 2.174837 11.749192 7.009582
P -0.974541 -8.589833 3.205211 -6.084673
K -0.090518 9.895518 2.661105
P 6.156793 3.982438 8.326945 5.891385
Z 6 9.387167 -4.367614 -4.083299 -9.306664
Z 3 9.376891 7.009582 10.334241 7.298514
P 2.949086 1.134503 7.194591 4.349487
K -4.399314 -9.729602 4.473267
1 3.6007 -4.4077
6 6.5468 4.4647
6 -5.6261 -0.6114
2 -5.9604 6.8433
2 -5.9604 6.8433
1 9.2284 -6.3605
7 8.3269 3.9824
1 3.6007 -4.4077
1 -1.1636 -9.1992
1 9.2834 4.6182
1 2.1201 -3.3005
9 7.1946 4.3495
1 -1.1636 -9.1992
8 6.7022 11.0371
8 11.7492 7.0096
10 -4.3993 -9.7296
9 7.1946 1.1345
1 -5.1345 -7.9772
4 3.2052 -6.0847
9 -4.9045 5.0103
5 2.3822 -2.5729
3 -6.5590 -6.6300
8 11.7492 2.1748
1 -1.1636 -4.4077
7 6.1568 5.8914
6 -4.0043 2.6763
4 3.2052 -8.5898
9 7.1946 4.3495
10 -4.3993 -9.7296
10 -4.3993 -9.7296
2 -1.4139 9.6939
3 9.3769 7.0096
2 -5.9604 6.8433
9 2.9491 1.1345
10 -4.3993 -9.7296
7 12.3200 -12.8268
3 -8.8503 1.9601
3 9.3769 2.1748
2 -5.9604 6.8433
6 6.1568 5.8914
8 9.3769 7.0096
2 6.2003 -1.7426
2 -5.9604 6.8433
10 -4.3993 -9.7296
3 9.3769 7.0096
4 -6.3307 -7.0978
9 7.1946 4.3495
9 -2.0733 -6.3090
1 -5.2500 1.3599
6 6.1568 3.9824
5 1.0497 -3.6333
1 3.6007 -4.4077
1 3.6007 -9.1992
1 3.6007 -4.4077
8 9.3769 7.0096
7 12.3200 -12.8268
8 7.4286 7.9245
6 -6.1899 7.4786
2 -5.9604 6.8433
10 -4.3993 -9.7296
2 1.4730 -3.2440
7 13.9758 -11.4239
8 0.1247 -3.6138
2 -9.4285 -2.5334
10 -4.3993 -9.7296
4 9.8682 -1.5045
10 -4.3993 -9.7296
8 -8.8183 -8.1792
1 -8.6094 -3.4382
9 2.9491 4.3495
5 -0.0905 9.8955
6 -0.2503 1.6009
9 7.1946 1.1345
3 7.8762 4.0503
9 8.7278 2.4011
1 -1.1636 -4.4077
6 6.1568 3.9824
7 -0.4997 8.8557
2 6.8809 -5.4687
5 1.5768 9.3938
10 -4.3993 -9.7296
2 -2.2595 5.0731
8 11.7492 7.0096
10 -4.3993 -9.7296
8 11.7492 2.1748
6 6.1568 3.9824
3 11.7492 2.1748
6 8.3269 3.9824
2 -9.6769 -6.6438
8 8.6784 12.3495
5 -0.0905 9.8955
8 6.7022 11.0371
8 8.6784 12.3495
4 -0.9745 -6.0847
7 8.3269 5.8914
3 9.3769 7.0096
10 -4.3993 -9.7296
3 9.3769 7.0096
2 -5.9604 6.8433
5 -0.0905 9.8955
