10 100
K -3.713777 -7.335692 4.307796
Z 1 -6.281842 -10.794327 -5.478964 -11.390470
Z 1 -3.713777 -7.335692 -4.301276 -6.526468
P 8.793112 3.875731 9.795150 6.636619
K 9.244179 8.095266 2.720495
K -4.188619 -2.041768 3.484102
P 2.242139 4.484134 6.389178 7.628968
K 0.431824 6.278008 1.416536
Z 8 0.431824 6.278008 1.403691 6.513538
Z 7 -8.010231 3.800001 6.330739 7.819094
1 7.2258 -1.4987
8 0.4318 6.2780
9 0.4318 6.2780
3 -3.7138 -7.3357
4 -1.8404 -2.7589
6 -4.1886 -2.0418
2 -8.8499 -14.2530
6 -4.1886 -2.0418
8 0.4318 6.2780
2 -8.8499 -14.2530
7 -7.8428 0.9834
9 0.4318 6.2780
3 -3.7138 -7.3357
2 3.2760 -6.9510
5 8.5184 -6.8710
7 6.3892 7.6290
8 0.4318 6.2780
3 -3.7138 -7.3357
1 -3.7138 -7.3357
6 -4.1886 -2.0418
7 6.3892 7.6290
3 3.3435 -5.7113
9 0.4318 6.2780
6 -4.1886 -2.0418
3 -3.7138 -7.3357
1 -3.7138 -7.3357
7 2.2421 4.4841
5 9.2442 8.0953
2 -3.7138 -7.3357
5 5.9176 1.2242
1 -3.7138 -7.3357
1 -3.7138 -7.3357
4 8.7931 6.6366
6 1.4746 5.0303
2 -3.7138 -7.3357
1 -3.7138 -7.3357
4 9.7951 6.6366
7 6.3892 7.6290
6 -4.1886 -2.0418
7 6.3892 7.6290
9 5.7637 -1.5832
7 6.0365 -9.9142
8 0.4318 6.2780
1 -4.7888 6.7008
3 -3.7138 -7.3357
1 -3.7138 -7.3357
10 2.7388 5.8567
2 6.9158 -4.2678
2 -8.8499 -14.2530
8 0.4318 6.2780
10 5.9727 -3.0153
6 -4.1886 -2.0418
5 9.2442 8.0953
10 2.2421 7.6290
6 -9.8720 1.0491
8 0.4318 6.2780
6 -9.6745 4.8981
5 -1.6460 9.2014
5 9.2442 8.0953
6 -4.1886 -2.0418
6 -4.1886 -2.0418
2 -3.7138 -7.3357
10 3.5404 -8.0821
4 -8.6015 -7.6540
7 6.3892 7.6290
7 6.3892 4.4841
6 -2.6539 1.1578
2 9.2807 -5.0249
2 6.1150 -8.3989
5 9.2442 8.0953
6 -4.1886 -2.0418
10 2.7388 5.8567
3 -3.7138 -7.3357
2 -1.3657 -2.1271
10 4.6475 10.6987
5 9.2442 8.0953
8 -7.2299 5.9481
2 -3.4603 7.3164
9 -1.7507 -2.0348
8 0.4318 6.2780
3 -4.4748 -8.1406
6 -4.1886 -2.0418
7 2.2421 4.4841
1 -3.7138 -7.3357
6 -4.1886 -2.0418
8 0.8655 -6.5272
3 -3.7138 -7.3357
7 4.5644 4.2157
9 0.4318 6.2780
6 -4.1886 -2.0418
7 2.2421 7.6290
1 -3.7138 -7.3357
3 -3.7138 -7.3357
7 6.3892 4.4841
4 8.7931 3.8757
9 0.4318 6.2780
1 -3.7138 -7.3357
7 6.3892 4.4841
1 -3.7138 -7.3357
4 3.7521 2.3542
