10 100
K 5.097668 -2.170991 4.196104
Z 1 5.097668 -2.170991 5.306522 -3.148938
K -5.790276 -4.631403 2.102939
P -3.768721 7.838360 -0.388956 11.374745
K 8.524906 1.477398 2.220870
P 5.043007 -1.329448 9.203281 0.453234
K 5.704311 4.532536 1.575293
K -8.571812 3.579624 2.552143
P 7.424076 5.582559 8.771798 7.995678
Z 2 5.097668 -2.170991 6.074891 -2.383208
3 -5.7903 -4.6314
10 -4.3212 0.2175
2 8.4903 -5.0468
6 -1.4472 -1.0350
5 8.5249 1.4774
7 5.7043 4.5325
8 -8.5718 3.5796
2 5.0977 -2.1710
1 -0.0932 -4.3492
7 5.7043 4.5325
4 -0.3890 7.8384
8 -8.5718 3.5796
3 -8.4755 0.8630
3 -5.7903 -4.6314
5 8.5249 1.4774
7 5.7043 4.5325
10 5.0977 -2.1710
9 7.4241 5.5826
5 -6.1320 -2.3329
5 8.5249 1.4774
6 5.0430 0.4532
10 5.0977 -2.1710
1 -2.6547 -6.7199
2 5.0977 -2.1710
9 8.7718 7.9957
1 5.0977 -2.1710
7 5.7043 4.5325
6 9.2033 0.4532
8 -5.9912 -7.2105
5 2.2363 1.9735
2 5.0977 -2.1710
10 1.3118 4.6525
3 -5.7903 -4.6314
9 8.7718 7.9957
3 -5.7903 -4.6314
5 8.5249 1.4774
2 -7.8253 0.1871
6 9.2033 -1.3294
3 -5.7903 -4.6314
2 5.0977 -2.1710
5 8.5249 1.4774
8 -8.5718 3.5796
4 3.8147 8.3215
5 8.5249 1.4774
10 7.6141 -6.4500
9 -4.6677 -8.8008
6 -6.5252 6.6423
9 4.8687 0.6807
6 5.0430 0.4532
6 9.2033 -1.3294
5 8.0183 -2.3779
8 -8.5718 3.5796
10 5.0977 -2.1710
1 5.0977 -2.1710
1 5.0977 -2.1710
10 5.0977 -2.1710
8 6.1584 -9.2105
7 5.7043 4.5325
3 -5.7903 -4.6314
4 -3.7687 11.3747
4 -3.7687 11.3747
5 8.5249 1.4774
10 0.8180 4.6844
3 -2.3223 -5.1444
8 -8.5718 3.5796
3 0.8114 6.1394
6 9.2033 0.4532
3 -5.7903 -4.6314
1 5.0977 -2.1710
3 -5.7903 -4.6314
7 5.7043 4.5325
1 5.0977 -2.1710
9 7.4241 7.9957
4 5.7061 -9.5774
5 8.5249 1.4774
1 -8.4833 -2.3942
1 6.7195 8.8333
5 8.3313 -6.6381
1 -0.4072 5.6971
3 -5.7903 -4.6314
10 5.0977 -2.1710
4 -3.7687 11.3747
10 5.0977 -2.1710
7 5.7043 4.5325
4 -3.7687 11.3747
7 4.6598 7.0294
6 5.0430 0.4532
5 8.5249 1.4774
9 2.5687 0.2336
8 4.4507 -5.4653
1 8.0281 -5.6568
2 -1.6753 7.1729
9 8.7718 5.5826
5 7.8262 -3.3345
4 -0.3890 7.8384
1 5.0977 -2.1710
3 -5.7903 -4.6314
10 6.0853 1.3375
5 8.5249 1.4774
4 -7.9585 -1.6502
