10 100
P 2.753076 -6.004953 6.260983 -1.063786
P -4.630980 -4.885071 0.161033 -3.235481
K -7.243121 0.993646 2.639022
Z 3 -7.243121 0.993646 -7.279007 -0.005710
P 9.826961 -9.778731 12.728428 -7.384070
Z 2 -4.630980 -4.885071 -5.629081 -4.946678
K -0.859434 -4.743267 1.712591
P 8.874518 -3.129785 12.549777 -0.059242
P -4.817497 -2.854085 -2.729359 0.928498
P 2.174552 8.022011 7.162738 10.694947
7 -0.8594 -4.7433
1 -3.8173 5.0260
9 -7.7525 -9.5221
6 0.3275 -5.9328
4 -6.5141 5.6567
10 7.1627 10.6949
5 6.8510 7.3381
2 0.1610 -4.8851
1 6.2610 -1.0638
10 7.1627 10.6949
3 -7.2431 0.9936
9 -7.4947 9.8639
7 5.2333 8.2860
2 -4.6310 -4.8851
1 6.2610 -1.0638
5 9.8270 -7.3841
3 -6.9446 -1.7927
2 0.1610 -3.2355
5 12.7284 -7.3841
7 2.8713 6.7555
6 -4.6310 -4.8851
9 -2.7294 -2.8541
7 -0.8594 -4.7433
7 -0.8594 -4.7433
9 -4.8175 0.9285
1 2.6881 -2.5800
2 -4.6310 -4.8851
4 -7.2431 0.9936
7 -0.8594 -4.7433
10 7.2357 -1.8719
3 -7.2431 0.9936
4 -7.2431 0.9936
3 -7.2431 0.9936
6 7.2792 -9.1264
10 7.1627 10.6949
8 8.8745 -3.1298
10 7.1627 8.0220
7 7.8888 7.3648
2 -4.6310 -4.8851
8 12.5498 -3.1298
2 0.1610 -4.8851
2 3.4336 -6.4130
2 -9.8738 -6.4651
5 9.8270 -7.3841
4 -9.8412 -3.0933
3 -7.2431 0.9936
3 -7.2431 0.9936
9 -2.7294 -2.8541
2 0.1610 -3.2355
6 -2.1656 -0.5482
10 7.1627 8.0220
8 -2.8042 2.4450
3 -9.2053 -0.3608
7 -0.8594 -4.7433
5 9.8270 -7.3841
3 -7.2431 0.9936
10 2.1746 8.0220
7 8.7591 4.7844
3 -7.2431 0.9936
8 8.8745 -3.1298
5 0.3093 7.6144
5 -5.7827 -7.2828
9 -2.7294 0.9285
10 7.1627 10.6949
9 -4.8175 -2.8541
9 3.7369 1.8998
10 0.2519 -3.5476
2 3.8366 -8.5423
5 -9.0521 -1.5087
7 -0.8594 -4.7433
6 0.1610 -3.2355
7 -0.8594 -4.7433
9 -2.7294 -2.8541
8 -8.3196 3.2832
7 -3.3851 -7.3439
2 -1.8721 -3.9196
10 2.1746 10.6949
5 -0.2355 -5.3365
10 7.1627 10.6949
5 7.7547 9.7930
1 1.0902 6.2008
5 -1.4512 -4.7101
7 -0.8594 -4.7433
9 -4.9504 -5.7201
10 2.1746 10.6949
4 8.8023 -6.5418
7 -0.8594 -4.7433
3 -7.2431 0.9936
8 12.5498 -3.1298
4 -7.2431 0.9936
8 8.8745 -3.1298
4 -7.2431 0.9936
6 -4.6310 -4.8851
10 2.1746 10.6949
5 -4.3653 1.2493
7 -0.8594 -4.7433
7 -4.3050 -4.3704
10 -3.5125 9.1188
7 -9.0499 -4.9686
10 3.6920 0.4686
