10 100
K 5.224823 -2.753205 4.402150
K -2.014602 -2.301172 1.411650
Z 2 4.691987 1.318643 -5.223784 -8.212265
K -1.679089 4.779406 1.734903
K 1.862190 4.922200 3.137232
K -0.482677 6.790394 3.711638
K -5.217817 -7.090495 1.750650
K -0.944423 0.323093 4.001167
K 6.078417 -8.777749 3.734123
Z 6 -2.784137 3.878430 -1.999588 3.258364
1 0.798544 -7.838605
3 3.712307 -0.103270
9 0.510307 -8.358761
10 -0.482677 6.790394
9 6.078417 -8.777749
7 -5.217817 -7.090495
8 -0.944423 0.323093
6 -0.482677 6.790394
4 -1.679089 4.779406
4 -1.679089 4.779406
10 4.237349 -1.487121
1 -5.212011 9.108451
3 -9.719343 -6.385439
8 -0.944423 0.323093
10 -1.066402 8.726143
1 -0.512946 6.650247
7 -5.217817 -7.090495
2 -2.014602 -2.301172
9 -3.866037 7.737819
8 -2.267807 -7.644071
2 -2.014602 -2.301172
3 0.809655 -5.239474
7 -5.217817 -7.090495
10 -5.085597 0.966465
5 1.862190 4.922200
2 -3.275215 -9.749946
10 3.896104 -1.684962
6 -5.496881 6.404122
1 -2.935344 -5.765029
4 -1.679089 4.779406
8 1.143991 -2.219396
6 -0.482677 6.790394
1 5.224823 -2.753205
9 -8.958500 9.049835
3 -2.014602 -2.301172
3 -4.566661 8.431447
7 -5.217817 -7.090495
5 1.862190 4.922200
6 2.680989 -6.186030
10 -1.177005 -0.022768
4 -1.799126 1.523369
3 -1.491826 -0.197222
9 6.078417 -8.777749
10 -5.085597 0.966465
6 -0.482677 6.790394
2 -2.014602 -2.301172
7 -5.217817 -7.090495
9 -1.287103 0.644514
1 1.459196 -1.974967
5 1.862190 4.922200
4 1.539441 -0.927784
10 -0.482677 6.790394
1 5.224823 -2.753205
6 -0.482677 6.790394
4 -1.679089 4.779406
4 -1.679089 4.779406
1 5.224823 -2.753205
1 4.248675 -6.547583
1 5.224823 -2.753205
3 0.809655 -5.239474
10 -0.482677 6.790394
10 -0.482677 6.790394
1 5.224823 -2.753205
8 -0.944423 0.323093
6 -0.482677 6.790394
5 1.862190 4.922200
8 -0.944423 0.323093
9 6.078417 -8.777749
3 -2.014602 -2.301172
8 -1.065493 4.070171
2 -2.014602 -2.301172
5 1.862190 4.922200
8 -0.944423 0.323093
10 -5.085597 0.966465
9 6.078417 -8.777749
1 5.224823 -2.753205
8 -0.944423 0.323093
9 6.078417 -8.777749
3 -6.086830 6.025912
2 0.331878 4.057659
4 -1.679089 4.779406
5 1.862190 4.922200
7 -5.217817 -7.090495
9 6.078417 -8.777749
2 -2.014602 -2.301172
6 -0.482677 6.790394
1 5.224823 -2.753205
6 -0.482677 6.790394
2 -2.014602 -2.301172
1 5.224823 -2.753205
2 -6.407239 -0.666489
1 5.224823 -2.753205
1 5.224823 -2.753205
4 -1.679089 4.779406
7 -5.217817 -7.090495
5 1.862190 4.922200
6 -0.482677 6.790394
2 4.945901 6.057206
3 -6.506481 9.901523
2 -2.014602 -2.301172
