10 100
K -9.231131 7.372258 3.334449
P -5.405437 9.399776 -1.752698 10.689586
K -4.390045 -0.261011 4.206529
K 6.464586 -7.821941 3.781761
K 0.449298 -0.693449 2.581631
P 5.591933 -4.949517 9.619235 -2.219125
P -2.027086 7.546611 -0.452169 9.760250
Z 7 -0.452169 9.760250 -0.929020 8.881266
K 9.312349 -8.729600 3.166324
P 0.237689 2.446167 3.743074 4.444651
8 -2.027086 7.546611
9 9.312349 -8.729600
8 -6.199787 0.631811
8 0.406515 8.440013
8 0.406515 8.440013
6 5.591933 -2.219125
5 0.449298 -0.693449
10 0.237689 2.446167
1 -9.231131 7.372258
3 -4.390045 -0.261011
2 -3.965784 -4.442986
1 -9.231131 7.372258
9 -7.540058 -2.168504
10 3.743074 2.446167
4 6.464586 -7.821941
10 3.743074 4.444651
4 6.464586 -7.821941
6 9.619235 -2.219125
2 -1.752698 10.689586
7 -2.883358 -5.630771
2 -5.405437 9.399776
10 -7.594985 2.772732
2 -5.405437 9.399776
4 6.464586 -7.821941
10 0.237689 2.446167
6 -4.715227 -9.677195
1 -9.231131 7.372258
5 0.449298 -0.693449
2 -5.405437 10.689586
4 6.464586 -7.821941
3 -4.390045 -0.261011
3 -4.390045 -0.261011
1 -9.231131 7.372258
3 -4.390045 -0.261011
6 5.591933 -2.219125
2 8.231221 9.202902
7 -4.254321 -6.523029
5 9.971782 4.526131
7 -0.452169 7.546611
2 -2.586603 5.922458
7 -2.027086 9.760250
7 -2.027086 9.760250
9 9.312349 -8.729600
9 9.312349 -8.729600
10 0.237689 4.444651
10 3.053435 1.183172
1 -9.231131 7.372258
8 -0.452169 7.546611
9 9.312349 -8.729600
8 -1.449155 7.233082
5 0.449298 -0.693449
9 -8.124963 -3.101060
7 -0.452169 7.546611
3 -4.043646 6.213318
3 -4.390045 -0.261011
8 -2.027086 9.760250
5 0.449298 -0.693449
10 3.743074 2.446167
3 -4.390045 -0.261011
3 -7.456444 8.843264
9 9.312349 -8.729600
4 -3.774389 1.547571
5 0.449298 -0.693449
6 5.591933 -2.219125
10 -6.777566 0.205866
6 5.591933 -4.949517
9 9.312349 -8.729600
7 -2.027086 9.760250
2 7.360732 -5.324503
1 -9.231131 7.372258
6 6.219939 2.281438
9 9.312349 -8.729600
8 -1.449155 7.233082
2 -6.848925 -4.144384
2 -5.405437 9.399776
9 9.312349 -8.729600
4 6.464586 -7.821941
8 -2.027086 9.760250
10 6.405497 -4.834692
10 0.237689 2.446167
3 3.127815 -2.206112
4 6.464586 -7.821941
9 9.312349 -8.729600
8 -0.452169 9.760250
6 5.591933 -4.949517
10 3.582158 4.056656
2 -1.752698 9.399776
7 -0.452169 9.760250
10 3.743074 4.444651
6 5.591933 -4.949517
9 9.312349 -8.729600
10 0.237689 4.444651
5 0.449298 -0.693449
3 -0.625145 -2.748842
6 9.619235 -4.949517
8 -2.307839 8.553319
10 3.743074 4.444651
7 -0.452169 9.760250
2 1.344765 9.713524
8 1.568730 -7.422563
