10 100
K 5.050136 2.151512 1.833497
P 1.544360 3.178000 5.073553 5.506307
Z 2 -3.486679 2.661311 -7.830390 -0.831498
K 4.616201 2.698153 4.397891
P 8.865344 0.158203 12.834932 3.801365
P -2.056649 8.300321 2.762574 11.283477
Z 5 -9.662272 1.433290 4.004061 -4.218719
Z 3 -6.701008 2.052351 0.231299 -7.157135
K -7.732185 6.002354 4.972382
K -1.303389 -7.473132 1.501386
5 8.865344 3.801365
4 4.616201 2.698153
4 4.616201 2.698153
5 -9.288495 -2.173013
9 -6.053821 -6.512707
4 -4.634044 5.592577
10 -1.303389 -7.473132
1 5.050136 2.151512
1 5.050136 2.151512
10 -1.303389 -7.473132
3 5.073553 3.178000
4 4.616201 2.698153
9 -7.732185 6.002354
9 -7.732185 6.002354
10 -8.071945 -6.346715
3 -3.360810 -9.064981
1 6.488480 -6.951338
6 2.762574 8.300321
5 -7.475846 -6.605778
9 -9.752984 -1.289186
3 9.498030 1.454694
7 4.353715 -10.750737
5 8.865344 0.158203
7 12.834932 0.158203
9 -7.732185 6.002354
9 -7.732185 6.002354
10 -1.303389 -7.473132
5 8.865344 3.801365
10 -1.303389 -7.473132
10 -1.303389 -7.473132
5 -5.909447 -0.852921
10 -8.696257 6.515039
4 4.616201 2.698153
4 7.555406 4.572190
3 -3.977877 -4.919185
10 -1.303389 -7.473132
9 -7.732185 6.002354
7 1.780436 -13.329664
5 12.834932 3.801365
2 1.544360 3.178000
6 4.134839 -3.699986
5 -8.929545 7.493379
6 -2.056649 8.300321
3 -4.153942 2.923995
1 5.050136 2.151512
2 1.544360 3.178000
7 4.353715 -10.750737
9 -7.732185 6.002354
3 1.544360 3.178000
5 0.984036 6.221700
7 1.780436 -13.329664
1 5.050136 2.151512
9 -1.256441 -9.401945
7 4.353715 -10.750737
7 4.590432 -16.133508
10 -1.303389 -7.473132
3 -5.009320 -3.222112
10 -1.303389 -7.473132
7 4.353715 -10.750737
8 5.073553 5.506307
8 5.073553 3.178000
9 -7.732185 6.002354
7 4.353715 -10.750737
8 -0.923528 -1.417061
1 8.246827 -7.175344
9 -8.721973 2.559060
10 -1.303389 -7.473132
8 -16.751172 -0.836380
7 8.865344 0.158203
3 1.544360 5.506307
8 -6.894028 9.277499
1 5.050136 2.151512
10 -1.303389 -7.473132
10 -8.974917 -8.423466
8 1.129320 10.411416
9 -7.732185 6.002354
4 3.955540 -8.725654
9 -7.732185 6.002354
8 -2.582242 2.154746
9 1.539003 -9.270705
8 -4.270487 8.475004
7 1.780436 -13.329664
5 12.834932 0.158203
4 4.616201 2.698153
7 4.222018 6.701007
8 7.785153 -3.952449
1 5.050136 2.151512
8 -2.003560 -9.760581
9 -7.732185 6.002354
9 -7.732185 6.002354
7 7.163712 -13.554582
2 1.544360 3.178000
7 4.353715 -10.750737
9 -7.732185 6.002354
3 -1.144725 10.911147
6 2.762574 8.300321
7 8.865344 3.801365
1 5.050136 2.151512
3 1.544360 3.178000
3 1.544360 3.178000
