10 100
K 3.874904 0.772387 3.880877
Z 1 3.874904 0.772387 2.874962 0.761637
P 2.939342 2.213527 6.743049 4.048506
Z 1 0.908742 3.275003 0.263884 2.510701
K 1.116097 9.605129 4.518477
K 0.179503 -9.813910 1.271728
Z 5 1.116097 9.605129 0.664194 10.497196
K 9.518680 -0.001261 1.637065
K -5.915155 6.831774 1.036450
Z 7 5.634571 9.600181 5.635666 10.600180
8 9.518680 -0.001261
8 9.518680 -0.001261
4 3.874904 0.772387
3 6.743049 4.048506
5 1.116097 9.605129
2 3.874904 0.772387
7 9.474797 5.231650
10 -9.255784 8.530394
7 1.116097 9.605129
4 3.874904 0.772387
1 3.874904 0.772387
5 1.116097 9.605129
7 1.116097 9.605129
3 6.743049 4.048506
4 3.874904 0.772387
4 3.874904 0.772387
3 2.506433 7.751287
8 9.518680 -0.001261
8 9.518680 -0.001261
9 -2.069865 -7.112549
9 -5.915155 6.831774
2 4.416148 -4.256691
1 3.874904 0.772387
5 1.116097 9.605129
10 10.153045 9.595233
7 -5.895989 1.202733
8 9.518680 -0.001261
7 1.116097 9.605129
7 8.476002 4.444613
7 1.116097 9.605129
7 -9.393943 -6.740253
7 1.116097 9.605129
9 7.348667 0.686559
6 6.238993 7.428442
2 3.874904 0.772387
6 0.179503 -9.813910
6 0.179503 -9.813910
4 3.874904 0.772387
2 3.874904 0.772387
10 1.116097 9.605129
1 3.874904 0.772387
4 -2.222590 3.147568
10 -6.925600 8.183165
6 0.179503 -9.813910
4 -5.389471 -2.741064
9 -2.610192 7.492043
8 9.518680 -0.001261
5 8.822894 -0.941138
1 2.718729 7.389097
4 3.874904 0.772387
9 -5.915155 6.831774
5 5.505205 1.004603
10 1.116097 9.605129
9 -5.915155 6.831774
10 10.153045 9.595233
1 3.874904 0.772387
6 0.179503 -9.813910
10 6.311472 7.474695
6 -4.014906 -7.404302
4 -3.792777 -8.791332
8 9.518680 -0.001261
10 10.153045 9.595233
2 7.287113 -9.004696
8 9.518680 -0.001261
3 5.240499 0.846057
3 0.258870 -5.634733
5 1.116097 9.605129
6 0.179503 -9.813910
6 0.179503 -9.813910
7 1.116097 9.605129
6 0.179503 -9.813910
3 6.743049 2.213527
3 6.743049 2.213527
3 2.939342 4.048506
4 -2.057420 5.777620
4 3.874904 0.772387
2 -1.660973 -5.041277
8 -8.025212 3.198166
7 1.116097 9.605129
1 3.874904 0.772387
2 3.874904 0.772387
10 10.153045 9.595233
7 -3.341903 6.388898
5 1.116097 9.605129
10 3.462633 -6.236821
9 -5.915155 6.831774
8 9.518680 -0.001261
3 2.939342 2.213527
7 1.116097 9.605129
5 1.116097 9.605129
9 3.433043 -8.504204
3 6.743049 2.213527
3 2.939342 2.213527
4 -2.057420 5.777620
6 0.179503 -9.813910
7 1.116097 9.605129
5 1.116097 9.605129
7 1.116097 9.605129
5 -0.399124 3.474766
10 10.153045 9.595233
