10 100
P -9.249935 -9.483773 -6.255407 -6.132636
K 4.692697 -3.592769 3.309138
Z 2 1.394708 -3.864195 1.476732 -4.860825
Z 1 -8.434097 0.680792 4.724681 1.989901
K -9.879531 -6.044306 4.270886
Z 2 1.390906 -9.552377 -7.027800 2.595212
K -5.276694 -6.148146 2.260168
P -1.256997 -6.540671 3.357237 -2.385886
P 0.824348 -0.832150 2.457611 0.615986
P -1.202877 -9.281862 2.696885 -5.974933
1 7.9346 -4.2159
8 3.3572 -6.5407
9 2.4576 -0.8321
8 -6.5646 -5.5943
9 -7.5421 -0.7096
2 6.0493 2.9906
6 -5.3485 -10.5517
4 6.2495 1.8789
5 -9.8795 -6.0443
10 -1.2029 -5.9749
4 -1.6056 -3.1886
1 -6.2554 -6.1326
7 -5.2767 -6.1481
9 2.4576 0.6160
7 -5.2767 -6.1481
6 4.6927 -3.5928
8 3.3572 -6.5407
9 2.4576 -0.8321
8 3.3572 -6.5407
8 -8.1601 6.1459
2 4.6927 -3.5928
4 -7.5264 -1.5447
10 -1.2029 -5.9749
8 3.3572 -2.3859
8 4.0541 3.6381
7 3.0472 -1.6474
4 -6.2554 -6.1326
1 -5.8398 6.5150
4 -8.3007 11.0754
10 -1.2029 -9.2819
9 0.8243 0.6160
7 -3.5713 3.9079
1 -7.9123 1.1043
6 1.2642 -0.9286
4 -9.2499 -9.4838
5 -9.8795 -6.0443
2 -2.5865 6.6115
2 4.6927 -3.5928
6 4.6927 -3.5928
1 1.2599 9.2051
8 -0.8947 -5.9560
9 2.4576 -0.8321
8 3.3572 -6.5407
8 -1.2570 -6.5407
2 -3.7189 2.4761
9 -9.3341 8.7869
1 -6.2554 -9.4838
2 4.6927 -3.5928
5 -9.8795 -6.0443
1 4.1930 -1.2596
2 4.6927 -3.5928
5 6.8387 -9.0353
4 -11.2366 10.4854
7 -5.2767 -6.1481
3 4.6927 -3.5928
2 -9.7692 -6.1442
7 -5.2767 -6.1481
9 0.8243 0.6160
9 0.8243 0.6160
7 -5.2767 -6.1481
8 -1.2570 -2.3859
1 6.2009 -1.4850
8 -1.2570 -2.3859
9 0.8243 -0.8321
8 -1.2570 -6.5407
2 4.1003 2.3048
2 4.6927 -3.5928
10 2.6969 -5.9749
10 2.6969 -9.2819
10 3.2415 9.1214
1 -6.2554 -9.4838
4 -7.6405 7.7899
5 0.1523 0.7396
2 -6.0317 -5.4771
4 -6.2554 -6.1326
1 -9.2499 -6.1326
8 3.3572 -6.5407
1 -8.5571 0.9634
7 7.0690 1.1510
9 0.8243 -0.8321
7 -5.2767 -6.1481
1 2.8857 3.6007
9 0.8243 0.6160
8 -1.2570 -2.3859
4 -7.8220 6.5843
9 0.8243 0.6160
5 -9.8795 -6.0443
9 0.8243 -0.8321
2 4.6927 -3.5928
1 -5.2564 6.1535
7 -5.2767 -6.1481
9 -0.7389 -0.4406
8 3.3572 -6.5407
1 -8.1029 7.7522
3 4.6927 -3.5928
1 -6.2554 -6.1326
9 0.8243 -0.8321
3 8.9629 4.7154
10 -1.2029 -9.2819
2 4.6927 -3.5928
