10 100
P 2.454107 -5.384910 5.543762 -1.487150
P 9.979058 2.983000 12.229709 4.819100
K 4.830579 4.562212 3.770685
P -8.230781 -6.347232 -5.508930 -3.562555
Z 2 2.833198 -4.540009 3.250011 -0.860411
Z 3 1.504332 2.786218 1.975332 1.904085
Z 6 -2.847388 -2.618338 -1.885079 -2.890298
P 5.931535 -3.936907 10.047265 -1.266847
Z 3 1.063304 4.401871 1.105827 3.402776
P 8.049024 5.080481 9.192887 6.356104
9 -2.703971 4.241531
1 -8.387823 6.936712
10 9.192887 5.080481
5 -2.448828 4.390790
5 9.979058 4.819100
8 10.047265 -3.936907
8 10.047265 -3.936907
3 -4.773000 -1.907334
10 9.192887 5.080481
1 -0.884756 -8.111122
1 8.738026 2.131737
4 -5.508930 -3.562555
5 -1.782461 9.656254
1 2.454107 -1.487150
5 -4.197328 0.321314
3 4.830579 4.562212
3 4.830579 4.562212
10 8.049024 6.356104
6 4.830579 4.562212
1 5.543762 -1.487150
5 12.229709 4.819100
9 8.623641 -8.359624
5 9.979058 2.983000
8 -4.748174 3.086125
2 12.229709 2.983000
5 -4.231747 6.683800
9 -2.703971 4.241531
6 4.830579 4.562212
4 -1.339225 -7.969538
2 -9.062112 2.136121
8 10.047265 -1.266847
4 -5.508930 -3.562555
9 4.830579 4.562212
7 -1.821914 1.010225
1 -1.618378 3.635148
1 4.310027 8.790990
8 10.047265 -1.266847
5 12.229709 2.983000
3 4.830579 4.562212
7 -3.872862 -6.246902
10 2.960880 -0.799584
6 -1.821914 1.010225
1 -6.800601 -4.463231
9 3.758529 -7.649353
10 8.049024 5.080481
5 -4.231747 6.683800
2 0.050988 -6.254100
1 2.454107 -5.384910
8 5.931535 -3.936907
1 5.543762 -1.487150
3 4.830579 4.562212
4 -8.230781 -3.562555
7 -3.905964 -1.767009
2 12.229709 2.983000
3 4.830579 4.562212
8 10.047265 -1.266847
7 -0.063608 -12.755500
1 4.455804 7.101347
9 9.604345 -2.298773
8 10.047265 -1.266847
5 -2.448828 4.390790
2 -8.277003 -9.218734
7 -7.322112 0.225180
1 -7.911566 -6.727980
3 4.830579 4.562212
9 4.830579 4.562212
3 4.830579 4.562212
7 -3.872862 -6.246902
10 8.049024 5.080481
4 -5.508930 -6.347232
3 4.830579 4.562212
2 -1.629510 -2.639899
1 2.454107 -1.487150
5 12.229709 4.819100
2 12.229709 4.819100
5 9.979058 4.819100
4 -9.593208 -5.999964
1 -6.987185 9.968478
4 -7.124868 -4.990503
2 12.229709 4.819100
10 -8.885386 -6.899467
9 -2.703971 4.241531
4 -2.747477 3.026016
3 4.830579 4.562212
3 4.830579 4.562212
10 7.424732 8.166871
6 4.830579 4.562212
7 -3.938726 -6.300716
2 9.979058 2.983000
1 8.052104 7.859798
9 -2.703971 4.241531
5 12.229709 2.983000
7 6.889755 -2.896521
5 -4.371766 -4.253736
6 2.801671 -5.072962
9 3.405830 0.012795
7 -3.872862 -6.246902
6 5.425712 -9.723220
8 10.047265 -1.266847
4 0.048481 -8.602036
