10 100
P 7.854348 -2.471779 8.973179 0.338823
P -0.584465 -6.875847 2.320338 -5.244621
P 2.344999 -4.354692 4.214021 -2.105229
P 4.642283 5.250248 6.308657 7.427183
Z 2 7.238877 -5.572122 2.294038 -2.702824
Z 1 -2.696427 7.682196 -3.040766 -6.434897
P 1.481415 2.320890 3.963050 3.778312
Z 4 -0.177750 0.305342 -6.694407 4.432459
Z 6 7.854348 0.338823 8.782302 -0.033872
Z 5 5.930098 -0.654926 5.518025 0.256225
7 1.4814 2.3209
9 -4.6843 -0.9466
10 1.6813 9.7033
2 2.3203 -5.2446
8 -4.5558 -7.0964
1 -6.8545 9.9243
5 2.3203 -5.2446
3 2.3450 -2.1052
4 6.3087 5.2502
8 -4.5558 -7.0964
10 -2.5777 8.9854
4 6.3087 7.4272
4 6.3087 7.4272
10 7.4732 -0.1260
4 -0.3696 -7.6912
8 -4.5558 -7.0964
4 6.3087 7.4272
9 -8.8413 15.5292
8 -4.1560 0.2936
9 8.9732 -2.4718
4 4.6423 7.4272
8 -1.8754 -7.6723
10 4.9882 2.0929
1 -1.7774 -9.6285
2 -0.5845 -5.2446
5 4.4887 1.8670
1 5.3838 4.7208
6 8.9732 -2.4718
8 -2.1732 0.2441
8 6.3087 7.4272
9 -13.7297 -1.9453
8 -4.5558 -7.0964
1 8.9732 0.3388
1 7.8543 0.3388
7 5.3698 5.7120
8 2.8682 -0.7575
5 -6.3247 -1.7316
2 8.2786 8.0258
9 -6.1537 16.9178
9 1.4424 3.2338
3 -8.6283 8.4608
9 -7.9965 14.7957
4 6.3087 7.4272
2 2.3203 -6.8758
8 -1.8754 -7.6723
4 6.3087 7.4272
10 7.4732 -0.1260
4 -3.0105 8.1447
2 2.3203 -5.2446
3 2.3450 -4.3547
3 4.2140 -2.1052
3 4.2140 -4.3547
1 -7.0196 5.6679
4 4.6423 5.2502
4 4.6423 5.2502
1 -3.4428 -1.4317
10 12.9854 -2.0525
4 6.3087 7.4272
6 9.3908 -4.0790
4 6.3087 7.4272
1 7.8543 -2.4718
4 4.6423 5.2502
2 -0.5845 -5.2446
1 -0.8153 7.6500
2 -0.5845 -5.2446
2 2.3203 -6.8758
1 8.9732 0.3388
1 7.8543 -2.4718
2 -0.5845 -5.2446
9 8.9732 -2.4718
10 3.0725 1.0576
8 6.3087 7.4272
4 4.6423 5.2502
3 2.3450 -4.3547
7 3.5372 -5.5922
9 -1.7210 7.9600
4 4.6423 5.2502
3 4.2140 -4.3547
8 6.3087 7.4272
7 3.9630 3.7783
2 2.3203 -6.8758
9 -4.7741 -3.6519
6 5.8814 3.9928
7 1.4814 3.7783
3 4.2140 -2.1052
5 4.0132 6.3778
2 2.3203 -6.8758
1 8.9732 -2.4718
4 6.3087 7.4272
6 -14.8472 -1.8908
4 -9.6880 7.3489
3 -3.8786 -5.1963
8 6.3087 5.2502
5 1.0176 -1.7670
4 6.3087 7.4272
5 -2.8025 -1.5841
10 6.5313 2.6219
10 2.3203 -5.2446
2 2.3203 -6.8758
5 4.6383 9.8028
