10 100
P 7.191992 -2.349735 11.768172 2.110048
Z 1 7.191992 2.110048 6.590426 2.908871
Z 2 9.036459 -4.040584 7.293173 8.667562
K 6.863372 -2.265473 1.387638
Z 3 0.267195 1.175012 -5.574445 9.116400
K -2.890967 -7.400595 3.682171
P 3.081563 -1.300284 7.992270 2.301705
K -2.557829 6.830969 4.062447
P 4.133903 -2.083162 5.346678 0.951807
Z 7 -1.695123 7.665587 9.906142 7.030592
4 -9.8238 -8.5818
8 2.5030 -0.9707
10 8.5198 11.9401
4 6.8634 -2.2655
7 7.9923 2.3017
7 4.1267 9.5985
3 -2.1688 -6.7463
1 2.5511 -5.0989
3 -6.8074 -9.0626
9 2.3165 -1.1786
3 -4.5940 -9.3351
4 6.8634 -2.2655
9 5.3467 0.9518
3 11.7682 -2.3497
7 3.0816 2.3017
3 11.4782 0.8781
6 -2.8910 -7.4006
3 10.2141 -3.5200
2 10.2141 -3.5200
8 -2.1699 9.2658
8 -2.3464 8.4249
2 10.2141 -3.5200
4 4.5468 -4.4131
6 9.7320 4.5800
7 3.0816 -1.3003
6 -2.8910 -7.4006
5 9.1565 2.3795
6 -2.8910 -7.4006
8 -2.5578 6.8310
6 -2.8910 -7.4006
9 4.4034 -3.2831
9 4.1339 -2.0832
8 -2.5578 6.8310
2 10.2141 -3.5200
9 -1.5256 3.7109
6 -7.2065 2.5592
4 6.8634 -2.2655
5 -9.8602 -6.0225
4 6.8634 -2.2655
1 11.7682 2.1100
10 7.9923 -1.3003
3 9.1565 2.3795
8 -2.5578 6.8310
5 11.7682 -2.3497
3 11.7682 -2.3497
4 -2.6590 -1.8569
10 -7.2066 1.7243
10 1.9978 6.0612
5 11.5583 -1.5157
2 7.1920 2.1100
4 -7.3592 0.8916
7 -0.6841 3.1677
1 7.1920 -2.3497
8 -2.5578 6.8310
9 4.1339 0.9518
7 -3.4752 -9.2460
8 8.6620 1.4948
2 11.7682 2.1100
1 11.7682 -2.3497
2 11.4782 0.8781
10 7.9923 -1.3003
5 5.9806 -0.0248
5 -4.0501 -9.5258
2 7.1920 2.1100
9 5.3467 0.9518
1 2.2436 -4.9451
9 4.1339 0.9518
10 7.9923 2.3017
2 11.7682 2.1100
5 -0.1648 -4.0254
3 9.1565 2.3795
2 0.0084 -1.7491
10 4.0316 16.0566
7 3.0816 -1.3003
6 -2.8910 -7.4006
9 5.7586 -7.1919
6 -2.6887 3.5043
8 -3.3171 9.1024
8 -2.5578 6.8310
5 5.9503 -3.1478
7 4.6105 6.5670
6 -8.1301 5.9345
3 -8.1715 -4.7366
10 3.0816 -1.3003
7 7.9923 2.3017
3 -0.3665 8.7079
5 8.0255 -7.2967
10 7.9923 2.3017
8 3.2256 -4.5815
4 -7.2881 -2.1705
5 -4.3128 -3.2650
3 9.1565 2.3795
7 3.0816 -1.3003
8 -4.1437 -3.8085
4 6.8634 -2.2655
9 5.3467 0.9518
10 3.0816 -1.3003
7 7.9923 2.3017
10 3.0816 -1.3003
6 -5.1939 7.9304
