10 100
P -9.720680 0.498918 -7.805421 5.357324
Z 1 -7.180747 -7.889194 6.216119 -6.561627
Z 2 5.920540 6.160817 -0.274621 8.459286
Z 3 5.463923 -8.891335 -2.968156 -7.749676
P 2.220522 -8.247460 3.904904 -6.962803
P -6.339029 -5.104074 -1.943970 -3.379160
Z 5 6.976323 -5.411579 -7.297118 9.894681
K 5.501124 2.599870 4.330186
K -2.587178 1.034586 3.562915
P 4.826539 -3.105546 9.209749 -1.490283
5 -4.8345 -4.6949
8 -7.2743 -3.5949
4 -4.9834 0.2812
2 -3.1161 0.3902
7 8.8555 -0.7756
10 9.2097 -3.1055
9 7.4579 3.3389
2 -8.0250 -16.6127
7 -0.0510 0.2668
4 -9.7207 0.4989
9 -2.5872 1.0346
5 2.2205 -8.2475
5 -8.2977 9.5478
2 9.2837 1.2026
7 3.9049 -6.9628
2 -8.0250 -16.6127
10 2.7176 7.2679
7 8.8555 -0.7756
10 9.2097 -1.4903
9 -2.5872 1.0346
1 -3.4060 8.3838
2 -9.7207 0.4989
3 -6.1470 -16.2368
6 1.2110 -9.1839
7 2.2205 -8.2475
9 -2.5872 1.0346
3 0.8669 -5.4925
7 8.8555 -0.7756
9 7.8781 -5.8112
10 9.2097 -3.1055
9 -2.5872 1.0346
2 -7.0715 -21.3766
3 14.0334 35.5084
5 -0.1728 2.1614
6 -1.9440 -5.1041
3 10.2034 32.5192
5 3.8523 9.0347
4 -6.6820 -1.0839
3 3.7336 1.0569
8 2.3912 -3.8976
2 -7.8054 0.4989
3 -8.0250 -16.6127
6 -1.9440 -3.3792
1 -7.8054 5.3573
2 -8.0250 -16.6127
5 3.9049 -6.9628
10 4.8265 -1.4903
9 -2.5872 1.0346
6 -6.3390 -3.3792
8 5.5011 2.5999
3 -6.1470 -16.2368
4 0.0680 7.2742
1 -9.7207 0.4989
9 0.5323 8.6994
8 5.5011 2.5999
5 3.9049 -8.2475
2 -8.0250 -16.6127
9 -2.5872 1.0346
5 2.2205 -6.9628
7 10.1370 -0.8652
6 -1.9440 -3.3792
7 3.9049 -6.9628
5 3.9049 -8.2475
5 -5.5099 1.1105
9 -2.5872 1.0346
4 -12.9629 -18.5892
1 -9.7207 0.4989
9 -2.5872 1.0346
8 5.5011 2.5999
2 -7.0715 -21.3766
4 -0.9789 -50.0713
1 -7.8054 0.4989
1 -9.7207 5.3573
5 2.2205 -6.9628
3 4.4319 -3.2812
8 5.5011 2.5999
3 -8.0250 -16.6127
9 -2.5872 1.0346
7 2.2205 -8.2475
6 -1.9440 -5.1041
8 5.5011 2.5999
3 -7.0797 5.4541
9 6.0330 5.9173
4 11.3818 31.0094
5 3.9049 -8.2475
5 5.8314 -7.7261
5 -0.6807 0.4204
6 2.0049 3.2742
9 3.2877 -8.9172
9 -2.5872 1.0346
4 6.5232 8.0732
5 2.2205 -8.2475
8 5.5011 2.5999
2 -9.7207 0.4989
7 8.7380 -2.4558
3 -7.8054 0.4989
5 3.9049 -6.9628
3 -9.7207 0.4989
5 -4.7025 -3.5390
9 -2.5872 1.0346
