10 100
P 7.070971 8.224851 11.829495 12.968706
Z 1 1.370779 3.954733 -5.664848 1.607584
P 7.165705 -4.835278 12.065086 -0.974068
P -1.643665 -7.689944 0.696297 -5.932055
P -3.442208 7.595892 0.200390 8.684072
K -7.079132 -2.744338 3.003423
Z 2 -4.143643 5.460195 2.022387 -8.001749
P 6.027735 -2.470260 10.437525 2.416383
K -6.369093 9.542236 4.182719
P 2.266929 2.850970 5.553243 6.463187
3 12.0651 -0.9741
2 -6.4869 -1.3393
2 11.8295 12.9687
7 -15.9123 -6.1022
8 10.4375 -2.4703
10 2.2669 6.4632
5 0.2004 8.6841
10 2.2669 6.4632
10 2.2669 2.8510
4 0.6963 -5.9321
4 -1.6437 -5.9321
1 -1.8386 -4.8781
5 0.2004 7.5959
1 7.0710 8.2249
2 15.1466 3.0256
3 7.1657 -4.8353
6 -7.0791 -2.7443
5 -3.4422 7.5959
3 0.6230 -0.1388
9 -6.3691 9.5422
1 11.8295 12.9687
9 -6.3691 9.5422
2 7.0710 12.9687
4 -1.6437 -5.9321
8 10.4375 -2.4703
6 -7.0791 -2.7443
7 -15.9123 -6.1022
3 -5.1502 1.7799
1 7.0710 8.2249
6 -7.0791 -2.7443
5 -0.1091 7.9235
9 -6.3691 9.5422
2 7.0710 8.2249
10 3.8263 8.7085
4 -6.8033 1.0782
8 6.0277 -2.4703
7 15.1466 3.0256
3 2.0938 -1.1190
2 -3.0977 1.6417
10 5.5532 2.8510
7 5.2156 5.7673
9 1.3634 -2.5028
2 8.4930 3.9623
5 -3.4422 7.5959
2 1.1086 5.3729
5 0.2004 8.6841
4 -2.9689 -0.2674
1 -5.1872 -4.3069
3 12.0651 -0.9741
5 -3.4422 7.5959
9 -6.3691 9.5422
8 10.4375 2.4164
10 2.2669 2.8510
8 6.0277 2.4164
10 2.2669 2.8510
8 10.4375 2.4164
5 0.2004 7.5959
1 7.0710 12.9687
2 15.1466 3.0256
4 0.6963 -7.6899
6 -7.0791 -2.7443
8 6.4136 -8.5077
3 12.0651 -4.8353
10 2.2669 2.8510
8 10.4375 2.4164
10 -3.6904 -0.2041
5 -3.4422 8.6841
6 -7.0791 -2.7443
10 2.2669 6.4632
4 -1.6437 -7.6899
2 4.2627 2.9166
6 -8.2059 -7.2268
1 11.8295 12.9687
10 1.8422 -1.3103
8 6.0277 -2.4703
6 -7.0791 -2.7443
7 7.7524 -8.7818
6 -7.0791 -2.7443
9 -6.3691 9.5422
1 7.0710 12.9687
4 0.6963 -7.6899
8 6.0277 2.4164
6 -8.6576 3.1457
7 -1.5665 1.1186
2 1.4634 2.5470
5 -3.4422 8.6841
4 0.6963 -7.6899
6 -7.0791 -2.7443
1 11.8295 12.9687
5 0.2004 8.6841
4 -1.6437 -5.9321
7 -15.9123 -6.1022
1 -9.0869 7.5440
1 11.8295 12.9687
3 7.1657 -4.8353
3 12.0651 -0.9741
9 -2.9452 3.9593
2 7.0710 8.2249
1 -3.2511 -9.1648
3 12.0651 -4.8353
