10 100
P -8.271882 -7.279107 -6.335611 -5.282283
P -4.537704 -6.814038 -3.121981 -4.528429
K -0.213840 1.174649 2.320465
K 0.174507 -0.341792 2.269398
K -4.445884 3.807946 1.141851
P -6.320788 -9.888253 -4.270139 -6.383603
K 3.534623 1.558733 3.639702
K 7.618547 7.278577 1.076816
K -7.193654 -1.957297 4.916693
K -7.084395 3.930084 4.813963
9 -7.193654 -1.957297
1 -6.335611 -7.279107
6 6.011928 2.680708
4 -2.353112 -2.424883
1 -8.271882 -5.282283
7 3.534623 1.558733
8 -6.921966 -0.827307
8 -0.613967 3.059345
5 -4.445884 3.807946
5 -4.445884 3.807946
4 0.174507 -0.341792
9 -7.193654 -1.957297
1 -6.335611 -5.282283
8 7.618547 7.278577
10 -7.084395 3.930084
2 1.158826 8.034648
1 -8.271882 -5.282283
6 -4.270139 -6.383603
3 -0.213840 1.174649
9 -0.356737 -5.300386
7 3.534623 1.558733
3 -0.213840 1.174649
2 -3.121981 -4.528429
1 -2.134533 -6.284629
8 7.618547 7.278577
8 7.618547 7.278577
3 -0.939173 -3.387707
6 -4.270139 -9.888253
5 -4.445884 3.807946
9 5.555283 1.526870
2 -3.121981 -6.814038
10 -7.084395 3.930084
9 -7.193654 -1.957297
5 9.824607 9.254813
10 2.441655 -5.341816
10 9.097066 -4.274239
6 4.060475 -8.350007
10 -7.084395 3.930084
1 -4.855888 8.656165
5 -4.445884 3.807946
8 4.393416 -1.502516
8 7.618547 7.278577
7 3.534623 1.558733
2 -8.079605 0.737973
8 7.618547 7.278577
2 -6.994049 -8.668863
9 4.521599 -5.415387
9 -6.325922 1.119827
7 -4.608929 -3.254702
7 5.027817 1.536502
8 3.063261 -2.914179
1 -6.335611 -7.279107
8 7.618547 7.278577
10 -7.084395 3.930084
1 -8.271882 -5.282283
5 -2.161454 4.054366
10 -7.084395 3.930084
6 -4.270139 -6.383603
10 -7.084395 3.930084
4 0.174507 -0.341792
2 -3.121981 -6.814038
5 6.350744 -0.114440
9 -7.193654 -1.957297
9 -7.193654 -1.957297
7 3.534623 1.558733
10 -7.084395 3.930084
4 0.286376 -8.841068
2 5.089428 1.702199
4 0.174507 -0.341792
5 -4.445884 3.807946
1 -6.335611 -5.282283
5 -4.445884 3.807946
7 3.534623 1.558733
6 -4.094711 7.277927
4 2.455057 2.914757
6 3.893302 9.918050
5 -4.445884 3.807946
7 -6.213984 2.899917
4 0.174507 -0.341792
3 -0.213840 1.174649
8 7.618547 7.278577
9 -7.193654 -1.957297
6 -4.270139 -6.383603
6 -6.320788 -9.888253
4 -4.587881 -6.276307
1 6.956813 6.488345
6 -6.320788 -9.888253
9 -7.193654 -1.957297
1 -8.271882 -5.282283
9 8.837435 3.246237
3 8.038161 7.240984
7 2.639693 -5.587206
2 -3.121981 -4.528429
7 -7.376343 0.654658
1 -8.271882 -5.282283
4 0.174507 -0.341792
6 -6.320788 -6.383603
5 8.809710 -7.135458
6 -6.320788 -6.383603
6 -3.510594 -3.756390
