10 100
P -4.820126 -3.931070 -2.990801 -0.067621
Z 1 -2.990801 -0.067621 -3.975337 0.107564
Z 1 2.495834 9.058163 4.800319 -5.068025
P 0.894351 -8.585137 4.133195 -3.833572
P -5.620798 7.144520 -2.248027 10.333457
P -1.459571 -8.717147 0.266939 -7.402799
P 1.865305 -7.625152 4.768730 -3.026313
P 3.177335 6.749772 4.783147 9.739406
P -7.648492 7.617136 -5.418495 11.790008
K -0.093111 0.294318 4.136877
6 0.266939 -8.717147
6 -6.093878 -3.072195
1 -4.820126 -0.067621
6 0.266939 -8.717147
2 -4.707843 0.563407
5 -2.248027 10.333457
5 -5.620798 10.333457
10 9.382395 -1.596211
9 -5.418495 7.617136
3 -4.820126 -3.931070
8 4.783147 6.749772
1 -4.820126 -0.067621
6 -1.459571 -7.402799
3 11.826157 -1.513896
5 -2.248027 7.144520
10 -0.093111 0.294318
1 -2.990801 -0.067621
2 -2.990801 -3.931070
9 -7.648492 7.617136
5 -2.248027 10.333457
10 -0.093111 0.294318
7 4.768730 -7.625152
2 -4.820126 -3.931070
10 -0.093111 0.294318
5 -3.241133 -5.816054
6 4.175545 -9.795478
3 -2.990801 -3.931070
5 -2.248027 10.333457
4 4.133195 -3.833572
7 4.768730 -7.625152
5 -2.248027 7.144520
2 -4.820126 -3.931070
7 1.865305 -7.625152
10 -0.093111 0.294318
6 0.266939 -7.402799
10 -0.093111 0.294318
1 -4.820126 -3.931070
3 13.560637 -0.932512
1 -4.820126 -0.067621
9 -7.648492 7.617136
1 -4.820126 -0.067621
5 -3.726023 7.938642
7 4.768730 -7.625152
10 -0.093111 0.294318
10 -0.093111 0.294318
4 4.133195 -8.585137
3 -2.990801 -3.931070
2 -8.952434 -9.535997
3 -2.990801 -3.931070
8 6.644264 4.317885
8 1.923970 -0.192836
2 -4.820126 -0.067621
10 -9.147163 2.314178
1 5.099375 -1.030241
7 4.768730 -7.625152
7 1.865305 -3.026313
2 -3.375141 4.189720
4 4.133195 -8.585137
5 -2.248027 7.144520
4 4.940968 -3.224487
10 -0.093111 0.294318
4 4.133195 -3.833572
8 -6.960036 2.870640
10 -0.093111 0.294318
9 -4.891289 -7.760451
7 1.865305 -7.625152
10 -0.093111 0.294318
6 0.266939 -7.402799
1 5.254967 5.913424
7 4.768730 -3.026313
10 -0.093111 0.294318
2 -5.718630 6.836524
4 0.894351 -8.585137
9 -7.648492 7.617136
10 -0.093111 0.294318
6 0.266939 -8.717147
4 0.894351 -8.585137
3 -2.523606 4.687536
1 -2.990801 -3.931070
5 5.256449 7.396599
5 -2.248027 10.333457
6 -2.975367 3.065307
6 0.112400 7.708950
5 -8.714247 3.345397
5 -5.620798 7.144520
6 -0.956021 -7.817103
5 -2.248027 7.144520
3 13.560637 -0.932512
2 -3.375141 4.189720
9 -5.418495 11.790008
7 4.768730 -7.625152
3 2.172339 -8.874412
10 -0.337420 -1.369925
8 4.783147 9.739406
2 -4.820126 -3.931070
1 -4.820126 -0.067621
6 -8.991826 8.719437
7 2.512434 -3.653915
10 7.628730 7.265322
6 0.266939 -7.402799
