10 100
P 3.305279 5.433501 7.806825 9.282864
K -0.627795 -8.346908 3.110602
Z 1 8.096939 -5.230337 -3.178416 -2.532461
Z 1 3.305279 5.433501 4.301937 5.351817
P -9.945506 8.031341 -8.294788 10.274452
Z 5 8.174715 8.614928 4.381961 9.815144
K 7.254002 -7.987232 1.389911
P 7.483186 6.837348 11.179142 8.765804
K -0.782010 4.514211 3.936939
P -0.662206 -5.397108 1.730970 -0.468365
5 -9.945506 8.031341
10 1.730970 -0.468365
9 -0.782010 4.514211
10 -0.662206 -5.397108
9 -0.782010 4.514211
5 -9.945506 8.031341
9 -0.782010 4.514211
2 -0.627795 -8.346908
7 7.254002 -7.987232
10 1.730970 -0.468365
6 -4.432224 -7.054619
4 7.806825 5.433501
8 4.510765 -7.831464
8 7.483186 8.765804
2 -0.627795 -8.346908
7 7.372858 -1.694112
2 -0.627795 -8.346908
10 -7.508862 -5.982759
3 3.305279 9.282864
2 -0.627795 -8.346908
9 -0.782010 4.514211
7 7.254002 -7.987232
5 -9.945506 8.031341
2 -0.627795 -8.346908
6 -4.960779 18.567009
3 3.305279 9.282864
8 3.113800 7.468426
2 -2.251835 -1.123020
10 -0.662206 -0.468365
4 2.678518 1.635505
10 1.730970 -5.397108
10 -0.662206 -0.468365
9 -0.813486 3.805134
4 -4.154478 9.881873
3 -1.002553 -12.570412
3 3.305279 5.433501
1 7.806825 5.433501
3 -1.002553 -12.570412
2 -0.627795 -8.346908
9 -0.782010 4.514211
5 -8.294788 8.031341
6 -9.945506 10.274452
4 7.746754 4.700551
5 -9.945506 10.274452
5 -9.945506 10.274452
2 -0.627795 -8.346908
4 8.766916 4.172360
9 -0.782010 4.514211
4 7.119993 0.902555
1 5.459456 5.148278
4 3.305279 5.433501
6 -9.945506 8.031341
10 -9.082839 -0.042144
1 7.806825 9.282864
1 3.305279 9.282864
7 7.254002 -7.987232
6 -9.945506 10.274452
9 -0.782010 4.514211
4 3.305279 9.282864
9 -0.782010 4.514211
3 3.786703 -8.110957
4 7.119993 0.902555
3 1.269129 -18.040419
4 7.806825 5.433501
1 3.962648 -8.821157
2 -7.439328 9.680715
8 7.483186 8.765804
1 7.806825 5.433501
5 -8.294788 8.031341
5 -9.945506 10.274452
9 -0.782010 4.514211
7 7.254002 -7.987232
10 7.142583 4.316665
1 3.644803 9.707594
9 -0.782010 4.514211
3 -1.002553 -12.570412
4 3.305279 9.282864
7 7.254002 -7.987232
3 -1.002553 -12.570412
3 7.806825 5.433501
9 -0.782010 4.514211
8 7.483186 8.765804
1 -6.794342 -0.080776
10 2.739635 7.603363
3 7.806825 9.282864
5 -8.294788 8.031341
6 -6.310983 19.516649
2 -0.627795 -8.346908
8 2.734573 7.309134
3 7.967909 5.255757
8 7.483186 6.837348
2 -4.678393 2.470577
1 3.305279 9.282864
10 -0.662206 -0.468365
7 7.254002 -7.987232
10 -0.662206 -0.468365
2 -0.627795 -8.346908
8 7.483186 6.837348
8 7.483186 6.837348
7 7.254002 -7.987232
