10 100
K -2.219529 -9.148482 1.833879
Z 1 -2.219529 -9.148482 -1.261775 -9.436070
P 6.253231 5.776740 7.711634 10.097511
K -2.047909 3.064473 3.858866
K -0.184585 1.219260 3.463814
P 9.444396 -9.036334 10.477831 -6.237499
Z 2 -1.275095 -7.576491 -2.132289 -7.061498
P 8.993998 -4.944218 12.490818 -3.295359
K -9.407293 9.509354 2.466794
Z 4 -0.758602 -7.583405 2.482961 0.405725
10 -2.0479 3.0645
7 -0.3307 -6.0045
4 0.3885 4.9802
5 -0.1846 1.2193
9 -9.4073 9.5094
2 -2.2195 -9.1485
10 3.8514 -4.0268
2 1.9535 -1.8467
7 -0.3307 -6.0045
1 2.8286 -1.8290
4 -2.0479 3.0645
10 -2.0479 3.0645
5 -0.1846 1.2193
1 -2.2195 -9.1485
7 -0.3307 -6.0045
3 -4.0462 -1.6912
9 -9.4073 9.5094
6 9.4444 -6.2375
3 7.7116 5.7767
9 -5.9518 3.2934
7 7.4599 -3.5678
3 7.7116 5.7767
1 -2.2195 -9.1485
2 -6.3618 1.8362
1 -2.2195 -9.1485
10 -2.0479 3.0645
10 -2.0479 3.0645
7 -2.2195 -9.1485
9 -9.4073 9.5094
9 2.8883 6.3746
9 -9.4073 9.5094
8 8.9940 -4.9442
1 -2.2195 -9.1485
2 -7.6494 1.8537
4 -2.0479 3.0645
4 -2.0479 3.0645
3 6.2532 5.7767
6 10.4778 -9.0363
8 8.9940 -4.9442
4 -2.0479 3.0645
8 -0.5000 1.6106
9 -9.4073 9.5094
1 -2.2195 -9.1485
3 -9.3534 7.1837
3 7.7116 5.7767
5 -0.1846 1.2193
8 -2.7772 -5.1722
1 0.4602 -5.2448
6 10.4778 -6.2375
10 7.5854 -0.8442
3 7.7116 5.7767
6 4.5141 -2.1421
5 -0.1846 1.2193
2 -7.3996 -2.9143
3 7.7116 10.0975
5 7.9134 -0.0863
10 -2.0479 3.0645
4 -2.0479 3.0645
5 3.4949 -1.3993
3 7.7116 10.0975
6 -9.7308 3.5562
2 -2.2195 -9.1485
2 -2.2195 -9.1485
10 7.5854 -0.8442
10 7.5854 -0.8442
5 -0.1846 1.2193
8 12.4908 -3.2954
6 9.4444 -6.2375
10 -2.0479 3.0645
9 -9.4073 9.5094
8 8.9940 -3.2954
7 -6.9988 -6.7208
4 -2.0479 3.0645
10 -2.0479 3.0645
8 -9.2374 4.3061
8 4.2685 -0.7434
7 -2.2195 -9.1485
7 -0.3307 -6.0045
6 0.5172 -8.9461
9 -9.4073 9.5094
10 1.0521 -6.9452
9 0.6145 1.7625
6 10.4778 -6.2375
8 12.4908 -4.9442
8 12.4908 -4.9442
8 5.9159 -0.2447
3 6.2532 5.7767
2 -4.9346 -3.9059
9 -9.4073 9.5094
8 8.9940 -4.9442
7 -0.3307 -6.0045
9 -9.4073 9.5094
2 -2.2195 -9.1485
9 6.8608 1.6347
1 -4.0114 -2.8633
4 -9.4843 -6.4972
1 -5.5485 -4.7996
4 -2.0479 3.0645
2 -2.2195 -9.1485
7 -2.2195 -9.1485
