10 100
P 5.549618 -9.186045 7.976584 -4.433396
Z 1 7.976584 -4.433396 8.965720 -4.286393
Z 1 7.976584 -4.433396 8.004399 -5.433009
K -6.631099 -2.190479 2.710460
K 6.059820 2.356900 2.239789
P 4.200105 2.709948 7.663524 4.914265
K 5.147042 -5.648183 3.615681
K -8.808477 -5.238291 2.965215
K -9.353459 5.097050 4.337232
Z 4 -6.631099 -2.190479 -5.808240 -1.622234
1 5.549618 -4.433396
5 6.059820 2.356900
7 5.147042 -5.648183
5 6.059820 2.356900
2 7.976584 -9.186045
2 5.549618 -9.186045
9 2.354527 -0.886139
5 6.059820 2.356900
9 -9.353459 5.097050
2 7.976584 -4.433396
9 -9.353459 5.097050
5 6.059820 2.356900
4 -6.631099 -2.190479
5 -6.221395 -4.696513
1 7.976584 -4.433396
9 -9.353459 5.097050
7 5.147042 -5.648183
9 -9.353459 5.097050
1 -9.466177 -2.029309
8 -8.808477 -5.238291
6 0.906303 4.757172
3 5.549618 -9.186045
2 7.976584 -9.186045
8 -8.808477 -5.238291
2 7.976584 -4.433396
4 -6.631099 -2.190479
6 4.200105 4.914265
2 7.976584 -4.433396
6 4.200105 4.914265
9 -8.384036 -4.086164
7 4.121237 9.939444
6 7.663524 4.914265
3 -7.672688 -2.677983
1 7.976584 -4.433396
4 -6.631099 -2.190479
5 4.604836 -9.136057
7 5.147042 -5.648183
2 -5.400318 9.214205
8 1.109933 -8.737222
3 5.549618 -9.186045
1 8.994631 8.134441
10 -6.631099 -2.190479
5 6.059820 2.356900
6 4.200105 2.709948
4 -6.631099 -2.190479
2 7.976584 -4.433396
9 -0.275766 -7.724987
1 2.873707 2.796552
3 -3.199785 -5.663762
3 -1.329422 7.864522
2 5.549618 -9.186045
1 5.549618 -4.433396
5 6.059820 2.356900
2 -4.827151 4.946792
4 -5.547121 3.841909
10 -6.631099 -2.190479
6 7.663524 2.709948
1 7.976584 -9.186045
4 0.505476 -8.322792
6 4.200105 4.914265
10 -6.631099 -2.190479
4 -6.631099 -2.190479
5 -9.339290 -4.431136
3 10.664080 -9.043732
10 -6.631099 -2.190479
7 5.147042 -5.648183
4 -6.631099 -2.190479
2 7.976584 -9.186045
1 7.976584 -4.433396
8 -0.082191 -8.473264
7 5.147042 -5.648183
7 5.147042 -5.648183
6 -7.881341 -1.718622
10 1.432443 -4.286354
7 -3.689366 -1.659134
1 5.549618 -4.433396
9 0.980075 7.870381
6 7.663524 2.709948
2 7.976584 -4.433396
9 -9.353459 5.097050
8 -8.808477 -5.238291
10 6.562060 4.121643
1 5.549618 -4.433396
8 -9.535790 -6.954123
10 -2.538753 5.335756
3 -7.910813 5.670651
5 6.059820 2.356900
6 4.200105 4.914265
4 1.893871 4.448765
9 8.126327 -6.083864
9 -9.353459 5.097050
10 2.902891 -8.098431
4 -6.631099 -2.190479
2 6.594461 0.113846
2 7.976584 -4.433396
2 5.549618 -9.186045
6 5.844722 -9.534261
8 -8.808477 -5.238291
3 10.399795 -4.298438
5 -6.368205 -9.374885
