10 100
P -0.501403 1.574785 0.627670 2.822513
K -6.773020 -4.240917 4.944182
Z 2 9.440022 -1.405537 -2.854799 3.574226
Z 3 -0.230096 11.913282 -0.856894 12.692464
K -7.486731 -6.830018 1.654709
Z 2 -5.055653 -8.877251 -4.117918 -8.529899
P -2.788001 -2.825291 -1.303849 -1.751168
Z 3 -1.123024 7.050400 -0.139468 6.869799
P -7.762543 -0.729990 -4.406754 1.343788
K -1.137218 -5.379102 4.618548
3 -1.529863 -6.508375
6 -7.688262 6.173371
8 -2.393047 19.612381
7 -2.788001 -2.825291
5 -6.690680 3.946852
9 -5.274307 -2.563773
1 -0.501403 1.574785
7 -2.788001 -1.751168
2 -6.773020 -4.240917
1 6.394078 4.804234
5 -7.486731 -6.830018
2 1.998481 -6.522699
2 -6.773020 -4.240917
9 1.580208 -6.683993
3 -0.230096 11.913282
2 -3.612520 7.928268
1 4.416121 3.117190
4 -6.773020 -4.240917
6 4.136633 -4.845128
5 -7.486731 -6.830018
7 -2.788001 -2.825291
9 -7.762543 1.343788
1 0.627670 2.822513
9 7.266592 -8.201786
8 -6.773020 -4.240917
3 -6.773020 -4.240917
8 -2.969457 9.973925
9 -4.406754 -0.729990
2 -6.773020 -4.240917
8 1.943169 -3.685460
6 -6.773020 -4.240917
10 -1.137218 -5.379102
4 -6.773020 -4.240917
6 -6.773020 -4.240917
3 -6.773020 -4.240917
7 -2.352739 1.769250
6 -3.338286 -13.513584
2 -6.773020 -4.240917
2 -6.979271 -4.994781
2 -6.773020 -4.240917
4 -9.410674 5.024428
8 -2.393047 19.612381
9 -7.762543 1.343788
5 -0.027731 2.852983
10 -1.137218 -5.379102
2 -6.773020 -4.240917
9 -7.762543 1.343788
3 -6.773020 -4.240917
3 3.225636 -4.244616
5 -7.486731 -6.830018
6 -3.338286 -13.513584
5 -7.486731 -6.830018
10 -1.137218 -5.379102
1 0.627670 2.822513
9 -1.364917 8.673498
10 -1.137218 -5.379102
4 16.950800 14.843269
5 0.205451 -0.593996
6 -3.338286 -13.513584
10 1.497318 7.042023
5 -7.486731 -6.830018
7 -0.578655 3.061478
5 -2.860070 2.172531
10 -4.236218 -7.410888
3 -6.773020 -4.240917
2 -6.773020 -4.240917
6 -6.773020 -4.240917
9 -4.406754 1.343788
4 -9.135494 -6.016463
2 -6.773020 -4.240917
1 1.158670 -1.883156
10 -1.137218 -5.379102
1 -8.440012 -6.262512
1 0.627670 2.822513
4 -6.773020 -4.240917
6 4.534113 -8.440389
2 -6.773020 -4.240917
10 -0.175320 9.069479
5 -7.486731 -6.830018
7 7.883442 -5.246803
3 -0.230096 11.913282
2 0.411316 2.202848
1 0.627670 2.822513
4 -3.839665 1.329492
4 -0.230096 11.913282
3 -6.773020 -4.240917
1 -0.501403 2.822513
8 -4.530491 -3.190857
10 1.022607 -8.240284
1 0.627670 1.574785
2 -6.773020 -4.240917
4 -0.459300 3.853071
9 -9.103707 -0.008410
5 -7.486731 -6.830018
6 -6.773020 -4.240917
5 -7.486731 -6.830018
10 -6.752648 6.999773
4 -6.773020 -4.240917
1 -0.501403 2.822513
7 -1.303849 -1.751168
