10 100
K 5.608604 -9.701306 2.351559
Z 1 5.608604 -9.701306 5.718565 -10.695242
K -4.324897 2.702621 3.986557
P 8.566316 4.764101 11.675139 5.850495
K -3.892743 -0.197611 1.360905
K -7.209155 4.247041 1.590874
Z 3 -0.357619 3.094217 -0.455848 4.089381
K 9.633997 -7.637834 1.260119
P 3.589760 2.572967 7.225905 5.484596
K -0.168352 -1.096904 3.326954
6 -7.209155 4.247041
5 -3.892743 -0.197611
10 8.021523 4.891661
8 6.904932 -3.386404
4 -5.598632 -3.840100
1 5.608604 -9.701306
1 5.608604 -9.701306
3 -4.324897 2.702621
8 9.633997 -7.637834
4 11.675139 4.764101
8 9.633997 -7.637834
8 9.633997 -7.637834
6 -7.209155 4.247041
6 5.709992 -2.121902
10 9.881997 0.788751
8 9.633997 -7.637834
8 -3.627406 4.055019
9 3.589760 5.484596
4 -6.903693 -7.746700
5 -3.892743 -0.197611
1 5.608604 -9.701306
1 5.608604 -9.701306
8 9.633997 -7.637834
6 -7.209155 4.247041
5 -3.892743 -0.197611
5 -3.892743 -0.197611
1 5.608604 -9.701306
1 5.608604 -9.701306
2 5.608604 -9.701306
3 0.856423 8.464593
10 3.687379 8.104818
6 -7.209155 4.247041
2 -6.525310 1.202789
5 -3.892743 -0.197611
3 -4.324897 2.702621
6 -7.209155 4.247041
1 5.608604 -9.701306
3 -0.584202 7.169431
6 4.931287 5.228613
4 11.675139 4.764101
2 5.608604 -9.701306
10 -0.168352 -1.096904
5 -3.892743 -0.197611
1 5.608604 -9.701306
7 -0.656099 9.727021
3 -4.324897 2.702621
1 5.608604 -9.701306
6 -7.209155 4.247041
9 3.589760 5.484596
7 3.609658 3.485813
4 -8.646982 -8.292294
3 -4.324897 2.702621
6 8.730269 -8.210835
1 5.608604 -9.701306
2 5.608604 -9.701306
10 -0.168352 -1.096904
5 -3.892743 -0.197611
8 9.633997 -7.637834
1 5.608604 -9.701306
7 3.609658 3.485813
3 -4.324897 2.702621
8 9.633997 -7.637834
2 5.608604 -9.701306
1 -1.495015 -3.372239
7 3.609658 3.485813
4 11.675139 5.850495
2 -3.755000 9.400854
2 5.608604 -9.701306
6 -7.209155 4.247041
8 -2.298036 7.694086
7 -4.324897 2.702621
2 5.608604 -9.701306
9 3.589760 2.572967
5 -3.892743 -0.197611
3 4.053495 -7.060479
3 -4.324897 2.702621
4 0.500021 7.171789
6 -7.209155 4.247041
3 -4.324897 2.702621
9 0.972497 -3.563076
1 -9.960194 -6.099891
8 -4.903105 7.229071
4 11.675139 5.850495
8 9.633997 -7.637834
6 -7.209155 4.247041
5 -3.892743 -0.197611
2 -9.545946 -3.878504
4 8.566316 4.764101
6 -7.331103 -2.774938
6 1.840801 9.917416
1 -2.939817 -6.557666
4 8.566316 4.764101
3 -4.324897 2.702621
7 4.451980 0.648898
10 -0.168352 -1.096904
9 2.486035 3.137901
9 -3.275415 3.815670
7 8.441495 8.098544
3 -4.324897 2.702621
6 -7.209155 4.247041
