10 100
P 4.231236 -9.108963 6.215177 -5.530382
Z 1 3.011774 4.068158 -7.845782 -1.064248
K -9.034776 -2.541044 2.084121
Z 3 -3.933443 4.965805 6.763646 -1.179201
Z 4 -9.034776 -2.541044 -9.988834 -2.241423
K 1.456893 4.672906 4.186897
K -3.177323 5.751593 4.863310
Z 7 -3.177323 5.751593 -2.272000 6.176317
K -2.077227 -7.284051 3.430809
K -5.461485 -3.199635 2.684396
5 -4.464478 5.701666
3 9.412786 0.869615
10 0.000645 -4.977617
4 -0.018545 13.154208
1 4.231236 -5.530382
6 1.456893 4.672906
6 1.456893 4.672906
10 -5.461485 -3.199635
5 -9.034776 -2.541044
8 -6.710398 7.174134
1 4.231236 -5.530382
3 -9.034776 -2.541044
5 2.802285 -4.068277
5 4.371546 5.605204
10 -5.461485 -3.199635
1 3.811747 -8.194462
9 -2.077227 -7.284051
6 9.438491 -5.864694
3 -9.034776 -2.541044
2 6.215177 -5.530382
1 4.231236 -5.530382
1 4.231236 -9.108963
4 -0.018545 13.154208
2 -3.631375 11.102901
9 -2.077227 -7.284051
8 -3.177323 5.751593
10 -5.461485 -3.199635
9 -2.077227 -7.284051
5 -10.610529 -20.572971
5 -9.034776 -2.541044
3 4.697768 2.229247
8 -3.177323 5.751593
6 1.590370 1.771484
7 -3.177323 5.751593
7 -3.177323 5.751593
1 4.231236 -5.530382
10 -5.461485 -3.199635
2 -2.372122 12.635970
10 3.583563 4.455627
2 -2.372122 12.635970
2 4.231236 -9.108963
2 -6.982670 -7.904258
8 -3.177323 5.751593
9 -2.077227 -7.284051
7 -3.177323 5.751593
3 -7.660046 -7.769834
1 4.231236 -5.530382
5 -0.018545 13.154208
1 4.231236 -5.530382
7 -2.363972 0.327415
7 -8.690215 -6.517964
3 8.463899 -3.451609
9 -2.077227 -7.284051
2 4.231236 -9.108963
9 -2.077227 -7.284051
8 -3.177323 5.751593
4 6.217431 0.186165
2 6.215177 -5.530382
1 4.231236 -9.108963
5 -10.610529 -20.572971
9 -1.693735 8.311138
10 -1.784454 -3.918415
1 0.065086 8.350007
4 -0.018545 13.154208
8 -3.177323 5.751593
10 -5.461485 -3.199635
8 -3.177323 5.751593
10 -7.390139 -7.954479
7 -6.179060 -5.844789
3 -9.034776 -2.541044
10 -3.455368 5.850965
5 -9.034776 -2.541044
4 -9.034776 -2.541044
9 7.641816 0.564830
5 0.200908 -7.628110
10 -5.461485 -3.199635
2 -2.819163 -9.564050
2 -2.372122 12.635970
9 -5.880611 3.184232
9 4.312421 3.459412
3 9.123182 -9.926824
2 6.215177 -5.530382
6 1.456893 4.672906
9 -3.435572 0.917858
4 -9.034776 -2.541044
4 -1.195777 -7.767074
4 -0.018545 13.154208
1 -6.798588 1.296375
4 -0.018545 13.154208
8 -3.177323 5.751593
6 -7.361708 -0.548339
10 -9.271583 -7.690001
4 -3.126214 -5.419337
9 -2.077227 -7.284051
3 4.179659 1.557618
4 -9.034776 -2.541044
4 -0.018545 13.154208
10 -5.461485 -3.199635
4 -9.103470 0.372706
1 4.231236 -5.530382
