10 100
P 2.022424 -0.639024 4.183539 2.972264
P 7.031233 2.948362 8.644834 7.275510
P -2.365993 1.006882 -0.484076 2.242946
P 4.156579 -0.155906 8.155936 1.489772
Z 3 5.709985 2.436690 3.592743 2.837233
Z 3 -8.250317 6.940130 9.950728 1.928604
K -5.548836 -8.594165 1.689951
Z 1 9.790710 0.752001 0.172937 -9.934522
K -5.883395 3.355119 1.514445
P 3.788006 -4.010255 5.981945 0.969509
2 8.644834 7.275510
7 -5.548836 -8.594165
4 4.156579 1.489772
4 4.156579 1.489772
5 -8.208372 -1.886866
5 -2.365993 1.006882
3 -0.411893 -7.785724
2 8.307943 1.378723
10 -9.503434 9.565059
7 -5.548836 -8.594165
4 8.155936 -0.155906
3 -2.365993 1.006882
7 -5.548836 -8.594165
7 -5.548836 -8.594165
5 -9.967394 9.405809
7 -5.548836 -8.594165
1 2.022424 -0.639024
1 4.183539 2.972264
7 -5.548836 -8.594165
10 5.981945 0.969509
1 2.022424 2.972264
6 0.825721 6.999914
1 4.011459 -8.081624
4 5.406228 -3.997425
4 -8.959437 3.703265
4 4.156579 1.489772
3 -2.365993 1.006882
3 -9.711566 6.390500
6 -0.484076 2.242946
2 8.644834 7.275510
7 -3.037734 -2.044854
10 5.981945 0.969509
3 -0.484076 2.242946
2 8.644834 7.275510
10 5.981945 -4.010255
4 8.155936 1.489772
10 3.788006 0.969509
9 -5.883395 3.355119
10 5.981945 -4.010255
8 12.587358 -4.591097
9 -5.883395 3.355119
2 7.031233 7.275510
4 4.156579 -0.155906
2 8.644834 7.275510
9 -2.091143 -4.100685
1 -4.440017 3.972493
4 4.156579 -0.155906
7 -5.548836 -8.594165
6 -0.790955 7.963227
3 -0.924376 5.802255
6 -0.158241 9.025077
1 4.371421 9.034894
5 -9.657787 -9.619199
5 0.014743 4.879669
7 -7.743231 -8.761648
4 -1.187368 -6.039849
6 6.586860 0.175303
7 8.030715 -5.928669
2 9.014227 4.708117
8 2.022424 -0.639024
1 4.183539 2.972264
3 -9.645230 -9.158510
3 -0.484076 1.006882
1 2.022424 2.972264
5 0.551018 -2.718554
3 -2.365993 2.242946
10 3.788006 -4.010255
4 4.455531 -3.326913
7 -2.152528 -4.028049
7 -5.537193 -7.055807
10 5.981945 -4.010255
5 -1.285601 6.717758
1 4.183539 -0.639024
4 4.156579 1.489772
1 4.183539 -0.639024
3 -2.365993 2.242946
10 -6.364015 -4.940725
2 7.031233 7.275510
2 8.644834 2.948362
1 6.503633 -1.189438
2 7.031233 7.275510
9 -5.883395 3.355119
2 8.644834 2.948362
7 -5.548836 -8.594165
3 2.296937 8.966640
8 2.022424 -0.639024
2 7.031233 7.275510
2 8.644834 2.948362
4 4.156579 1.489772
2 1.528780 5.477415
8 12.587358 -4.591097
3 -0.484076 2.242946
2 4.299965 5.195984
6 -0.158241 9.025077
5 -0.484076 1.006882
8 8.996026 -4.970218
1 4.183539 2.972264
2 8.644834 7.275510
4 8.155936 -0.155906
2 -7.511175 -0.606877
