10 100
P 9.985468 -3.565745 12.586214 0.683580
P -1.374134 4.143334 3.110616 5.869846
P 9.125614 8.723224 14.111546 11.018785
K 0.103807 9.022249 4.316421
K 3.810960 2.133651 1.380541
K -9.031057 6.290886 2.729465
P -5.195326 0.750300 -1.512885 5.509130
P -7.841852 -7.159615 -6.597772 -5.676638
K 7.387678 -9.659493 1.791273
P -3.911197 -1.545616 0.540997 -0.134988
6 -9.0311 6.2909
6 -9.0311 6.2909
1 12.5862 -3.5657
10 6.4887 -5.2902
1 8.0778 0.4157
6 -9.0311 6.2909
10 -3.9112 -1.5456
3 2.3133 4.6806
2 -1.3741 5.8698
6 -0.6243 5.7290
10 -3.9112 -1.5456
2 -1.3741 5.8698
3 14.1115 11.0188
2 3.1106 4.1433
5 0.2594 -0.8587
1 12.5862 -3.5657
5 3.8110 2.1337
7 -5.1953 5.5091
6 7.3955 -8.5402
2 3.1106 5.8698
4 -0.3234 5.5395
5 3.8110 2.1337
3 4.0606 6.9732
4 -5.4316 -0.3020
10 -7.9797 7.1504
2 -9.6082 5.7705
9 7.3877 -9.6595
7 -5.1953 5.5091
8 9.7379 -6.5109
6 -8.4212 5.6757
3 9.1256 8.7232
2 -6.7472 2.0969
10 -3.9112 -0.1350
8 -0.1040 1.7309
2 7.8249 -6.7417
4 0.1038 9.0222
7 -5.1953 0.7503
6 -8.1496 9.4310
8 -7.8419 -5.6766
5 3.8110 2.1337
7 -8.4762 -5.0436
3 14.1115 11.0188
4 0.1038 9.0222
4 4.8302 3.8472
6 -4.1007 2.1934
10 -3.9112 -1.5456
9 -4.7642 7.2672
1 -3.7668 5.5782
8 -6.5978 -5.6766
7 -5.1953 0.7503
3 9.1256 8.7232
1 12.5862 0.6836
8 -7.8419 -7.1596
1 1.4047 4.4333
6 -9.0311 6.2909
6 -9.0311 6.2909
3 9.1256 11.0188
9 7.3877 -9.6595
10 6.3307 -3.0003
1 -1.9504 0.8567
5 -9.6503 8.2072
6 -9.0311 6.2909
5 3.8110 2.1337
5 1.7149 -7.0801
3 -1.5112 -2.2254
2 3.1106 5.8698
2 -1.3741 4.1433
6 3.8824 4.7278
7 7.6092 -0.1668
5 3.8110 2.1337
7 6.5241 9.5750
4 0.1038 9.0222
3 9.1256 8.7232
1 12.5862 -3.5657
10 1.4897 5.0456
1 -3.7331 -8.3150
9 7.3877 -9.6595
6 -6.6541 -3.8137
7 -5.1953 0.7503
9 7.3877 -9.6595
5 3.8110 2.1337
5 3.8110 2.1337
7 -1.5129 0.7503
7 4.3326 -9.2924
8 -6.5978 -7.1596
9 -7.6018 6.5751
5 3.8110 2.1337
7 -1.5129 5.5091
3 9.1256 11.0188
4 0.1038 9.0222
2 -3.4128 -5.9259
5 3.8110 2.1337
8 9.6320 -1.4507
6 1.0952 1.0081
2 -1.3741 5.8698
3 9.1256 11.0188
6 -9.0311 6.2909
3 8.5904 -1.1487
9 7.3877 -9.6595
7 -5.1953 5.5091
