10 100
P 7.784038 -7.062925 10.680008 -3.114466
P 4.572281 3.649595 5.989592 6.065724
K 0.178844 -7.041442 2.954325
P -3.323765 6.795880 0.666993 11.407584
K -3.283596 4.871183 1.682696
P -9.121633 6.702727 -6.495218 9.064036
P 8.609621 -8.920284 12.621408 -4.802665
P -8.710078 0.244879 -3.815229 1.275095
K -4.128721 8.665622 1.908155
Z 9 -1.309585 -7.628203 -0.360424 8.585545
7 12.6214 -8.9203
7 8.6096 -4.8027
6 -6.4952 9.0640
6 3.3004 -2.9812
2 5.9896 6.0657
8 -3.8152 1.2751
1 -0.9949 5.7407
6 -9.1216 9.0640
5 -3.2836 4.8712
7 12.6214 -8.9203
7 8.6096 -4.8027
10 -4.1287 8.6656
9 6.1143 5.3067
6 -6.4952 9.0640
2 5.9896 6.0657
9 -8.6634 2.9701
2 8.5602 -2.7859
8 -8.5127 1.1183
1 10.6800 -3.1145
8 -8.7101 0.2449
2 -4.6283 5.5772
10 -8.1493 -4.2418
3 -3.3979 6.7170
5 -3.2836 4.8712
3 0.1788 -7.0414
6 -6.4952 9.0640
1 7.7840 -7.0629
5 -3.2836 4.8712
7 -7.9888 1.0633
9 -4.1287 8.6656
9 -4.1287 8.6656
7 8.6096 -4.8027
10 -3.9700 -2.5269
5 -5.5907 4.0500
8 -3.8152 1.2751
7 12.6214 -4.8027
5 -3.2836 4.8712
9 9.6060 -5.7765
9 -4.1287 8.6656
8 2.6017 7.4129
6 -9.1216 9.0640
2 4.5723 6.0657
1 10.6800 -7.0629
8 -8.7101 0.2449
4 0.6670 11.4076
7 2.1084 9.5165
3 0.1788 -7.0414
3 0.1788 -7.0414
8 -8.7101 0.2449
2 4.5723 3.6496
4 0.6670 11.4076
6 -6.4952 9.0640
7 3.2352 -2.7155
2 0.0246 2.9058
6 -9.1216 9.0640
7 -5.8958 4.8778
8 -3.8152 1.2751
1 7.7840 -3.1145
9 -6.2107 6.7273
5 -3.2836 4.8712
7 8.6096 -8.9203
3 0.1788 -7.0414
3 -5.9577 -1.0000
4 7.5746 1.8889
5 -3.2836 4.8712
8 -8.7101 0.2449
1 7.7840 -7.0629
10 6.2488 -8.3768
2 4.5723 3.6496
9 -8.8427 9.4587
8 -3.8152 0.2449
3 0.1788 -7.0414
3 0.1788 -7.0414
9 -4.1287 8.6656
2 2.9628 -4.1284
4 0.6670 6.7959
10 -4.1287 8.6656
8 -8.7101 0.2449
10 -4.1287 8.6656
3 -6.6697 8.1542
9 2.6205 -1.5848
10 3.3915 8.2254
7 -7.4249 0.9093
3 -3.5741 -0.9892
2 0.6074 -4.7440
5 -3.2836 4.8712
4 5.4213 0.4451
4 -3.3238 11.4076
10 -4.1287 8.6656
5 -8.9500 1.8605
10 -4.1287 8.6656
7 8.6096 -4.8027
6 -6.4952 6.7027
5 -3.2836 4.8712
9 -3.8174 -8.2291
7 8.6096 -4.8027
10 -4.1287 8.6656
10 3.3915 8.2254
7 8.6096 -8.9203
4 0.6670 6.7959
