10 100
K 4.219555 8.928439 4.201831
K -5.794443 -1.577722 2.323313
Z 2 -1.417919 -7.404941 -3.238502 -9.512702
Z 2 -5.794443 -1.577722 -6.127273 -0.634735
Z 3 -5.794443 -1.577722 -5.364407 -2.480534
Z 1 8.312517 -2.552571 1.216644 -9.225738
Z 2 -5.794443 -1.577722 -5.020317 -2.210753
Z 5 -5.794443 -1.577722 -6.553563 -2.228672
P 3.398171 -8.222713 4.850250 -6.664435
K -7.608639 -6.255374 3.828010
1 4.2196 8.9284
8 -13.3513 10.4944
10 -7.6086 -6.2554
5 -1.6661 0.2059
1 4.2196 8.9284
2 -5.8785 -5.1045
4 -5.7944 -1.5777
9 3.3982 -6.6644
3 4.9838 -10.8875
5 -5.7944 -1.5777
7 -2.5219 -9.6544
2 -5.7944 -1.5777
1 4.2196 8.9284
1 1.6471 -3.6192
6 4.2196 8.9284
10 -7.6086 -6.2554
9 7.5272 9.7238
9 3.3982 -6.6644
1 4.2196 8.9284
6 19.5208 -7.3421
4 -5.7944 -1.5777
1 9.9633 9.8327
3 4.9838 -10.8875
6 4.2196 8.9284
7 3.5352 -3.6775
9 4.8503 -8.2227
10 5.9026 -9.5140
9 7.7007 -5.4522
5 4.9838 -10.8875
8 2.0486 -3.7546
7 -5.7944 -1.5777
9 3.3982 -8.2227
8 -5.3574 -15.8133
1 2.5321 5.1655
3 -5.7944 -1.5777
7 -5.7944 -1.5777
2 -7.2271 0.5514
2 -5.7944 -1.5777
4 5.4533 -5.4363
1 4.2196 8.9284
1 4.2196 8.9284
10 -7.6086 -6.2554
5 -0.4533 -2.1729
6 -4.7873 8.2550
4 -5.7944 -1.5777
9 4.8503 -8.2227
6 19.5208 -7.3421
5 4.9838 -10.8875
5 4.9838 -10.8875
1 4.2196 8.9284
7 -5.7944 -1.5777
7 -4.2592 -5.3394
1 0.5885 -5.6010
10 -9.5567 -1.0021
1 4.2196 8.9284
10 -7.6086 -6.2554
10 1.4677 4.0903
9 4.8503 -6.6644
9 4.8503 -6.6644
8 -0.6422 -0.3947
5 -5.7944 -1.5777
7 8.4991 4.4528
1 4.2196 8.9284
1 6.2566 -3.2997
5 4.9838 -10.8875
1 7.4642 1.7941
8 -5.7944 -1.5777
7 -5.7944 -1.5777
3 4.9838 -10.8875
9 4.8503 -6.6644
8 -5.7944 -1.5777
8 -5.7944 -1.5777
1 -7.2315 -9.0414
4 -5.7944 -1.5777
6 3.0913 -6.9582
3 4.9838 -10.8875
2 2.8375 -9.4012
3 -5.0058 5.7356
10 -7.6086 -6.2554
7 -5.7944 -1.5777
3 -5.7944 -1.5777
3 4.9838 -10.8875
10 -7.6086 -6.2554
7 -5.7944 -1.5777
6 19.5208 -7.3421
10 -7.6086 -6.2554
4 -5.7944 -1.5777
5 -5.7944 -1.5777
4 -9.0275 -5.0480
5 4.9838 -10.8875
2 -5.7944 -1.5777
3 -5.7944 -1.5777
9 4.8503 -8.2227
7 -5.7944 -1.5777
8 -13.3513 10.4944
9 4.8503 -6.6644
5 4.9838 -10.8875
9 7.3946 -7.1947
1 4.2196 8.9284
3 -5.7944 -1.5777
