10 100
P -4.889933 -7.396400 0.089360 -2.538899
K 0.464491 -2.727672 1.253280
P 0.184161 2.111696 4.390870 3.946221
K -5.456810 -5.482806 2.696145
K -4.979988 -7.364204 1.570425
P 5.195222 0.802097 6.853426 5.035437
K 8.508088 2.739071 4.711600
K -2.387418 9.481148 4.449979
Z 6 5.195222 5.035437 5.450228 6.002377
K -1.967954 -9.551101 3.073849
5 -2.569763 -4.395006
1 5.056069 -6.558857
1 6.321469 -3.470540
2 0.464491 -2.727672
5 -4.979988 -7.364204
4 -5.456810 -5.482806
10 -1.967954 -9.551101
10 -1.967954 -9.551101
9 5.195222 5.035437
10 -1.967954 -9.551101
5 -4.979988 -7.364204
10 -1.967954 -9.551101
1 -6.172438 -4.112607
9 3.752678 5.853183
8 -2.387418 9.481148
9 3.752678 5.853183
6 6.853426 0.802097
6 5.195222 5.035437
4 -6.135577 4.210410
2 -8.391621 -5.120868
10 -1.967954 -9.551101
1 -4.889933 -7.396400
9 5.195222 5.035437
7 8.508088 2.739071
9 3.752678 5.853183
4 -5.456810 -5.482806
3 4.390870 3.946221
2 -1.442021 5.739474
1 -4.889933 -7.396400
1 -4.889933 -7.396400
2 -9.569645 -5.267693
2 0.464491 -2.727672
7 -4.598578 3.840708
8 -2.387418 9.481148
4 -5.456810 -5.482806
3 5.786354 -0.948642
10 -1.967954 -9.551101
1 0.089360 -2.538899
2 -1.101917 -1.169079
10 -1.967954 -9.551101
8 -7.215962 -0.701819
10 -9.426719 -1.181772
1 -3.948281 6.842211
1 1.036465 -9.443088
2 0.464491 -2.727672
9 5.195222 5.035437
7 8.508088 2.739071
5 -0.934697 -7.832428
7 8.508088 2.739071
9 -7.025825 -9.015305
3 -3.661570 2.619199
5 -2.961799 -1.445192
10 -1.967954 -9.551101
3 0.184161 3.946221
10 -1.967954 -9.551101
10 -2.531125 3.646178
5 -4.979988 -7.364204
9 -3.656188 0.535135
2 0.464491 -2.727672
1 -1.496823 6.479779
1 -4.889933 -2.538899
8 -2.387418 9.481148
7 3.394185 0.469455
4 -5.456810 -5.482806
3 2.586554 4.320700
8 -0.776410 2.794467
6 6.853426 0.802097
9 5.195222 5.035437
1 0.089360 -7.396400
5 -4.979988 -7.364204
6 6.853426 0.802097
1 0.089360 -2.538899
5 -4.979988 -7.364204
8 -2.387418 9.481148
10 -1.967954 -9.551101
8 -2.387418 9.481148
7 8.508088 2.739071
7 8.508088 2.739071
8 -2.387418 9.481148
1 -4.889933 -2.538899
6 6.853426 0.802097
1 -4.889933 -2.538899
5 2.813092 -3.602556
5 0.446643 -1.662203
4 7.964492 -6.879879
5 6.534981 -3.251849
7 1.660975 -3.543603
7 8.508088 2.739071
7 8.508088 2.739071
7 8.508088 2.739071
8 -8.702799 -0.217885
8 -2.387418 9.481148
1 -4.889933 -2.538899
5 -4.979988 -7.364204
2 4.412173 -8.447871
8 -6.619489 1.730870
7 1.734701 -4.036099
1 -4.889933 -2.538899
3 -4.675213 -7.578976
8 -2.387418 9.481148
