10 100
P 6.376012 4.265458 8.992771 8.036192
K 7.916073 3.938640 2.241431
K -0.908393 4.593389 2.381559
P -8.290866 -5.549299 -5.395878 -1.232577
Z 1 -7.364450 4.491272 -6.299079 -3.561973
Z 4 5.440531 7.899674 -4.416538 -0.953722
P -2.865624 -7.023294 1.588226 -2.451906
K 4.042401 6.285521 2.462774
P 7.886201 8.999901 11.803574 11.042016
Z 1 6.376012 8.036192 5.947755 8.939849
5 3.276176 3.859685
9 7.886201 11.042016
4 6.886903 -0.796670
8 4.042401 6.285521
3 -0.908393 4.593389
3 -0.908393 4.593389
7 -2.865624 -2.451906
10 8.992771 8.036192
1 8.432885 5.936238
9 11.803574 8.999901
2 7.916073 3.938640
5 -6.082170 7.722573
1 8.992771 8.036192
10 6.376012 8.036192
6 -9.400207 -4.314196
4 -6.864795 8.634308
5 8.116002 4.782044
9 8.511683 2.000767
8 4.042401 6.285521
1 8.992771 4.265458
3 5.634972 -7.512222
1 -6.969493 -9.343116
10 -0.623453 -6.591616
1 6.376012 8.036192
9 -4.925661 5.315357
7 1.588226 -7.023294
9 7.886201 8.999901
6 -4.798560 -1.897611
5 5.146601 1.465401
5 6.376012 8.036192
5 -23.100268 0.019845
1 6.376012 4.265458
10 7.637633 3.623237
8 4.042401 6.285521
4 -5.395878 -1.232577
2 7.916073 3.938640
4 -5.395878 -5.549299
10 -4.962675 -0.084863
1 8.992771 8.036192
2 5.269798 0.644212
1 6.376012 8.036192
3 -0.908393 4.593389
6 3.052641 5.278286
9 11.803574 11.042016
4 -8.290866 -5.549299
10 6.376012 8.036192
7 2.988346 0.699938
4 9.045058 -9.109014
7 -2.865624 -2.451906
6 -5.108256 -4.775986
5 -4.198266 -9.235843
10 3.982568 5.641355
5 6.930909 4.973431
5 8.992771 4.265458
8 4.042401 6.285521
9 9.463286 -5.481041
10 -4.299996 -2.147085
7 -2.865624 -7.023294
1 6.376012 4.265458
3 -1.686449 -3.435203
2 8.147926 -5.658793
6 -9.390445 6.521301
8 4.042401 6.285521
6 0.528056 9.253906
4 9.491634 -1.032847
6 -5.108256 -4.775986
2 7.916073 3.938640
2 0.152064 -9.463133
5 -20.573525 0.700283
6 -5.108256 -4.775986
4 -8.290866 -1.232577
10 7.637633 3.623237
6 -4.798560 -1.897611
3 0.208821 -6.910501
9 11.803574 8.999901
4 7.863621 -5.046068
2 7.916073 3.938640
7 3.359547 -4.740012
7 1.588226 -7.023294
2 7.916073 3.938640
3 4.999103 1.676712
3 -0.908393 4.593389
4 -5.395878 -1.232577
5 -24.080775 3.660867
7 1.588226 -2.451906
1 8.700647 -8.250350
5 -24.080775 3.660867
7 1.588226 -2.451906
6 -9.400207 -4.314196
10 2.106409 -6.041264
2 7.916073 3.938640
7 -2.865624 -2.451906
10 6.376012 8.036192
7 -2.865624 -2.451906
9 7.886201 8.999901
2 7.916073 3.938640
3 -0.908393 4.593389
1 9.454408 7.969312
4 -7.844387 -1.491722
4 -1.712653 -4.320993
