10 100
K 9.173347 -4.494207 3.695451
P 4.358368 -1.830741 7.344554 3.074119
Z 1 12.711106 -5.562208 13.000110 -4.604880
P -1.087436 4.293993 3.557302 5.666480
P 3.990494 -3.751217 7.913326 -1.226258
K 2.825046 -8.684895 3.507072
Z 5 3.990494 -1.226258 3.000255 -1.365632
K -1.119361 9.945102 2.144489
P 2.799188 1.819626 4.559064 3.582465
Z 1 -5.561872 -4.605481 6.970033 4.591587
9 4.5591 3.5825
7 7.9133 -3.7512
5 -7.1325 -1.2900
5 3.9905 -1.2263
5 3.9905 -3.7512
10 -1.0368 9.4182
5 3.9905 -1.2263
6 2.8250 -8.6849
6 2.8250 -8.6849
5 -0.0415 -0.2317
9 4.7626 4.5874
10 9.1733 -4.4942
6 3.1350 1.2735
4 -1.0874 4.2940
2 4.3584 3.0741
2 7.3446 3.0741
10 -1.0368 9.4182
5 -4.2423 -7.7836
9 2.7992 1.8196
2 7.3446 -1.8307
10 8.9883 4.8444
2 7.3446 -1.8307
2 7.3446 3.0741
1 9.1733 -4.4942
9 -3.1176 6.5215
6 2.8250 -8.6849
9 2.7992 3.5825
10 9.1733 -4.4942
5 3.9905 -3.7512
5 3.9905 -3.7512
3 -8.7051 -6.6568
7 -4.4419 2.6438
9 2.7992 3.5825
3 16.2489 -6.6302
2 7.3446 3.0741
2 -7.0482 -5.5175
3 16.2489 -6.6302
4 -1.0874 5.6665
5 3.9905 -1.2263
4 3.5573 4.2940
1 -4.8371 -8.1302
2 4.3584 3.0741
10 -5.1993 0.5118
9 -5.6177 -8.2937
8 -1.1194 9.9451
7 3.9905 -3.7512
3 9.5753 -9.3034
8 -1.1194 9.9451
6 2.8250 -8.6849
10 9.1733 -4.4942
2 7.3446 -1.8307
5 7.9133 -3.7512
1 9.1733 -4.4942
5 3.9905 -3.7512
3 16.2489 -6.6302
5 7.9133 -3.7512
2 4.3584 -1.8307
4 -0.9282 0.6553
9 2.7992 3.5825
1 5.5409 -4.2732
6 -4.3568 -5.9736
4 -1.0874 5.6665
5 3.9905 -1.2263
10 3.3981 -5.2204
4 3.5573 5.6665
9 2.7992 3.5825
1 -7.5831 -5.5034
10 -6.0268 -6.0085
6 2.8250 -8.6849
2 7.3446 -1.8307
8 -1.1194 9.9451
7 7.0460 -1.8339
8 -1.1194 9.9451
7 3.9905 -3.7512
1 9.1733 -4.4942
3 9.1733 -4.4942
8 5.4993 -7.4955
9 2.7992 3.5825
6 -7.0059 0.8263
6 -2.0779 6.6817
9 2.7992 3.5825
3 9.1733 -4.4942
7 7.9133 -1.2263
8 -9.4028 6.3522
5 3.9905 -1.2263
3 16.2489 -6.6302
5 7.9133 -3.7512
8 -1.1194 9.9451
2 1.5551 3.8521
7 5.4166 5.8459
7 5.1959 6.1059
5 3.9905 -1.2263
3 -6.2654 1.0018
7 7.0640 2.2834
7 7.0640 2.2834
6 2.0098 0.8485
4 -6.3679 -7.8529
6 2.8250 -8.6849
5 4.7648 -3.6348
7 1.2159 3.7812
