10 100
P -4.289126 -7.536767 -1.840612 -4.708522
Z 1 -7.114999 -7.208365 -4.650276 -9.574621
Z 1 -8.470514 -5.718685 -0.971482 8.688594
P -9.583679 7.183560 -4.997805 9.846780
P 9.023496 0.172627 10.497530 3.533716
Z 3 -1.057857 6.766740 0.410228 3.405707
K 5.030493 -7.278467 2.783591
P 6.643106 -5.037497 7.944554 -0.700847
K 0.354114 -2.159144 4.320013
K -5.122006 2.456501 2.645216
4 -9.583679 7.183560
5 10.497530 3.533716
10 -5.122006 2.456501
9 1.473984 3.778916
9 0.354114 -2.159144
6 7.892587 -0.457101
7 5.030493 -7.278467
5 10.497530 3.533716
2 -4.289126 -7.536767
2 -1.840612 -7.536767
9 0.354114 -2.159144
4 -9.583679 7.183560
3 -11.446398 0.291319
4 -4.298349 2.214960
3 4.375300 1.642424
9 0.354114 -2.159144
7 5.030493 -7.278467
6 7.892587 -0.457101
4 -9.583679 9.846780
6 -10.041786 -1.714245
5 10.497530 3.533716
5 9.023496 3.533716
2 3.106758 -7.393691
6 -7.502686 6.349829
5 -6.552062 -8.358805
4 -4.475565 -5.437701
6 5.378024 -8.965988
10 -5.122006 2.456501
5 10.497530 3.533716
4 -4.997805 7.183560
8 4.631144 -0.366181
9 0.354114 -2.159144
3 -4.289126 -7.536767
7 5.030493 -7.278467
5 10.497530 3.533716
1 -4.289126 -4.708522
4 -3.345895 7.683767
5 10.497530 3.533716
5 -7.475071 -0.129251
3 -4.289126 -7.536767
1 -2.972162 -5.112696
2 -4.289126 -4.708522
1 -4.289126 -7.536767
3 -4.289126 -7.536767
8 7.944554 -5.037497
4 8.988352 -0.127738
5 9.023496 0.172627
10 -5.122006 2.456501
8 1.400276 -3.998341
3 -11.446398 0.291319
7 3.719317 1.553630
6 -10.041786 -1.714245
5 10.497530 0.172627
2 -6.571949 -12.464990
3 -7.830152 -1.848796
10 -5.122006 2.456501
1 -4.289126 -7.536767
10 5.469454 3.188483
10 -6.095646 -0.962730
7 5.030493 -7.278467
7 5.030493 -7.278467
2 -4.289126 -7.536767
1 -1.840612 -4.708522
8 7.944554 -0.700847
9 -7.172764 -0.862783
10 0.328955 -3.918820
5 10.497530 3.533716
9 -6.743733 -4.473321
8 0.240880 -8.010874
5 10.497530 0.172627
4 -4.997805 9.846780
5 9.023496 0.172627
1 -4.289126 -7.536767
3 -4.289126 -7.536767
5 -3.251749 2.451710
8 9.108941 -8.041938
1 1.871672 4.154669
7 5.030493 -7.278467
1 -1.840612 -4.708522
9 9.754893 -8.745643
10 -5.122006 2.456501
10 -5.122006 2.456501
3 -4.494754 5.932360
1 -4.289126 -4.708522
10 -5.122006 2.456501
5 10.497530 0.172627
4 -4.997805 9.846780
5 10.497530 0.172627
6 5.003587 1.986738
7 5.030493 -7.278467
7 5.030493 -7.278467
7 1.896593 -9.575461
1 -1.840612 -4.708522
2 -1.840612 -4.708522
9 0.354114 -2.159144
5 10.497530 0.172627
1 -4.289126 -7.536767
9 -1.524357 0.215619
1 -4.289126 -4.708522
7 5.030493 -7.278467
