10 100
P -7.921330 5.838257 -4.838037 8.862024
P -6.078900 -0.952540 -4.677892 0.643506
Z 2 -6.934694 6.885028 8.904497 2.676867
K 5.077258 9.858284 3.142087
K -6.037069 4.375326 1.374789
Z 3 3.255378 5.005582 0.634791 3.528998
P 9.668947 9.631072 11.026038 12.706738
K 8.150489 -8.419766 4.905313
P -3.872742 -3.932496 -1.973173 -2.514404
P 5.299029 -0.897657 9.879027 1.202487
9 6.9622 -0.3059
8 7.9076 8.1789
5 -6.0371 4.3753
8 8.6689 3.3187
7 3.7408 -6.7059
2 -0.7170 -1.9297
4 5.0839 -5.7686
5 -6.0371 4.3753
3 -6.0789 0.6435
8 8.1505 -8.4198
5 -6.0371 4.3753
6 1.4523 -3.6077
6 7.4760 -2.6256
6 -4.4976 -7.3684
7 -8.6943 -3.7848
9 -8.2942 -6.3999
10 -8.9624 -9.4447
4 5.1120 -6.3528
1 -7.9213 8.8620
8 -7.7421 7.5449
8 8.1505 -8.4198
2 -6.0789 -0.9525
10 7.4908 -2.2978
6 5.8804 -2.5854
8 8.1505 -8.4198
2 -4.6779 0.6435
8 8.1505 -8.4198
5 -6.0371 4.3753
5 7.1236 -9.9050
9 -3.8727 -3.9325
4 1.8031 -2.0828
10 -8.6529 -3.0677
2 5.1239 2.4077
7 11.0260 12.7067
10 -1.8268 -7.5683
6 0.8331 3.1016
5 -1.1858 5.5440
2 -4.6779 -0.9525
4 5.0773 9.8583
2 -6.0789 0.6435
6 7.4760 -2.6256
9 -1.9732 -2.5144
4 5.0773 9.8583
10 5.2990 1.2025
2 -6.0789 -0.9525
3 -3.7755 0.4847
1 8.1169 9.1238
5 9.5658 -7.5581
10 5.2990 -0.8977
2 -6.0789 -0.9525
2 6.7565 -9.8892
10 -1.5291 6.1719
3 7.1966 1.3699
1 -4.8380 5.8383
10 5.2990 1.2025
9 -1.5150 0.1182
1 4.7235 0.0675
10 5.0102 1.9631
4 5.0773 9.8583
2 -9.7982 -3.2811
1 -4.8380 8.8620
5 -6.0371 4.3753
9 -1.9732 -2.5144
4 5.0773 9.8583
6 9.2044 4.1964
6 -5.2925 -8.0633
5 -6.0371 4.3753
3 -3.0939 11.8788
2 8.8902 -0.2905
5 -6.0371 4.3753
7 9.6689 12.7067
1 -7.9213 5.8383
3 -4.6779 -0.9525
5 -6.0371 4.3753
4 5.0773 9.8583
6 7.4760 -2.6256
6 7.4760 -2.6256
10 5.2990 1.2025
10 -1.9914 -9.5780
8 8.1505 -8.4198
10 -0.6124 5.0267
2 -8.0567 -4.5998
5 -6.0371 4.3753
7 11.0260 12.7067
7 0.1043 -4.5463
8 -4.4822 -9.0230
7 11.0260 12.7067
2 -6.0789 -0.9525
1 -5.7672 -5.6068
3 3.1873 9.4476
10 9.8790 -0.8977
8 8.1505 -8.4198
9 -3.8727 -2.5144
10 -6.5307 -2.1731
7 11.0260 9.6311
1 -7.9213 5.8383
6 7.4407 -4.0262
4 5.0773 9.8583
7 9.6689 12.7067
2 2.7858 2.7707
