10 100
K -7.363089 -4.007517 1.492628
K -1.933272 9.600181 1.208586
K 6.193440 3.612773 1.584809
Z 3 6.193440 3.612773 5.254864 3.957847
P -4.434668 8.718527 -0.546180 12.329956
Z 4 6.193440 3.612773 6.368446 2.628206
K -2.910990 -1.926497 1.489859
P 9.123929 -2.674080 12.053495 -0.021916
P -4.793948 -7.789077 -1.712838 -3.575855
K 5.984905 -5.028441 3.893765
9 4.8773 6.1869
6 6.1934 3.6128
1 -3.1792 -8.4444
7 -2.9110 -1.9265
1 -7.3631 -4.0075
9 -4.7939 -3.5759
7 2.1831 -0.5168
6 6.1934 3.6128
8 -6.6938 4.9397
8 9.1239 -0.0219
10 5.9849 -5.0284
2 -1.9333 9.6002
3 6.1934 3.6128
7 -2.9110 -1.9265
6 6.1934 3.6128
9 -1.7128 -3.5759
6 -6.9162 -6.0825
2 -1.9333 9.6002
6 6.1934 3.6128
10 5.9849 -5.0284
1 -8.7347 3.1438
8 -1.4478 -8.4445
8 8.4715 -6.1947
4 6.1934 3.6128
3 6.1934 3.6128
1 -3.1603 -5.3704
3 6.1934 3.6128
10 5.9849 -5.0284
8 -6.5054 -1.2631
8 9.1239 -0.0219
1 -7.3631 -4.0075
6 6.1934 3.6128
4 3.7041 0.2194
3 -8.0470 4.6914
6 6.1934 3.6128
2 -1.9333 9.6002
3 6.1934 3.6128
5 7.3942 -4.7546
3 6.1934 3.6128
1 -8.1168 8.4559
10 4.7399 -7.7442
5 -4.4347 12.3300
9 -4.7939 -3.5759
6 -5.7078 8.2571
6 6.1934 3.6128
4 6.1934 3.6128
8 3.8863 2.0065
2 -1.9333 9.6002
4 -4.7743 -9.5148
1 -2.6689 2.0442
1 -7.3631 -4.0075
2 0.5838 -9.5634
6 6.9188 5.3564
9 -1.7128 -7.7891
6 6.1934 3.6128
10 5.9849 -5.0284
6 6.1934 3.6128
5 -4.4347 8.7185
2 -1.9333 9.6002
1 6.8801 9.2519
3 6.1934 3.6128
3 6.1934 3.6128
6 6.1934 3.6128
8 9.1239 -0.0219
3 6.1934 3.6128
8 -1.1810 -8.9116
5 -4.4347 12.3300
4 6.1934 3.6128
6 6.1934 3.6128
10 5.9849 -5.0284
1 -8.2262 -1.1266
8 1.5166 -5.7333
6 6.1934 3.6128
7 -2.9110 -1.9265
2 -1.9333 9.6002
9 1.8960 -8.6899
3 6.1934 3.6128
4 -7.8783 0.1357
3 -5.6286 -0.5280
5 -4.7235 6.3825
2 7.2936 9.8927
5 -4.4347 8.7185
8 12.0535 -0.0219
7 -2.9110 -1.9265
1 -7.3631 -4.0075
4 6.1934 3.6128
1 -7.3631 -4.0075
3 6.1934 3.6128
4 6.1934 3.6128
3 6.1934 3.6128
2 -1.9333 9.6002
6 6.1934 3.6128
8 12.0535 -0.0219
6 -0.4622 -8.9971
10 5.9849 -5.0284
8 -6.3692 -8.7472
3 6.1934 3.6128
10 5.9849 -5.0284
3 6.1934 3.6128
1 -7.4630 0.4027
