10 100
P -8.068617 -4.822135 -6.122535 -0.615735
P 8.444760 3.470994 12.097564 6.248179
P -4.091916 7.490845 -1.896967 12.111620
P 3.840540 -4.754627 5.545476 -2.291247
K 0.391126 0.007132 4.839584
Z 3 9.818832 9.066288 -7.767134 9.198025
K -2.588570 -4.618727 4.904156
K -4.529047 -0.035191 3.474188
Z 2 8.826781 9.646939 -7.009283 -8.303587
P -0.492514 8.565688 4.322972 12.446439
8 -4.529047 -0.035191
1 -6.122535 -0.615735
7 7.289692 -7.956468
4 3.840540 -2.291247
7 -2.588570 -4.618727
8 -4.529047 -0.035191
2 7.192911 -8.430151
4 5.545476 -2.291247
1 -6.605191 4.262399
5 0.391126 0.007132
7 -1.516321 8.436203
6 -4.463975 3.884420
3 -1.896967 12.111620
2 12.097564 6.248179
4 3.840540 -2.291247
8 -4.529047 -0.035191
9 12.097564 6.248179
1 -9.408259 0.303692
10 -2.005845 9.175581
2 12.097564 6.248179
9 12.097564 3.470994
4 -0.176704 -5.732068
8 -4.529047 -0.035191
3 -4.091916 7.490845
3 -4.091916 12.111620
4 3.840540 -4.754627
3 -1.896967 12.111620
8 -4.529047 -0.035191
1 -0.130511 -0.507101
3 -1.896967 12.111620
4 3.840540 -2.291247
8 -3.972654 -0.248648
4 -1.943042 -1.399518
2 8.444760 6.248179
10 4.322972 8.565688
7 -2.588570 -4.618727
5 0.391126 0.007132
9 6.671383 -7.542972
9 12.097564 6.248179
2 -3.411415 8.212014
10 -0.492514 8.565688
9 3.696740 8.410418
8 -2.170864 7.992775
1 8.346073 -3.629200
9 12.097564 3.470994
1 -6.122535 -0.615735
10 4.322972 8.565688
9 -2.070441 7.141029
1 -2.424124 2.180950
1 -7.951582 -6.778747
4 5.545476 -2.291247
7 -9.901639 9.735532
4 5.545476 -4.754627
7 1.820667 0.271149
7 8.257843 -3.449342
4 5.545476 -2.291247
8 0.392003 -0.167400
7 -2.588570 -4.618727
3 -4.091916 7.490845
4 5.545476 -2.291247
7 -9.334992 2.455996
3 -4.091916 12.111620
4 3.890653 6.620148
1 -8.068617 -4.822135
4 5.545476 -2.291247
1 3.338410 7.003472
1 -8.068617 -4.822135
5 0.966564 -6.468654
8 -4.529047 -0.035191
4 5.545476 -2.291247
3 -1.779375 -2.979869
5 0.391126 0.007132
7 -0.324016 -9.890969
3 -4.091916 12.111620
3 -2.931382 -2.907694
2 12.097564 3.470994
4 5.545476 -4.754627
6 -6.893666 -0.395847
8 -4.529047 -0.035191
2 12.097564 3.470994
4 3.840540 -4.754627
8 -4.529047 -0.035191
8 -4.529047 -0.035191
7 -2.588570 -4.618727
7 0.881685 2.319084
7 -2.588570 -4.618727
5 0.391126 0.007132
7 -2.588570 -4.618727
3 6.166825 9.278454
4 7.457481 -9.272180
4 5.545476 -2.291247
2 1.052452 7.323579
8 -4.529047 -0.035191
8 -4.529047 -0.035191
6 5.718711 2.614710
7 -2.588570 -4.618727
7 -2.588570 -4.618727
10 4.322972 12.446439
4 3.840540 -2.291247
10 4.322972 8.565688
