10 100
K -4.584458 9.721278 2.772175
Z 1 -5.383905 12.375677 -6.341420 12.087294
Z 1 6.188873 3.204490 -3.858198 3.651395
K 3.979772 2.398344 4.287026
P -5.649866 -1.645581 -0.708117 2.396076
K 9.007231 3.431884 3.091363
Z 5 8.954240 -3.372986 3.518596 6.182857
P 5.069809 -6.191954 8.859629 -3.154166
P 7.422126 -5.041765 12.344862 -0.105516
K 5.222146 1.145012 4.588116
6 2.143021 -6.077655
8 -9.768340 8.951096
1 -4.584458 9.721278
2 -6.183352 15.030076
8 5.069809 -3.154166
9 -4.168339 -6.590123
5 -0.708117 -1.645581
5 -0.708117 -1.645581
4 1.791752 -2.970480
6 9.007231 3.431884
3 -2.851411 -2.160801
9 12.344862 -5.041765
5 -0.708117 2.396076
3 8.501932 -6.160290
8 8.859629 -3.154166
3 -0.733468 1.116094
3 -4.584458 9.721278
9 12.344862 -5.041765
10 1.279847 7.636992
3 -4.584458 9.721278
7 -5.649866 -1.645581
7 12.407591 5.815020
10 -0.186213 -9.377875
4 3.979772 2.398344
9 12.344862 -0.105516
9 12.344862 -5.041765
6 -8.091529 0.527500
7 -5.649866 -1.645581
2 -8.846064 -6.110767
3 -5.120513 -2.330034
5 -5.649866 -1.645581
5 -5.649866 -1.645581
1 3.474099 6.370875
5 8.672835 7.492603
10 5.222146 1.145012
8 8.859629 -6.191954
1 3.583666 5.792625
3 -5.120513 -2.330034
4 -3.527957 -0.921607
7 14.933162 10.062650
7 14.933162 10.062650
10 5.222146 1.145012
6 9.007231 3.431884
9 12.344862 -0.105516
4 3.979772 2.398344
10 5.222146 1.145012
7 -0.708117 2.396076
10 5.222146 1.145012
9 7.422126 -5.041765
2 -6.183352 15.030076
3 4.875623 -6.612754
7 0.334044 1.950565
2 1.339946 -8.742518
8 5.069809 -6.191954
3 -5.120513 -2.330034
3 -6.949906 9.384820
5 -0.708117 2.396076
9 -6.197147 9.519252
9 7.422126 -0.105516
7 14.933162 10.062650
4 0.480783 3.397735
5 -0.708117 -1.645581
9 12.344862 -0.105516
4 3.979772 2.398344
2 9.302031 -3.083414
8 5.069809 -3.154166
7 14.933162 10.062650
4 3.979772 2.398344
10 5.222146 1.145012
2 -6.183352 15.030076
2 -4.584458 9.721278
9 12.344862 -0.105516
2 -4.584458 9.721278
1 -4.584458 9.721278
8 8.859629 -3.154166
10 5.222146 1.145012
1 -8.963405 -2.725717
1 -4.584458 9.721278
8 9.944939 -7.078899
3 -5.120513 -2.330034
3 -4.584458 9.721278
10 5.222146 1.145012
1 -4.584458 9.721278
7 14.933162 10.062650
2 -4.584458 9.721278
2 -3.875645 -1.141511
4 3.979772 2.398344
5 -4.398123 7.748850
5 -5.649866 2.396076
8 8.859629 -6.191954
5 -0.708117 2.396076
3 -3.687523 -6.141284
4 3.979772 2.398344
6 9.007231 3.431884
4 -2.769596 -4.530372
7 14.933162 10.062650
2 -1.553482 -9.384925
4 3.979772 2.398344
9 12.344862 -0.105516
2 8.101555 6.817348
