10 100
P 5.547107 -3.067321 9.801207 -1.902551
P 3.533286 1.173009 7.288318 6.116676
K 3.548591 8.687952 3.500232
K 4.800030 0.837444 4.843212
P -3.578922 8.360273 1.376964 9.415399
K -9.186596 -5.403336 3.297934
Z 4 4.800030 0.837444 3.819461 0.641270
K -0.693072 4.980854 4.845761
Z 7 0.055285 1.809091 -0.145335 0.829422
P 8.853017 -7.506400 12.972957 -2.652244
7 -0.036452 -9.577896
10 5.009384 -7.763179
3 3.548591 8.687952
10 -9.818742 -4.518551
7 4.800030 0.837444
8 -0.693072 4.980854
9 -4.689460 2.780737
3 3.548591 8.687952
2 3.533286 1.173009
9 4.800030 0.837444
1 7.868229 5.105032
3 7.019408 -1.240820
3 3.548591 8.687952
3 3.780497 -7.800234
5 1.376964 9.415399
2 3.533286 6.116676
7 -0.504729 1.736102
6 -0.290195 -6.185935
9 4.800030 0.837444
6 -9.186596 -5.403336
1 2.749580 -3.155810
4 0.683516 -3.229340
3 -3.996840 6.297870
2 3.533286 6.116676
2 3.533286 6.116676
4 -1.520864 7.637484
3 -2.170270 6.534616
8 -0.693072 4.980854
3 0.644231 -0.833758
8 -0.693072 4.980854
8 -0.693072 4.980854
10 12.972957 -7.506400
6 -9.186596 -5.403336
1 3.930607 8.598797
4 4.800030 0.837444
5 1.376964 9.415399
9 -4.708873 -5.148479
1 9.801207 -1.902551
7 -3.424797 -1.725621
3 3.548591 8.687952
3 3.548591 8.687952
6 -9.186596 -5.403336
8 -0.693072 4.980854
8 -0.693072 4.980854
2 -0.940046 6.032372
2 3.533286 6.116676
4 4.800030 0.837444
5 1.376964 8.360273
1 9.801207 -3.067321
10 -3.050503 -0.661338
2 3.533286 6.116676
6 -9.186596 -5.403336
7 4.800030 0.837444
5 -5.566867 9.689846
5 -2.724083 4.856369
3 3.548591 8.687952
2 8.282152 -5.888319
6 2.034180 -5.067248
10 8.853017 -2.652244
9 4.800030 0.837444
9 4.800030 0.837444
1 9.801207 -1.902551
7 4.800030 0.837444
3 3.548591 8.687952
10 8.853017 -7.506400
4 4.800030 0.837444
6 9.904073 -1.366858
7 4.800030 0.837444
10 -3.545955 6.187301
5 1.376964 8.360273
1 5.547107 -3.067321
4 4.800030 0.837444
5 -3.578922 9.415399
4 7.364260 -3.777048
4 4.800030 0.837444
10 -7.838904 -1.105231
7 4.800030 0.837444
1 9.801207 -3.067321
1 -0.574431 3.296947
4 4.800030 0.837444
10 8.853017 -7.506400
6 -9.186596 -5.403336
3 3.548591 8.687952
7 4.800030 0.837444
1 9.801207 -1.902551
3 -8.318239 -7.352488
3 6.425362 3.816965
3 3.548591 8.687952
10 12.972957 -7.506400
6 -9.186596 -5.403336
1 5.547107 -1.902551
7 3.341663 3.525554
7 4.800030 0.837444
4 7.400523 -4.639455
7 2.145292 8.454465
2 7.288318 1.173009
9 -4.689460 2.780737
8 8.184212 -3.075791
7 4.800030 0.837444
5 -3.578922 9.415399
