10 100
P 6.850094 -4.490688 9.870941 -2.119649
Z 1 1.513013 -4.705288 -0.078248 4.146355
K -1.421095 7.151736 1.091252
K 8.759801 -8.983740 4.381591
P -2.696513 7.032925 -1.650823 8.165816
K 0.794306 -4.805200 3.406806
Z 2 4.020390 -8.719604 -8.734663 -3.022770
K -9.399458 -2.134680 3.906105
K -9.887080 9.832049 1.433575
K 6.209708 3.444010 3.149897
10 6.509019 -7.379272
1 9.870941 -4.490688
10 6.209708 3.444010
10 7.624737 6.368458
7 0.993840 -15.231640
9 -8.539493 5.913089
7 -2.796795 -4.643745
3 -1.421095 7.151736
4 8.759801 -8.983740
5 -2.696513 8.165816
8 -5.815782 -2.982713
5 -2.696513 8.165816
1 6.850094 -4.490688
8 -2.986733 4.748122
3 -6.942220 3.420303
7 -5.946917 -9.282976
3 -2.734450 8.933316
3 -1.421095 7.151736
6 -9.364191 2.278852
2 -9.598317 -7.857456
1 6.850094 -4.490688
10 6.209708 3.444010
9 1.536972 -4.561539
2 9.870941 -2.119649
3 -1.421095 7.151736
1 9.870941 -4.490688
1 9.870941 -2.119649
6 0.794306 -4.805200
2 -4.154375 3.070112
2 -3.564648 -6.362947
9 -9.887080 9.832049
6 0.794306 -4.805200
2 6.850094 -2.119649
3 -1.421095 7.151736
8 -9.399458 -2.134680
9 -3.587113 4.379490
9 7.102628 8.161407
3 -1.421095 7.151736
10 -4.691982 -6.094014
8 1.607551 9.569426
10 6.209708 3.444010
1 6.850094 -4.490688
8 -9.399458 -2.134680
9 9.515793 3.087747
7 9.870941 -2.119649
9 -9.887080 9.832049
2 0.074589 -4.311542
6 5.393295 5.053286
3 -8.079536 -7.545850
8 3.853907 -6.254556
1 9.870941 -2.119649
7 -2.310656 7.644623
5 -2.696513 7.032925
8 -9.399458 -2.134680
6 -6.229444 -2.423215
3 -2.596054 5.203807
3 -1.421095 7.151736
6 0.794306 -4.805200
6 0.794306 -4.805200
10 6.209708 3.444010
1 6.850094 -4.490688
3 9.459807 -5.773391
6 -0.967484 -9.922881
7 -4.390445 -4.140362
6 5.818899 1.133878
8 -9.399458 -2.134680
4 8.759801 -8.983740
8 -9.399458 -2.134680
5 -2.696513 7.032925
6 6.275153 3.742517
3 -1.421095 7.151736
10 6.209708 3.444010
7 2.260461 -2.545967
8 0.094861 -4.473795
2 9.870941 -4.490688
4 8.759801 -8.983740
1 9.870941 -4.490688
2 -4.390445 -4.140362
1 6.850094 -4.490688
6 1.709811 2.313585
2 9.870941 -2.119649
6 0.794306 -4.805200
6 0.794306 -4.805200
10 8.838776 0.170243
2 2.854327 4.994149
8 -9.399458 -2.134680
7 9.870941 -4.490688
7 -6.367445 -1.218337
2 6.850094 -4.490688
8 -9.399458 -2.134680
1 6.850094 -4.490688
1 9.870941 -2.119649
2 -1.766522 8.725157
6 6.406726 7.004636
9 -9.887080 9.832049
7 -5.003105 -5.512091
7 9.870941 -2.119649
1 9.870941 -4.490688
6 0.298776 -6.433862
7 -1.852982 6.042956
