10 100
P 7.730384 7.834369 12.407120 9.897509
Z 1 -0.520444 4.999944 -3.022593 -8.713493
P 2.044633 -1.503691 5.753833 2.323697
P -6.784255 -2.873558 -4.299888 2.008736
P 7.069882 1.960099 8.932348 3.502894
P -9.833188 -2.169286 -5.752881 -0.611027
K 0.701572 -5.768769 1.994466
Z 5 -2.382384 5.328057 4.742410 3.900555
P 1.872918 3.179510 3.460930 8.032998
Z 8 8.932348 1.960099 8.217506 1.260813
3 9.548621 8.824417
10 -9.270832 1.611523
9 3.460930 8.032998
1 12.407120 7.834369
4 -6.784255 -2.873558
9 3.460930 8.032998
2 -11.613973 12.217250
3 2.044633 2.323697
7 7.994857 2.068434
4 -6.784255 2.008736
8 -4.677496 1.478582
4 -4.299888 -2.873558
1 12.407120 9.897509
2 -7.238595 10.565604
8 -5.821745 -4.880946
1 12.407120 7.834369
2 0.087709 1.914478
6 -9.833188 -0.611027
10 11.737663 0.603502
3 8.900130 0.020948
9 1.872918 8.032998
1 1.325526 -2.644041
4 -6.784255 2.008736
2 -10.885350 14.147446
10 6.941839 3.981326
2 12.407120 7.834369
7 0.701572 -5.768769
10 -3.418031 -0.825049
4 -6.784255 -2.873558
4 -4.299888 2.008736
7 0.701572 -5.768769
4 -6.784255 2.008736
4 8.252277 -1.636696
5 8.932348 1.960099
4 -7.567509 -2.934120
9 -5.725865 -9.693969
1 12.407120 9.897509
10 8.932348 1.960099
1 7.887348 2.545498
5 8.932348 3.502894
7 -5.721370 9.596932
9 3.460930 3.179510
1 3.369942 0.782176
5 8.932348 3.502894
1 7.730384 9.897509
9 1.872918 3.179510
7 1.908017 -5.827679
5 7.069882 1.960099
6 -5.752881 -2.169286
1 1.473790 9.664533
1 -9.686510 -0.687409
6 -9.833188 -0.611027
2 -7.238595 10.565604
4 -4.299888 2.008736
5 8.932348 1.960099
3 -1.575502 -5.808682
5 3.297383 2.644992
1 7.730384 7.834369
9 1.872918 8.032998
7 7.069898 1.182589
2 -10.885350 14.147446
4 -4.299888 -2.873558
9 1.872918 8.032998
10 -7.167589 0.018077
5 3.842944 -2.886400
9 3.460930 8.032998
3 -0.596481 1.699104
6 -5.752881 -0.611027
3 9.402665 -8.331457
8 8.932348 3.502894
8 8.762137 2.653355
9 3.460930 8.032998
6 -5.752881 -0.611027
4 -6.784255 -2.873558
6 -9.833188 -0.611027
10 9.621691 1.774680
1 12.407120 9.897509
1 12.407120 7.834369
4 -6.784255 2.008736
7 -4.771301 -0.460221
8 9.356497 4.077065
4 -6.784255 2.008736
7 0.701572 -5.768769
4 -4.299888 2.008736
8 6.389733 -6.657484
1 -3.563724 -0.730581
10 8.353530 9.792665
3 2.044633 -1.503691
5 -0.024921 9.731190
3 5.753833 2.323697
2 0.101703 -5.135115
7 0.701572 -5.768769
9 8.183569 5.558513
10 7.637789 4.794578
4 -4.299888 -2.873558
4 -6.784255 2.008736
1 7.730384 7.834369
2 -5.644542 -8.472982
6 -5.752881 -0.611027
9 3.460930 3.179510
