10 100
P 6.071343 -8.717197 7.552591 -7.383571
P -5.533668 -9.985970 -2.322191 -8.948561
Z 1 5.580613 -8.580004 1.769090 -0.597861
K -8.035903 -8.052351 4.014862
P 5.124631 5.641750 7.624818 10.241279
K 5.476227 9.530922 3.199796
P 1.218358 5.648910 4.294528 8.326276
P -2.205495 5.402426 0.774367 8.221792
Z 8 0.774367 8.221792 1.395471 9.005520
Z 6 -7.334548 8.657746 -7.383206 0.548940
5 5.5012 9.7160
6 5.4762 9.5309
6 -3.5483 -0.4064
3 9.0422 7.6760
6 5.4762 9.5309
9 2.1123 3.9919
3 -0.5597 -1.0632
6 5.4762 9.5309
1 7.5526 -7.3836
6 -3.9193 9.5100
6 5.4762 9.5309
6 9.5662 0.7458
7 0.1727 6.6262
9 0.7744 5.4024
6 -8.9155 -4.4887
6 5.4762 9.5309
1 7.5526 -7.3836
1 6.0713 -8.7172
7 6.6804 8.9872
2 -5.5337 -8.9486
4 -8.0359 -8.0524
8 3.0033 -4.3316
2 -5.5337 -8.9486
8 0.7744 5.4024
5 5.1246 5.6417
10 5.4762 9.5309
3 3.4105 -9.3615
3 6.8006 -2.7605
3 7.5526 -7.3836
10 4.5326 5.5868
8 7.4260 -5.7320
3 4.4476 -10.1998
7 4.2945 8.3263
8 -6.5130 -4.5253
9 0.7744 8.2218
8 0.7744 5.4024
9 -1.2897 4.6766
10 -5.7655 -2.3643
6 5.4762 9.5309
7 4.0921 6.5944
3 7.5526 -8.7172
6 5.4762 9.5309
10 9.2295 -4.5824
9 4.8875 5.7762
7 6.9034 -7.0391
1 7.5526 -7.3836
5 7.6248 5.6417
1 6.0713 -8.7172
8 -7.5069 -7.8190
2 -5.5337 -9.9860
8 -2.2055 5.4024
2 -2.3222 -9.9860
9 -0.3629 3.8170
4 -8.0359 -8.0524
1 0.6036 3.7802
4 -8.0359 -8.0524
4 9.9474 2.6462
2 -2.3222 -9.9860
10 -20.1339 9.6846
9 1.4551 5.3207
2 -5.5337 -8.9486
3 4.3417 -8.2095
8 0.7744 8.2218
8 0.7744 8.2218
5 -7.1646 -3.9742
1 -6.3820 -9.0070
8 5.8370 -0.0349
10 8.3499 -6.1539
2 9.7757 9.8732
7 4.2945 8.3263
8 8.7395 -9.3105
9 1.4551 5.3207
9 -2.2055 8.2218
4 -8.0359 -8.0524
8 -5.0774 -2.4839
3 7.5526 -8.7172
6 5.4762 9.5309
4 -3.6825 5.2626
4 1.0250 8.6095
7 5.7324 -1.1624
7 1.6693 1.5605
5 7.6248 10.2413
7 -9.3147 -3.9829
3 7.5526 -8.7172
9 0.7744 8.2218
6 6.2191 -6.6102
1 6.0713 -8.7172
9 0.7744 8.2218
1 6.0713 -8.7172
6 5.4762 9.5309
3 9.5737 -6.6472
4 -8.0359 -8.0524
8 0.3673 8.7703
4 -8.0359 -8.0524
2 8.9587 9.3197
9 9.3628 -7.6703
4 -8.0359 -8.0524
7 -0.7441 -8.3657
7 1.2184 8.3263
1 -7.7125 -6.1232
