10 100
K -2.234087 -6.551805 3.736494
Z 1 9.274030 2.788056 -4.929157 -8.909072
Z 1 -4.369274 -9.029520 4.744692 0.833979
K 3.570271 -2.980034 2.074301
P -8.263765 8.418421 -6.712419 11.128831
P 1.424315 -2.610764 3.540137 -0.395496
Z 3 -2.067676 -6.705570 -1.112859 -6.408378
K -7.169065 8.471768 4.138857
P 2.423147 1.721341 4.152952 4.902245
K -8.106144 -6.967488 4.939891
9 4.152952 4.902245
10 -8.106144 -6.967488
9 4.152952 1.721341
4 3.570271 -2.980034
9 2.423147 1.721341
1 -5.745000 -4.899703
5 -8.263765 11.128831
1 -2.234087 -6.551805
5 -6.712419 11.128831
4 3.570271 -2.980034
2 -2.098918 -6.715934
7 -2.117425 -6.926615
5 -6.712419 11.128831
4 3.570271 -2.980034
4 -5.391006 -5.870061
2 -2.098918 -6.715934
7 -2.117425 -6.926615
9 4.152952 4.902245
1 -2.234087 -6.551805
10 -8.106144 -6.967488
8 -2.274466 -9.541756
7 8.420234 4.009991
1 -2.234087 -6.551805
6 6.794457 -2.308679
10 -8.106144 -6.967488
4 3.570271 -2.980034
3 -7.333645 -1.247426
6 9.473107 -7.181499
1 -2.234087 -6.551805
8 -7.169065 8.471768
10 -8.106144 -6.967488
4 3.570271 -2.980034
9 -5.593509 -4.777091
5 -8.263765 11.128831
9 2.423147 4.902245
6 3.540137 -0.395496
10 -8.106144 -6.967488
2 -2.098918 -6.715934
8 -7.169065 8.471768
9 -7.007237 8.254377
4 3.570271 -2.980034
7 -2.067676 -6.705570
1 -2.234087 -6.551805
6 3.540137 -0.395496
2 -2.553846 -8.761563
8 -7.169065 8.471768
4 3.570271 -2.980034
5 -8.914576 0.640506
8 -7.169065 8.471768
5 -8.263765 11.128831
10 1.268491 2.386424
5 -8.263765 8.418421
7 6.322549 -6.009547
2 -2.234087 -6.551805
2 -2.234087 -6.551805
9 -3.081452 -8.231477
6 1.424315 -2.610764
1 -5.877270 -9.766898
4 3.570271 -2.980034
3 -2.067676 -6.705570
3 -2.234087 -6.551805
2 -5.160435 9.152016
6 9.385478 0.003071
9 -6.065970 -1.806204
6 1.424315 -2.610764
7 -9.866431 1.625214
10 -8.106144 -6.967488
3 -5.465274 7.493051
5 -8.263765 8.418421
9 2.423147 4.902245
6 -7.850511 -6.206513
10 -0.042181 2.659998
9 4.152952 4.902245
8 1.249950 1.691014
3 -7.890687 5.415456
8 -7.169065 8.471768
1 -2.234087 -6.551805
5 -8.263765 11.128831
1 4.551039 8.922816
9 4.152952 4.902245
2 -4.403381 -3.334197
2 -2.098918 -6.715934
5 -8.263765 8.418421
5 -8.263765 11.128831
10 8.594860 -0.318664
8 -7.169065 8.471768
1 0.227295 -5.437421
3 -2.067676 -6.705570
1 -7.368525 1.740590
9 2.423147 4.902245
2 -2.098918 -6.715934
5 -6.712419 11.128831
5 -8.263765 11.128831
1 -2.494759 5.133109
10 -8.106144 -6.967488
4 3.570271 -2.980034
7 -7.599642 2.262005
1 -2.234087 -6.551805
6 -9.501322 0.578354
6 6.518251 -3.127430
