10 100
P -7.319081 -6.307642 -4.196807 -3.526899
P 2.217177 -4.971160 4.605988 -3.080568
K -7.503512 -2.017407 1.708372
K 1.871890 8.270459 4.685987
Z 3 5.928515 -1.375726 2.171018 -4.746683
Z 3 -4.711579 4.047914 -6.202889 8.479319
P -4.801803 6.216932 -2.471228 7.307344
K -6.587902 4.628469 1.936264
K 2.129375 9.367450 3.296594
P -5.398885 -3.506209 -2.208258 -1.914438
7 -8.282493 -8.063741
10 -5.049970 3.831837
3 -7.503512 -2.017407
1 5.398245 -2.004911
6 2.827798 1.881960
7 -2.471228 6.216932
3 -7.503512 -2.017407
9 2.129375 9.367450
4 1.871890 8.270459
5 -7.503512 -2.017407
10 -5.398885 -3.506209
4 1.871890 8.270459
3 -7.503512 -2.017407
5 0.691203 2.610272
10 -5.398885 -1.914438
8 -6.587902 4.628469
9 2.129375 9.367450
4 1.871890 8.270459
7 -2.471228 7.307344
8 -6.587902 4.628469
10 -2.208258 -1.914438
10 -5.398885 -1.914438
7 -2.471228 6.216932
2 2.217177 -4.971160
2 4.605988 -4.971160
10 -5.398885 -3.506209
10 -5.398885 -3.506209
3 -7.503512 -2.017407
6 -7.503512 -2.017407
2 -4.370432 -7.611956
4 5.854655 -8.145097
4 -1.771288 8.248951
2 4.605988 -3.080568
4 -3.091502 -2.291494
8 -6.587902 4.628469
6 1.179338 0.904650
6 1.179338 0.904650
1 -4.196807 -6.307642
2 4.605988 -4.971160
9 2.129375 9.367450
1 -7.319081 -3.526899
2 2.217177 -4.971160
8 -6.587902 4.628469
1 -5.315435 -3.086688
5 -7.503512 -2.017407
1 -7.319081 -3.526899
5 3.838163 -14.659609
4 1.871890 8.270459
8 -7.378599 4.076481
9 2.129375 9.367450
3 -7.503512 -2.017407
9 -7.055867 -9.500475
5 3.838163 -14.659609
2 4.605988 -3.080568
2 -4.299622 2.030098
10 -5.398885 -3.506209
3 0.339549 1.922216
8 -6.587902 4.628469
2 2.217177 -3.080568
8 -6.587902 4.628469
1 -4.196807 -3.526899
4 3.733497 2.589217
8 3.911775 -5.500319
1 -6.255344 -7.405406
5 -7.124515 7.676563
4 -1.333015 -7.297859
1 -7.319081 -6.307642
6 1.990912 -2.268076
4 1.871890 8.270459
5 3.838163 -14.659609
10 -2.208258 -1.914438
7 1.661855 -5.289181
10 -2.208258 -1.914438
2 2.217177 -3.080568
6 1.179338 0.904650
7 -2.067024 5.387000
7 -9.862426 4.052695
3 -1.153426 7.571281
3 -6.742625 -7.274122
9 2.129375 9.367450
2 2.217177 -4.971160
1 -4.196807 -6.307642
7 -6.523224 -9.618548
6 1.179338 0.904650
4 -3.689287 8.297497
1 -4.196807 -3.526899
2 2.217177 -3.080568
5 3.898991 -5.220379
6 -7.503512 -2.017407
10 -2.208258 -3.506209
4 1.871890 8.270459
7 -2.471228 7.307344
2 -9.736211 -3.876659
4 -0.591488 6.378691
9 2.129375 9.367450
6 1.179338 0.904650
4 0.630337 0.397356
7 -2.471228 6.216932
9 2.129375 9.367450
9 7.526602 8.398677
