10 100
P 9.236610 -8.644136 12.025710 -5.582192
Z 1 -2.015718 7.605340 5.427179 4.003449
K -8.271127 1.438111 3.818852
K 5.864813 -6.190123 3.251692
P 8.166972 3.976625 10.181933 7.091425
P 1.011756 6.874614 3.209832 11.253452
K -8.486792 3.717109 2.360546
Z 2 -6.710095 -1.911355 -0.143508 6.173289
P 2.338919 2.726033 5.589101 6.666654
Z 8 -3.119346 -5.842097 0.326502 1.034144
1 12.025710 -8.644136
8 9.236610 -8.644136
6 1.011756 6.874614
7 -8.486792 3.717109
1 9.236610 -8.644136
5 8.166972 3.976625
2 12.025710 -8.644136
9 2.338919 2.726033
3 -8.271127 1.438111
1 9.236610 -8.644136
7 -8.486792 3.717109
7 -8.486792 3.717109
8 -9.681913 4.142065
4 5.864813 -6.190123
1 5.143054 -7.203798
4 -9.439026 -2.012580
10 -14.144257 15.673828
2 12.025710 -8.644136
4 8.775260 -1.652020
3 0.137631 -8.741392
9 2.338919 2.726033
7 -8.486792 3.717109
9 2.338919 6.666654
6 1.011756 6.874614
7 6.706084 -6.100201
3 -8.271127 1.438111
1 9.236610 -5.582192
6 1.011756 6.874614
9 -1.750572 -7.876831
3 -8.271127 1.438111
8 -5.568817 -5.098679
1 -6.912677 7.003902
6 3.209832 11.253452
8 9.236610 -5.582192
6 3.209832 6.874614
8 -17.141155 15.046054
4 -2.488351 6.109475
5 10.181933 7.091425
1 4.494310 -3.537930
9 5.589101 6.666654
4 5.864813 -6.190123
7 -8.486792 3.717109
10 9.236610 -8.644136
4 5.864813 -6.190123
7 -8.486792 3.717109
8 15.308091 6.963832
1 12.025710 -5.582192
9 5.589101 6.666654
5 8.166972 3.976625
3 4.126471 -5.943504
10 19.439920 6.676485
8 -8.090096 -9.370560
9 -1.651379 -3.600349
10 9.369714 -4.654686
8 9.495666 5.385932
10 9.236610 -8.644136
6 1.011756 11.253452
6 1.011756 11.253452
4 9.030271 -4.950862
9 5.589101 2.726033
8 1.856930 -6.543140
10 -8.763629 2.001163
8 6.028523 -3.856944
8 0.461407 2.984843
6 1.443706 1.250147
4 5.864813 -6.190123
4 2.863957 8.836715
7 -8.486792 3.717109
1 -1.006698 4.767751
5 8.536036 8.173666
8 -2.134733 -1.897082
7 -8.486792 3.717109
1 12.025710 -8.644136
1 9.236610 -8.644136
3 -8.271127 1.438111
9 5.589101 2.726033
3 -8.271127 1.438111
1 9.236610 -5.582192
6 1.011756 11.253452
9 5.589101 6.666654
9 5.589101 2.726033
1 12.025710 -8.644136
9 2.338919 2.726033
10 -14.429238 4.613068
1 -2.826626 -0.292008
3 9.999075 -6.293708
7 2.281167 7.365062
1 3.852248 -6.314133
6 1.011756 11.253452
2 17.709312 8.863737
8 0.123259 -6.545177
7 -8.486792 3.717109
6 3.209832 6.874614
2 8.727296 3.043974
8 -0.853386 -8.813819
4 5.864813 -6.190123
5 8.166972 7.091425
3 -8.271127 1.438111
5 8.166972 7.091425
3 -7.464182 -6.501747
