10 100
K 9.072423 -7.677400 3.689377
Z 1 8.161039 -11.252436 9.130047 -11.499465
Z 2 0.147475 -6.663579 -5.923535 -8.178877
Z 1 12.332634 -5.950401 11.864534 -5.066726
Z 2 6.055378 -8.520123 -6.461743 -1.793932
Z 4 9.072423 -7.677400 8.080795 -7.548269
K 8.249176 7.710926 1.947774
K 6.859980 -5.812494 4.478255
Z 7 8.807042 5.844751 9.765149 6.131163
P -3.967840 2.223553 0.858594 3.636643
8 6.859980 -5.812494
3 9.072423 -7.677400
3 2.580297 3.880210
9 9.364908 3.978576
9 9.364908 3.978576
1 9.072423 -7.677400
1 9.072423 -7.677400
7 -5.701609 -5.702781
4 9.072423 -7.677400
9 9.364908 3.978576
8 7.257670 -0.494152
9 9.364908 3.978576
7 7.986730 7.038164
4 9.072423 -7.677400
7 -6.266937 -9.618782
9 9.364908 3.978576
7 8.249176 7.710926
8 6.859980 -5.812494
5 5.308932 -6.185876
6 9.072423 -7.677400
4 0.864234 -8.093797
5 9.072423 -7.677400
8 6.859980 -5.812494
7 8.249176 7.710926
6 14.490825 -12.686085
10 -3.967840 3.636643
7 8.249176 7.710926
1 9.431327 4.785666
5 -7.964087 1.601503
8 4.849967 9.320376
6 9.072423 -7.677400
2 9.072423 -7.677400
5 9.406719 -0.220439
8 6.859980 -5.812494
7 4.067066 4.282982
5 -0.963034 9.664434
2 3.729172 8.832426
8 6.859980 -5.812494
4 9.072423 -7.677400
5 9.072423 -7.677400
2 9.072423 -7.677400
1 9.072423 -7.677400
3 9.072423 -7.677400
7 -1.178846 -4.753771
2 7.249656 -14.827472
5 7.249656 -14.827472
10 2.917515 -3.361086
6 -9.757445 7.493207
6 14.490825 -12.686085
6 9.072423 -7.677400
8 5.390314 3.507081
9 1.303326 7.203042
4 15.592846 -4.223403
2 -8.183139 -7.782740
5 11.974307 -6.035121
4 -7.786994 8.514819
8 3.770055 -4.296713
8 6.859980 -5.812494
5 11.974307 -6.035121
8 6.859980 -5.812494
6 14.490825 -12.686085
7 0.828012 -3.152180
6 -1.401653 -4.471991
10 -9.303160 6.554194
3 9.072423 -7.677400
8 6.859980 -5.812494
9 8.249176 7.710926
10 0.858594 3.636643
9 -0.590425 5.147102
10 -3.967840 3.636643
6 9.072423 -7.677400
4 15.592846 -4.223403
4 15.592846 -4.223403
9 8.249176 7.710926
5 11.974307 -6.035121
9 -3.638083 -4.323010
5 11.974307 -6.035121
8 6.859980 -5.812494
1 9.072423 -7.677400
10 -3.967840 2.223553
8 6.859980 -5.812494
2 8.837024 8.798077
8 6.859980 -5.812494
5 2.515757 -6.750070
9 -9.854566 2.228540
10 -1.736840 -2.521216
2 -7.368653 9.573802
8 6.859980 -5.812494
5 9.072423 -7.677400
10 5.798137 -7.529263
5 7.017677 -11.501183
5 8.237432 -0.590677
9 8.249176 7.710926
7 2.173906 8.574909
9 9.364908 3.978576
6 9.072423 -7.677400
5 9.072423 -7.677400
9 -0.012200 0.447483
4 -4.136622 0.301461
9 9.364908 3.978576
