10 100
K -6.256320 9.302785 1.439670
K 4.644526 6.898397 1.221649
K -6.113379 -5.021140 1.727333
Z 3 -5.548844 -6.653616 -4.603759 -6.326791
Z 1 3.092198 -2.970362 -7.634718 -6.984534
K 1.853755 -7.885857 4.820469
Z 4 -4.984309 -8.286092 -4.020992 -8.017725
K -4.182497 -2.703269 4.321430
Z 4 6.107599 -7.246890 -9.534891 8.139088
K 5.080276 6.416114 4.008080
5 -0.6933 6.1339
6 -1.8979 1.9820
5 -6.0341 1.4723
6 -2.9771 4.9081
3 2.0391 -1.5864
6 1.8538 -7.8859
5 -9.6633 0.5658
6 1.8538 -7.8859
4 -4.9843 -8.2861
1 -6.2563 9.3028
1 -6.2563 9.3028
1 -6.2563 9.3028
1 -2.9483 -0.6185
10 5.0803 6.4161
9 -4.9843 -8.2861
8 -4.1825 -2.7033
4 -1.0487 6.5894
9 5.5525 -4.8662
3 -6.1134 -5.0211
6 1.8538 -7.8859
10 -7.4836 -5.6137
6 0.0711 7.2440
10 5.0803 6.4161
9 -4.9843 -8.2861
3 -6.1134 -5.0211
10 2.8061 -6.9298
1 -6.2563 9.3028
7 8.0696 3.2749
9 7.0381 4.0570
5 3.1620 -1.8347
6 1.8538 -7.8859
4 -6.1134 -5.0211
4 -4.9843 -8.2861
5 0.4308 -2.8896
9 3.6801 4.9356
6 1.8538 -7.8859
5 -6.0843 -6.5309
2 4.6445 6.8984
8 6.5032 0.3243
10 5.0803 6.4161
5 -6.2563 9.3028
2 4.6445 6.8984
1 -2.4673 0.3059
2 4.6445 6.8984
2 4.6445 6.8984
7 -4.9843 -8.2861
7 -9.0580 9.9322
7 -4.9843 -8.2861
5 9.5597 2.9311
3 -2.8034 9.0651
2 -1.6469 -1.5762
3 -6.1134 -5.0211
5 4.0976 -18.3656
1 -6.2563 9.3028
6 1.8538 -7.8859
6 4.3061 -7.6708
3 -6.1134 -5.0211
3 2.5870 5.3036
10 5.0803 6.4161
2 4.6445 6.8984
10 -2.4689 -7.6097
7 -6.1134 -5.0211
1 -6.2563 9.3028
10 5.0803 6.4161
7 -4.9843 -8.2861
8 -4.1825 -2.7033
2 4.6445 6.8984
10 5.0803 6.4161
6 1.8538 -7.8859
8 -4.1825 -2.7033
6 1.8538 -7.8859
3 -6.1134 -5.0211
4 -4.9843 -8.2861
5 -6.2563 9.3028
10 5.0803 6.4161
2 4.6445 6.8984
4 -5.9011 -0.8560
4 -6.1134 -5.0211
4 -3.2286 -5.0608
3 -6.1134 -5.0211
6 -8.0752 1.5945
5 -0.6901 -2.5603
3 -0.8537 0.6589
7 -4.2626 -11.6645
4 -4.9843 -8.2861
7 -4.9843 -8.2861
9 4.6660 -1.8038
9 6.9633 3.8607
5 -6.7115 -5.0933
7 -4.2626 -11.6645
3 0.1158 0.4495
5 -6.2563 9.3028
6 1.8538 -7.8859
8 -4.1825 -2.7033
8 1.3559 8.5792
9 3.6801 4.9356
7 1.1860 -6.1694
10 6.1772 -9.8361
5 -6.2563 9.3028
4 -2.7201 -0.5997
