10 100
P 0.085623 1.388807 3.487113 4.560704
Z 1 7.387007 -4.333480 -1.075858 7.118649
P -3.055123 0.271836 -0.566367 1.732396
P -8.066787 -0.515085 -5.695238 3.828397
Z 1 0.085623 4.560704 1.074131 4.409538
P 8.867071 -9.507603 13.382425 -6.525305
P 2.119639 -6.827569 4.421197 -5.792464
P 9.137156 -5.536750 12.707491 -1.456873
Z 1 -1.050192 8.492247 -4.004551 6.686307
Z 3 -3.055123 1.732396 -4.053025 1.797148
7 4.421197 -6.827569
6 13.382425 -6.525305
9 0.085623 1.388807
8 -7.024778 -3.888798
10 -4.840350 -4.889821
8 -8.140495 -8.896738
1 0.085623 1.388807
8 12.707491 -5.536750
4 -5.695238 3.828397
1 3.487113 1.388807
2 3.487113 1.388807
6 13.382425 -6.525305
4 -5.695238 3.828397
10 -3.055123 0.271836
5 0.085623 4.560704
9 0.085623 1.388807
9 -8.442111 6.912108
8 9.137156 -5.536750
1 3.487113 1.388807
6 -0.714559 -2.754940
3 -3.055123 1.732396
5 3.487113 1.388807
4 -8.066787 3.828397
2 4.060486 4.326141
9 -2.480427 14.323077
5 -2.799981 -2.523621
10 -2.866374 3.180709
10 1.484890 0.201008
8 12.707491 -1.456873
7 -9.218698 -3.574047
1 3.487113 1.388807
1 0.085623 1.388807
6 8.867071 -9.507603
2 -2.417352 2.886347
9 -4.031375 11.295753
10 -0.398487 2.859085
2 2.497702 -2.011611
8 9.137156 -1.456873
2 0.085623 4.560704
5 -4.793110 -0.671578
5 0.085623 4.560704
10 -0.566367 0.271836
5 1.033573 7.587638
1 1.582888 5.966030
4 -0.093130 -7.212969
1 0.085623 4.560704
8 12.707491 -1.456873
4 -5.695238 3.828397
4 -8.066787 -0.515085
7 4.421197 -6.827569
10 -3.055123 1.732396
6 -8.461787 -7.377283
9 -5.303415 15.769340
3 -0.566367 0.271836
7 2.119639 -5.792464
9 5.260881 2.204023
4 -8.066787 -0.515085
7 4.421197 -6.827569
6 13.382425 -9.507603
1 3.487113 1.388807
1 0.085623 1.388807
6 8.867071 -9.507603
10 2.730249 4.939552
5 0.085623 1.388807
7 2.119639 -6.827569
3 -7.276656 5.607488
1 0.085623 1.388807
3 -3.055123 0.271836
2 -9.069195 7.048338
2 9.904542 9.388683
6 -8.976005 6.346860
8 12.707491 -5.536750
6 8.601400 -9.091606
10 -0.566367 0.271836
9 0.085623 1.388807
9 0.085623 4.560704
1 3.487113 1.388807
9 -6.854363 12.742015
10 6.601346 3.824558
3 1.290451 -4.120222
3 -3.055123 0.271836
9 0.085623 1.388807
9 -4.031375 11.295753
1 4.465561 0.524033
5 3.331656 3.544139
6 -6.308025 -0.896135
7 2.119639 -5.792464
5 3.331656 3.544139
8 9.137156 -1.456873
5 0.085623 1.388807
10 6.600593 3.846996
1 3.487113 1.388807
3 -0.566367 0.271836
9 0.085623 4.560704
4 0.511397 -6.186661
1 3.487113 4.560704
8 9.137156 -1.456873
4 -5.695238 3.828397
1 0.085623 4.560704
4 -5.695238 -0.515085
