10 100
P 6.181609 -8.644707 10.607148 -4.799340
Z 1 -3.972439 5.868906 -8.174478 -0.812054
P 9.272337 5.321061 10.882898 7.180418
P -9.895171 6.809547 -8.349214 11.076128
P -1.853464 -2.330894 -0.025202 0.550625
Z 5 -1.853464 -2.330894 -1.937214 -1.334407
P -1.078496 -1.368424 3.748573 -0.050624
P -1.952777 -9.817449 2.339873 -8.704392
K 3.464385 -0.227623 2.000317
K 9.478585 -8.849170 3.504760
7 3.7486 -1.3684
1 6.1816 -4.7993
2 -19.9025 14.3899
3 9.2723 5.3211
3 10.8829 7.1804
8 2.3399 -8.7044
1 10.6071 -8.6447
5 -1.8535 -2.3309
8 2.3399 -8.7044
9 3.4644 -0.2276
4 -8.3492 11.0761
2 -5.1122 6.2084
2 -23.3686 12.7246
2 -19.9025 14.3899
10 -5.7830 5.4034
7 3.7486 -0.0506
2 -2.8897 1.8030
4 -8.3492 6.8095
10 9.4786 -8.8492
4 -9.8952 6.8095
8 -1.9528 -8.7044
3 10.8829 5.3211
1 6.1816 -4.7993
2 -17.9859 10.4010
9 3.4644 -0.2276
2 6.1816 -8.6447
7 3.7486 -0.0506
2 -23.3686 12.7246
9 3.4644 -0.2276
10 9.4786 -8.8492
10 1.7632 -0.3193
8 -1.9528 -8.7044
3 -7.7429 4.4127
10 -0.7908 -3.9706
9 5.8240 -8.3680
2 -1.1850 -0.3866
4 0.2359 -9.3506
5 -0.0252 -2.3309
2 6.1816 -8.6447
7 3.7486 -1.3684
2 10.6071 -4.7993
8 -1.9528 -8.7044
7 3.7486 -0.0506
1 7.3612 -3.4074
10 9.4786 -8.8492
6 -4.1370 0.2050
4 -8.3492 6.8095
3 10.8829 7.1804
5 -0.0252 0.5506
8 -1.9528 -8.7044
5 -1.8535 -2.3309
9 3.4644 -0.2276
3 -6.5887 2.9873
4 6.4439 -3.6290
7 9.8374 -4.5580
9 8.7737 4.4934
7 -1.0785 -1.3684
2 -9.0219 -0.4443
4 -6.4136 -8.8236
1 10.6071 -8.6447
2 3.2841 9.0337
8 -8.4910 3.4191
4 -8.3492 6.8095
4 -8.3492 6.8095
10 9.4786 -8.8492
9 3.4644 -0.2276
9 -8.5055 -0.0750
4 -9.8952 11.0761
7 3.7486 -1.3684
4 2.9896 -0.0055
6 7.2735 3.5504
3 -3.6487 -8.0010
2 6.1816 -8.6447
7 -1.0785 -1.3684
1 2.2442 1.9669
5 -6.7062 -0.0664
9 3.4644 -0.2276
10 0.8924 -5.1266
5 -1.9931 2.7365
8 -1.9528 -8.7044
10 9.4786 -8.8492
3 9.2723 5.3211
4 -9.8952 6.8095
10 9.4786 -8.8492
7 -1.0785 -0.0506
10 9.4786 -8.8492
5 -0.0252 -2.3309
1 6.1816 -8.6447
10 9.4786 -8.8492
9 -4.0304 2.1382
8 2.3399 -8.7044
4 -3.3582 -9.2925
2 -17.9859 10.4010
10 9.4786 -8.8492
2 -17.9859 10.4010
8 -1.9528 -8.7044
7 3.7486 -0.0506
10 3.9421 -0.8979
4 -8.3492 6.8095
3 9.2723 7.1804
