10 100
K -4.509236 -7.492763 3.853589
K 0.042051 -0.533829 3.664891
K 8.257469 -3.670354 1.594799
K 4.546089 2.507681 3.190589
P 7.148632 0.642483 11.459423 3.273236
Z 1 -4.509236 -7.492763 -5.245994 -8.168919
P 3.392718 -7.446570 6.579514 -6.032093
Z 5 -5.329203 -6.173056 4.489481 8.925635
P 2.240843 -8.188041 3.819858 -4.497095
K -9.986325 0.752759 1.525096
1 -4.509236 -7.492763
8 7.148632 0.642483
10 -9.986325 0.752759
6 -4.509236 -7.492763
6 -4.509236 -7.492763
9 -8.245012 5.952171
8 -0.978069 4.270272
3 8.257469 -3.670354
6 1.727173 -7.937326
9 3.819858 -4.497095
9 2.240843 -4.497095
8 -5.048871 -3.230268
6 -4.509236 -7.492763
8 -3.504060 13.003994
1 -4.509236 -7.492763
7 6.579514 -6.032093
7 6.579514 -6.032093
3 8.257469 -3.670354
9 3.819858 -8.188041
3 6.379757 8.963801
6 -4.509236 -7.492763
4 4.546089 2.507681
5 11.459423 3.273236
9 2.240843 -8.188041
1 -4.509236 -7.492763
7 6.579514 -7.446570
6 -4.509236 -7.492763
3 8.257469 -3.670354
3 8.257469 -3.670354
2 -0.071560 6.498901
7 6.579514 -7.446570
7 3.392718 -6.032093
6 -4.509236 -7.492763
5 -8.863904 -2.983203
3 8.257469 -3.670354
1 9.010698 -7.669437
3 8.257469 -3.670354
6 3.091604 -5.539419
3 8.257469 -3.670354
9 3.819858 -4.497095
2 8.954958 9.406775
6 -4.509236 -7.492763
9 2.240843 -4.497095
10 -6.044634 -0.331643
4 4.546089 2.507681
7 3.392718 -7.446570
8 2.940093 -5.393644
9 3.819858 -8.188041
10 -9.986325 0.752759
9 3.819858 -4.497095
5 2.377325 9.037799
4 5.043474 3.399084
2 -8.627526 -1.799312
1 -4.509236 -7.492763
5 0.048405 -0.470197
7 -4.195673 -4.648882
3 -7.028755 -6.935235
7 3.392718 -7.446570
4 4.546089 2.507681
7 2.650785 5.059690
6 -4.509236 -7.492763
7 6.579514 -6.032093
3 -4.531308 -8.259748
8 11.459423 3.273236
9 3.819858 -4.497095
9 7.465659 3.892918
9 2.240843 -8.188041
4 4.546089 2.507681
6 2.170207 -2.766495
9 -5.970810 5.100677
10 -9.986325 0.752759
5 7.148632 3.273236
4 4.546089 2.507681
2 0.042051 -0.533829
10 -9.986325 0.752759
6 -4.509236 -7.492763
4 -3.345667 2.859069
1 -4.509236 -7.492763
3 -6.471702 3.046834
9 3.819858 -8.188041
7 3.392718 -6.032093
10 -9.986325 0.752759
4 -5.910683 9.555753
6 -4.509236 -7.492763
7 3.392718 -6.032093
9 1.278805 5.972085
4 4.546089 2.507681
5 1.002827 1.047865
6 -4.509236 -7.492763
1 -2.638298 -3.302187
9 2.240843 -8.188041
1 -4.509236 -7.492763
10 -1.668324 7.004135
9 2.240843 -4.497095
5 -3.956650 4.225967
5 7.148632 0.642483
3 8.257469 -3.670354
1 -4.509236 -7.492763
3 8.257469 -3.670354
10 -9.986325 0.752759
