10 100
K 0.162031 -0.559071 2.703795
Z 1 0.162031 -0.559071 -0.317774 -1.436446
Z 2 0.162031 -0.559071 -0.103709 0.404974
P -5.695032 -0.828565 -2.713658 2.698412
Z 3 -6.624299 0.846199 0.346336 -8.883471
Z 5 0.244149 2.143476 -0.755390 2.173848
K 3.254957 -5.151753 3.772774
K -2.296963 9.490602 1.697123
Z 6 -1.526724 2.877032 -0.798492 2.191702
K -2.650570 -4.105285 3.471979
8 -2.2970 9.4906
9 7.0046 9.3561
6 -6.9659 10.7721
10 -2.6506 -4.1053
4 -5.6950 -0.8286
2 0.1620 -0.5591
4 -2.7137 -0.8286
1 2.1891 6.0197
3 0.1620 -0.5591
8 -2.2970 9.4906
6 0.3263 4.8460
3 0.1620 -0.5591
9 -6.9659 10.7721
7 -1.7589 -8.9367
6 0.3263 4.8460
8 -1.9736 -5.6413
2 0.1620 -0.5591
7 3.2550 -5.1518
5 -7.4764 -6.0315
7 -2.6547 -7.0192
5 -7.4764 -6.0315
5 -9.6917 -4.9068
10 -2.6506 -4.1053
3 0.1620 -0.5591
8 -2.2970 9.4906
10 -8.1710 -3.4213
3 0.1620 -0.5591
8 -7.2207 -4.5693
4 -5.6950 2.6984
1 0.1620 -0.5591
3 1.8679 0.1548
9 -5.6098 2.9140
1 0.1620 -0.5591
8 -2.3649 -9.8929
3 1.0393 -8.5068
4 -7.4991 2.7837
7 3.2550 -5.1518
9 7.0046 9.3561
3 0.1620 -0.5591
5 -0.4690 -4.9225
6 -7.4764 -6.0315
5 0.1620 -0.5591
8 -2.2970 9.4906
5 -7.4764 -6.0315
10 -2.6506 -4.1053
9 0.3263 4.8460
7 -5.7314 -1.8855
9 -9.7372 7.8274
7 3.2550 -5.1518
8 2.8797 6.2859
10 -2.6506 -4.1053
1 -4.3014 2.2433
9 -2.7789 -4.0361
4 -5.6950 -0.8286
6 -7.4764 -6.0315
3 0.1620 -0.5591
7 3.2550 -5.1518
9 -7.4764 -6.0315
5 0.1620 -0.5591
4 -5.6950 2.6984
1 2.9363 -4.8008
8 -5.6591 -1.7216
8 -2.2970 9.4906
9 3.1885 -6.3774
7 3.2550 -5.1518
10 -2.6506 -4.1053
9 7.0046 9.3561
8 -2.2970 9.4906
9 -6.9659 10.7721
7 3.2550 -5.1518
7 -3.0386 -5.3370
1 0.1620 -0.5591
3 0.1620 -0.5591
7 3.2550 -5.1518
5 0.4800 -8.2594
2 0.1620 -0.5591
1 0.1620 -0.5591
10 2.3015 0.7807
9 7.0046 9.3561
6 0.3263 4.8460
1 9.1820 9.0762
9 -0.4238 -5.1331
9 -3.3797 0.9080
4 1.1216 -2.4488
8 -2.2970 9.4906
5 -7.4764 -6.0315
6 4.5036 -7.8586
6 -6.9659 10.7721
5 0.1620 -0.5591
3 0.1620 -0.5591
5 0.1620 -0.5591
5 -7.4764 -6.0315
10 -1.9793 9.8488
9 -6.9659 10.7721
8 -2.2970 9.4906
10 1.9830 1.1410
5 2.5474 -9.5293
2 0.1620 -0.5591
9 -7.4764 -6.0315
2 3.7829 1.9023
