10 100
P 2.940421 8.834117 4.703826 12.635667
K 7.036352 -5.321231 1.085880
K 4.083946 1.221820 2.049320
K -3.435864 -5.474192 3.668313
P -1.353546 -4.171635 1.548064 -0.474242
P 4.855014 -3.906269 8.308599 -1.085812
K -8.817682 -0.981296 3.965193
Z 1 4.703826 12.635667 4.622270 11.638998
P -0.500084 9.766490 3.228432 11.316353
Z 7 -4.855604 -0.824170 -4.895230 0.175045
1 8.922676 4.439817
10 -8.817682 -0.981296
8 2.940421 12.635667
8 -7.665007 -3.746916
2 7.036352 -5.321231
9 3.228432 11.316353
4 -3.435864 -5.474192
2 7.036352 -5.321231
10 -0.893526 -0.667044
10 -8.817682 -0.981296
3 4.083946 1.221820
8 5.825759 8.598013
10 -7.540706 -4.059418
1 2.940421 8.834117
3 4.083946 1.221820
5 -1.353546 -0.474242
9 1.196845 -3.158386
1 -3.746491 3.780698
5 -2.862194 -7.009611
8 2.940421 8.834117
8 2.940421 12.635667
9 -0.500084 9.766490
1 2.940421 8.834117
5 1.548064 -0.474242
1 7.099242 2.846877
10 -0.893526 -0.667044
1 4.703826 8.834117
5 -1.353546 -0.474242
8 6.443774 12.348992
1 -5.361392 -4.767381
5 1.548064 -4.171635
10 -0.893526 -0.667044
10 7.801539 5.224307
1 2.940421 8.834117
4 -3.435864 -5.474192
6 8.308599 -1.085812
5 3.180994 7.660766
1 2.940421 12.635667
9 3.228432 11.316353
6 6.189884 -3.389481
3 4.083946 1.221820
6 8.308599 -1.085812
1 4.703826 8.834117
4 -3.435864 -5.474192
7 -1.043570 -9.358685
6 0.428203 -0.200275
10 -0.893526 -0.667044
4 -2.125801 -4.125287
4 -3.435864 -5.474192
3 -9.266186 6.176737
9 -0.500084 11.316353
2 7.036352 -5.321231
10 -8.817682 -0.981296
9 3.228432 9.766490
8 4.703826 12.635667
6 4.855014 -3.906269
9 3.228432 9.766490
3 4.083946 1.221820
4 5.219501 5.874563
3 4.083946 1.221820
5 -1.353546 -0.474242
5 1.548064 -0.474242
1 3.279224 2.186760
6 4.855014 -1.085812
10 -0.893526 -0.667044
4 -3.435864 -5.474192
9 -0.500084 11.316353
6 8.308599 -1.085812
10 9.061475 -0.249153
5 -9.066819 -7.554434
7 8.356139 7.892315
10 9.516686 -0.742820
2 7.036352 -5.321231
2 7.036352 -5.321231
9 4.815524 6.390993
2 7.036352 -5.321231
3 4.083946 1.221820
7 -8.817682 -0.981296
6 -7.322652 5.415517
2 7.036352 -5.321231
1 -7.643733 -0.930519
1 2.940421 8.834117
8 2.940421 8.834117
7 -8.817682 -0.981296
3 4.083946 1.221820
1 4.703826 12.635667
1 2.940421 12.635667
4 -3.435864 -5.474192
5 1.114515 2.341487
9 -6.025898 -1.367565
4 -3.435864 -5.474192
10 -0.893526 -0.667044
6 4.855014 -3.906269
3 -9.445694 1.583038
2 6.700264 -3.972375
2 7.036352 -5.321231
8 2.940421 8.834117
1 4.703826 8.834117
1 4.703826 8.834117
5 1.548064 -0.474242
