10 100
K -3.037080 -9.807288 3.798898
K 7.109328 9.495156 4.326463
Z 1 -1.961686 -13.450796 -1.002590 -13.167715
Z 3 -3.037080 -9.807288 -4.027043 -9.665962
K 2.885001 2.447073 2.187581
K -7.421340 -9.735673 1.570908
Z 2 4.916664 -0.928268 -6.852348 8.080838
Z 7 4.940005 -4.923335 -1.032852 9.761918
K -6.661813 0.588244 4.454763
P -9.480425 -3.005376 -7.842850 0.390629
8 12.3405 1.1132
4 -0.8863 -17.0943
5 -0.6349 5.0966
4 -3.0371 -9.8073
1 -3.0371 -9.8073
9 -6.6618 0.5882
4 1.0668 -3.4132
2 8.0522 -1.4603
4 1.0668 -3.4132
7 8.7696 4.2550
1 -2.3257 -7.8296
3 -2.6196 -6.6471
3 -3.0371 -9.8073
8 -8.7012 9.2088
2 7.1093 9.4952
8 7.1093 9.4952
1 -3.0371 -9.8073
9 7.2079 -6.4453
1 -8.5728 -2.4773
6 -7.4213 -9.7357
2 -8.4646 -6.1919
8 -4.5729 -5.7659
3 -0.8863 -17.0943
2 7.1093 9.4952
5 2.8850 2.4471
2 -7.8035 8.7371
1 -3.0371 -9.8073
6 -7.4213 -9.7357
2 0.6297 -2.7687
1 -3.0371 -9.8073
1 4.3023 -3.1881
3 -0.8863 -17.0943
9 -6.6618 0.5882
9 -6.6618 0.5882
10 0.3291 2.5791
10 -7.8429 0.3906
5 2.8850 2.4471
9 9.5683 -6.6317
9 -6.6618 0.5882
8 -6.6774 3.8878
6 5.2533 5.0641
1 -3.0371 -9.8073
2 7.1093 9.4952
6 7.2204 6.9651
8 -4.5729 -5.7659
5 2.8850 2.4471
7 -8.9293 -3.9142
3 -2.6950 -4.1741
2 4.2379 -3.7593
1 -3.0371 -9.8073
10 -9.4804 0.3906
7 -4.5729 -5.7659
3 -0.8863 -17.0943
2 7.1093 9.4952
4 -3.0371 -9.8073
8 -4.5729 -5.7659
4 -3.0371 -9.8073
6 -7.4213 -9.7357
7 8.3734 -4.6587
7 7.1093 9.4952
9 -6.6618 0.5882
3 -0.8863 -17.0943
8 7.1093 9.4952
7 -0.0769 -4.5978
9 -6.6618 0.5882
6 1.4038 -9.8719
10 7.1004 6.3137
1 -3.0371 -9.8073
8 -6.6774 3.8878
7 -4.5729 -5.7659
10 -7.8429 -3.0054
9 4.0033 7.5445
7 -4.5729 -5.7659
7 7.1093 9.4952
7 7.1093 9.4952
8 7.1093 9.4952
6 -2.1846 -2.6085
8 12.3405 1.1132
8 -4.5729 -5.7659
9 -6.6618 0.5882
3 -3.0371 -9.8073
10 -9.4804 -3.0054
4 -3.0371 -9.8073
2 7.1093 9.4952
9 -6.6618 0.5882
7 -4.5729 -5.7659
5 2.8850 2.4471
10 -8.9396 3.1879
4 -0.8863 -17.0943
1 -3.0371 -9.8073
4 -3.0371 -9.8073
6 -0.6039 7.2105
8 -6.6774 3.8878
6 -7.4213 -9.7357
2 7.1093 9.4952
5 2.8850 2.4471
4 -6.9593 3.8122
4 -3.0371 -9.8073
8 -1.0032 -6.1300
6 -7.4213 -9.7357
