10 100
K 2.102087 -3.730598 1.786778
K -8.585828 -7.911407 3.817713
K 4.262136 -6.784354 4.138164
P -9.270663 7.314590 -7.179469 11.604644
Z 4 -9.466702 5.209254 4.153381 -6.312509
P 2.168034 -0.036656 6.211165 4.706653
K -9.054759 -4.686278 2.067910
K 0.262763 -8.007545 3.749583
P 7.275001 -3.217350 11.479436 -0.628784
P -1.452721 6.873449 2.241288 8.441581
1 2.102087 -3.730598
4 -1.417074 -8.102131
4 -0.942637 4.068874
8 -4.001557 5.493000
3 4.262136 -6.784354
6 6.211165 4.706653
3 4.262136 -6.784354
4 -8.062332 7.595184
8 0.262763 -8.007545
9 11.479436 -0.628784
2 -8.585828 -7.911407
2 -4.277651 -9.835575
6 2.168034 -0.036656
1 2.102087 -3.730598
4 -9.270663 7.314590
8 0.262763 -8.007545
8 0.262763 -8.007545
5 -15.741119 3.955803
5 -9.436176 8.250392
6 -2.442277 3.419301
2 -8.585828 -7.911407
8 6.284598 4.191792
7 2.700824 5.400902
8 0.262763 -8.007545
8 0.262763 -8.007545
9 7.275001 -3.217350
6 2.168034 4.706653
4 -9.270663 7.314590
3 1.166484 -2.897123
4 -7.179469 7.314590
3 5.004280 9.432687
8 5.493557 9.382838
7 -9.054759 -4.686278
10 -1.875082 -5.502164
8 0.262763 -8.007545
2 -0.046190 -5.376809
5 -9.270663 7.314590
8 0.262763 -8.007545
5 -11.163771 2.604675
4 -9.270663 7.314590
5 5.982204 -2.931244
1 2.102087 -3.730598
1 -7.547390 5.860588
6 2.168034 4.706653
4 -7.179469 7.314590
4 -0.831740 2.956233
3 4.262136 -6.784354
10 -1.452721 8.441581
7 -9.054759 -4.686278
9 11.479436 -0.628784
10 -7.103351 4.945833
6 6.211165 4.706653
8 -5.478516 1.875161
5 4.000569 4.444365
8 0.262763 -8.007545
3 4.262136 -6.784354
6 6.211165 -0.036656
5 -9.270663 11.604644
7 -9.054759 -4.686278
6 1.805751 -5.971993
2 -8.585828 -7.911407
4 -9.270663 7.314590
5 6.888726 -7.037880
1 4.907556 2.445507
8 0.262763 -8.007545
7 -9.054759 -4.686278
6 -5.664459 8.931821
8 0.262763 -8.007545
4 -9.270663 11.604644
8 0.262763 -8.007545
10 6.129596 4.835657
7 -9.054759 -4.686278
8 8.453796 -6.429829
10 -1.452721 6.873449
8 0.262763 -8.007545
9 7.275001 -0.628784
6 2.168034 4.706653
10 -1.452721 6.873449
9 2.820057 1.390368
3 4.262136 -6.784354
10 2.241288 8.441581
3 4.262136 -6.784354
2 -8.585828 -7.911407
7 -9.054759 -4.686278
1 2.102087 -3.730598
3 4.262136 -6.784354
8 0.262763 -8.007545
2 -8.585828 -7.911407
5 -11.510415 4.666939
7 -3.078029 -8.845497
8 -3.320003 -1.991094
4 4.884268 3.806864
6 -6.850264 -6.794735
9 11.479436 -3.217350
4 -7.179469 11.604644
7 -1.346742 1.852995
1 2.102087 -3.730598
3 3.723957 3.511176
5 -11.163771 2.604675
5 -15.741119 3.955803
