10 100
P -7.605606 4.634086 -3.591518 7.752945
P -7.021750 -7.133936 -2.750916 -2.419541
Z 2 -2.750916 -2.419541 -2.335432 -1.509941
Z 2 0.539726 5.465865 1.287286 8.997314
Z 2 -7.021750 -2.419541 -7.434119 -3.330558
K -8.994892 -5.328885 2.003356
P -6.435620 -5.457614 -4.664365 -4.012243
P -3.832432 -6.287838 -1.959364 -2.347518
K 8.272890 -7.340955 3.393131
K 6.534879 -5.067070 4.802604
10 6.534879 -5.067070
4 -7.457113 9.499602
1 -7.605606 7.752945
5 -2.750916 -7.133936
1 -7.605606 4.634086
8 -3.832432 -6.287838
10 9.453997 8.686623
2 7.608383 1.083634
7 -6.435620 -5.457614
1 -6.848777 8.897901
2 -2.750916 -2.419541
10 6.534879 -5.067070
1 -3.591518 4.634086
1 2.513654 -3.201680
3 -2.750916 -7.133936
4 -7.021750 -2.419541
7 -6.435620 -4.012243
1 -3.591518 4.634086
7 -4.664365 -5.457614
4 7.508301 -8.803817
3 -3.517971 -8.734378
8 -1.959364 -2.347518
4 4.257311 -4.807164
6 -8.994892 -5.328885
4 -2.750916 -2.419541
7 4.024617 4.567242
7 -6.435620 -4.012243
4 -6.852857 -0.366984
4 -2.215145 4.451730
7 -9.769712 3.410952
10 6.534879 -5.067070
8 2.445848 -5.439187
3 -9.117899 -7.344239
4 0.352822 -3.076560
1 -3.591518 4.634086
4 -7.021750 -7.133936
5 0.418696 8.106378
7 -6.435620 -5.457614
1 -3.591518 4.634086
5 -2.750916 -2.419541
5 -9.840086 0.789353
7 -6.435620 -4.012243
4 -1.866442 5.299679
1 -3.591518 7.752945
2 -7.021750 -2.419541
9 7.011382 7.272798
7 -4.664365 -5.457614
4 2.346970 -9.117166
5 -7.021750 -7.133936
9 8.272890 -7.340955
10 3.029962 8.811475
1 -7.605606 7.752945
10 1.213608 9.181071
9 8.272890 -7.340955
3 -7.021750 -7.133936
2 -2.750916 -2.419541
10 6.534879 -5.067070
10 6.534879 -5.067070
7 -4.664365 -5.457614
3 -3.517971 -8.734378
6 8.273986 0.060652
1 -7.605606 4.634086
9 8.272890 -7.340955
7 -6.435620 -5.457614
1 -9.498771 -8.071745
7 -4.664365 -5.457614
4 -8.046059 6.234301
3 -6.314285 -5.506275
2 -7.021750 -7.133936
10 6.534879 -5.067070
9 8.272890 -7.340955
10 6.534879 -5.067070
4 0.352822 -3.076560
4 2.346970 -9.117166
6 -8.994892 -5.328885
4 4.889197 -1.655561
4 -6.455712 -6.810871
3 -8.930187 2.233157
2 1.231728 5.061530
4 4.257311 -4.807164
1 -5.752297 4.357907
3 -8.004793 6.297978
10 6.534879 -5.067070
1 -8.779919 -3.112100
6 -5.409502 9.296809
3 8.670418 -6.593053
4 -2.750916 -7.133936
2 -3.753393 8.064548
7 -4.664365 -5.457614
4 4.324805 9.194355
10 6.534879 -5.067070
6 -8.994892 -5.328885
6 -8.994892 -5.328885
8 -1.959364 -6.287838
4 -1.792198 3.772913
5 -2.750916 -2.419541
8 -7.621227 9.221465
10 3.848794 -4.126355
3 -7.021750 -2.419541
7 -6.435620 -4.012243
