10 100
P -0.181277 -3.618679 4.641404 0.816352
K 2.389599 5.838434 1.875151
P 0.888668 -6.163219 2.175226 -4.012090
P -0.303113 -8.555274 1.450642 -3.930995
K 4.523040 5.802583 1.233369
Z 4 -0.803281 -3.970069 -9.937192 -2.063762
K 3.589006 -6.726146 3.584692
P 6.631144 7.879398 8.342227 10.158413
P -6.262322 -7.298242 -1.271369 -6.114409
P -5.612233 5.821666 -4.296051 10.432264
7 3.5890 -6.7261
1 -6.4946 -8.9352
5 4.5230 5.8026
7 3.5890 -6.7261
4 5.0717 -9.1219
8 4.5783 2.9073
3 -7.6984 -3.4926
2 1.5941 9.4018
10 -8.7373 9.4756
8 6.6311 7.8794
1 7.0035 4.9716
5 4.5230 5.8026
5 4.8228 -1.0743
5 4.5230 5.8026
5 4.5230 5.8026
4 9.4103 6.3887
2 -5.2440 7.5468
6 -1.9712 -4.8189
6 4.9166 -3.2897
3 0.8887 -6.1632
4 1.4506 -8.5553
9 -6.2623 -6.1144
9 -8.3217 -2.7454
4 1.4506 -8.5553
5 4.5230 5.8026
5 4.5230 5.8026
6 1.2469 -4.9074
10 -4.2961 5.8217
7 3.5890 -6.7261
6 -4.9214 -4.7496
2 -0.8963 -5.5851
10 2.5498 7.8090
9 -1.2714 -6.1144
8 8.3422 10.1584
6 3.0965 -0.6692
7 3.5890 -6.7261
5 4.5230 5.8026
3 0.8887 -6.1632
4 -0.3031 -8.5553
2 7.9931 5.8466
1 -5.6151 -3.4273
5 4.5230 5.8026
6 1.4506 -8.5553
3 2.1752 -4.0121
4 -0.3031 -3.9310
8 8.3422 7.8794
4 1.4506 -8.5553
6 -3.8711 4.7092
5 4.5230 5.8026
8 -1.5517 -3.6152
10 -2.2638 7.3131
10 -4.2961 5.8217
1 8.3675 0.1031
4 -0.3031 -3.9310
8 6.6311 10.1584
10 -4.2961 5.8217
6 3.0965 -0.6692
4 1.9495 2.0114
6 -0.3605 -4.2059
10 -5.6122 10.4323
10 -5.6122 5.8217
6 -0.3031 -3.9310
5 4.5230 5.8026
5 2.9032 -3.9153
2 5.5446 -0.8171
2 2.3896 5.8384
3 0.8887 -4.0121
8 4.1787 3.0796
3 0.8887 -4.0121
1 9.4337 -4.4468
4 -0.3031 -8.5553
1 4.6414 -3.6187
6 1.2469 -4.9074
1 -0.1813 0.8164
4 -7.4541 -5.7182
4 -6.9835 -1.6214
5 4.5230 5.8026
5 6.7451 -9.1528
2 2.3896 5.8384
1 -0.1209 8.0291
2 -3.2701 -5.0169
7 3.5890 -6.7261
3 0.8887 -6.1632
4 -5.6523 4.6217
8 6.6311 10.1584
8 6.6311 7.8794
8 6.6311 10.1584
7 9.9127 -5.4758
5 4.5230 5.8026
4 -0.9153 -5.6781
6 1.4506 -8.5553
1 4.6414 0.8164
9 -6.2623 -7.2982
10 -0.5890 -0.9301
2 2.3896 5.8384
9 4.3779 -9.4156
6 1.2469 -4.9074
7 -6.3865 7.2601
1 -5.3018 7.9754
10 -4.2961 10.4323
