10 100
K -8.738101 -4.021038 3.717290
P 0.962796 4.722546 5.642157 5.879059
P 2.304985 2.124594 4.394758 5.205889
P 7.324958 -8.910039 8.395759 -5.087222
K -3.066758 -4.412752 4.642847
K -6.984861 -7.838767 1.843722
K -5.684262 -3.866251 3.850114
Z 3 2.304985 5.205889 3.218376 4.798806
Z 1 9.590023 6.801624 4.582486 8.784551
P -5.547718 2.988067 -4.230389 5.788951
2 -6.007334 6.060178
1 -8.738101 -4.021038
8 2.304985 5.205889
1 -8.614198 -4.661731
8 5.993548 5.711882
3 2.304985 2.124594
2 0.962796 5.879059
4 7.324958 -8.910039
9 6.185720 5.881602
9 3.640154 27.238092
10 7.354316 4.846789
1 -8.738101 -4.021038
6 -6.984861 -7.838767
5 -3.709859 2.814490
5 -1.184765 -5.827515
10 1.024743 -7.539738
6 -4.761877 4.358835
8 4.394758 2.124594
2 2.103687 -8.723866
9 -8.738101 -4.021038
9 6.903453 0.430603
5 -3.066758 -4.412752
7 -5.684262 -3.866251
4 8.395759 -5.087222
6 -2.513537 2.547919
6 -6.984861 -7.838767
2 0.962796 5.879059
7 7.889062 9.104094
5 -3.066758 -4.412752
3 2.304985 2.124594
7 -5.684262 -3.866251
7 -5.875320 -0.543522
7 -5.684262 -3.866251
3 4.394758 2.124594
5 6.309647 -2.581029
10 -4.230389 5.788951
3 4.394758 2.124594
9 3.640154 27.238092
9 -8.738101 -4.021038
1 0.754438 -7.666780
4 7.324958 -8.910039
10 8.613045 -9.126844
10 6.863666 -2.228304
8 -1.409021 4.386505
2 -3.009502 -6.500371
3 4.803889 5.064915
9 3.640154 27.238092
3 2.304985 2.124594
1 -8.738101 -4.021038
1 -8.738101 -4.021038
6 -6.984861 -7.838767
9 3.405335 -7.690092
6 -6.984861 -7.838767
5 -3.066758 -4.412752
4 7.324958 -5.087222
4 5.832892 -0.639642
8 5.993548 5.711882
4 -2.488588 -3.356451
7 0.355434 -6.497144
5 -0.209823 -8.499392
10 1.422093 -6.148822
10 -2.393983 5.220830
2 0.962796 5.879059
7 -5.684262 -3.866251
4 9.896430 -2.468296
9 9.700416 -5.726580
2 0.962796 5.879059
8 8.819545 9.436065
10 -4.230389 5.788951
5 -3.066758 -4.412752
10 8.175520 1.087623
3 4.394758 5.205889
9 3.640154 27.238092
7 -5.684262 -3.866251
6 -6.984861 -7.838767
3 4.394758 5.205889
4 7.324958 -8.910039
9 3.640154 27.238092
8 2.304985 2.124594
7 -5.684262 -3.866251
1 -8.738101 -4.021038
6 -6.984861 -7.838767
7 -5.684262 -3.866251
6 -6.984861 -7.838767
3 1.440886 3.905945
4 8.395759 -8.910039
7 -5.684262 -3.866251
3 4.394758 2.124594
2 0.962796 4.722546
2 9.009621 4.335457
2 -0.795107 -4.343127
10 -4.230389 2.988067
7 -5.684262 -3.866251
3 2.304985 2.124594
4 -5.655938 7.321668
1 -8.738101 -4.021038
4 7.324958 -5.087222
9 8.432342 -8.988794
10 -9.483285 -9.596067
2 5.642157 5.879059
