10 100
P -7.536364 -8.221636 -6.319943 -5.879128
Z 1 -7.536364 -8.221636 -6.902795 -8.995322
Z 1 -3.332794 4.962279 6.645271 7.463735
Z 1 -7.536364 -8.221636 -8.408565 -7.732488
Z 3 -7.536364 -8.221636 -6.710480 -8.785476
K -1.216104 3.785267 1.399233
K -3.628339 -5.826630 3.453708
P -7.236638 0.400871 -4.221294 2.669583
Z 3 -8.459115 3.989461 4.286228 -6.999374
K -5.822999 -4.063524 4.751173
5 -28.552445 -11.481674
9 -11.081028 13.112374
1 -7.536364 -8.221636
5 -12.153590 12.538536
9 -6.319943 -5.879128
8 -7.236638 2.669583
2 -1.452601 -1.054758
1 1.047834 -9.232134
6 -1.216104 3.785267
1 -6.319943 -8.221636
9 -17.868607 5.239836
2 2.196568 4.348718
10 -5.822999 -4.063524
9 -9.739047 8.827743
1 -6.319943 -5.879128
6 -1.216104 3.785267
5 -6.319943 -5.879128
7 -3.628339 -5.826630
3 -12.186089 15.177848
4 4.988459 -2.404533
7 -3.628339 -5.826630
4 -6.319943 -8.221636
2 6.872507 -9.204798
7 -5.511998 8.629036
1 6.961288 8.271621
1 1.269040 -6.858692
4 -9.907045 5.747938
3 -7.536364 -5.879128
6 -1.216104 3.785267
2 -7.536364 -8.221636
7 -6.660849 0.833684
3 -7.536364 -8.221636
1 -6.319943 -8.221636
10 -5.822999 -4.063524
4 -8.900830 -10.481117
1 -6.319943 -8.221636
2 -7.536364 -5.879128
4 -6.319943 -8.221636
1 -3.419938 -2.251497
4 5.010091 0.569410
2 -7.343846 -0.329428
10 -5.822999 -4.063524
7 -3.628339 -5.826630
7 1.433587 -0.821884
7 -4.705873 -7.318237
5 -13.258652 14.604010
10 -5.822999 -4.063524
9 -6.319943 -8.221636
6 -1.216104 3.785267
2 4.757518 2.953790
9 -8.011779 -8.107918
2 -7.776219 -9.414175
10 -5.822999 -4.063524
1 -6.319943 -8.221636
4 -6.902038 -9.259572
8 -0.592504 8.008072
4 -6.319943 -8.221636
3 -4.442542 -5.687666
1 -7.536364 -5.879128
4 -7.536364 -8.221636
9 -3.769832 4.206773
3 -12.153590 12.538536
5 4.967151 0.558812
3 -12.186089 15.177848
1 -6.319943 -8.221636
6 -1.216104 3.785267
2 -9.832882 -7.759738
2 4.324631 -1.758230
1 -7.536364 -8.221636
3 -11.081028 13.112374
7 -3.628339 -5.826630
10 -1.635977 -8.542809
4 -7.536364 -8.221636
8 -7.236638 0.400871
1 -7.536364 -5.879128
2 4.859217 -6.905953
8 0.513368 -8.583021
5 -7.536364 -8.221636
2 7.945297 8.710069
6 -1.216104 3.785267
2 -10.072737 -8.952277
1 -6.319943 -5.879128
9 -19.664557 7.174153
6 -1.216104 3.785267
2 -6.319943 -5.879128
5 -12.186089 15.177848
2 -0.182349 -0.233176
10 -8.424195 -5.227159
3 -13.258652 14.604010
1 -6.319943 -5.879128
5 3.472631 1.295675
8 -8.574539 -0.438529
10 -5.822999 -4.063524
3 -12.153590 12.538536
3 -4.097567 3.915333
4 -7.536364 -8.221636
5 -7.536364 -8.221636
6 -1.216104 3.785267
9 3.933852 3.671176
1 -6.319943 -8.221636
