10 100
P -2.628946 3.924524 1.285212 7.052640
K 5.053015 -1.019514 3.234497
P 3.252685 9.719199 5.827443 12.035486
K 7.996788 -3.258728 3.381482
P -0.032591 3.039305 4.531991 5.959744
Z 4 10.910260 -4.975150 11.417855 -4.113554
K -3.100380 -3.954001 3.018542
P 8.491409 -4.197129 12.172229 -2.734488
K -3.403410 0.840139 1.431504
P -5.323376 5.325492 -4.198038 7.034670
7 -5.5216 2.6765
1 -2.6289 3.9245
5 -9.2290 0.6117
5 -3.8071 7.9051
8 12.1722 -4.1971
7 -5.9801 -5.9769
2 -9.1820 -3.2073
4 7.9968 -3.2587
10 -4.1980 7.0347
3 3.1022 7.2779
8 8.4914 -4.1971
9 -3.4034 0.8401
4 7.9968 -3.2587
9 7.9437 3.0924
2 5.0530 -1.0195
3 -0.9672 -3.8379
3 5.8274 9.7192
1 -2.6289 7.0526
8 4.0639 8.7929
2 5.0530 -1.0195
2 6.7500 2.0793
3 0.6493 9.2353
6 13.8237 -6.6916
6 13.8237 -6.6916
4 7.9968 -3.2587
5 -0.0326 3.0393
10 2.3605 -7.0072
1 -2.6289 3.9245
7 -3.1004 -3.9540
3 5.8274 12.0355
7 -1.5017 5.4968
5 -0.0326 5.9597
1 1.2852 7.0526
5 -0.0326 3.0393
7 -3.1004 -3.9540
5 4.5320 5.9597
5 4.5320 5.9597
4 7.9968 -3.2587
7 -3.1004 -3.9540
10 4.5592 -1.8402
7 -8.2675 0.6483
4 -0.4553 1.3427
2 -1.8609 6.1675
10 -5.3234 5.3255
4 7.9968 -3.2587
9 -3.4034 0.8401
1 -2.6289 3.9245
8 -9.4046 5.0769
4 7.9968 -3.2587
9 -3.4034 0.8401
7 -3.1004 -3.9540
7 1.0361 7.9924
9 -3.4034 0.8401
8 12.1722 -2.7345
3 5.8274 9.7192
1 1.2852 3.9245
3 5.8274 12.0355
5 -1.0051 -8.6443
7 -3.1004 -3.9540
10 -5.3234 7.0347
2 9.0321 8.3944
10 7.0663 -8.7238
4 -1.1291 -5.4326
4 7.9968 -3.2587
3 3.2527 9.7192
8 1.2331 -8.4268
9 -8.0517 7.9411
3 5.8274 12.0355
5 0.8973 -6.7112
4 7.9968 -3.2587
10 -5.3234 7.0347
9 -3.4034 0.8401
1 8.9182 -6.1753
3 0.5222 -1.8331
9 -3.4034 0.8401
8 12.1722 -4.1971
2 5.0530 -1.0195
1 -2.6289 3.9245
10 4.7657 -5.9689
4 7.9968 -3.2587
9 -3.4034 0.8401
9 -3.4034 0.8401
2 9.9244 -4.1724
5 -9.0508 7.0839
1 -2.6289 7.0526
6 0.5551 -5.1912
9 -3.4034 0.8401
7 -3.1004 -3.9540
8 8.4914 -2.7345
10 -4.1980 5.3255
4 7.9968 -3.2587
2 5.0530 -1.0195
4 -1.8647 -8.9904
7 -3.1004 -3.9540
7 -9.2077 7.8647
10 -5.3234 5.3255
9 -3.4034 0.8401
6 7.9968 -3.2587
2 5.0530 -1.0195
10 -4.0289 6.7223
