10 100
K 3.543214 5.080692 2.919453
K -9.612166 3.661933 2.666559
K 5.145258 -0.191200 2.293132
P 1.320148 -2.522104 3.642804 1.749825
Z 3 5.223323 -2.483003 6.222743 -2.448960
Z 1 3.543214 5.080692 2.605163 5.427189
P 5.383375 -9.635909 9.259946 -7.857134
K 8.440194 -2.162430 3.664836
K 3.095217 -9.125039 4.706041
Z 1 -2.993495 -2.570881 2.024540 -6.996087
4 1.320148 -2.522104
9 7.755787 8.983701
3 5.145258 -0.191200
8 -3.523647 -8.980734
9 5.425372 3.877941
8 8.440194 -2.162430
7 5.383375 -7.857134
6 3.543214 5.080692
1 -2.739937 8.757587
2 -9.612166 3.661933
10 3.543214 5.080692
5 6.466313 2.521131
7 5.383375 -7.857134
3 -7.367168 -2.191857
6 3.543214 5.080692
6 3.543214 5.080692
3 5.145258 -0.191200
7 9.259946 -9.635909
10 -3.134459 6.137097
6 -2.023097 0.069783
8 8.440194 -2.162430
7 5.383375 -9.635909
2 0.860061 3.570267
6 3.543214 5.080692
6 3.543214 5.080692
6 1.870831 -3.878804
2 7.088150 -3.016097
6 3.543214 5.080692
2 -9.612166 3.661933
8 8.440194 -2.162430
9 0.033919 0.039632
6 3.543214 5.080692
8 8.440194 -2.162430
3 5.145258 -0.191200
3 5.145258 -0.191200
7 9.259946 -9.635909
6 -9.363830 2.344619
10 3.543214 5.080692
1 3.543214 5.080692
9 3.095217 -9.125039
4 1.320148 1.749825
7 5.383375 -9.635909
3 -3.283473 9.892302
2 -9.612166 3.661933
3 5.145258 -0.191200
3 -6.236019 5.714759
5 8.384470 0.521831
2 -9.612166 3.661933
7 -6.485034 4.456471
10 3.543214 5.080692
1 4.998213 8.030080
7 5.383375 -7.857134
8 8.762081 1.028543
10 9.416307 -8.270680
10 -5.618756 6.171272
6 3.543214 5.080692
7 6.481953 4.533455
3 5.145258 -0.191200
7 -9.651421 -3.070301
10 3.543214 5.080692
5 5.301389 -4.774806
1 1.068064 2.914067
6 -4.843406 8.798120
3 -9.878017 5.897851
4 -0.896975 3.281556
5 5.301389 -4.774806
8 8.440194 -2.162430
2 -9.612166 3.661933
10 1.110683 -3.016812
10 1.213173 -3.096968
8 8.440194 -2.162430
8 8.440194 -2.162430
5 0.296388 5.788436
9 6.774801 -4.488098
2 -9.612166 3.661933
7 9.259946 -7.857134
6 3.543214 5.080692
2 -9.612166 3.661933
5 3.720860 4.399298
10 -9.767491 -10.013201
9 3.095217 -9.125039
1 3.543214 5.080692
9 3.095217 -9.125039
3 -7.511403 -6.221393
10 8.178924 -1.039590
3 5.145258 -0.191200
4 3.642804 -2.522104
10 -8.021309 7.597982
4 3.876602 -5.980439
9 3.095217 -9.125039
1 3.543214 5.080692
2 -9.612166 3.661933
3 0.113690 -9.479083
5 1.943053 3.586473
5 5.145258 -0.191200
9 8.929460 -5.869779
9 3.592316 7.138841
1 3.543214 5.080692
6 0.644799 3.098343
6 9.405847 5.296636
