10 100
K -3.050935 -5.449969 4.189848
P 6.469007 2.261551 11.426828 4.058073
Z 1 9.304876 -2.966039 1.196082 3.691033
P -0.506030 -7.244314 0.503273 -2.325559
P -4.255356 -3.816866 0.467451 -1.298532
Z 5 7.841470 -7.484623 3.145744 2.351042
P -6.312156 4.830662 -3.095536 6.275778
P 7.311160 2.166228 8.588711 6.876905
Z 8 3.488144 -8.141218 6.840092 -7.039141
K 2.669567 -2.426091 3.867234
9 8.588711 6.876905
8 7.311160 2.166228
1 -3.050935 -5.449969
9 -2.385096 7.300085
4 -0.506030 -2.325559
8 8.588711 6.876905
3 -3.050935 -5.449969
9 2.040665 -7.073205
6 2.807705 -8.791297
10 9.241016 9.650257
3 3.001309 3.209276
6 7.361760 7.595040
10 2.669567 -2.426091
4 0.503273 -7.244314
3 -3.050935 -5.449969
4 0.503273 -7.244314
9 16.505658 -17.202352
2 5.708062 2.635056
10 5.197020 -6.932138
6 -8.846920 -3.943242
1 -3.050935 -5.449969
4 -0.506030 -7.244314
6 9.625909 0.555549
6 -3.005901 -2.886335
6 -4.255356 -1.298532
7 4.234289 4.233606
5 0.467451 -1.298532
7 1.082249 -2.052666
3 9.334956 9.636940
9 7.311160 2.166228
7 -6.312156 6.275778
3 -3.050935 -5.449969
10 2.669567 -2.426091
5 0.467451 -3.816866
10 2.669567 -2.426091
2 11.426828 2.261551
6 -4.255356 -3.816866
7 -6.312156 4.830662
1 -3.050935 -5.449969
1 -3.050935 -5.449969
6 9.625909 0.555549
3 -3.050935 -5.449969
2 -0.432602 6.953875
9 8.588711 2.166228
7 -6.312156 4.830662
10 2.669567 -2.426091
5 6.212636 5.375055
5 9.274161 3.323716
8 8.588711 2.166228
5 0.467451 -3.816866
7 -0.953826 -2.040293
7 -3.095536 6.275778
6 10.637165 5.811429
4 0.503273 -7.244314
2 11.426828 4.058073
10 2.669567 -2.426091
10 2.669567 -2.426091
5 -2.437498 8.707553
2 6.469007 2.261551
5 -4.255356 -3.816866
6 -1.363922 -8.796679
10 2.669567 -2.426091
6 8.444387 -0.992648
5 -7.620605 -5.193906
10 2.669567 -2.426091
9 8.588711 2.166228
4 -0.506030 -7.244314
9 -2.434121 9.436909
10 2.669567 -2.426091
10 2.669567 -2.426091
7 -6.312156 6.275778
2 6.469007 2.261551
4 0.503273 -2.325559
9 8.588711 6.876905
10 -7.012335 -7.811707
5 -5.299731 8.565256
6 9.625909 0.555549
6 -7.613244 -6.501937
7 -3.095536 6.275778
5 0.467451 -1.298532
7 -6.312156 6.275778
1 -3.050935 -5.449969
2 4.639942 -7.065257
3 9.334956 9.636940
5 0.467451 -3.816866
9 15.477370 -17.960482
10 2.669567 -2.426091
9 16.505658 -17.202352
1 -3.050935 -5.449969
5 0.467451 -3.816866
6 10.637165 5.811429
7 2.407365 -0.149696
7 -6.312156 4.830662
6 9.625909 0.555549
7 5.360041 -9.449303
2 11.426828 2.261551
10 2.669567 -2.426091
5 -4.255356 -3.816866
8 8.588711 2.166228
4 -0.506030 -2.325559
