10 100
P -6.650845 4.579175 -2.724820 5.976972
K -0.799160 -7.382229 3.011852
Z 2 -0.799160 -7.382229 -0.654403 -8.371696
K 7.949693 -8.771365 2.587349
K 7.274789 0.118197 3.033271
K 7.383915 6.469954 4.228346
K -7.998715 -9.071702 1.497273
P 8.479151 2.050050 13.437637 6.827622
P -4.583269 9.216219 -0.622284 10.792746
P 9.236395 -0.766951 12.879308 1.396697
6 7.383915 6.469954
3 -7.713174 -3.387299
8 5.936587 -6.983685
1 -2.208957 6.498622
9 -4.583269 9.216219
10 12.879308 1.396697
8 8.479151 6.827622
7 8.194311 2.647984
1 -2.724820 4.579175
8 2.767552 -9.743953
10 12.879308 -0.766951
8 13.437637 2.050050
6 -2.171873 8.800264
1 -2.724820 4.579175
4 7.949693 -8.771365
4 7.949693 -8.771365
1 -2.216990 -6.458460
3 -0.799160 -7.382229
9 -4.583269 9.216219
8 8.479151 2.050050
2 -0.799160 -7.382229
2 -0.799160 -7.382229
2 -0.799160 -7.382229
3 -0.799160 -7.382229
3 -5.090197 -3.256023
7 -7.998715 -9.071702
1 -6.650845 4.579175
3 8.686462 6.273155
7 -7.998715 -9.071702
1 -6.650845 4.579175
5 7.274789 0.118197
2 -0.799160 -7.382229
4 7.949693 -8.771365
4 -3.276070 -2.575882
2 -0.799160 -7.382229
1 -0.641460 1.488236
5 7.274789 0.118197
9 -5.260079 -4.188332
2 -0.799160 -7.382229
2 8.487069 8.884348
1 -2.724820 5.976972
1 -2.724820 4.579175
1 -3.864902 3.738490
8 13.437637 6.827622
6 -5.266878 5.660339
9 -4.583269 10.792746
4 -2.072791 2.314229
8 -3.614708 2.935152
1 -2.724820 4.579175
6 7.383915 6.469954
5 7.274789 0.118197
7 -7.998715 -9.071702
10 9.985231 -1.024001
7 0.793344 8.993380
7 -7.998715 -9.071702
3 -3.295533 4.509781
2 -0.799160 -7.382229
2 -0.799160 -7.382229
4 7.949693 -8.771365
9 -4.583269 10.792746
2 -0.799160 -7.382229
1 -2.724820 4.579175
9 3.414097 -2.145596
1 -2.133261 -6.363570
6 -9.984844 1.934228
10 -2.931876 -2.038060
3 -0.799160 -7.382229
7 -7.998715 -9.071702
8 8.479151 2.050050
1 -6.650845 4.579175
10 9.236395 1.396697
3 -0.799160 -7.382229
1 -2.724820 4.579175
2 -0.799160 -7.382229
5 -0.530700 -4.288669
3 8.764486 7.221240
4 7.949693 -8.771365
9 7.631585 -0.212434
7 -7.998715 -9.071702
7 -7.998715 -9.071702
7 -7.998715 -9.071702
8 8.479151 2.050050
7 9.358221 -7.612520
3 -0.799160 -7.382229
7 -7.998715 -9.071702
9 -4.583269 9.216219
4 7.949693 -8.771365
10 -3.544875 -4.959266
10 12.879308 -0.766951
10 -5.138829 -9.490868
9 -4.583269 9.216219
1 -2.724820 5.976972
8 8.479151 2.050050
6 7.383915 6.469954
10 9.236395 -0.766951
10 3.913544 -7.958455
6 3.512515 -2.000438
1 -2.724820 4.579175
6 3.503213 -3.829956
5 7.274789 0.118197
