10 100
P -0.423921 -6.193571 4.020975 -1.908947
P -7.106518 2.556499 -3.045148 5.803347
P -0.747835 -8.402124 1.405527 -5.338351
Z 3 -0.624562 -0.580772 -1.767421 8.138703
K 9.484597 -1.308991 4.901905
P 0.481594 2.134539 4.064483 6.372091
K 9.759232 6.318849 1.909966
K 1.682414 -0.509744 2.309654
Z 8 -0.711019 -5.663045 5.164153 4.333438
Z 5 9.484597 -1.308991 8.505050 -1.510202
7 9.759232 6.318849
2 -7.106518 5.803347
3 1.405527 -5.338351
7 9.759232 6.318849
7 9.759232 6.318849
4 -1.278440 -0.877661
7 9.759232 6.318849
5 4.372588 9.879166
8 1.682414 -0.509744
8 1.682414 -0.509744
1 -0.027842 5.518795
2 -7.106518 2.556499
5 2.230063 -0.414067
2 -7.106518 2.556499
10 -3.961967 9.980777
9 3.728340 -0.118316
6 0.481594 6.372091
4 6.664497 3.856708
9 3.301933 2.958712
1 4.020975 -6.193571
5 0.759698 2.709431
6 4.064483 6.372091
9 2.109948 -8.431857
1 -1.416994 -8.765525
1 4.020975 -1.908947
4 -0.747835 -5.338351
3 -0.747835 -5.338351
10 0.302382 1.736463
8 1.682414 -0.509744
10 -6.351345 -2.253836
7 9.759232 6.318849
3 -0.747835 -5.338351
3 1.405527 -8.402124
7 9.759232 6.318849
9 1.682414 -0.509744
2 4.749710 3.368424
7 3.528769 9.223092
8 1.682414 -0.509744
5 9.484597 -1.308991
6 -9.617579 -1.343490
7 2.458378 -2.259040
8 1.682414 -0.509744
8 1.682414 -0.509744
10 -6.257718 1.622320
1 -0.423921 -6.193571
8 -2.381455 9.808366
4 0.720632 -5.145880
6 0.481594 6.372091
4 -8.298289 -6.818683
6 7.830878 7.660015
6 -6.220319 2.525408
8 1.682414 -0.509744
2 -3.045148 2.556499
6 -9.353934 -2.404072
10 9.484597 -1.308991
1 8.348297 -8.014350
9 1.682414 -0.509744
9 1.682414 -0.509744
3 1.405527 -5.338351
2 7.686623 1.585038
4 -6.379706 -5.427066
9 1.682414 -0.509744
3 -0.747835 -8.402124
10 -7.746296 -3.206233
3 1.405527 -5.338351
10 9.202361 -4.148369
10 -4.036598 9.882637
10 9.484597 -1.308991
10 9.484597 -1.308991
3 -0.747835 -5.338351
4 -1.359993 -5.700827
2 3.797359 -8.291950
6 4.773900 -6.526859
5 9.484597 -1.308991
10 6.936610 -2.766718
6 -9.410505 -5.953193
7 9.759232 6.318849
3 5.698466 -0.795407
4 1.510203 -8.106164
5 9.484597 -1.308991
6 0.481594 6.372091
6 4.064483 6.372091
10 9.682238 -6.380953
3 1.405527 -5.338351
8 1.682414 -0.509744
7 9.759232 6.318849
9 2.626782 -1.064772
9 2.476790 -4.033097
2 -3.045148 2.556499
7 9.759232 6.318849
2 -3.825008 2.753107
1 -6.420834 -0.087928
3 1.405527 -5.338351
3 9.884353 6.728300
5 -3.268727 -1.855252
7 9.759232 6.318849
6 4.064483 2.134539
5 9.484597 -1.308991
3 1.405527 -5.338351
8 1.682414 -0.509744
