10 100
P -1.060022 -7.863786 -0.058161 -4.338829
Z 1 9.528218 -9.950900 6.838489 2.560107
K 0.458010 -7.004032 2.875185
K -5.389986 1.158462 4.797292
Z 4 5.383099 -6.361834 -3.175670 -5.391127
K -5.955416 2.189513 1.632316
Z 5 -4.128538 -15.262726 -3.298013 -14.705745
Z 3 0.458010 -7.004032 0.448809 -8.003989
K -7.332606 6.803969 2.167407
P 0.836131 -3.178853 3.961894 -0.823091
1 -1.060022 -4.338829
7 10.585139 -22.662346
6 -1.462303 -3.836181
1 4.416571 -9.533383
8 -8.740291 9.625199
6 -5.955416 2.189513
4 7.870288 -7.438435
2 9.741607 -1.849770
8 0.458010 -7.004032
6 -5.955416 2.189513
5 5.664919 -9.905173
4 5.690244 -7.957078
2 17.409810 -4.108364
2 17.409810 -4.108364
9 -7.332606 6.803969
2 15.961115 -0.894861
3 -7.052786 5.820455
2 -1.060022 -7.863786
1 -0.058161 -4.338829
7 -1.456537 -19.246997
5 -5.389986 1.158462
4 1.393745 4.043581
6 -5.955416 2.189513
1 -1.060022 -7.863786
3 0.458010 -7.004032
10 3.961894 -3.178853
7 -6.800539 -11.278455
1 -1.060022 -4.338829
8 0.458010 -7.004032
7 -6.800539 -11.278455
7 -6.800539 -11.278455
5 -6.800539 -11.278455
5 -5.389986 1.158462
9 -7.332606 6.803969
1 3.927205 -1.458328
6 -3.571139 5.475550
4 -5.389986 1.158462
8 1.134993 -7.032142
7 -6.800539 -11.278455
5 -5.389986 1.158462
3 0.458010 -7.004032
2 -9.478306 3.503083
2 15.961115 -0.894861
10 0.836131 -3.178853
4 -5.389986 1.158462
5 -5.389986 1.158462
10 0.836131 -0.823091
10 -5.252748 1.595722
5 -6.800539 -11.278455
8 0.458010 -7.004032
3 0.458010 -7.004032
4 4.839334 0.169979
1 -1.060022 -4.338829
8 -9.410203 8.470394
10 -9.929252 -7.539189
8 -9.631909 9.503645
9 -7.332606 6.803969
4 -5.389986 1.158462
5 -5.389986 1.158462
3 -2.238257 -1.987930
6 -5.955416 2.189513
10 3.961894 -3.178853
2 16.874455 -0.483113
2 -0.058161 -7.863786
6 9.211460 -9.405875
3 -3.193338 6.232558
8 9.412439 -5.029928
9 -7.332606 6.803969
6 -5.955416 2.189513
3 0.458010 -7.004032
9 -3.665497 7.968397
3 0.458010 -7.004032
4 9.726566 5.614161
10 3.961894 -0.823091
6 -9.718278 -3.969110
6 -5.955416 2.189513
5 0.791904 -3.627821
9 -8.187919 1.080638
8 -2.393003 -1.633991
7 -1.456537 -19.246997
9 -7.332606 6.803969
2 -1.060022 -4.338829
10 -6.167705 -5.263755
4 -5.389986 1.158462
2 -0.058161 -7.863786
1 -0.058161 -4.338829
4 1.903641 -1.313146
6 -5.955416 2.189513
4 9.503107 -3.261526
4 -5.389986 1.158462
1 -1.060022 -4.338829
10 3.961894 -3.178853
4 -5.389986 1.158462
8 0.458010 -7.004032
4 -5.389986 1.158462
1 -1.060022 -7.863786
8 0.458010 -7.004032
2 -1.060022 -4.338829
7 -1.456537 -19.246997
5 -6.800539 -11.278455
