10 100
K -3.015014 -0.945066 3.064219
P -8.020905 7.782466 -6.654379 12.144723
P 8.264064 5.951532 12.165961 9.176881
P 7.826994 -0.089743 12.078612 4.804329
K -9.138489 -9.544993 3.731903
Z 5 -5.847369 -11.304432 -5.375910 -10.422544
K 8.843399 -7.915293 1.388362
P 6.819535 5.632157 8.766968 9.829941
Z 6 2.254363 -6.056995 -1.649784 2.242307
Z 6 -4.211565 -9.586040 -7.370209 4.216520
2 -8.020905 7.782466
8 6.819535 9.829941
9 9.947799 -7.770010
8 8.766968 9.829941
4 6.663135 1.492494
7 8.843399 -7.915293
4 5.454812 6.466731
10 -5.891850 -1.936075
3 -2.659033 -7.046319
8 6.819535 9.829941
6 -2.556249 -13.063872
2 -8.020905 7.782466
9 12.205551 0.495642
5 -9.138489 -9.544993
1 -3.015014 -0.945066
8 6.819535 9.829941
4 3.311412 -4.484254
8 8.766968 5.632157
10 -4.189578 -13.437650
3 12.165961 9.176881
2 -8.020905 12.144723
3 8.264064 9.176881
3 12.165961 9.176881
9 10.719471 -6.818726
2 8.230005 0.739167
7 8.843399 -7.915293
5 -9.138489 -9.544993
3 8.264064 5.951532
4 7.826994 -0.089743
9 8.012324 -3.165699
1 -3.015014 -0.945066
10 -9.138489 -9.544993
6 -9.138489 -9.544993
10 -2.556249 -13.063872
6 -1.218544 -6.683990
10 -2.556249 -13.063872
4 12.078612 4.804329
10 0.207142 -7.406294
1 -9.802395 6.692169
10 0.207142 -7.406294
2 -2.269646 6.754042
7 8.843399 -7.915293
4 4.600144 3.661913
9 12.205551 0.495642
7 -5.713810 4.175822
1 -3.015014 -0.945066
7 8.843399 -7.915293
1 -3.015014 -0.945066
4 7.826994 -0.089743
10 0.207142 -7.406294
10 -4.814537 8.116420
7 7.425471 -0.769639
5 -9.138489 -9.544993
4 7.826994 -0.089743
6 -8.862005 8.445076
8 6.819535 5.632157
10 -9.138489 -9.544993
5 -9.138489 -9.544993
3 8.264064 9.176881
9 -2.556249 -13.063872
5 -9.138489 -9.544993
6 -9.138489 -9.544993
9 -9.138489 -9.544993
3 -2.158251 -5.845909
10 -4.189578 -13.437650
4 7.826994 -0.089743
6 -2.556249 -13.063872
7 8.843399 -7.915293
3 -1.181807 -5.922993
8 6.819535 5.632157
10 3.048235 -1.663802
1 -3.015014 -0.945066
1 -3.015014 -0.945066
7 -7.437675 5.217256
4 7.826994 -0.089743
4 7.826994 -0.089743
7 -2.749160 -1.374002
1 -3.015014 -0.945066
9 12.205551 0.495642
6 -6.026680 -9.613075
3 8.264064 9.176881
10 1.807024 3.390839
6 7.673817 -9.069825
3 -4.842988 4.501680
7 8.843399 -7.915293
3 1.790044 2.396989
6 8.204851 5.699389
1 -2.139928 -0.888736
1 -3.015014 -0.945066
1 -3.015014 -0.945066
4 7.826994 4.804329
8 2.365106 -0.766246
7 2.117220 -0.023405
4 12.078612 4.804329
1 0.548374 -9.537112
1 -3.015014 -0.945066
10 -4.189578 -13.437650
2 -8.020905 12.144723
7 8.843399 -7.915293
6 -2.556249 -13.063872
