10 100
K 0.142439 -1.313350 1.162911
Z 1 -9.122531 1.693602 1.687355 6.113852
P 7.208850 9.682633 11.957308 14.625651
P -0.943301 0.765884 0.871104 2.307440
P 3.501525 2.786299 7.605824 3.801573
K 3.084852 1.980046 2.906604
K -3.733486 3.793063 3.427710
K -1.964457 -7.555318 3.191233
Z 5 3.501525 2.786299 3.739174 1.814948
P 5.239228 -0.881315 7.633447 1.257977
7 9.357100 -4.310836
9 7.605824 2.786299
6 3.084852 1.980046
7 -3.733486 3.793063
5 6.308141 4.007033
9 -6.253176 3.102223
8 -1.964457 -7.555318
8 -0.249256 -1.910290
10 5.239228 1.257977
5 -7.634732 5.322879
8 3.903223 4.493535
3 7.208850 14.625651
6 3.084852 1.980046
3 7.208850 14.625651
8 -1.964457 -7.555318
7 -3.733486 3.793063
9 -5.641671 1.663539
8 -1.964457 -7.555318
6 3.084852 1.980046
7 -9.513618 6.071741
4 -0.943301 2.307440
6 -3.886520 -9.026260
2 0.142439 -1.313350
5 3.501525 2.786299
9 3.501525 2.786299
8 -1.964457 -7.555318
1 0.142439 -1.313350
5 7.605824 3.801573
5 3.501525 3.801573
5 -9.620120 -4.703779
4 -0.943301 0.765884
10 7.633447 1.257977
6 2.602402 -8.541948
6 3.084852 1.980046
3 8.769789 -9.823216
6 3.084852 1.980046
4 8.565862 9.752624
3 11.957308 14.625651
4 -1.731748 -7.319988
9 -0.607909 1.792012
8 0.476571 6.559591
5 1.569137 6.445500
10 5.239228 -0.881315
5 7.605824 2.786299
9 -0.139176 0.891418
10 5.239228 1.257977
1 0.142439 -1.313350
2 0.142439 -1.313350
8 -1.964457 -7.555318
10 0.969922 2.415816
7 -3.733486 3.793063
4 -0.943301 2.307440
10 5.239228 1.257977
1 -6.992413 6.021782
9 3.501525 3.801573
8 9.586460 -7.216028
10 5.239228 -0.881315
8 -1.964457 -7.555318
10 -9.383523 5.153631
4 2.377225 -7.164061
5 0.492661 4.113625
9 -6.113358 -9.052113
7 -3.733486 3.793063
5 3.501525 3.801573
7 -3.733486 3.793063
4 0.871104 2.307440
9 3.501525 2.786299
2 0.142439 -1.313350
6 3.084852 1.980046
10 7.633447 1.257977
6 3.084852 1.980046
9 -4.123592 0.146986
7 -3.733486 3.793063
5 7.605824 2.786299
7 -3.733486 3.793063
9 7.605824 3.801573
3 7.208850 9.682633
9 8.084026 -9.538436
5 3.501525 3.801573
6 0.905729 9.177900
9 7.605824 3.801573
1 0.142439 -1.313350
6 3.084852 1.980046
2 2.180227 4.795956
8 3.581705 -8.698568
7 -3.733486 3.793063
3 -3.140013 4.654575
4 -0.943301 2.307440
4 0.871104 0.765884
7 -8.383930 8.282997
5 7.605824 3.801573
6 3.084852 1.980046
8 -1.964457 -7.555318
5 -6.758362 -0.140023
7 -3.733486 3.793063
8 7.320567 -6.025922
3 7.208850 14.625651
4 -0.943301 2.307440
9 -3.419694 -2.526760
4 -0.943301 0.765884
