10 100
K -3.560760 -4.701316 4.879643
P -3.102548 9.513497 -1.373444 13.919805
Z 2 -5.245605 -2.443012 -9.603798 9.199032
K -2.651061 -2.750365 4.722089
Z 1 -3.560760 -4.701316 -3.333021 -3.727594
P -7.559626 8.822959 -2.922829 10.697148
K -1.048175 1.656722 4.489787
P 4.142745 -4.865240 5.993865 -1.410514
K 8.461611 -5.057963 2.954159
Z 8 -8.509205 -2.499495 -3.485034 3.937537
10 -8.445632 -4.939257
6 3.497459 -6.423145
3 -9.105068 8.621942
5 -3.560760 -4.701316
9 1.137268 5.441034
3 5.759408 -5.027923
8 4.142745 -1.410514
2 -1.373444 13.919805
6 -3.379932 -8.423591
8 1.035461 6.768482
6 -7.559626 8.822959
5 -3.560760 -4.701316
5 -3.560760 -4.701316
10 -14.326286 10.994851
10 4.142745 -4.865240
5 -3.560760 -4.701316
2 1.815551 -0.663055
2 -3.102548 13.919805
2 -3.102548 9.513497
6 -2.922829 10.697148
3 -6.159238 0.916678
9 8.461611 -5.057963
2 -1.373444 13.919805
8 4.142745 -4.865240
9 -4.793860 -7.782198
10 -7.808436 -2.256044
5 -3.560760 -4.701316
6 -7.266642 -9.606358
4 -2.651061 -2.750365
10 5.993865 -4.865240
6 -2.922829 10.697148
3 8.925179 -8.696027
9 8.461611 -5.057963
7 7.244089 3.980801
6 -1.024178 -0.266691
1 -3.560760 -4.701316
8 4.142745 -4.865240
6 -7.559626 8.822959
4 -2.651061 -2.750365
1 -3.560760 -4.701316
6 -2.344973 5.846440
9 5.109283 2.158773
2 2.242288 7.150866
5 -3.560760 -4.701316
2 -3.102548 9.513497
1 -3.560760 -4.701316
8 5.993865 -4.865240
4 -2.651061 -2.750365
3 -18.910930 7.354656
8 -4.876997 -8.431228
1 -3.560760 -4.701316
1 -2.924879 9.399119
4 -2.651061 -2.750365
3 -14.713374 5.166990
5 -3.560760 -4.701316
5 2.205999 5.524307
6 -2.922829 10.697148
5 -6.866825 8.975737
10 5.993865 -1.410514
3 -1.373444 9.513497
2 -3.102548 13.919805
10 -6.570221 -0.532211
4 -2.651061 -2.750365
5 -3.560760 -4.701316
10 4.142745 -4.865240
8 4.142745 -4.865240
10 -10.974986 11.833853
6 -7.559626 10.697148
9 8.461611 -5.057963
1 4.378097 0.227291
2 -1.373444 9.513497
9 8.461611 -5.057963
4 -2.651061 -2.750365
5 6.096388 -9.923181
3 -16.017420 4.031532
7 -4.295613 6.787657
1 -3.560760 -4.701316
10 -1.467012 -8.619337
6 4.752605 9.265851
6 -0.553470 6.752915
5 -3.560760 -4.701316
8 5.204041 1.999645
4 -2.651061 -2.750365
6 -2.922829 8.822959
5 9.410934 -6.220061
10 4.142745 -1.410514
10 4.506390 2.617546
9 8.461611 -5.057963
1 -5.435394 8.236772
6 -2.922829 10.697148
9 -4.373999 3.505594
7 -3.766357 1.602921
9 8.461611 -5.057963
6 9.411645 -4.554285
4 -2.651061 -2.750365
1 -3.560760 -4.701316
5 -3.560760 -4.701316
5 -3.560760 -4.701316
3 8.947247 8.564577
3 -3.102548 13.919805
