10 100
K 0.013000 4.529107 4.700311
Z 1 0.013000 4.529107 0.998767 4.697225
K 3.790271 2.810054 3.942458
P -0.604140 -6.156842 3.222454 -2.574626
Z 2 -4.356490 2.796917 -3.987963 1.867300
P -0.697607 -2.614915 4.190687 0.534313
P 8.917196 -3.802376 10.455777 -2.706928
P 1.199949 4.978333 4.300947 6.788403
Z 4 3.222454 -6.156842 2.565160 -5.403209
P -9.765774 -8.881550 -7.287644 -4.697227
9 -0.604140 -2.574626
5 -8.725980 1.064726
7 8.917196 -3.802376
4 0.697844 -7.553875
7 -6.439614 -1.564491
10 -7.287644 -4.697227
8 -9.886964 4.378006
4 3.222454 -2.574626
8 1.199949 6.788403
4 -0.604140 -2.574626
2 9.045242 -8.244391
5 0.013000 4.529107
9 3.742591 -2.365763
1 0.013000 4.529107
3 3.790271 2.810054
5 0.013000 4.529107
4 7.910959 -6.939773
4 3.222454 -6.156842
9 3.222454 -6.156842
6 4.190687 -2.614915
5 0.013000 4.529107
8 -2.651226 -5.427524
1 0.013000 4.529107
4 3.222454 -2.574626
6 -0.697607 0.534313
3 3.790271 2.810054
7 1.495191 8.388117
2 0.013000 4.529107
4 -0.604140 -6.156842
7 10.455777 -2.706928
2 1.858217 9.692665
10 -7.287644 -8.881550
5 -5.619568 6.459933
3 3.790271 2.810054
4 3.222454 -6.156842
2 1.545661 2.257137
5 5.277968 -7.198100
1 -2.127515 -7.311533
6 4.190687 0.534313
2 0.013000 4.529107
4 3.222454 -6.156842
10 -9.765774 -8.881550
4 -0.604140 -6.156842
3 -2.963978 8.275594
7 1.003591 3.572725
10 -9.765774 -4.697227
4 7.555288 8.840394
9 0.193621 -1.878844
5 -4.167103 0.483030
2 0.013000 4.529107
2 0.147895 0.123632
8 -7.152742 6.734966
8 4.300947 4.978333
8 1.199949 4.978333
1 -5.034006 6.530706
6 4.190687 0.534313
5 -6.683808 6.084157
6 2.735985 -3.927069
7 8.690174 6.397551
10 -9.765774 -8.881550
7 10.455777 -2.706928
9 5.987157 6.090869
6 -0.697607 -2.614915
7 10.455777 -2.706928
4 3.222454 -2.574626
1 0.013000 4.529107
5 -8.725980 1.064726
3 0.257246 -0.351213
1 0.013000 4.529107
6 1.205934 -2.908073
4 3.222454 -6.156842
1 0.013000 4.529107
3 3.790271 2.810054
3 3.790271 2.810054
4 -0.604140 -6.156842
5 -8.725980 1.064726
5 -6.873471 -1.729735
4 -0.604140 -2.574626
3 3.790271 2.810054
9 -7.337062 -5.137727
6 4.958185 -6.553125
2 0.267986 -5.784020
3 -5.658160 -4.317226
5 0.013000 4.529107
4 -5.419148 -4.958970
5 -8.725980 1.064726
10 -7.287644 -8.881550
5 0.013000 4.529107
10 0.513914 -0.594114
7 1.257064 4.801500
8 1.199949 4.978333
8 4.300947 6.788403
3 1.348362 1.699729
2 0.013000 4.529107
7 10.455777 -2.706928
6 -2.871740 2.110894
10 3.033205 -4.402710
8 4.300947 4.978333
7 10.455777 -2.706928
6 4.359461 5.562739
