10 100
P -9.206419 -5.832947 -7.550625 -4.025780
K -7.549502 -7.475592 4.941414
K -8.562309 -6.793278 4.499425
K 9.214484 0.946715 1.673540
P 5.401772 -1.054401 10.381979 2.274832
Z 2 -7.549502 -7.475592 -8.451427 -7.043699
K 4.443236 5.871854 4.089847
P -1.361915 8.787462 3.219298 10.699044
K 8.078931 -4.615245 2.157753
P -2.324945 -8.492097 2.500403 -7.462663
5 5.401772 -1.054401
9 8.078931 -4.615245
8 -1.361915 10.699044
8 3.219298 10.699044
2 -7.549502 -7.475592
8 -1.361915 10.699044
2 -7.549502 -7.475592
1 -9.408731 2.710714
1 7.543137 9.855139
4 9.214484 0.946715
3 -8.562309 -6.793278
5 4.022594 7.839482
2 -7.549502 -7.475592
3 -3.498573 6.754742
9 8.078931 -4.615245
9 5.739421 -8.804966
4 2.235057 -0.429324
2 -7.549502 -7.475592
2 -7.549502 -7.475592
8 -1.361915 10.699044
8 3.219298 8.787462
2 4.460439 -9.474618
7 4.443236 5.871854
10 -2.324945 -8.492097
10 2.500403 -8.492097
2 -7.549502 -7.475592
5 5.401772 2.274832
3 -8.562309 -6.793278
4 -7.905517 1.211839
6 -7.549502 -7.475592
2 -7.549502 -7.475592
4 9.214484 0.946715
7 4.443236 5.871854
3 -7.576561 -9.430496
8 -1.361915 10.699044
10 -2.324945 -8.492097
3 -8.562309 -6.793278
7 4.443236 5.871854
1 -9.206419 -4.025780
1 -9.206419 -4.025780
3 -8.562309 -6.793278
1 1.906497 1.773692
10 -2.555687 6.559520
1 -9.206419 -4.025780
5 5.198407 -2.959969
4 5.341272 3.031728
10 -5.354180 -5.494494
8 3.513908 -4.328180
9 8.078931 -4.615245
10 2.500403 -7.462663
9 3.502954 -8.098889
10 2.500403 -7.462663
1 -7.550625 -5.832947
5 -1.231009 -6.531015
10 -5.167605 -4.511560
2 -7.549502 -7.475592
6 -7.549502 -7.475592
3 6.589249 7.759096
8 -1.361915 8.787462
10 -2.324945 -7.462663
1 -9.206419 -5.832947
9 8.078931 -4.615245
7 -0.530902 8.854357
3 -8.562309 -6.793278
2 -7.549502 -7.475592
7 4.443236 5.871854
4 9.214484 0.946715
9 8.078931 -4.615245
10 2.500403 -8.492097
7 4.443236 5.871854
5 5.401772 -1.054401
8 -1.361915 10.699044
10 -1.210624 -2.113439
3 -8.562309 -6.793278
5 5.401772 -1.054401
10 -2.324945 -8.492097
4 -3.259146 -1.062101
9 8.078931 -4.615245
7 4.443236 5.871854
3 6.167073 -5.307888
3 -8.562309 -6.793278
4 9.214484 0.946715
6 -7.549502 -7.475592
8 -1.361915 8.787462
2 -7.549502 -7.475592
6 -7.549502 -7.475592
3 -8.562309 -6.793278
9 8.078931 -4.615245
5 5.401772 2.274832
3 -8.562309 -6.793278
8 2.820001 -7.049763
4 9.214484 0.946715
9 -0.701860 -5.017596
1 -7.550625 -4.025780
9 8.078931 -4.615245
4 9.214484 0.946715
2 -7.549502 -7.475592
5 10.381979 -1.054401
1 -9.206419 -5.832947
6 -7.549502 -7.475592
