10 100
P 9.709932 1.338440 14.101930 6.126087
Z 1 14.101930 6.126087 14.209717 5.131913
P 3.299606 7.975839 6.946251 9.314247
Z 3 6.563716 -2.317449 -6.147770 -3.471797
K 9.753570 -2.985802 1.189011
Z 2 -8.708688 8.125874 -5.541183 8.404770
K 2.213385 -3.515038 4.571769
Z 3 4.327878 -7.778189 -3.386752 2.122796
Z 1 9.709932 1.338440 9.807842 2.333635
P 2.334988 2.182569 5.785525 3.658666
5 9.753570 -2.985802
9 14.101930 6.126087
4 8.794198 -12.373444
4 -7.776290 6.504718
6 9.077095 13.313422
3 -7.793855 1.802154
7 2.213385 -3.515038
2 3.055668 3.561895
9 9.709932 1.338440
4 5.207207 -13.030341
5 -9.356264 0.909252
8 6.946251 9.314247
8 -11.588246 -6.465834
6 1.021801 4.809001
6 4.855389 -8.850972
5 9.753570 -2.985802
10 4.372406 4.311054
10 0.831623 0.011267
2 15.128007 1.449686
3 4.891918 5.408006
3 3.299606 9.314247
8 6.946251 7.975839
1 14.101930 1.338440
10 -4.317051 3.252188
4 9.035296 -13.689958
4 9.035296 -13.689958
4 1.961682 0.067034
7 2.213385 -3.515038
6 13.594638 18.864644
5 9.753570 -2.985802
3 -3.085246 -1.073327
8 6.946251 7.975839
7 2.213385 -3.515038
4 5.448304 -14.346855
8 -10.696775 -2.929833
3 6.946251 9.314247
5 9.753570 -2.985802
4 3.299606 7.975839
9 9.709932 1.338440
2 9.709932 1.338440
7 -6.336881 -7.766425
6 -2.176120 -0.140468
4 5.207207 -13.030341
6 3.235895 -3.243706
2 14.101930 6.126087
1 9.956383 2.468446
7 2.213385 -3.515038
4 9.970022 3.009417
1 14.101930 6.126087
8 3.299606 9.314247
3 3.299606 9.314247
6 9.709932 6.126087
8 -11.588246 -6.465834
10 2.334988 3.658666
6 9.077095 13.313422
4 1.768113 -8.714785
9 -7.335136 6.335182
6 9.077095 13.313422
4 -6.249271 8.148264
9 14.101930 1.338440
6 -9.555990 -4.437641
10 2.334988 2.182569
4 -6.535655 -2.423323
6 1.627606 -4.887281
6 14.101930 6.126087
2 15.128007 1.449686
2 -2.460981 -9.146272
6 8.723306 -8.548591
7 2.213385 -3.515038
1 9.709932 1.338440
7 2.213385 -3.515038
7 2.213385 -3.515038
3 6.946251 9.314247
4 3.299606 9.314247
2 14.101930 6.126087
10 -0.413629 -0.048109
1 9.709932 1.338440
4 -9.929263 -9.833638
9 7.183769 2.900765
6 9.324840 -1.152425
1 14.101930 1.338440
7 2.213385 -3.515038
6 0.141780 -4.168089
1 4.247394 6.754182
2 -7.134725 1.744065
7 6.165319 -6.926506
1 14.101930 1.338440
7 2.213385 -3.515038
2 -7.207101 4.965943
3 3.299606 7.975839
1 -4.499220 7.292428
5 -8.376696 -1.468216
2 8.711401 3.411024
3 -4.874797 -3.393096
10 -3.976216 4.279464
7 2.213385 -3.515038
3 3.299606 7.975839
7 2.213385 -3.515038
5 8.031715 -9.415376
10 2.334988 3.658666
