10 100
P 7.390395 -5.138838 11.045551 -3.026254
Z 1 1.919206 -3.568415 -4.824722 7.110426
Z 1 9.329262 -3.981964 -1.916398 6.064172
P 8.170711 0.178673 9.771178 2.789896
Z 1 7.037707 1.755643 7.811564 -3.194979
Z 5 11.045551 -5.138838 11.526179 -6.015763
Z 3 -5.485612 9.431796 -8.238872 9.079532
P -8.339950 2.898577 -6.587799 7.157149
Z 7 4.803097 24.088797 4.855278 25.087435
P -5.323209 5.842756 -1.652638 8.869465
2 7.390395 -3.026254
8 9.644069 -6.309732
8 -8.339950 7.157149
1 7.390395 -5.138838
10 -1.652638 5.842756
9 7.390395 -5.138838
1 11.045551 -5.138838
1 7.390395 -3.026254
7 3.839100 24.730303
1 7.390395 -5.138838
2 7.765348 -2.686686
10 -5.323209 5.842756
3 -5.512690 0.361640
5 7.390395 -5.138838
10 -2.074638 -9.327658
4 9.771178 2.789896
1 1.200172 3.999397
5 -0.301548 -1.855168
4 9.771178 2.789896
8 -8.339950 7.157149
3 2.095432 5.605005
5 11.045551 -3.026254
1 7.390395 -5.138838
10 -5.323209 8.869465
10 -5.323209 8.869465
2 11.045551 -3.026254
2 -2.492614 -11.575909
3 11.045551 -3.026254
10 -1.147158 9.960437
1 7.390395 -5.138838
7 10.671586 -5.557455
4 9.771178 2.789896
5 11.045551 -3.026254
3 -3.408126 8.569441
9 -3.336344 -1.214930
1 -5.635361 -1.320499
10 -5.323209 8.869465
3 7.390395 -3.026254
8 -6.587799 2.898577
5 7.390395 -5.138838
10 -6.467981 7.213978
1 -2.068757 9.993523
10 -5.323209 8.869465
8 -8.339950 2.898577
6 -3.902414 -1.928999
5 2.495501 -1.368737
4 -0.480700 -6.937516
8 -8.339950 7.157149
8 -6.587799 2.898577
7 6.377323 28.006065
1 11.045551 -5.138838
9 5.040686 6.871596
10 -5.323209 8.869465
3 -4.616618 -0.321159
5 7.390395 -5.138838
9 -4.909859 9.723283
1 -5.989594 -6.800015
10 -9.551059 -3.735473
7 6.894433 24.387673
9 -3.818413 6.624041
1 7.390395 -5.138838
7 -0.242861 5.156070
4 -5.544679 9.289142
8 -6.587799 7.157149
1 -5.410801 -4.305269
7 5.096132 -8.789641
7 11.045551 -5.138838
4 9.771178 2.789896
10 -5.323209 5.842756
9 8.572370 -5.794737
4 9.771178 0.178673
10 -1.652638 8.869465
2 -9.739066 7.600258
3 -5.794454 -8.029279
1 7.390395 -5.138838
6 -4.652742 -2.551450
9 3.326205 -2.886943
6 1.998496 3.264652
10 -1.652638 8.869465
2 -2.492614 -11.575909
9 6.894433 24.387673
6 11.045551 -5.138838
3 8.161829 -2.162709
6 -4.667624 2.168831
4 9.771178 2.789896
1 7.390395 -3.026254
3 -7.208468 0.679339
5 11.045551 -3.026254
9 5.694501 27.633591
1 -4.207538 -7.789075
6 7.390395 -5.138838
10 -5.323209 5.842756
10 -5.323209 8.869465
2 -0.921716 -8.275538
1 11.045551 -5.138838
10 -1.652638 8.869465
2 0.985812 -9.183476
5 8.161152 -2.905773
4 -7.629988 5.404457
9 8.572370 -5.794737
