10 100
K -0.382557 -3.886954 4.719661
K 0.811343 2.185558 1.680245
Z 2 1.832216 0.851002 2.626479 1.458577
Z 2 3.986403 9.643538 -3.124765 6.701164
P -3.272769 1.167526 0.670289 2.900705
Z 3 1.521316 3.708437 0.614972 4.130979
Z 2 0.811343 2.185558 1.119511 1.234226
Z 5 4.446533 1.762872 -4.191679 6.388712
K 5.001353 -2.473431 4.129102
Z 1 -3.069869 -0.007064 -3.891939 -0.576451
6 5.5883 5.3835
10 -0.3826 -3.8870
3 4.7464 -9.8438
2 0.8113 2.1856
4 -3.5300 12.6777
6 -1.3489 0.0546
7 0.8113 2.1856
1 -7.9804 -4.4342
5 1.0145 0.3229
1 -0.3826 -3.8870
6 5.5883 5.3835
9 -9.7378 7.5658
9 1.5022 1.8694
9 5.0014 -2.4734
5 -3.2728 2.9007
2 0.8113 2.1856
4 0.8113 2.1856
4 -3.5300 12.6777
7 0.8113 2.1856
10 -5.7572 3.8728
8 -0.9192 -0.5031
9 5.0014 -2.4734
3 2.8531 -0.4836
3 2.8531 -0.4836
3 8.9604 6.7760
10 -5.7572 3.8728
3 0.8113 2.1856
1 6.2519 -0.3375
8 -3.2728 2.9007
8 2.8490 5.2359
6 0.8113 2.1856
4 -3.5300 12.6777
4 -3.5300 12.6777
10 7.4108 8.3120
6 2.8531 -0.4836
6 2.2313 5.2313
5 -1.0492 -3.9408
7 0.8113 2.1856
4 -1.1155 -6.0470
6 5.5883 5.3835
6 8.9650 1.2659
1 9.2851 -0.7921
2 0.8113 2.1856
3 0.8113 2.1856
1 5.8222 7.4792
3 2.8531 -0.4836
4 2.3435 4.9229
10 4.1161 -0.5487
3 3.2058 -5.0261
2 0.8113 2.1856
7 0.8113 2.1856
10 -5.7572 3.8728
7 0.8113 2.1856
9 5.0014 -2.4734
2 0.8113 2.1856
8 -0.8041 -0.0809
2 8.5152 3.6797
10 -4.5377 8.3321
2 -3.2323 -0.6021
1 -0.3826 -3.8870
5 -3.2728 2.9007
1 -0.3826 -3.8870
1 -6.6083 -4.5593
3 2.8531 -0.4836
7 0.8113 2.1856
7 0.8113 2.1856
3 2.8531 -0.4836
7 0.8113 2.1856
5 -3.2728 2.9007
9 -4.0749 3.5836
6 2.2313 5.2313
10 -2.1708 4.0655
5 7.1543 -2.5781
4 0.9303 4.3359
8 3.8539 3.5786
7 0.8113 2.1856
9 5.0014 -2.4734
10 1.1917 7.5465
1 -0.3826 -3.8870
1 -0.3826 -3.8870
1 -3.9696 -1.1552
4 -3.5300 12.6777
4 0.8113 2.1856
1 -0.3826 -3.8870
4 -3.5300 12.6777
2 0.8113 2.1856
9 0.4864 -7.2266
9 -2.6084 2.6963
4 0.8113 2.1856
5 -2.3443 6.4373
10 -5.7572 3.8728
8 1.4064 4.2753
10 -2.2149 -9.9450
5 2.3667 0.3236
10 -5.7572 3.8728
1 -0.3826 -3.8870
5 0.6703 2.9007
4 -3.5300 12.6777
2 0.8113 2.1856
1 -0.3826 -3.8870
