10 100
K 7.347491 -7.078671 1.955820
K 6.867414 -4.344709 2.564041
K 0.416967 2.935072 3.307457
Z 2 2.727675 -6.842497 -8.237577 -6.937261
Z 3 8.084009 -8.314048 -6.960597 1.996855
P -2.755036 6.835987 1.104196 10.854400
P -3.890686 -7.923328 -0.215844 -3.754011
Z 6 1.104196 10.854400 1.029497 11.851606
Z 3 0.659254 -0.363499 1.656567 -0.290244
Z 3 2.901075 5.333356 -9.884557 -0.250279
8 1.1042 10.8544
10 -0.5465 5.1412
7 -0.2158 -7.9233
7 -3.8907 -7.9233
5 -5.1737 -5.2223
1 7.3475 -7.0787
7 -3.3497 0.6934
7 -4.5154 9.6969
5 6.7804 -3.2951
7 -0.2158 -3.7540
9 -2.1998 0.8071
8 -2.7550 10.8544
3 0.4170 2.9351
6 1.5015 1.5778
2 -8.9282 -5.2804
1 -7.3948 9.1341
8 1.1042 10.8544
8 5.5190 7.4558
9 0.4170 2.9351
2 6.8674 -4.3447
2 5.5503 -0.5227
5 0.4170 2.9351
8 4.9204 11.4293
7 -3.9452 -6.8304
10 0.4170 2.9351
10 0.4170 2.9351
4 9.3578 -2.0818
10 -6.2100 4.5872
8 -2.7550 6.8360
6 -2.4035 0.4589
4 6.9100 -9.2684
4 6.9100 -9.2684
10 0.4170 2.9351
10 0.4170 2.9351
6 1.1042 6.8360
8 1.1042 10.8544
4 6.9100 -9.2684
8 -3.5232 3.6268
7 -5.8250 1.1683
10 -0.5465 5.1412
10 -0.5465 5.1412
4 -3.8820 -3.8492
9 0.9015 -3.6621
1 7.3475 -7.0787
2 6.8674 -4.3447
1 7.3475 -7.0787
3 0.4170 2.9351
5 0.4170 2.9351
7 -7.3829 8.4941
1 7.3475 -7.0787
10 0.4170 2.9351
6 -2.7550 10.8544
2 6.8674 -4.3447
3 0.4170 2.9351
2 6.8674 -4.3447
7 -0.2158 -3.7540
2 6.8674 -4.3447
6 -2.7550 6.8360
5 1.3472 8.9851
4 6.9100 -9.2684
5 -5.1737 -5.2223
10 -0.5465 5.1412
3 5.2716 0.4211
9 0.9015 -3.6621
5 -5.1737 -5.2223
4 6.9100 -9.2684
4 6.9100 -9.2684
6 -0.5135 -7.5973
6 -2.7550 6.8360
8 1.1042 10.8544
9 -3.9012 -0.3682
3 0.4170 2.9351
4 6.9100 -9.2684
5 0.4170 2.9351
7 -8.9245 3.7580
9 0.4170 2.9351
10 0.4170 2.9351
6 1.1042 6.8360
10 0.4170 2.9351
5 -5.1737 -5.2223
7 -0.2158 -7.9233
4 6.9100 -9.2684
3 6.2744 -2.1364
7 -3.8907 -3.7540
5 0.4170 2.9351
10 0.4170 2.9351
4 6.8674 -4.3447
8 -2.7550 10.8544
6 1.1042 6.8360
10 -0.5465 5.1412
9 -9.1318 -1.4173
8 1.1042 10.8544
3 0.4170 2.9351
1 7.3475 -7.0787
3 3.2933 6.2402
5 0.4170 2.9351
1 -3.7873 5.2420
1 1.2611 -9.0592
9 -0.8990 8.2111
2 6.8674 -4.3447
