10 100
P -6.722725 -5.287522 -4.703285 -4.119959
P 7.621558 -2.327310 10.308126 0.837133
K -7.824493 -8.875059 1.357935
Z 3 2.452514 5.888645 -4.530472 -7.174969
K 7.874290 6.354257 2.478339
P -2.589901 7.299463 1.412474 8.410309
K 9.962637 3.627223 1.448228
K 7.672047 -7.806006 4.291629
K -5.444739 -4.768655 3.931138
Z 5 -9.321939 2.177132 -7.235166 -9.597934
3 3.7431 8.0550
5 7.8743 6.3543
2 10.3081 -2.3273
8 7.6720 -7.8060
3 -7.8245 -8.8751
8 7.6720 -7.8060
5 7.8743 6.3543
3 3.0108 -0.8538
5 7.8743 6.3543
10 -26.9064 0.1904
9 7.1035 7.5058
8 7.6720 -7.8060
10 -26.9064 0.1904
10 -26.9064 0.1904
6 1.4125 7.2995
1 -4.3824 -4.8283
2 10.3081 0.8371
3 -5.1013 -7.7042
2 5.5052 -2.5505
3 -7.8245 -8.8751
2 5.1297 -3.9422
4 -7.8245 -8.8751
2 -2.3476 -7.4518
5 7.8743 6.3543
7 -4.8953 8.4506
9 -5.4447 -4.7687
1 9.3668 9.2026
7 9.9626 3.6272
8 7.6720 -7.8060
7 9.9626 3.6272
8 -0.0604 4.9386
2 7.6216 -2.3273
8 7.6720 -7.8060
8 7.6720 -7.8060
6 3.3439 -1.2203
6 1.4125 7.2995
4 -7.8245 -8.8751
10 -3.9459 5.7184
1 -4.7033 -5.2875
4 -7.8245 -8.8751
4 -4.1141 -10.8584
2 10.3081 0.8371
2 7.4175 5.1244
6 1.4125 8.4103
1 -6.7227 -5.2875
6 -2.5899 7.2995
9 -5.4447 -4.7687
5 7.8743 6.3543
10 -9.5298 1.0923
3 -7.8245 -8.8751
10 -26.9064 0.1904
7 -5.7840 -5.7183
8 5.0030 -5.3961
10 -26.9064 0.1904
9 -5.4447 -4.7687
10 -26.9064 0.1904
1 -6.7227 -5.2875
9 -5.4447 -4.7687
3 -7.8245 -8.8751
7 9.9626 3.6272
2 7.6216 -2.3273
1 -4.7033 -4.1200
10 2.3677 8.6010
6 -2.5899 7.2995
8 7.6720 -7.8060
9 -5.4447 -4.7687
7 5.8432 -5.4277
7 -0.5047 -1.6394
10 7.8743 6.3543
1 -6.7227 -5.2875
6 1.4125 8.4103
7 9.9626 3.6272
10 6.4976 -1.8352
7 9.9626 3.6272
6 3.9859 -8.8277
2 7.6216 -2.3273
5 -3.5517 -4.9708
9 -5.4447 -4.7687
3 2.5418 2.7163
9 -5.4447 -4.7687
1 -9.4511 -0.1972
2 1.8811 -4.6417
9 -5.4447 -4.7687
6 -2.5899 7.2995
1 -4.7033 -5.2875
6 -0.0397 -6.9996
7 -2.2543 7.5724
4 -7.8245 -8.8751
7 -0.2162 8.3327
6 1.4125 7.2995
4 -9.4151 5.3941
10 -26.9064 0.1904
3 -7.8245 -8.8751
2 7.6216 -2.3273
6 1.4125 7.2995
3 -7.8245 -8.8751
10 -26.9064 0.1904
4 -7.8245 -8.8751
2 10.3081 -2.3273
8 7.6720 -7.8060
