10 100
K -6.079043 7.170283 4.143120
P -4.652652 3.246287 -0.103385 5.203023
P -3.065618 -4.551292 -1.116626 -0.892726
Z 2 -4.652652 5.203023 -4.197598 6.093487
Z 2 -9.467451 -8.897501 -6.476086 6.421643
Z 3 -3.065618 -0.892726 -3.640581 -0.074547
Z 1 -6.079043 7.170283 -7.043374 7.434981
Z 6 1.912621 0.238535 2.282882 2.578102
K 8.544867 8.880290 3.546249
Z 3 -3.065618 -4.551292 -2.805212 -3.585793
6 -3.065618 -0.892726
6 -3.065618 -0.892726
7 -6.079043 7.170283
8 4.013093 9.321873
9 8.544867 8.880290
4 7.310441 -0.448044
5 -0.103385 5.203023
7 -8.200570 -0.749879
1 -6.079043 7.170283
8 0.376527 -2.132377
1 0.012719 1.800970
6 -3.065618 -0.892726
2 -7.008331 9.704655
8 3.541144 8.374010
5 5.147208 5.140953
6 -6.130838 -7.700123
10 -4.750282 -3.571251
2 -0.103385 5.203023
4 0.563235 -2.222798
5 -0.103385 5.203023
5 8.742714 -3.086108
3 2.730357 -4.771197
4 -4.652652 3.246287
7 -4.290412 -8.502069
10 -3.065618 -0.892726
10 -2.910591 -0.408872
8 -3.065618 -0.892726
3 -3.065618 -0.892726
5 -9.619154 -2.886897
8 -2.612271 -3.523041
8 9.753119 1.839257
5 9.140616 2.305107
3 -3.065618 -0.892726
7 -6.079043 7.170283
9 8.544867 8.880290
10 -5.540583 2.357450
1 -6.079043 7.170283
10 -3.065618 -4.551292
1 -6.079043 7.170283
3 -3.065618 -0.892726
3 -3.065618 -4.551292
2 0.286450 9.004356
10 -2.910591 -0.408872
6 -0.283860 -3.966078
8 0.376527 -2.132377
10 -3.065618 -4.551292
7 -3.906784 6.049691
6 -3.726006 -2.726427
2 -4.652652 5.203023
2 -0.103385 5.203023
2 -4.652652 3.246287
4 -7.275091 -4.092932
9 8.544867 8.880290
3 -4.206234 7.521606
6 -1.116626 -4.551292
9 8.544867 8.880290
9 8.544867 8.880290
2 -3.547587 3.653382
8 5.168547 -5.854433
3 -1.116626 -4.551292
3 -3.065618 -0.892726
7 -6.079043 7.170283
9 -8.422826 5.978789
5 -7.382909 -9.191039
10 7.899174 5.591433
1 5.733766 -7.761950
10 -3.065618 -0.892726
5 -0.103385 3.246287
8 4.252049 8.015111
1 7.908168 9.372219
10 -1.116626 -0.892726
10 -1.116626 -0.892726
9 8.544867 8.880290
7 9.278304 -8.831708
9 8.544867 8.880290
5 4.157202 -8.796744
5 -13.575204 5.876926
4 -6.460571 -7.724602
9 8.544867 8.880290
4 -7.317847 8.889833
10 1.204468 8.188089
6 8.700286 3.865501
8 6.298263 -2.374656
10 -4.750282 -3.571251
2 -4.652652 5.203023
5 -0.103385 5.203023
5 -6.988093 9.767079
1 -6.079043 7.170283
6 -3.726006 -2.726427
3 5.954881 -6.533844
4 8.239168 -7.746316
8 3.133843 5.061604
5 -13.575204 5.876926
1 -6.079043 7.170283
4 -4.652652 3.246287
4 -8.903622 7.743476
7 -3.403805 -3.440384
8 -3.065618 -0.892726
4 -1.675306 -2.681852
10 -4.750282 -3.571251
