10 100
K -1.544909 -0.551877 3.195875
P 2.476319 8.701240 7.451272 10.583189
K 1.738630 -0.711352 3.130033
P 2.994520 8.329395 5.847511 12.167067
P 6.962570 -7.588623 8.306933 -3.226930
K 9.504373 -5.363559 4.660909
K 5.758145 -7.500616 1.035413
P 5.099726 5.001382 8.251774 7.026500
P -7.905704 -2.267303 -6.047085 1.076953
K -6.217050 -8.587906 3.497727
10 -6.217050 -8.587906
7 5.758145 -7.500616
2 7.451272 10.583189
2 2.476319 8.701240
2 7.451272 8.701240
8 3.856621 -9.109152
6 9.504373 -5.363559
4 5.847511 8.329395
5 1.343688 0.687821
6 9.504373 -5.363559
1 4.214538 6.465695
6 9.504373 -5.363559
4 2.994520 12.167067
4 -2.794976 6.698827
9 -6.047085 -2.267303
1 -1.544909 -0.551877
4 5.847511 12.167067
2 0.161328 9.919333
3 1.738630 -0.711352
3 1.738630 -0.711352
7 5.758145 -7.500616
6 5.493992 1.762449
4 5.847511 12.167067
9 -6.047085 1.076953
1 -1.357475 3.254100
10 -6.217050 -8.587906
6 9.504373 -5.363559
8 -8.282390 2.858227
4 -5.277951 -3.955037
8 -1.234193 -5.667897
1 -1.544909 -0.551877
8 8.251774 7.026500
4 5.847511 12.167067
2 0.194886 -4.689436
8 8.251774 7.026500
9 1.909436 -9.356007
9 -6.047085 1.076953
8 8.251774 7.026500
7 5.758145 -7.500616
5 5.044570 -1.053731
1 4.811245 -9.800787
4 2.994520 8.329395
9 -6.047085 1.076953
4 5.211603 3.808801
4 -8.629959 -4.657787
1 -1.544909 -0.551877
7 5.758145 -7.500616
1 -1.544909 -0.551877
3 1.738630 -0.711352
1 -1.544909 -0.551877
8 5.099726 5.001382
8 5.099726 7.026500
7 2.678116 4.172405
7 5.758145 -7.500616
9 -2.369676 7.817944
2 2.476319 10.583189
10 5.431273 -5.266435
7 0.803040 -1.249237
10 -6.217050 -8.587906
6 -3.339483 -0.948596
9 -6.047085 -2.267303
7 -7.651396 -6.047142
10 -6.217050 -8.587906
8 5.099726 7.026500
9 -6.047085 -2.267303
8 5.099726 7.026500
10 -6.217050 -8.587906
8 5.099726 7.026500
8 8.251774 7.026500
2 7.451272 10.583189
7 -0.514659 4.873490
2 5.686497 -4.087709
6 9.504373 -5.363559
4 2.994520 12.167067
8 5.099726 7.026500
10 -6.217050 -8.587906
8 8.251774 5.001382
8 -8.231890 0.986831
6 -0.209819 -6.866838
7 5.758145 -7.500616
1 -1.544909 -0.551877
8 5.099726 5.001382
5 9.434264 4.402076
9 -7.905704 1.076953
2 7.451272 10.583189
9 -6.047085 1.076953
7 5.758145 -7.500616
10 -6.217050 -8.587906
4 2.994520 12.167067
2 2.476319 10.583189
2 2.476319 10.583189
1 -1.544909 -0.551877
7 5.758145 -7.500616
1 -1.544909 -0.551877
1 -1.544909 -0.551877
5 6.962570 -7.588623
6 3.267436 8.782310
9 -6.047085 1.076953
3 -3.205085 -7.242893
5 6.962570 -7.588623
