10 100
K 7.864174 -8.517793 3.831862
K 4.626563 7.602006 1.888727
K -5.459391 7.295552 4.568310
K -7.582351 -2.411033 2.681110
P -4.370731 6.773700 -1.572832 10.379886
K 2.974766 -5.432543 4.643509
Z 5 -4.370731 6.773700 -3.564507 7.365311
K 3.090364 -7.768225 1.648975
Z 3 -7.767118 6.280293 -0.099372 -7.078846
P 8.234056 -9.418799 12.591001 -4.464694
7 3.1882 2.7616
6 2.9748 -5.4325
1 -2.0171 -1.3954
8 3.0904 -7.7682
3 -5.4594 7.2956
8 3.0904 -7.7682
5 1.7868 -6.9231
1 6.4237 -7.1623
6 2.9748 -5.4325
10 12.5910 -4.4647
10 2.6822 1.6351
9 -9.8078 4.7997
3 -0.6811 -2.4641
7 7.0805 -6.7470
4 -7.5824 -2.4110
1 7.8642 -8.5178
1 7.8642 -8.5178
5 -7.7226 -1.7458
1 7.8642 -8.5178
4 -1.2014 -6.3475
9 -9.8078 4.7997
7 -4.3707 6.7737
2 4.6266 7.6020
2 4.6266 7.6020
10 12.5910 -4.4647
9 -5.4594 7.2956
1 7.8642 -8.5178
3 -5.4594 7.2956
1 -4.3704 -5.0779
1 7.8642 -8.5178
3 -5.4594 7.2956
9 -5.4594 7.2956
4 3.1142 6.7109
2 4.6266 7.6020
10 -3.6837 -4.1107
2 5.0958 9.6929
3 -5.4594 7.2956
1 7.8642 -8.5178
5 -9.9363 3.5295
8 3.0904 -7.7682
9 -5.4594 7.2956
2 -4.6884 4.7033
9 -5.4594 7.2956
1 7.8642 -8.5178
5 1.3432 1.9715
2 4.6266 7.6020
2 4.6266 7.6020
5 -1.5728 10.3799
9 4.9999 1.2173
6 2.9748 -5.4325
3 -5.4594 7.2956
2 4.6266 7.6020
3 -5.5303 6.9759
5 -1.5728 10.3799
8 3.0904 -7.7682
10 8.2341 -4.4647
3 -5.4594 7.2956
1 7.8642 -8.5178
6 -7.9956 -8.6326
2 -9.9774 -8.7090
8 3.0904 -7.7682
9 -5.4594 7.2956
3 -5.4594 7.2956
10 8.2341 -9.4188
9 -9.8078 4.7997
4 -7.5824 -2.4110
9 -5.4594 7.2956
6 2.9748 -5.4325
1 7.8642 -8.5178
8 -3.0310 2.8265
2 4.6266 7.6020
8 3.0904 -7.7682
2 4.6266 7.6020
6 -4.0591 8.3396
3 -5.4594 7.2956
5 -1.5728 6.7737
8 3.0904 -7.7682
9 -5.4594 7.2956
4 -7.5824 -2.4110
10 12.5910 -4.4647
2 4.6266 7.6020
4 -7.5824 -2.4110
5 -1.5728 6.7737
1 7.8642 -8.5178
3 -5.4594 7.2956
7 -0.0913 8.3609
10 2.8767 5.0361
6 6.5582 -6.7623
8 4.9115 9.2276
8 3.0904 -7.7682
7 -1.5728 10.3799
2 4.6266 7.6020
2 -8.7562 9.8179
2 4.6266 7.6020
1 7.8642 -8.5178
2 4.6266 7.6020
4 -7.5824 -2.4110
9 -5.4594 7.2956
7 -0.0913 8.3609
1 7.8642 -8.5178
