10 100
P -6.809972 -9.536830 -2.518493 -5.494001
P 9.688311 -3.702303 14.611444 -1.911896
K -6.237214 9.086677 4.957160
K -6.655590 0.309982 1.148916
K -4.076861 -2.863176 2.946265
K 0.478259 -5.188375 1.694665
P 1.078051 -4.490811 5.469788 -3.413568
P 5.831106 -7.535817 10.018979 -4.796409
P -6.080794 0.159256 -1.610135 3.358854
Z 1 -2.518493 -9.536830 -1.905798 -8.746511
10 -6.8100 -5.4940
4 -6.6556 0.3100
6 0.4783 -5.1884
2 9.6883 -1.9119
5 -5.7935 6.8863
5 -4.0769 -2.8632
4 -6.6556 0.3100
4 -6.6556 0.3100
10 -3.9687 8.8418
5 -3.4530 0.6219
7 1.0781 -4.4908
6 0.4783 -5.1884
1 -6.8100 -5.4940
6 1.3519 -3.8119
10 -6.8100 -9.5368
7 2.2665 -8.2790
6 0.4783 -5.1884
3 -2.4326 -9.7347
10 -2.3707 3.5120
2 -3.1458 -8.0800
9 -6.0808 3.3589
7 1.0781 -3.4136
9 -6.0808 0.1593
3 -6.2372 9.0867
2 14.6114 -3.7023
6 0.4783 -5.1884
6 0.4783 -5.1884
8 5.8311 -4.7964
5 -4.0769 -2.8632
2 14.6114 -3.7023
8 -3.8794 2.1681
9 7.1292 -9.7693
6 0.4783 -5.1884
3 -3.3347 9.9868
7 -5.0308 -8.0787
5 -4.0769 -2.8632
5 -4.0769 -2.8632
8 10.0190 -4.7964
8 5.8311 -4.7964
9 -6.0808 3.3589
2 9.6883 -1.9119
2 9.6883 -1.9119
7 1.0781 -4.4908
6 0.4783 -5.1884
8 6.4344 -8.4550
5 -6.9836 -3.9897
9 -4.0795 8.6935
8 4.6820 8.6571
4 -6.6556 0.3100
6 0.4783 -5.1884
8 10.0190 -4.7964
4 -6.6556 0.3100
3 -6.2372 9.0867
2 14.6114 -3.7023
3 4.9644 4.1137
9 -6.6130 -0.0110
4 -6.6556 0.3100
3 -6.2372 9.0867
3 8.4627 -5.5325
5 -4.0769 -2.8632
8 5.8311 -4.7964
7 1.0781 -4.4908
5 -4.0769 -2.8632
1 8.4487 -2.0122
1 -0.9941 -4.5525
5 4.3601 7.8487
8 5.8311 -7.5358
2 14.6114 -3.7023
6 0.4783 -5.1884
10 0.0596 4.6888
6 3.4281 -0.7762
8 5.1270 -9.6765
4 1.5733 -8.1421
2 -2.5666 6.2575
7 5.4698 -4.4908
3 2.2415 9.5684
8 -8.4817 -3.1858
7 1.0781 -3.4136
5 0.7177 -2.8186
6 0.4783 -5.1884
10 -2.5185 -5.4940
2 14.6114 -1.9119
1 -6.8100 -5.4940
9 -6.0808 0.1593
5 7.7128 8.9537
3 -6.2500 4.6050
9 -6.0808 3.3589
9 5.7708 -0.8533
2 9.6883 -1.9119
10 4.1893 -4.9478
4 -6.6556 0.3100
5 -4.0769 -2.8632
2 9.6883 -3.7023
7 1.0781 -3.4136
6 0.4783 -5.1884
4 9.3520 -3.1743
4 -5.2030 8.5527
7 6.6951 5.9695
1 8.4038 0.0586
9 -1.6101 0.1593
