10 100
K 4.897080 -0.814343 1.715134
P 4.406051 5.867270 8.209330 10.756017
Z 1 5.742861 -2.306435 6.612818 -1.813307
K -2.083663 -0.766423 1.983729
Z 4 -2.083663 -0.766423 -2.717594 -1.539812
K -0.204162 9.062156 2.150955
P -3.294700 0.466689 0.493506 4.221454
Z 7 7.544089 8.651232 -4.417697 -3.578960
P 0.333283 5.201064 4.486378 7.911248
Z 2 7.553274 -3.901019 -9.338452 2.379207
10 1.888512 -4.006066
10 1.668528 -11.725318
1 4.897080 -0.814343
9 4.486378 5.201064
2 4.406051 10.756017
3 9.154748 -8.759760
3 3.285727 -4.288450
1 4.897080 -0.814343
6 -0.204162 9.062156
7 2.300667 8.025766
4 -2.083663 -0.766423
7 -3.294700 0.466689
1 8.191253 -1.383190
5 -2.083663 -0.766423
3 6.450532 -6.907276
9 0.333283 7.911248
4 3.667959 -4.846604
6 -7.625886 -0.546332
6 -0.204162 9.062156
3 -1.934046 -5.786508
4 -4.354520 -8.929364
9 0.333283 5.201064
4 6.407660 -1.246328
2 6.433237 4.887562
8 3.355881 -2.283172
9 -3.173659 3.967066
2 4.406051 5.867270
4 -2.083663 -0.766423
9 0.333283 7.911248
3 4.897080 -0.814343
10 -1.525206 -15.426657
9 0.333283 5.201064
10 1.668528 -11.725318
1 4.897080 -0.814343
6 -0.204162 9.062156
5 -4.461119 3.092003
4 -2.083663 -0.766423
10 -1.383511 0.725144
1 4.897080 -0.814343
3 8.667875 -7.060829
7 4.728846 9.920817
8 -9.429417 5.242573
3 6.588642 -3.798528
4 -2.083663 -0.766423
3 8.102046 -2.780280
8 -3.294700 4.221454
1 4.897080 -0.814343
7 -3.294700 0.466689
4 -2.083663 -0.766423
8 0.493506 4.221454
10 8.209330 10.756017
10 8.209330 10.756017
7 -3.294700 4.221454
5 -7.554064 -9.591753
10 -4.404721 -12.942041
6 -0.204162 9.062156
6 -0.204162 9.062156
6 -0.204162 9.062156
9 4.486378 7.911248
8 0.493506 0.466689
9 4.486378 5.201064
6 -0.204162 9.062156
3 6.588642 -3.798528
10 -4.404721 -12.942041
1 4.897080 -0.814343
1 4.897080 -0.814343
4 -2.083663 -0.766423
7 9.003085 -7.095285
10 -1.210987 -9.240702
4 -4.723917 8.416318
10 -4.489408 -2.007121
3 -2.676929 -7.759836
5 -2.083663 -0.766423
1 4.897080 -0.814343
2 4.406051 5.867270
2 8.209330 10.756017
7 0.493506 0.466689
6 -0.204162 9.062156
5 -2.083663 -0.766423
6 2.299523 -4.187275
3 -2.695846 5.535494
9 -5.286967 1.957388
7 0.493506 4.221454
5 -8.825737 -6.714731
8 9.675446 6.085113
4 3.899922 5.618310
7 -8.242026 9.037093
4 7.037400 -2.517626
3 4.897080 -0.814343
6 -0.204162 9.062156
1 0.393890 1.960020
1 4.897080 -0.814343
3 6.588642 -3.798528
5 -2.083663 -0.766423
6 -0.204162 9.062156
1 -0.723361 9.772377
1 4.276946 7.095167
4 -0.991345 8.767109
10 4.406051 5.867270
4 -2.083663 -0.766423
