10 100
P 6.218479 -6.255383 8.386509 -3.386309
P 6.454111 -4.110245 10.971633 0.617550
Z 1 3.021682 8.325787 7.772962 -3.920412
K -4.091274 6.447230 1.736719
P 1.883578 4.776206 3.583442 9.634870
K 1.390599 7.955940 2.950055
Z 5 -1.022020 5.600321 6.994912 -4.840461
Z 1 -6.864180 7.666803 -3.070707 8.626805
P -8.406207 5.053148 -6.058203 8.728693
K -5.818995 8.514509 1.812748
2 -1.929166 7.093750
10 5.072126 -5.233633
5 1.883578 4.776206
6 1.390599 7.955940
1 6.218479 -3.386309
8 -8.062392 -7.644139
4 -4.091274 6.447230
8 -0.235142 -9.561533
6 7.628631 0.322141
8 6.218479 -3.386309
6 0.330297 -8.878563
8 -0.341844 -1.617011
1 6.218479 -6.255383
4 -4.091274 6.447230
9 -6.058203 8.728693
8 6.218479 -3.386309
6 1.390599 7.955940
4 -4.091274 6.447230
7 -5.669963 3.834900
2 0.619162 8.543646
8 -0.071686 27.167387
1 -3.273285 -6.071171
4 -4.091274 6.447230
3 8.894755 -6.058194
7 -9.007753 9.686272
7 -7.193085 -6.974863
9 -6.058203 5.053148
2 6.454111 -4.110245
4 -4.091274 6.447230
8 8.386509 -6.255383
5 0.842136 8.576942
6 1.390599 7.955940
4 7.262106 -9.791136
6 1.390599 7.955940
4 -4.091274 6.447230
2 6.454111 0.617550
1 6.218479 -3.386309
10 -5.818995 8.514509
10 -1.326434 0.379258
4 -5.325744 8.067194
9 -8.406207 5.053148
7 -5.216535 6.038943
9 -8.069003 -6.083205
8 -1.978736 26.136120
2 10.971633 -4.110245
4 -7.276176 -8.111493
6 1.390599 7.955940
8 4.465554 -5.551296
1 1.950324 9.469223
3 8.894755 -6.058194
6 1.390599 7.955940
10 -5.818995 8.514509
3 10.495480 -4.595992
9 -9.359894 -7.651049
9 -8.406207 8.728693
4 -4.091274 6.447230
2 10.971633 0.617550
7 3.583442 4.776206
9 -8.642017 7.042297
1 6.218479 -3.386309
4 -4.091274 6.447230
5 -1.498308 -0.783814
10 -5.818995 8.514509
3 8.894755 -6.058194
7 1.883578 9.634870
2 6.454111 -4.110245
1 8.386509 -3.386309
9 -0.826791 6.054267
3 2.273782 -7.554632
7 -1.757191 -4.357761
2 10.971633 -4.110245
6 1.390599 7.955940
9 7.473090 -0.089984
1 8.386509 -3.386309
4 0.172917 -9.176595
4 -4.091274 6.447230
6 1.390599 7.955940
5 -3.152550 -1.865062
6 1.390599 7.955940
2 10.971633 0.617550
1 8.386509 -6.255383
2 -4.462511 9.935075
4 -2.555593 0.049319
1 1.593044 -6.036531
5 1.883578 9.634870
10 -5.818995 8.514509
3 8.386509 -6.255383
1 9.596892 -4.359666
4 4.225966 7.373662
9 1.885074 -3.286607
6 1.390599 7.955940
10 -5.818995 8.514509
5 -8.781814 1.043161
6 1.390599 7.955940
6 1.390599 7.955940
9 -5.248296 2.901765
10 -5.818995 8.514509
4 -4.091274 6.447230
9 -6.058203 5.053148
8 -1.978736 26.136120
