10 100
K -2.197449 -7.482156 1.445503
Z 1 -3.377516 -8.316974 -2.799989 -9.133345
K -7.338438 2.245618 1.244866
Z 3 -7.338438 2.245618 -8.325415 2.084754
Z 1 -2.197449 -7.482156 -1.752299 -6.586700
K 6.879439 -1.313690 4.470861
K 6.792524 -6.253634 3.974668
K -7.696044 4.719367 3.868109
P -4.434372 -1.257204 -0.579701 1.027573
K 9.287741 5.944145 3.011865
6 6.8794 -1.3137
5 -2.1974 -7.4822
6 6.8794 -1.3137
6 2.5528 -6.8939
4 4.2051 -0.0178
3 -7.3384 2.2456
2 -2.1974 -7.4822
6 -9.6277 -7.8670
5 -2.1974 -7.4822
10 9.2877 5.9441
5 -0.2089 2.1548
10 6.0088 6.2654
10 2.4387 1.9726
4 -7.3384 2.2456
9 -0.5797 -1.2572
9 -6.0586 0.8126
4 -7.3384 2.2456
4 7.5524 0.6101
4 4.1645 3.7960
9 -4.4344 -1.2572
8 -7.3460 -9.4568
5 -7.5189 4.6594
9 -0.5797 -1.2572
3 -7.3384 2.2456
2 -4.5576 -9.1518
8 -0.3237 8.1375
2 -2.1974 -7.4822
3 -7.3384 2.2456
5 0.6977 2.3584
2 4.5498 -2.2943
9 -4.4344 -1.2572
10 9.2877 5.9441
5 -2.1974 -7.4822
9 -1.2754 6.8480
6 6.8794 -1.3137
7 6.7925 -6.2536
10 9.2877 5.9441
9 -4.4344 -1.2572
5 -2.1974 -7.4822
2 -4.5576 -9.1518
6 6.8794 -1.3137
7 6.7925 -6.2536
5 -2.1974 -7.4822
2 -4.5576 -9.1518
10 5.9503 5.3638
9 -1.3477 0.9560
9 -4.4344 1.0276
5 -2.1974 -7.4822
6 6.8794 -1.3137
2 -2.9732 2.1637
7 6.7925 -6.2536
5 -5.5735 5.7026
4 -7.3384 2.2456
7 -3.7168 5.5639
9 -0.5797 -1.2572
3 -7.3384 2.2456
1 -2.1974 -7.4822
5 -4.0684 -2.5190
2 -4.5576 -9.1518
4 -7.3384 2.2456
1 -9.9854 7.4122
5 -2.1974 -7.4822
6 6.8794 -1.3137
10 9.2877 5.9441
2 -2.1974 -7.4822
1 -2.1974 -7.4822
6 9.7584 7.7051
8 -7.6960 4.7194
4 -7.3384 2.2456
4 -7.3384 2.2456
4 -7.3384 2.2456
4 4.4459 -6.1053
7 6.7925 -6.2536
1 -1.1266 2.9906
4 -7.3384 2.2456
5 8.2987 -4.1372
3 -7.3384 2.2456
4 -7.3384 2.2456
8 -7.6960 4.7194
6 3.5378 9.8423
3 -2.5525 -4.3143
9 -0.5797 1.0276
8 -1.9706 8.9083
6 6.8794 -1.3137
8 -7.6960 4.7194
10 0.1614 -0.9671
7 -9.6712 -4.6552
3 -7.3384 2.2456
5 2.2345 0.9366
10 -2.7684 3.7281
6 9.6645 5.2977
1 -2.1974 -7.4822
2 -2.1974 -7.4822
1 -6.0315 -5.7607
4 -7.3384 2.2456
10 -7.0627 -2.3353
1 -2.1974 -7.4822
1 0.6295 7.3512
2 1.5737 4.5372
2 -2.9993 -3.1207
