10 100
P -1.956945 -2.714923 1.167854 -0.507152
K 6.415497 9.244425 1.057876
P 2.927823 5.784045 7.119963 7.850071
P -7.620701 3.551250 -5.668108 4.671728
Z 1 -9.477938 7.604435 8.081255 -1.367311
K -6.058295 -6.460636 2.671774
P -3.531824 -6.402386 -2.216103 -2.462080
Z 3 4.507195 -3.152768 9.965210 -8.741580
P 8.408383 9.514380 9.624077 10.981039
K 8.406627 -6.965466 4.188079
2 6.415497 9.244425
4 -5.668108 3.551250
7 -3.379865 1.395092
6 -6.058295 -6.460636
6 -6.058295 -6.460636
2 6.415497 9.244425
5 5.122271 5.024527
8 2.927823 7.850071
3 7.119963 7.850071
10 8.406627 -6.965466
5 3.291252 7.556668
6 -6.058295 -6.460636
4 -3.975370 -7.126077
10 8.406627 -6.965466
2 6.415497 9.244425
6 -6.058295 -6.460636
2 6.415497 9.244425
2 9.690848 9.656304
3 7.119963 7.850071
2 6.415497 9.244425
3 7.119963 5.784045
9 9.624077 9.514380
1 -8.133410 -4.771797
3 7.374733 2.135372
6 -6.058295 -6.460636
1 1.167854 -0.507152
6 -5.087971 -7.177134
10 8.406627 -6.965466
7 -2.216103 -6.402386
10 7.883879 -6.342998
7 -3.531824 -6.402386
4 -5.668108 3.551250
3 2.927823 7.850071
8 -4.389718 -1.362238
3 2.927823 7.850071
3 2.927823 5.784045
8 -6.455164 -1.313320
5 3.870925 -4.445220
3 2.927823 5.784045
7 -3.531824 -6.402386
3 5.151816 -8.779926
10 7.476700 0.404664
6 8.346009 -1.345258
2 6.415497 9.244425
1 -1.956945 -0.507152
1 1.167854 -0.507152
10 -9.878652 5.085594
6 -6.058295 -6.460636
9 8.408383 10.981039
4 -9.565479 2.179738
3 2.927823 5.784045
2 6.415497 9.244425
5 6.116963 8.201475
9 -7.353854 -6.077130
2 6.415497 9.244425
1 3.949734 9.366089
2 6.415497 9.244425
9 8.408383 10.981039
3 7.119963 5.784045
7 -3.531824 -2.462080
6 -6.058295 -6.460636
1 -9.024861 -3.989977
1 -6.569789 7.699695
10 -3.414135 6.188010
4 -5.668108 4.671728
7 -2.216103 -2.462080
7 -7.518588 4.373481
5 -0.450805 2.231549
2 6.415497 9.244425
1 1.167854 -2.714923
8 -2.045690 -1.930635
2 -1.428382 -1.323764
2 6.415497 9.244425
2 6.415497 9.244425
4 -7.620701 4.671728
10 8.406627 -6.965466
4 -5.668108 3.551250
6 0.785155 -9.014738
6 5.160556 -1.108373
6 -6.058295 -6.460636
3 2.927823 7.850071
1 1.167854 -2.714923
4 -7.620701 4.671728
3 2.927823 5.784045
10 8.406627 -6.965466
4 9.673362 -7.436269
1 1.167854 -0.507152
7 -3.531824 -2.462080
5 3.291252 7.556668
6 0.753340 -0.350902
8 7.119963 7.850071
6 -6.058295 -6.460636
8 -4.488976 -5.553204
3 2.927823 5.784045
6 -6.058295 -6.460636
10 8.406627 -6.965466
7 -3.531824 -6.402386
6 -2.608240 -3.555275
3 2.927823 7.850071
3 -6.657313 -2.193815
