10 100
K 6.629307 -8.842767 2.441298
Z 1 4.376893 5.978290 -6.452354 6.056925
K -2.445438 6.925429 4.869394
Z 3 4.452883 5.496727 -8.163491 0.087418
P 6.141423 1.605405 8.495635 4.769514
K 6.329726 5.415682 4.588212
Z 2 6.549644 -1.845903 -9.151153 7.713668
K 2.335515 -7.128817 2.040945
K -0.215612 5.037512 2.189910
Z 3 0.928350 -7.223247 7.694643 1.913465
6 6.329726 5.415682
6 6.329726 5.415682
9 -0.215612 5.037512
1 -3.845469 -2.977487
10 15.445898 -6.324197
10 4.099205 -7.058414
10 15.445898 -6.324197
4 -0.397888 -1.044691
7 4.580553 4.347821
9 -0.215612 5.037512
6 6.329726 5.415682
10 15.445898 -6.324197
6 6.329726 5.415682
9 -6.731714 3.499710
1 -6.862661 -1.424757
4 0.731833 -0.485063
6 -0.411515 9.400064
7 6.629307 -8.842767
3 -2.445438 6.925429
6 6.329726 5.415682
9 -0.215612 5.037512
3 -2.445438 6.925429
10 -2.445438 6.925429
4 -2.445438 6.925429
3 -3.199167 -9.438244
3 6.141911 -8.051459
4 -2.160347 5.195098
6 6.329726 5.415682
2 6.844299 20.765075
7 -13.402339 -12.488340
4 -2.445438 6.925429
8 2.335515 -7.128817
2 6.629307 -8.842767
4 0.731833 -0.485063
9 -0.215612 5.037512
1 6.629307 -8.842767
10 15.445898 -6.324197
9 9.803044 -8.806652
2 6.844299 20.765075
9 9.863474 6.656030
4 -2.445438 6.925429
3 -2.445438 6.925429
6 6.329726 5.415682
8 4.861991 9.007001
10 -1.105397 -0.872104
1 9.330456 1.084072
1 6.629307 -8.842767
10 15.445898 -6.324197
10 15.445898 -6.324197
5 7.767749 -3.689332
1 6.629307 -8.842767
1 6.629307 -8.842767
5 8.495635 4.769514
1 6.629307 -8.842767
7 6.629307 -8.842767
1 6.629307 -8.842767
6 6.329726 5.415682
7 -13.402339 -12.488340
5 -4.447000 8.370806
9 -0.215612 5.037512
2 6.629307 -8.842767
3 -3.934590 8.310066
3 -2.445438 6.925429
10 15.445898 -6.324197
10 -2.244798 -6.323669
9 -0.215612 5.037512
6 6.329726 5.415682
5 6.141423 4.769514
3 5.801660 0.055731
1 6.629307 -8.842767
6 7.413133 -5.087335
4 -0.589182 8.589523
9 -0.215612 5.037512
10 -2.445438 6.925429
3 -2.445438 6.925429
6 -9.734695 -2.511763
6 4.911208 -0.208783
7 0.400276 -9.910621
6 6.329726 5.415682
1 -3.193282 8.567329
6 6.329726 5.415682
10 -8.139372 2.435809
7 6.844299 20.765075
4 0.731833 -0.485063
2 6.844299 20.765075
1 6.629307 -8.842767
3 -2.445438 6.925429
4 -9.244553 -5.987792
8 6.624902 8.130357
3 -2.445438 6.925429
5 -9.801069 -3.683824
3 -2.445438 6.925429
8 2.335515 -7.128817
9 -5.918185 6.231116
7 -6.822655 4.228484
10 3.347298 -6.960203
9 -0.215612 5.037512
9 -0.215612 5.037512
6 6.329726 5.415682
9 -0.215612 5.037512
