10 100
P -6.939401 -3.682904 -2.213948 0.905204
Z 1 -6.893792 2.643515 7.913038 -3.123371
P -7.626823 8.855663 -3.366977 13.316717
K 9.700825 -0.385568 1.779275
Z 1 -2.113302 -1.266067 8.573618 9.471345
P -0.704124 -5.522031 0.570161 -1.678289
K -7.679897 2.377372 2.118116
P -4.586661 6.342764 0.175877 8.242373
Z 4 10.711741 1.078628 9.888824 1.646790
K -1.782331 -0.614855 2.503006
7 -7.679897 2.377372
3 -3.366977 13.316717
1 -2.213948 0.905204
6 9.390765 3.328103
5 -4.507363 -6.103505
5 -6.939401 -3.682904
2 -6.939401 0.905204
5 -6.939401 0.905204
1 -2.213948 0.905204
5 7.834906 -1.566564
3 -3.366977 13.316717
4 -7.179881 -7.124083
1 -6.939401 -3.682904
4 0.046617 -5.772014
9 9.700825 -0.385568
3 1.013149 3.182813
6 0.570161 -5.522031
5 -7.436515 -2.604669
8 0.175877 6.342764
7 -7.679897 2.377372
3 -3.366977 8.855663
3 -3.366977 8.855663
1 -6.939401 -3.682904
5 0.058420 -1.356478
1 -6.939401 0.905204
4 -0.946249 1.185555
5 -5.302860 5.640516
5 0.080694 -6.081879
3 -7.626823 8.855663
1 -0.403148 1.689836
6 0.570161 -1.678289
8 4.743564 7.992193
1 -2.213948 -3.682904
5 0.080694 -6.081879
7 -7.679897 2.377372
1 -6.327395 9.856795
1 -2.213948 0.905204
10 -4.052753 -0.582176
7 -7.679897 2.377372
10 -1.782331 -0.614855
9 3.815555 -7.669527
9 11.722657 2.542824
6 0.570161 -5.522031
2 0.832169 4.138186
6 -0.853364 7.601865
10 -1.782331 -0.614855
3 -6.993335 -0.595382
7 4.527096 -3.571276
2 7.272207 -0.084342
5 -4.529636 -1.378105
3 -7.858141 -3.762521
4 4.864514 5.654439
7 5.120378 -9.166186
5 -2.213948 -3.682904
8 0.175877 8.242373
6 0.570161 -5.522031
2 -5.751675 3.954763
9 9.285701 3.116717
1 -2.213948 0.905204
6 -0.704124 -1.678289
8 -6.695421 3.523158
4 9.700825 -0.385568
6 -0.704124 -5.522031
9 9.700825 -0.385568
3 -3.366977 8.855663
4 9.700825 -0.385568
1 -4.805937 3.090875
9 9.700825 -0.385568
9 11.722657 2.542824
6 5.954177 0.409244
1 -6.939401 0.905204
1 -2.213948 0.905204
2 -2.006621 7.787371
2 -2.213948 0.905204
7 -7.679897 2.377372
5 -4.507363 -6.103505
4 7.452650 -2.204551
6 0.570161 -1.678289
2 0.730984 3.810329
6 -0.704124 -5.522031
2 2.806526 -0.225356
1 -6.939401 -3.682904
2 -6.939401 -3.682904
6 0.570161 -1.678289
3 -7.626823 13.316717
6 0.570161 -5.522031
8 1.018672 -6.244915
4 -7.148954 -0.288920
8 -6.041561 -3.596662
6 -0.704124 -1.678289
9 9.700825 -0.385568
4 -4.322584 0.112871
3 -7.626823 8.855663
3 -7.626823 13.316717
2 5.249470 9.644406
5 -2.213948 -3.682904
8 -4.586661 8.242373
6 -0.704124 -5.522031
10 -9.554082 -0.837107
10 -1.248656 3.327441
