10 100
K -2.465669 4.500183 4.227810
K 6.924859 -9.483589 3.964257
K -1.793939 4.291693 1.875095
P -0.646306 9.491116 1.757270 13.754077
P -9.018767 5.395143 -7.054331 9.384726
Z 5 -7.054331 5.395143 -6.962214 4.399395
P 8.223465 4.511624 12.496514 9.208114
K -6.295331 -7.990462 4.723593
Z 8 -8.731998 -3.943861 -9.588676 -4.459711
P 8.335961 -4.582630 10.932664 -2.284176
3 -9.166973 -3.469988
4 6.194219 4.248807
4 9.277213 -3.536357
10 10.932664 -2.284176
8 -6.295331 -7.990462
9 5.491019 -6.408826
4 -0.646306 9.491116
9 -11.168664 0.102741
5 -9.018767 5.395143
3 -1.793939 4.291693
5 -9.018767 5.395143
1 2.356972 -7.337551
5 -4.217897 8.008213
2 6.924859 -9.483589
10 10.932664 -4.582630
1 -2.465669 4.500183
3 -1.484638 -4.672159
6 -5.855123 9.677395
10 9.258805 6.776707
3 6.514250 -8.285246
8 -6.295331 -7.990462
10 8.335961 -4.582630
1 -2.465669 4.500183
2 9.646367 -7.023497
1 -6.500502 6.685784
7 8.223465 4.511624
9 -6.295331 -7.990462
4 3.956877 -0.959652
3 -4.949712 6.709530
7 12.496514 4.511624
2 -5.894851 -8.761045
2 6.924859 -9.483589
4 -0.646306 9.491116
9 6.255591 -3.854671
8 -6.295331 -7.990462
6 -7.786220 9.317019
10 10.932664 -2.284176
6 -9.018767 5.395143
8 -6.295331 -7.990462
8 -6.295331 -7.990462
4 9.137483 6.940648
5 -9.018767 9.384726
7 0.132516 8.406764
5 -9.018767 5.395143
5 2.701308 6.145789
5 -9.018767 5.395143
2 6.924859 -9.483589
3 9.370014 -3.648420
10 -8.914988 -9.805838
9 9.159564 1.905657
2 6.924859 -9.483589
4 -1.168445 -3.146516
6 -5.123233 5.755519
8 5.202591 -0.352119
6 -2.985861 -2.353570
10 8.335961 -2.284176
8 -6.295331 -7.990462
7 -3.714470 -0.405577
6 -7.054331 9.384726
4 -0.646306 9.491116
3 -1.793939 4.291693
2 6.924859 -9.483589
10 10.932664 -4.582630
5 -9.018767 9.384726
4 -7.899659 -2.800385
2 -4.821595 -2.299589
9 -6.295331 -7.990462
10 10.932664 -4.582630
7 12.496514 4.511624
7 9.128140 5.684659
6 -5.855123 9.677395
5 -9.018767 5.395143
9 -6.295331 -7.990462
7 8.223465 4.511624
3 2.400230 3.152891
6 -9.018767 9.384726
10 5.035443 -0.468372
9 -6.295331 -7.990462
4 1.757270 13.754077
1 4.906077 -9.029538
8 -6.295331 -7.990462
5 -5.090728 -2.820286
7 12.496514 4.511624
8 -6.295331 -7.990462
6 -7.054331 5.395143
4 -0.646306 9.491116
10 10.932664 -2.284176
8 -6.295331 -7.990462
1 -4.552411 6.379653
6 -8.223488 -6.911796
5 7.728752 1.452388
3 -1.793939 4.291693
1 -2.465669 4.500183
4 1.757270 13.754077
8 -6.295331 -7.990462
8 -6.200964 -4.297835
1 -3.145829 4.120881
9 -11.168664 0.102741
1 -5.352526 -2.643250
2 6.924859 -9.483589
