10 100
P 9.888173 -5.350852 13.464263 -2.923707
Z 1 8.386376 6.300305 7.631715 -4.175944
Z 1 3.718554 -5.656953 -6.975835 -7.869701
P -0.265327 -0.452164 4.039625 2.881292
Z 2 5.578034 -2.613225 5.400201 -1.629164
P 8.790125 -3.307027 12.155704 0.827975
K 4.143247 3.810119 2.252944
Z 3 -5.699078 6.997212 7.283886 3.995116
P -4.454001 -7.080940 -0.485532 -2.740202
P -3.521245 2.228083 -2.046481 3.916810
2 5.2302 -5.0153
8 -6.3013 1.1169
7 4.1432 3.8101
6 12.1557 -3.3070
1 -3.9483 1.6792
7 4.0360 -2.7022
2 1.6910 -4.5028
1 9.8882 -2.9237
3 9.8882 -5.3509
9 -0.4855 -2.7402
10 -3.5212 2.2281
4 -0.2653 2.8813
7 3.6977 2.6092
8 9.8882 -2.9237
3 -0.1727 8.3326
5 2.0389 -2.1007
4 -8.0027 6.8702
1 9.8882 -5.3509
1 13.4643 -2.9237
3 9.8882 -5.3509
9 0.9458 -6.4309
3 10.4662 -5.7175
3 10.4662 -5.7175
9 -3.0309 -2.1253
9 -4.4540 -2.7402
2 1.6910 -4.5028
1 9.8882 -5.3509
2 13.4643 -2.9237
6 2.6668 -5.0821
9 -4.4540 -7.0809
4 4.0396 -0.4522
6 -9.4224 -9.0161
9 -0.4855 -2.7402
2 5.5780 -2.6132
5 13.4643 -5.3509
3 10.4662 -5.7175
8 2.7954 0.3145
4 4.0396 -0.4522
6 8.7901 -3.3070
7 6.5452 9.8048
10 -3.5212 2.2281
1 13.4643 -5.3509
4 7.9071 0.9591
8 13.7266 11.2491
3 12.7855 -2.0706
8 13.7487 -4.2984
7 4.1432 3.8101
6 8.7901 -3.3070
3 13.7487 -4.2984
6 12.1557 0.8280
9 -0.4855 -7.0809
9 -4.4540 -2.7402
6 -8.9405 8.7402
4 -0.2653 2.8813
6 9.9818 -7.0991
4 4.0396 -0.4522
9 -0.4855 -2.7402
6 8.7901 -3.3070
1 13.4643 -5.3509
8 13.7487 -4.2984
8 16.9397 9.6792
9 -4.4540 -2.7402
2 13.4643 -5.3509
7 4.1432 3.8101
10 -2.0465 3.9168
6 3.1563 -8.6305
6 2.5671 -1.9620
10 8.3179 -6.3159
5 6.7446 -4.7416
4 4.0396 -0.4522
3 9.8882 -2.9237
3 9.8882 -2.9237
2 13.4643 -2.9237
2 8.3383 -3.3591
5 -1.7007 -5.6642
7 4.1432 3.8101
4 4.0396 2.8813
4 -0.6749 2.1888
8 -2.4527 -8.3527
1 13.4643 -5.3509
4 -0.2653 2.8813
7 -9.8262 4.5237
5 5.5780 -2.6132
6 -3.6037 0.6698
7 4.1432 3.8101
10 6.0245 4.0262
6 12.1557 0.8280
9 -0.4855 -7.0809
7 -7.0784 -1.3211
3 9.5031 -3.4897
4 -0.2653 -0.4522
3 8.8447 -9.5382
1 9.8882 -5.3509
6 12.1557 -3.3070
9 -0.4855 -7.0809
7 -2.8418 -3.2464
8 -4.4333 3.6714
6 12.1557 0.8280
3 12.7855 -2.0706
8 9.5031 -3.4897
