10 100
P -7.811588 5.019306 -3.541223 6.728788
K 8.270464 7.670439 2.384192
Z 2 8.270464 7.670439 9.240874 7.428977
P -1.997003 -0.822896 1.698650 1.593287
Z 3 8.270464 7.670439 8.258413 6.670512
P -7.979216 -2.402824 -2.996278 -0.257933
K 5.912567 -7.079545 3.676397
Z 5 8.820360 9.990350 7.847321 10.220992
Z 1 -7.811588 6.728788 -8.335425 5.876970
K 1.489000 6.256945 2.883580
5 8.270464 7.670439
5 8.270464 7.670439
7 3.372482 6.931727
6 -2.996278 -0.257933
6 -7.979216 -2.402824
7 5.364698 -4.155689
2 8.270464 7.670439
3 -4.302356 -3.952559
8 8.270464 7.670439
3 -9.296422 9.586551
6 -7.979216 -2.402824
3 8.270464 7.670439
1 -3.541223 5.019306
1 -6.398199 -4.356512
10 1.489000 6.256945
8 9.370256 12.310261
3 8.270464 7.670439
3 8.270464 7.670439
9 -7.811588 5.019306
10 9.114189 -8.318893
9 -3.541223 6.728788
2 8.270464 7.670439
4 1.698650 1.593287
4 1.698650 -0.822896
8 8.270464 7.670439
2 -3.783287 -1.989828
2 0.937792 4.846274
9 -6.729068 -7.627095
1 -7.811588 5.019306
9 -3.541223 6.728788
8 9.370256 12.310261
9 -1.204249 4.048364
5 5.505949 -3.706036
8 8.270464 7.670439
7 5.912567 -7.079545
4 -2.092270 -7.810102
3 8.270464 7.670439
5 -6.612920 9.080420
7 5.912567 -7.079545
1 -3.541223 5.019306
9 -7.811588 6.728788
6 9.379112 3.144250
9 -9.738324 10.539784
7 5.912567 -7.079545
5 -2.524212 8.528498
1 -3.541223 6.728788
7 5.912567 -7.079545
9 -7.811588 6.728788
1 4.779937 -1.083985
3 8.270464 7.670439
8 -4.581520 8.148753
6 6.565133 3.872823
8 6.636462 -7.860505
6 -7.979216 -2.402824
9 -7.811588 6.728788
10 1.094958 0.431560
6 -1.424319 -7.227845
2 8.270464 7.670439
8 -5.685609 1.215526
2 -1.744961 4.448351
9 -9.738324 10.539784
3 8.270464 7.670439
6 -2.996278 -2.402824
7 5.912567 -7.079545
4 -0.824969 2.671181
5 8.270464 7.670439
10 1.489000 6.256945
7 5.912567 -7.079545
3 -0.298388 -7.282345
3 1.323822 4.424416
5 -3.999487 9.243974
4 -1.997003 1.593287
7 -1.817318 -5.600252
5 8.270464 7.670439
8 3.112078 3.212643
7 5.912567 -7.079545
9 -3.901439 -4.098910
10 1.489000 6.256945
7 -7.782022 1.362343
7 7.067481 -2.391127
10 1.489000 6.256945
2 8.270464 7.670439
5 -0.692525 -2.672525
7 5.912567 -7.079545
2 8.270464 7.670439
4 -1.997003 1.593287
3 5.474823 6.705208
7 5.912567 -7.079545
10 1.489000 6.256945
6 -7.979216 -2.402824
6 -1.103451 -8.774984
5 9.296272 5.213729
3 8.270464 7.670439
5 8.270464 7.670439
8 8.270464 7.670439
10 -4.697410 -6.160822
2 -6.345083 4.055147
2 -2.521051 -4.670866
7 5.912567 -7.079545
6 -7.979216 -0.257933
