10 100
P -6.043432 -9.618961 -1.357525 -6.355441
P 2.346443 -8.777745 5.080445 -5.409399
K -8.617600 -1.579728 4.399460
Z 1 5.553703 5.233310 1.152329 -0.141677
Z 4 -7.606247 7.396117 7.842869 -9.388686
P -8.963695 0.818186 -5.519461 3.710990
K -8.274958 3.742636 3.947510
Z 2 3.335762 -2.076622 7.598443 5.368180
K 9.925044 -0.750360 1.586910
P 2.750803 -6.165167 4.535654 -4.390226
3 -8.617600 -1.579728
2 5.080445 -5.409399
4 -0.717237 -6.305038
2 5.080445 -8.777745
10 -4.499606 4.032743
10 8.657315 -5.108277
8 5.080445 -5.409399
4 -4.444396 -3.827719
5 -6.043432 -6.355441
6 -5.519461 3.710990
9 9.925044 -0.750360
4 -4.444396 -3.827719
8 0.962337 -4.616900
9 9.925044 -0.750360
4 -6.719659 -9.065224
5 5.581195 0.031115
8 2.346443 -5.409399
6 -5.519461 3.710990
10 4.535654 -4.390226
2 -2.019880 3.815009
7 -8.274958 3.742636
10 0.791201 -3.902023
10 4.535654 -4.390226
6 -7.419059 9.122484
3 -8.617600 -1.579728
5 8.833527 -0.238884
10 4.535654 -4.390226
10 4.535654 -6.165167
8 5.080445 -5.409399
9 9.925044 -0.750360
5 6.566393 4.379184
1 -6.043432 -6.355441
6 -8.963695 0.818186
6 -8.963695 0.818186
3 -8.617600 -1.579728
10 1.389507 -1.159889
9 9.925044 -0.750360
2 5.080445 -8.777745
1 -1.357525 -9.618961
10 4.535654 -4.390226
2 2.346443 -5.409399
7 -8.274958 3.742636
7 -8.274958 3.742636
4 -6.043432 -9.618961
9 -2.363959 -8.978675
3 -8.617600 -1.579728
7 -8.293171 -5.302322
1 -6.043432 -6.355441
9 9.925044 -0.750360
3 -8.617600 -1.579728
6 3.376714 3.150718
9 9.925044 -0.750360
2 2.346443 -5.409399
6 -8.963695 0.818186
2 5.080445 -5.409399
3 -8.617600 -1.579728
2 -8.290849 -9.755539
2 5.080445 -5.409399
1 -6.043432 -9.618961
4 -1.357525 -6.355441
6 0.854722 6.103379
10 4.535654 -4.390226
7 9.255692 -3.235040
2 -1.763593 -7.665790
2 2.346443 -5.409399
10 2.750803 -4.390226
5 -4.444396 -3.827719
7 -8.274958 3.742636
4 -4.444396 -3.827719
2 -1.293516 4.505413
1 6.983832 -9.886249
4 -6.043432 -9.618961
7 -6.805061 9.918998
3 -8.617600 -1.579728
8 2.346443 -8.777745
7 3.773221 -3.191243
8 -0.421636 -2.259065
4 -7.966454 7.642902
6 -8.963695 0.818186
5 -7.589064 -6.931112
4 -4.797273 -4.268817
6 -5.519461 3.710990
7 -8.274958 3.742636
8 -1.942564 -6.321982
1 -2.073154 -2.419973
10 3.056976 1.010239
3 -8.617600 -1.579728
5 -4.527650 8.576610
2 8.827331 1.254451
9 9.925044 -0.750360
9 9.925044 -0.750360
9 9.925044 -0.750360
7 7.477461 1.243162
6 -8.963695 0.818186
6 -5.519461 3.710990
5 6.784172 -3.907612
9 9.925044 -0.750360
9 9.925044 -0.750360
1 -6.043432 -9.618961
5 -6.043432 -6.355441
