10 100
K -7.609061 4.412296 1.927372
K -0.588905 -5.525502 1.229615
Z 1 -5.783397 5.030126 -6.103953 5.977356
P 4.466306 -3.026014 8.463843 -1.224838
P 5.260381 1.066788 7.758163 5.836545
P 2.442271 -6.717769 3.750041 -3.176985
K 4.704823 -2.595331 1.864033
P 5.531160 1.659176 10.412568 3.856459
Z 2 -0.360269 -4.317330 -1.342830 -4.131389
Z 5 7.758163 5.836545 7.083399 5.098512
6 2.4423 -6.7178
2 -0.5889 -5.5255
1 -7.6091 4.4123
6 -6.0715 7.4232
10 7.7582 1.0668
6 3.7500 -3.1770
6 -2.7027 -0.3621
1 2.8008 9.6654
5 7.7582 5.8365
3 -7.9812 -5.1920
10 5.2604 1.0668
1 -7.6091 4.4123
5 5.2604 5.8365
9 -7.1616 7.3454
7 4.7048 -2.5953
1 -7.6091 4.4123
1 -8.9351 8.5474
4 8.4638 -3.0260
5 -0.1816 -8.8877
4 8.8385 -7.9707
8 5.6513 6.8170
2 -0.5889 -5.5255
6 9.5675 -5.2718
3 6.7020 -1.8708
10 7.9814 3.3488
3 2.9537 -7.8106
4 8.4638 -1.2248
8 5.5312 1.6592
1 -7.6091 4.4123
9 -0.5889 -5.5255
10 5.2604 1.0668
3 -7.6091 4.4123
5 3.6805 -2.9789
7 8.2904 5.8894
5 7.7582 1.0668
2 -0.5889 -5.5255
2 -0.5889 -5.5255
5 2.8971 -1.2220
4 4.4663 -1.2248
2 8.7960 -4.0951
7 4.7048 -2.5953
8 5.5312 3.8565
5 7.7582 1.0668
8 5.5312 1.6592
10 7.7582 5.8365
6 2.4423 -3.1770
3 -3.9577 5.6480
2 1.3961 -0.1741
1 -7.6091 4.4123
2 -0.5889 -5.5255
6 -7.7855 6.1898
2 -0.5889 -5.5255
5 4.4651 -0.6086
10 3.0075 5.4102
4 -4.0082 -4.5532
10 7.7582 5.8365
1 -3.5170 -1.2716
5 7.7582 1.0668
3 -1.3475 -3.5293
10 0.8236 0.0356
1 -7.6091 4.4123
7 4.7048 -2.5953
5 5.2604 1.0668
9 -0.5889 -5.5255
2 -0.5889 -5.5255
5 7.7582 5.8365
10 7.4170 -4.7593
6 3.7500 -6.7178
8 10.4126 1.6592
7 4.7048 -2.5953
7 4.7048 -2.5953
7 9.5699 -1.8471
8 -0.3217 1.3508
5 5.2604 1.0668
8 5.5312 3.8565
2 -0.5889 -5.5255
6 7.8729 -4.3700
6 -1.5431 2.1721
10 5.2032 7.7264
7 4.7048 -2.5953
9 -0.1316 -3.1092
8 5.5312 3.8565
8 5.5312 3.8565
10 7.9814 3.3488
2 -0.5889 -5.5255
8 -8.4845 6.7764
2 -0.5889 -5.5255
4 8.4638 -1.2248
5 7.7582 1.0668
6 -3.2589 -5.6524
9 -0.1316 -3.1092
6 3.7500 -3.1770
9 -0.1316 -3.1092
6 -8.6662 -2.5814
9 -0.1316 -3.1092
4 0.7288 9.6612
7 4.7048 -2.5953
9 7.2118 -8.4700
8 10.4126 1.6592
4 4.4663 -3.0260
