10 100
P -8.658516 -1.309616 -4.569220 0.448397
K 0.109664 9.236093 2.197964
P 8.688723 -7.743242 11.455032 -4.841592
K -6.511773 -8.816718 3.749782
K 4.159950 1.828876 2.656178
Z 4 -6.511773 -8.816718 -5.921808 -8.009289
K 4.142701 -3.441521 3.315034
P -0.012501 -3.205254 2.924586 0.946243
P 1.383107 -4.386008 3.182216 -0.384411
K 6.949828 7.900993 1.227039
4 -6.511773 -8.816718
9 1.383107 -0.384411
10 -7.040956 -0.670136
2 -6.626970 -3.478687
4 -0.325205 -4.213690
5 4.159950 1.828876
2 0.109664 9.236093
2 0.109664 9.236093
10 6.949828 7.900993
4 -1.160519 4.462832
10 6.949828 7.900993
4 -6.511773 -8.816718
1 7.474292 -1.747706
2 0.109664 9.236093
8 -0.012501 -3.205254
6 -6.511773 -8.816718
5 4.159950 1.828876
9 -2.700422 2.685824
5 -2.518617 7.430112
9 1.383107 -4.386008
6 2.660724 4.630631
4 -6.511773 -8.816718
2 0.109664 9.236093
1 -4.569220 0.448397
5 4.159950 1.828876
9 1.383107 -0.384411
9 3.182216 -0.384411
4 -6.511773 -8.816718
3 8.688723 -4.841592
5 4.159950 1.828876
1 2.966806 2.101530
10 6.949828 7.900993
1 -4.569220 -1.309616
7 4.142701 -3.441521
6 -6.511773 -8.816718
6 -6.511773 -8.816718
7 4.142701 -3.441521
9 3.182216 -0.384411
1 0.442978 7.455734
1 -4.569220 -1.309616
4 -6.511773 -8.816718
7 4.142701 -3.441521
4 -6.511773 -8.816718
8 2.924586 -3.205254
8 0.467251 8.077784
4 -6.511773 -8.816718
7 4.142701 -3.441521
2 0.109664 9.236093
10 3.159118 2.677262
3 6.887196 -5.999662
6 0.420836 -9.883446
8 -0.012501 0.946243
7 4.142701 -3.441521
2 7.446627 4.084918
7 4.142701 -3.441521
7 4.142701 -3.441521
1 4.196833 2.837221
2 0.109664 9.236093
2 0.109664 9.236093
7 4.142701 -3.441521
4 -8.896398 7.995118
10 6.949828 7.900993
8 2.924586 -3.205254
5 4.159950 1.828876
5 0.681826 -1.123730
5 4.159950 1.828876
4 -6.511773 -8.816718
2 0.109664 9.236093
6 -6.511773 -8.816718
5 5.269844 -9.378712
4 -6.511773 -8.816718
7 4.142701 -3.441521
6 -6.511773 -8.816718
1 -8.658516 0.448397
7 4.142701 -3.441521
1 3.270514 5.655452
6 4.969457 -7.485643
7 4.142701 -3.441521
9 3.182216 -4.386008
4 -6.511773 -8.816718
10 6.949828 7.900993
3 1.518500 9.197804
9 1.383107 -0.384411
6 -6.511773 -8.816718
7 4.142701 -3.441521
2 0.109664 9.236093
4 -4.455510 -7.812629
6 -6.511773 -8.816718
8 -0.012501 0.946243
4 -6.511773 -8.816718
7 4.142701 -3.441521
7 4.142701 -3.441521
6 -0.608126 5.864069
7 4.142701 -3.441521
9 3.182216 -0.384411
8 6.175739 8.569615
4 -6.511773 -8.816718
10 -0.608451 -9.466612
9 3.182216 -0.384411
9 1.383107 -0.384411
