10 100
K -0.797842 -2.730129 1.958766
K -1.992529 -3.396021 3.090783
P 4.232209 -1.456913 9.195789 1.613304
P -1.490334 4.899898 3.105659 7.254600
Z 1 0.948921 -1.843797 0.496426 -0.952030
K 6.091902 9.835002 1.537076
P 5.480513 -0.621299 7.278759 1.226158
K -7.125289 7.732865 4.928373
P 7.897249 -4.619002 11.422546 -1.499062
K 4.240230 -8.232904 3.773761
10 4.240230 -8.232904
1 -0.797842 -2.730129
10 4.240230 -8.232904
1 -0.797842 -2.730129
1 -0.815039 5.806322
5 -0.797842 -2.730129
3 -6.206269 -8.689053
9 9.577602 -0.721150
8 -7.125289 7.732865
7 5.480513 -0.621299
10 -7.892302 -9.708636
1 -0.797842 -2.730129
9 7.897249 -4.619002
10 1.101403 -6.425707
3 -3.984128 -1.004483
3 9.195789 -1.456913
7 0.992875 6.696102
9 7.897249 -4.619002
1 -0.797842 -2.730129
6 -2.223511 9.119201
7 7.278759 -0.621299
7 -2.311638 2.697324
5 2.695684 -0.957465
6 7.100072 2.805074
6 -6.241932 4.484623
1 -6.900477 6.007890
4 5.313076 -8.200880
10 4.240230 -8.232904
4 3.105659 4.899898
9 6.971395 -6.131830
6 0.929131 3.242995
5 2.695684 -0.957465
6 -2.310055 -1.451152
4 -3.893237 1.113373
3 9.195789 1.613304
9 11.422546 -1.499062
4 -1.490334 7.254600
5 -0.797842 -2.730129
1 -0.797842 -2.730129
1 1.983324 -2.815340
2 -1.992529 -3.396021
8 -7.125289 7.732865
4 -1.490334 4.899898
8 5.072620 1.900099
10 -2.359232 -8.494162
8 -7.125289 7.732865
8 -9.700704 -9.418628
5 -0.797842 -2.730129
3 4.232209 1.613304
10 4.240230 -8.232904
10 -9.148998 6.671096
1 -0.797842 -2.730129
9 9.655564 3.464315
3 9.195789 -1.456913
3 -2.503007 2.296198
2 -1.992529 -3.396021
8 -7.125289 7.732865
3 9.195789 1.613304
3 9.195789 -1.456913
4 3.105659 7.254600
4 3.105659 4.899898
1 -0.797842 -2.730129
9 3.398562 6.520406
10 -8.644310 5.700522
5 -3.900997 5.589878
8 -7.125289 7.732865
9 7.897249 -4.619002
6 6.091902 9.835002
6 -7.957466 3.418640
5 -0.797842 -2.730129
8 -7.125289 7.732865
5 -3.490691 -5.170631
2 -1.992529 -3.396021
8 7.923949 -4.553543
9 7.897249 -4.619002
1 -0.797842 -2.730129
7 5.480513 -0.621299
9 -6.120755 -2.467925
4 -5.542405 -8.065489
1 -0.797842 -2.730129
6 3.602479 -3.841520
9 1.075774 -3.421441
4 3.105659 4.899898
6 6.091902 9.835002
4 3.105659 7.254600
8 -7.125289 7.732865
10 4.240230 -8.232904
2 2.428814 -6.079768
6 6.091902 9.835002
2 9.728100 2.250759
2 -5.221531 9.656884
9 -5.318967 -2.267410
10 4.240230 -8.232904
8 -7.125289 7.732865
8 -7.125289 7.732865
4 -1.490334 4.899898
10 4.240230 -8.232904
10 4.240230 -8.232904
5 2.695684 -0.957465
5 6.586474 -8.452934
