10 100
P 7.838832 2.323480 11.325033 3.476405
Z 1 7.838832 3.476405 7.896508 2.478069
Z 2 -4.930925 8.832560 -9.932957 -0.396223
P 9.888108 5.186227 11.267013 7.825438
Z 1 8.451248 8.058524 -5.662320 2.748431
K -3.245064 -0.480529 1.770405
Z 5 -9.854139 -1.395316 1.046530 6.854834
K -4.136156 -0.058087 3.874474
Z 8 -8.492315 -2.502551 -6.193961 -2.283460
K 0.800989 2.152038 1.763469
2 -9.291835 8.425258
2 7.838832 3.476405
9 -3.752770 -4.079966
5 7.838832 3.476405
10 0.800989 2.152038
7 6.826359 8.511093
3 8.473461 3.622602
1 5.024960 -2.512918
9 -3.752770 -4.079966
1 11.325033 2.323480
3 -16.389337 16.608155
6 -3.245064 -0.480529
3 -9.692289 9.211948
10 0.800989 2.152038
1 -9.905283 3.317725
10 -9.991560 -3.728056
10 0.800989 2.152038
3 -15.867405 12.973542
10 0.800989 2.152038
10 0.800989 2.152038
5 7.591917 13.398563
3 7.838832 3.476405
1 -8.965844 -1.302293
4 9.888108 7.825438
8 -4.136156 -0.058087
5 7.838832 3.476405
8 4.273628 1.371270
1 7.838832 2.323480
2 8.394133 4.494776
9 7.450094 -7.799381
4 9.888108 5.186227
7 4.990504 -0.845576
3 -18.292358 19.529132
7 7.591917 13.398563
1 11.325033 2.323480
6 -3.245064 -0.480529
10 0.800989 2.152038
5 -6.469790 -1.666296
6 -3.245064 -0.480529
6 -3.245064 -0.480529
3 -16.389337 16.608155
3 7.838832 3.476405
7 11.325033 3.476405
6 -4.145455 8.530706
6 -6.710347 -1.831233
9 -8.134265 -1.162561
3 7.838832 3.476405
5 11.325033 3.476405
5 7.838832 3.476405
4 11.267013 7.825438
1 -8.727973 8.269110
3 -19.258357 18.899782
1 7.838832 2.323480
2 11.325033 2.323480
10 0.800989 2.152038
6 -3.245064 -0.480529
10 7.313796 -4.054424
10 5.033629 -6.032363
6 -4.219875 -6.075664
10 -6.200089 9.207438
3 4.375826 3.074933
9 -3.752770 -4.079966
10 0.800989 2.152038
3 11.325033 3.476405
3 7.838832 3.476405
6 9.751647 -3.126980
9 -3.752770 -4.079966
9 -4.136156 -0.058087
7 6.826359 8.511093
2 11.325033 2.323480
1 11.325033 2.323480
1 7.838832 3.476405
8 -4.136156 -0.058087
3 -5.106991 9.345898
5 1.247133 4.721835
3 7.838832 3.476405
6 -3.245064 -0.480529
3 2.462535 -7.977594
4 -9.857789 1.475536
3 -18.292358 19.529132
8 -0.403379 4.324623
2 1.655596 -2.408606
1 5.568489 -3.608148
10 -6.928622 6.875964
10 -1.981569 -6.897324
5 -3.385667 1.735631
3 -19.258357 18.899782
6 -3.245064 -0.480529
5 11.325033 2.323480
10 0.800989 2.152038
6 -3.245064 -0.480529
9 1.898221 -9.923034
4 11.267013 5.186227
8 -4.136156 -0.058087
7 0.586760 17.664553
5 7.838832 3.476405
9 4.308281 -4.820908
4 11.267013 5.186227
6 9.398487 4.094527
9 -4.136156 -0.058087
