10 100
K 2.671588 9.731523 1.116998
P 3.842974 0.063027 7.638354 2.770376
Z 1 3.272177 8.871386 1.249477 -7.466963
K -6.044736 6.145678 4.954743
Z 2 3.842974 0.063027 4.581285 0.737487
P 7.862181 -9.616133 10.056199 -6.497281
K -6.215346 8.177896 3.475320
P -5.537061 2.199043 -4.080426 6.961079
K -0.354407 1.224466 4.318953
Z 9 -0.354407 1.224466 -1.291061 0.874210
10 -0.354407 1.224466
5 -1.246333 -9.838144
9 -0.354407 1.224466
9 -3.876754 -5.638134
3 2.671588 9.731523
7 -9.146030 -7.356334
10 -0.354407 1.224466
1 -0.000989 -9.653796
1 2.671588 9.731523
10 -0.354407 1.224466
4 -6.044736 6.145678
6 7.862181 -6.497281
4 -6.044736 6.145678
2 3.842974 2.770376
6 10.056199 -9.616133
5 7.638354 0.063027
6 2.514911 8.988687
5 -8.137848 8.405975
10 -0.354407 1.224466
10 -0.354407 1.224466
4 -6.044736 6.145678
7 -6.215346 8.177896
10 9.617085 5.150202
6 10.056199 -9.616133
7 -6.215346 8.177896
2 3.842974 0.063027
8 -4.080426 6.961079
10 -0.354407 1.224466
10 -0.354407 1.224466
5 7.638354 0.063027
4 6.526451 1.592155
1 2.671588 9.731523
5 6.881655 3.598711
5 6.881655 3.598711
1 -6.339265 1.195857
3 4.064390 9.559093
9 -0.354407 1.224466
1 2.671588 9.731523
1 -8.177400 -7.181093
9 -0.354407 1.224466
2 8.443653 9.881138
4 -6.044736 6.145678
10 -0.354407 1.224466
7 -0.036527 4.366492
1 2.671588 9.731523
3 2.671588 9.731523
6 10.056199 -6.497281
4 1.758196 1.154832
3 2.671588 9.731523
9 -0.354407 1.224466
7 -2.686222 -2.211962
7 -6.215346 8.177896
6 10.056199 -6.497281
7 3.407593 -4.017388
6 -5.618446 5.394506
8 -5.537061 6.961079
7 4.979179 4.434972
5 7.638354 0.063027
7 -9.486388 0.665747
5 3.842974 0.063027
5 4.185343 3.842933
9 -0.354407 1.224466
8 3.291293 9.691479
2 7.638354 2.770376
7 7.035805 -6.889941
4 -6.044736 6.145678
10 -0.354407 1.224466
5 4.185343 3.842933
2 7.638354 2.770376
6 -5.180729 -5.060135
3 4.064390 9.559093
3 4.064390 9.559093
6 10.056199 -9.616133
1 2.671588 9.731523
8 -9.295522 -8.276880
1 2.671588 9.731523
8 -4.080426 6.961079
9 -0.354407 1.224466
4 -9.285147 -4.089017
5 -4.344675 5.080016
9 -0.354407 1.224466
10 -0.354407 1.224466
7 9.595750 -0.312279
8 -5.537061 2.199043
9 -2.393605 -3.693916
1 2.671588 9.731523
9 -0.354407 1.224466
4 8.040359 -5.401689
3 2.671588 9.731523
1 2.671588 9.731523
7 -6.215346 8.177896
10 -0.354407 1.224466
4 -6.044736 6.145678
7 -6.215346 8.177896
2 3.842974 2.770376
9 -0.354407 1.224466
2 7.638354 0.063027
2 -7.792067 -5.603600
9 -0.354407 1.224466
3 2.671588 9.731523
