10 100
P -3.745016 5.029615 -1.140941 7.426144
P 4.658237 -0.117120 8.168357 2.322239
P -3.641103 -0.842820 0.019796 3.019613
P -8.272791 -8.482195 -3.811481 -5.490513
Z 4 -3.811481 -8.482195 -2.841474 -8.725272
Z 3 6.226330 -3.282050 -5.825478 6.089045
K 3.307615 -8.036027 2.151986
K 5.106131 -8.079778 3.088223
Z 2 -3.998408 2.576456 -1.559916 8.721996
P 8.431421 -5.747591 10.865030 -0.904929
1 3.4664 -5.4351
9 6.9529 -6.3894
5 -5.2223 -11.1203
2 -5.8729 6.1133
5 -3.8115 -8.4822
1 -1.1409 5.0296
10 8.4314 -0.9049
7 -0.3386 7.4560
10 10.8650 -0.9049
7 3.3076 -8.0360
2 4.6582 2.3222
4 -3.8115 -5.4905
5 -3.8115 -8.4822
5 -8.2728 -8.4822
6 -3.6411 -0.8428
10 8.4314 -5.7476
5 -5.2802 9.2413
7 3.3076 -8.0360
1 -5.4259 -8.0299
10 8.4314 -5.7476
10 8.4314 -5.7476
5 -3.8115 -8.4822
4 -3.8115 -5.4905
7 3.3076 -8.0360
4 -9.3571 -2.2393
2 4.6582 2.3222
10 10.8650 -0.9049
5 9.2371 -8.5840
7 3.3076 -8.0360
2 3.0174 -4.3962
10 8.1996 2.7150
5 -7.1451 1.4474
5 -6.5257 5.2565
2 8.1684 2.3222
8 5.1061 -8.0798
1 -1.1409 5.0296
1 7.3269 -4.2400
3 0.0198 -0.8428
9 -14.7020 8.9576
4 -8.2728 -5.4905
9 4.6582 2.3222
2 8.1684 -0.1171
6 0.0198 -0.8428
10 1.8074 -5.8973
4 -8.2728 -5.4905
6 1.4309 5.6801
9 8.1684 -0.1171
5 -7.7456 -6.3784
5 1.3620 9.9059
1 -1.1409 7.4261
4 -8.2728 -8.4822
7 7.5164 -1.2100
1 -3.7450 5.0296
9 -10.4743 8.3267
2 8.1684 2.3222
8 5.1061 -8.0798
8 5.1061 -8.0798
9 -14.7020 8.9576
6 -1.4104 1.1803
2 9.1094 -4.8848
9 8.1684 -0.1171
6 1.4309 5.6801
8 -5.9119 -9.6348
7 3.3076 -8.0360
10 -6.2109 0.8556
10 8.4314 -5.7476
6 0.0198 3.0196
3 -3.6411 -0.8428
10 8.4314 -0.9049
6 -1.4104 1.1803
1 -3.7450 5.0296
7 1.5227 7.4773
6 0.0198 3.0196
3 -9.4231 9.6292
2 -2.4716 -2.0847
6 0.0198 -0.8428
3 1.3862 7.2099
4 -3.8115 -8.4822
10 -4.6283 -0.6109
9 4.6582 2.3222
6 7.7570 8.0600
7 3.3076 -8.0360
3 -3.6411 3.0196
7 -0.8668 4.2503
7 3.3076 -8.0360
10 4.6452 3.5336
7 2.6476 5.3185
3 7.9948 -1.2857
7 3.3076 -8.0360
5 -3.8115 -8.4822
6 0.0198 3.0196
5 -7.7456 -6.3784
2 8.1684 2.3222
3 0.0198 3.0196
7 8.1968 -6.8302
4 3.2438 1.0246
10 10.8650 -5.7476
6 -2.3801 8.7306
5 -9.1564 -9.0165
2 8.1684 2.3222
