10 100
K 5.930679 5.070712 2.843559
K -6.204890 0.227711 3.274156
Z 1 8.721133 5.617692 8.528776 6.599017
K 7.919705 4.735062 1.316846
Z 4 -6.280293 2.673912 -5.916234 -2.073076
Z 5 6.384759 -9.128536 4.946508 -7.338165
K 1.901811 -8.404418 4.907201
P -9.812205 4.373028 -5.525034 6.437734
P -8.710880 1.430706 -4.483682 6.296628
K 6.385597 2.607532 3.864680
1 5.9307 5.0707
3 11.5116 6.1647
4 -2.3367 -1.6549
9 -4.4837 6.2966
8 0.7436 -8.1687
9 -8.7109 6.2966
5 -20.6285 2.5456
1 5.9307 5.0707
3 11.5116 6.1647
2 -6.2049 0.2277
9 -9.6457 4.2284
4 -5.3587 -5.6894
2 -6.2049 0.2277
9 -9.4632 -2.4345
6 -6.1341 -3.5728
6 7.9197 4.7351
6 -7.4838 -7.6390
2 -6.2049 0.2277
7 1.9018 -8.4044
7 1.9018 -8.4044
10 6.3856 2.6075
5 -5.7046 -8.9941
1 7.5479 6.4237
4 7.9197 4.7351
4 6.5974 -7.9837
6 5.5971 -1.2673
4 7.9197 4.7351
7 -7.7149 -4.1695
9 -4.4837 1.4307
10 6.3856 2.6075
5 7.9197 4.7351
9 -4.4837 6.2966
3 1.7488 -5.8324
6 0.8080 19.7662
3 5.9307 5.0707
10 2.3780 -3.6255
6 0.0197 -2.6713
3 0.4764 5.9339
2 1.7771 3.9839
1 5.9307 5.0707
5 4.7546 -4.6413
1 5.9307 5.0707
6 0.1942 -4.3284
9 -2.9345 -9.0367
10 6.3856 2.6075
7 2.2947 -0.2935
2 -6.2049 0.2277
4 7.9197 4.7351
6 8.1825 -6.1464
10 6.3856 2.6075
4 -9.8535 -3.8885
3 -7.4125 -5.7154
6 -3.7827 2.6937
8 -5.5250 6.4377
1 0.8737 9.1051
4 7.9197 4.7351
2 -6.2049 0.2277
3 11.5116 6.1647
8 4.5610 6.9492
7 1.4684 -1.5192
3 -2.1006 -0.4497
8 -3.0452 -9.2793
2 -0.7892 -9.0105
4 7.9197 4.7351
6 7.0771 4.5870
10 5.7944 -5.8899
4 7.9197 4.7351
6 7.9197 4.7351
1 5.9307 5.0707
1 5.9307 5.0707
7 1.9018 -8.4044
3 11.5116 6.1647
5 -20.6285 2.5456
9 -4.4837 6.2966
7 1.9018 -8.4044
4 7.9197 4.7351
1 -5.7717 -5.1297
6 -6.1076 7.3197
6 7.9197 4.7351
1 6.8158 -5.4732
4 7.9197 4.7351
2 -6.2049 0.2277
2 -6.2049 0.2277
3 5.9307 5.0707
3 5.9307 5.0707
9 -4.4837 1.4307
1 5.9307 5.0707
9 -4.4837 1.4307
1 -6.9679 -8.2708
10 6.0147 7.5216
9 6.0365 0.5716
8 -9.8122 6.4377
2 -6.2049 0.2277
7 1.9018 -8.4044
8 -5.5250 6.4377
8 -5.5250 4.3730
2 2.4353 2.4364
2 -6.2049 0.2277
9 -8.7109 6.2966
1 5.9307 5.0707
