10 100
K 5.094179 1.298895 1.640773
P -3.802833 -4.747570 -0.134591 -0.353076
Z 1 6.687858 0.908609 6.925725 1.879906
K -0.363730 4.342918 4.900433
Z 2 0.966143 6.376244 -6.694863 6.796932
P 9.429956 -0.778595 11.118082 1.725711
K 4.419154 -6.063807 2.625623
P 4.150699 -4.174126 6.071343 -1.752275
Z 7 4.419154 -6.063807 4.220376 -7.043851
K -5.988822 7.583502 2.205564
10 -5.9888 7.5835
4 -0.7706 2.4870
2 -6.0252 9.3550
1 5.0942 1.2989
5 -2.5561 17.9554
8 4.1507 -4.1741
10 -1.1304 1.2568
10 -5.9888 7.5835
7 4.4192 -6.0638
1 5.0942 1.2989
3 5.0942 1.2989
6 -1.3548 -9.4935
7 4.4192 -6.0638
10 -3.3849 -5.4371
3 8.2815 0.5183
3 -1.8867 4.1625
9 4.4192 -6.0638
9 5.4816 8.5839
2 -3.8028 -4.7476
2 3.3616 6.6540
3 5.0942 1.2989
7 9.6294 -2.4043
2 -3.8028 -0.3531
3 0.4753 -8.7835
1 -8.7784 0.5941
6 11.1181 1.7257
6 -4.8657 1.0702
2 6.2933 7.7202
2 7.5573 -1.5846
4 -0.3637 4.3429
3 5.0942 1.2989
5 -0.1346 -0.3531
8 6.0713 -1.7523
5 -2.4244 -9.5647
8 6.0713 -4.1741
2 -0.1346 -4.7476
3 8.2815 0.5183
9 8.1900 3.3153
1 -1.8112 -2.9306
10 1.4858 4.9624
6 7.1178 -3.6600
9 4.4192 -6.0638
3 5.8380 4.7066
2 -2.0763 -5.8672
2 -0.1346 -4.7476
1 -6.9128 -9.9670
8 5.7641 6.2815
1 5.0942 1.2989
7 5.1254 9.4089
2 -3.8028 -4.7476
1 -9.6207 -5.0010
5 -3.1536 8.7342
2 -0.7130 7.4671
2 -3.8028 -0.3531
9 4.4192 -6.0638
10 -2.0476 -3.1009
8 4.1507 -4.1741
5 0.8577 8.5128
7 4.4192 -6.0638
2 -3.8028 -0.3531
5 -4.1194 2.5684
6 9.4300 -0.7786
3 8.2815 0.5183
7 -9.6637 -2.8475
1 5.0942 1.2989
5 -0.1346 -4.7476
3 -1.7809 -4.4352
10 -5.9888 7.5835
1 5.0942 1.2989
4 -0.3637 4.3429
7 4.4192 -6.0638
3 -8.8884 3.0783
4 6.3007 -0.0005
6 9.4300 1.7257
8 -5.9760 -0.5387
10 -5.9888 7.5835
5 0.6089 13.1856
10 -5.9888 7.5835
3 8.2815 0.5183
10 -5.9888 7.5835
7 3.8880 8.5272
2 -3.8028 -0.3531
4 -0.3637 4.3429
4 -0.3637 4.3429
2 -0.1346 -0.3531
8 4.1507 -1.7523
10 -5.9888 7.5835
5 -2.5561 17.9554
3 -4.9113 7.1016
10 2.0906 1.3399
9 4.4192 -6.0638
4 -0.3637 4.3429
10 -5.9888 7.5835
8 2.4366 1.6498
10 1.4042 -9.8173
5 -3.4385 -6.5648
2 -3.8028 -4.7476
8 -2.5382 9.4692
2 -0.1346 -4.7476
4 -0.3637 4.3429
