10 100
P 9.597274 -0.959381 11.734825 1.562200
P -7.933028 -6.962536 -5.753347 -5.368064
P -5.255615 -8.836918 -0.313291 -5.735947
K -8.575019 -5.741506 1.190830
P -2.213446 5.131648 0.829602 6.763002
P -7.914679 1.286579 -4.111740 3.308341
K -8.908313 6.964698 1.257794
K -1.885063 7.545189 3.916051
P 3.146058 3.759182 6.289519 7.925464
Z 2 -3.788451 -5.943103 -3.215687 -2.923893
4 -8.575019 -5.741506
2 -2.544055 -0.900067
10 -0.305175 -8.409589
7 -8.908313 6.964698
9 3.146058 3.759182
4 -7.182088 -1.553152
8 -1.885063 7.545189
10 2.555462 0.466470
8 -1.885063 7.545189
4 -8.575019 -5.741506
3 -5.255615 -8.836918
8 -1.885063 7.545189
6 -2.292066 5.002681
4 -8.575019 -5.741506
3 -0.313291 -8.836918
7 -8.908313 6.964698
6 -7.914679 3.308341
2 -5.753347 -5.368064
4 -8.575019 -5.741506
1 -9.284620 -0.419028
10 -5.753347 -5.368064
2 -7.933028 -5.368064
2 -7.933028 -5.368064
8 -1.885063 7.545189
7 3.865774 -4.675734
2 -2.848659 9.234389
8 4.331330 1.206952
1 -9.763235 -8.406461
10 -5.753347 -6.962536
5 0.829602 6.763002
2 -5.753347 -6.962536
5 1.025509 6.451779
9 6.289519 7.925464
3 -0.313291 -5.735947
7 -8.908313 6.964698
8 -1.885063 7.545189
10 -7.933028 -6.962536
10 -7.933028 -6.962536
3 -0.313291 -8.836918
10 -0.305175 -8.409589
3 -0.313291 -5.735947
9 6.289519 3.759182
5 -5.026943 7.310871
8 -1.885063 7.545189
7 -8.908313 6.964698
8 -1.885063 7.545189
1 -5.282295 -9.359361
4 9.013356 3.949334
4 -8.575019 -5.741506
6 -4.111740 3.308341
1 11.734825 -0.959381
9 -5.882737 2.608409
9 -3.273943 -7.409369
3 -5.101112 -4.274297
2 -5.753347 -5.368064
5 -6.067508 -0.319087
3 -9.240298 -2.367246
9 6.289519 3.759182
3 -5.255615 -8.836918
2 -4.437195 -1.300621
9 1.488246 -4.132056
4 -8.575019 -5.741506
5 -2.213446 6.763002
4 -8.575019 -5.741506
2 -7.933028 -5.368064
5 0.829602 5.131648
9 6.712094 -0.694976
8 -1.885063 7.545189
6 -4.111740 1.286579
7 -8.908313 6.964698
6 -7.914679 1.286579
8 2.524873 4.746643
6 -7.914679 1.286579
3 -5.255615 -5.735947
7 -8.908313 6.964698
6 -4.111740 3.308341
7 -8.908313 6.964698
9 6.289519 7.925464
4 2.253065 4.907062
10 -7.933028 -6.962536
8 -1.885063 7.545189
6 -4.111740 3.308341
5 -2.861408 -6.961030
4 -8.575019 -5.741506
4 -1.117888 -6.511765
10 1.760578 4.349682
3 -5.255615 -5.735947
7 -6.963783 7.917577
2 -7.933028 -5.368064
9 1.153557 -6.867614
4 1.660799 -1.279207
1 11.734825 -0.959381
2 -5.753347 -6.962536
1 11.734825 1.562200
7 -8.908313 6.964698
3 -5.255615 -8.836918
10 -0.642707 -1.085560
4 3.842373 -3.672794
9 6.289519 3.759182
10 -5.753347 -6.962536
