10 100
K 5.937166 -5.082362 2.406733
K 5.041250 -3.978525 3.645781
Z 2 6.025503 -0.468116 5.062634 -0.198146
Z 3 3.447755 3.819386 3.234607 2.842366
P 1.405180 -6.731823 2.742003 -4.403866
Z 5 7.146894 -7.579479 9.238469 -2.763612
K -6.674126 -4.353299 1.619269
Z 3 4.023658 0.950656 4.597372 0.131601
K 7.238320 5.720081 3.850060
Z 9 9.893993 7.963049 -7.030943 -0.159323
9 7.2383 5.7201
1 -0.7417 -5.3382
2 5.0413 -3.9785
6 2.3459 2.8394
5 1.4052 -4.4039
10 6.4828 7.2945
2 5.6424 -2.9162
8 8.3084 -1.6900
3 5.0413 -3.9785
8 7.0098 3.0423
2 -4.5462 -9.6507
10 6.4828 7.2945
4 7.5098 3.3324
9 -1.0182 2.8531
10 7.2383 5.7201
3 5.0413 -3.9785
1 8.5844 -3.0062
4 -0.1142 4.5965
7 -3.9170 -3.9112
6 2.7420 -4.4039
2 5.0413 -3.9785
1 -5.8960 8.5347
9 7.2383 5.7201
7 -6.6741 -4.3533
10 -0.4161 7.0360
6 -6.1410 0.4139
2 5.0413 -3.9785
7 -6.6741 -4.3533
1 5.9372 -5.0824
7 -6.6741 -4.3533
9 7.2383 5.7201
3 5.0413 -3.9785
7 -6.6741 -4.3533
8 8.3084 -1.6900
8 -9.8958 5.4797
3 7.0098 3.0423
4 -0.1142 4.5965
9 1.4904 -7.0798
8 8.7907 -7.2980
5 1.4052 -6.7318
5 2.7420 -6.7318
3 5.0413 -3.9785
1 5.9372 -5.0824
3 5.0413 -3.9785
3 -3.3162 7.6545
4 -1.2488 -2.6063
3 -8.7484 7.6984
4 -0.1142 4.5965
2 5.0413 -3.9785
2 5.0413 -3.9785
2 5.0413 -3.9785
4 -5.4574 -1.1399
4 5.0413 -3.9785
2 5.0413 -3.9785
10 7.2383 5.7201
2 5.0413 -3.9785
6 11.6857 -11.1968
7 -6.6741 -4.3533
3 -8.6351 -5.8701
4 6.3705 -0.9564
1 5.9372 -5.0824
5 1.4052 -4.4039
10 6.4828 7.2945
4 0.6625 4.3375
4 -0.1142 4.5965
3 5.0413 -3.9785
7 1.1614 -9.2955
3 7.0098 3.0423
6 11.6857 -11.1968
1 -0.0673 -0.1164
5 2.7420 -6.7318
4 7.0098 3.0423
3 7.0098 3.0423
5 -1.4432 3.0175
4 -0.1142 4.5965
2 5.0413 -3.9785
6 1.4052 -4.4039
6 5.7821 -4.7632
3 0.2528 2.0895
4 5.0413 -3.9785
4 5.0413 -3.9785
2 8.1189 -4.8500
9 6.1104 -7.1218
8 1.0376 -1.1410
10 5.0267 3.9756
9 7.2383 5.7201
8 7.0098 3.0423
7 -6.6741 -4.3533
6 -1.3630 -0.0758
9 7.2383 5.7201
3 5.0413 -3.9785
9 7.2383 5.7201
2 5.0413 -3.9785
10 7.2383 5.7201
5 1.4052 -4.4039
7 -9.9535 -8.3357
10 1.3059 6.9962
1 5.9372 -5.0824
8 5.0413 -3.9785
4 7.0098 3.0423
