10 100
K 2.499032 -6.703097 2.070155
Z 1 2.499032 -6.703097 1.514273 -6.529173
Z 2 2.499032 -6.703097 2.841365 -5.763518
P 0.502896 8.038508 2.039302 10.381502
K 0.193537 -8.579930 3.284210
Z 5 0.193537 -8.579930 -0.806452 -8.584590
P 8.274661 7.147620 11.526978 11.098872
K 7.081881 2.878206 1.070999
P -6.558533 -3.677793 -3.514164 -0.665272
Z 1 4.142850 -5.444762 3.535004 -4.650707
10 5.786667 -4.186427
5 0.193537 -8.579930
4 0.502896 8.038508
5 5.708282 -8.438892
2 2.499032 -6.703097
6 6.922354 -3.062447
10 5.786667 -4.186427
2 2.499032 -6.703097
1 2.499032 -6.703097
3 2.499032 -6.703097
1 5.266626 -9.463347
7 9.258248 -5.962961
4 -2.928679 2.915839
4 2.039302 8.038508
4 0.502896 10.381502
10 2.499032 -6.703097
8 -7.330764 4.651675
3 -0.084362 -8.557426
7 11.526978 11.098872
9 -6.558533 -3.677793
2 2.499032 -6.703097
7 8.274661 7.147620
7 -2.249539 5.471291
2 2.499032 -6.703097
10 -7.042505 -2.276346
6 0.193537 -8.579930
6 4.810673 2.600436
7 11.526978 11.098872
7 11.526978 7.147620
10 -1.519389 0.057257
7 11.526978 7.147620
7 -7.669545 -6.881517
2 2.499032 -6.703097
9 9.531366 -6.123848
3 2.499032 -6.703097
2 2.499032 -6.703097
10 2.499032 -6.703097
4 0.729451 6.796046
10 5.811857 0.595033
7 8.274661 11.098872
1 -1.235579 -8.313308
3 2.014430 9.174232
7 0.586200 -8.367272
2 2.499032 -6.703097
8 7.081881 2.878206
4 0.502896 10.381502
6 -0.906050 0.098091
6 0.193537 -8.579930
7 -4.390584 -0.774650
8 7.081881 2.878206
9 -3.514164 -3.677793
3 4.196059 -4.090021
10 6.892920 -8.382867
4 4.709617 -5.392114
3 2.499032 -6.703097
10 9.466473 -1.346348
9 -6.558533 -3.677793
6 6.106270 -4.673086
7 8.274661 11.098872
7 8.274661 11.098872
1 6.488866 -2.084479
7 11.526978 11.098872
7 8.274661 7.147620
8 7.081881 2.878206
10 2.499032 -6.703097
4 0.502896 10.381502
5 -9.927450 6.884243
7 6.243803 -6.167670
8 7.081881 2.878206
7 8.274661 7.147620
9 -6.558533 -3.677793
2 8.544114 4.015870
2 2.499032 -6.703097
6 0.193537 -8.579930
7 8.274661 7.147620
10 5.786667 -4.186427
7 -0.891406 5.920398
7 8.274661 11.098872
3 2.499032 -6.703097
10 5.786667 -4.186427
8 7.081881 2.878206
4 9.534639 9.319400
1 2.820625 -2.073854
3 2.499032 -6.703097
1 2.499032 -6.703097
8 7.081881 2.878206
4 0.502896 10.381502
3 2.126779 -1.774903
7 -8.433932 -6.242125
6 0.193537 -8.579930
5 0.193537 -8.579930
4 2.039302 8.038508
5 0.193537 -8.579930
9 -6.558533 -3.677793
4 -2.215674 -5.481693
2 -6.879615 -5.853627
6 0.193537 -8.579930
7 0.930232 -7.578016
8 7.081881 2.878206
7 -1.961702 -2.674389
