10 100
K -9.787438 2.227339 4.145167
Z 1 -9.787438 2.227339 -10.774855 2.385472
K -7.772795 -5.804331 3.070557
P -9.467625 -9.710921 -8.424169 -7.566029
P 5.322075 9.626152 8.006561 13.910063
K 7.238218 8.150053 4.588692
K -9.540957 6.898880 4.720334
Z 7 -5.169972 2.571860 -7.794076 -6.877902
P -1.136164 -8.239252 0.042952 -5.576767
P -5.560209 4.821576 -2.086008 6.370331
3 -7.7728 -5.8043
10 -5.5602 6.3703
6 1.4614 -3.1502
5 -6.5348 1.4220
2 -9.7874 2.2273
5 8.0066 9.6262
7 -9.5410 6.8989
6 7.2382 8.1501
5 5.3221 9.6262
2 -9.7874 2.2273
3 -7.7728 -5.8043
8 -9.5410 6.8989
1 -9.7874 2.2273
9 -9.4433 0.0815
6 -3.3593 0.0511
6 7.2382 8.1501
3 -7.7728 -5.8043
1 -3.0810 2.6135
4 0.4125 5.6994
9 -1.1362 -8.2393
7 4.7949 9.7351
7 -9.5410 6.8989
3 6.1523 9.8148
5 8.0066 13.9101
7 9.9077 9.7751
2 4.6488 9.3354
2 -9.7325 -5.9939
2 -9.7874 2.2273
10 -2.0860 6.3703
3 -7.7728 -5.8043
1 9.4965 -7.8346
1 -9.7874 2.2273
5 9.4859 0.2443
8 -9.5410 6.8989
5 8.0066 13.9101
10 -5.5602 4.8216
10 -2.0860 4.8216
6 7.2382 8.1501
2 9.0352 8.6292
6 7.2382 8.1501
2 -9.7874 2.2273
9 -1.1362 -8.2393
2 -3.0230 2.6095
1 -7.1104 1.9975
4 -8.4242 -9.7109
2 -9.7874 2.2273
7 -9.5410 6.8989
5 -4.8487 -7.3143
3 -7.7728 -5.8043
4 -9.4676 -9.7109
8 8.5868 -8.9228
4 -8.4242 -9.7109
3 -7.7728 -5.8043
5 8.0066 9.6262
1 7.0071 -4.6564
2 -9.7874 2.2273
8 -3.7151 -0.9226
9 -1.1362 -5.5768
5 5.3221 13.9101
9 -1.1362 -5.5768
1 -9.7874 2.2273
2 -9.7874 2.2273
3 -7.7728 -5.8043
7 -9.5410 6.8989
8 -5.2260 7.2224
2 6.7515 -7.5063
8 -9.5410 6.8989
2 -9.7874 2.2273
6 7.2382 8.1501
8 3.7063 -8.4347
10 -5.5602 4.8216
1 -9.7874 2.2273
9 0.2744 6.8671
4 -8.4242 -9.7109
3 -7.7728 -5.8043
9 -1.1362 -5.5768
7 -9.5410 6.8989
8 -9.5410 6.8989
3 -7.7728 -5.8043
7 -0.0958 -0.3549
1 -9.7874 2.2273
4 -9.4676 -9.7109
9 8.7282 5.3312
5 8.0066 9.6262
5 -9.1565 -8.7907
1 5.2618 -3.4185
10 -2.0860 6.3703
8 -9.5410 6.8989
6 5.9863 -0.7064
3 -7.7728 -5.8043
9 -1.1362 -8.2393
5 3.7212 -7.2224
2 -9.7874 2.2273
10 -5.5602 6.3703
10 0.4831 -0.9542
10 9.9419 -9.0626
8 0.8063 4.0256
4 -9.4676 -7.5660
4 -9.4676 -9.7109
6 -3.9679 8.5395
