10 100
P -6.743204 6.202328 -3.411044 10.972543
K 2.688510 -9.496252 4.455090
P 2.100055 -8.100656 3.420286 -4.115881
Z 3 -9.905939 -0.071553 -3.582863 -2.577308
Z 1 -3.411044 10.972543 -3.448200 9.973233
P 5.286551 1.485564 6.672319 5.383964
P 4.447913 -9.619469 8.819264 -6.843867
Z 5 -3.411044 10.972543 -2.468762 10.637723
Z 6 -8.404769 5.090644 -9.355554 -1.067019
Z 6 5.286551 1.485564 4.407135 1.961618
3 3.420286 -8.100656
6 5.286551 1.485564
3 3.420286 -4.115881
6 -0.923804 -2.241096
6 6.672319 1.485564
3 2.100055 -8.100656
8 0.456907 -5.917225
7 -0.785042 -4.389504
6 5.286551 5.383964
6 -3.249154 1.142635
3 2.100055 -4.115881
1 6.288828 9.828420
10 5.286551 5.383964
4 4.340880 -2.446108
7 -2.292313 -4.139396
7 2.645825 -9.152746
10 2.780088 -1.806172
10 -2.365644 -0.443275
8 -3.411044 10.972543
8 -3.411044 10.972543
5 -6.927559 -1.294159
9 5.286551 1.485564
3 3.420286 -4.115881
6 -6.592032 0.767811
7 8.819264 -9.619469
10 -9.179215 9.026668
10 5.286551 5.383964
5 7.422062 -5.648595
2 2.688510 -9.496252
1 -6.743204 6.202328
9 1.067007 1.430879
6 6.672319 1.485564
5 -3.411044 10.972543
10 2.022425 -0.645869
10 5.286551 5.383964
1 5.097682 -9.669304
3 2.100055 -4.115881
10 5.286551 1.485564
8 -3.411044 10.972543
10 0.233330 -3.223005
10 4.049153 -3.017167
7 4.447913 -6.843867
9 -23.867052 6.201050
8 -3.411044 10.972543
5 -6.743204 10.972543
3 3.420286 -8.100656
8 -7.610370 -6.362900
9 6.672319 1.485564
10 -2.364329 -0.097287
7 4.447913 -9.619469
3 7.173378 -5.714669
4 5.302726 -3.350466
2 2.688510 -9.496252
3 2.100055 -4.115881
9 -5.265940 4.230520
9 -9.243312 -8.300512
1 2.315934 3.781036
2 2.688510 -9.496252
8 -3.411044 10.972543
5 -3.411044 10.972543
5 -6.743204 10.972543
1 -7.251940 6.871031
4 -3.295361 -2.930544
10 2.780088 -1.806172
10 2.022425 -0.645869
1 -6.743204 10.972543
7 3.973542 -8.165059
4 -9.679980 7.775328
3 2.100055 -4.115881
5 -3.716016 -7.456621
1 -6.743204 10.972543
5 -5.189892 1.212794
3 -8.852531 3.472588
1 -6.743204 10.972543
1 -3.411044 10.972543
5 4.041283 4.573341
2 7.985512 -0.847737
10 5.286551 5.383964
7 8.819264 -9.619469
1 -6.743204 6.202328
6 5.286551 1.485564
9 5.286551 1.485564
3 -3.230627 -4.401787
7 8.819264 -9.619469
5 -3.411044 10.972543
9 5.286551 1.485564
4 4.340880 -2.446108
10 5.286551 1.485564
2 2.688510 -9.496252
2 9.410687 8.151178
3 2.100055 -8.100656
9 -22.691207 9.917891
8 2.049845 12.981753
3 2.100055 -8.100656
5 -6.743204 6.202328
6 6.807773 7.588761
1 -3.411044 6.202328
9 0.520018 5.698268
3 2.100055 -4.115881
6 6.672319 5.383964
