10 100
P 1.133560 -5.819357 3.299409 -2.610883
P 4.349790 -7.193015 5.955061 -2.451277
Z 2 -7.639689 -0.921372 -9.111052 9.272938
K -7.739113 -3.723763 1.076149
K 1.666342 -5.098963 1.494715
P -8.711677 5.006017 -6.142803 8.946750
K 4.209065 -8.937685 4.027582
P -0.839931 -5.122323 0.746267 -3.839755
Z 1 -3.193450 8.075950 -4.272390 -1.389054
K 4.832493 8.859651 2.484817
10 -8.8561 2.2026
6 -1.3285 -8.1395
2 4.3498 -2.4513
9 3.2994 -2.6109
3 4.3498 -7.1930
8 0.7463 -5.1223
7 4.2091 -8.9377
4 -7.7391 -3.7238
8 0.7463 -5.1223
5 1.6663 -5.0990
4 -1.4551 6.0816
3 4.3498 -7.1930
8 -0.8399 -3.8398
3 -17.3664 -10.3273
5 1.6663 -5.0990
7 4.2091 -8.9377
7 -8.1923 7.3663
7 4.2091 -8.9377
5 -3.0304 -8.5631
6 -8.7117 8.9467
1 1.1336 -5.8194
7 4.2091 -8.9377
7 4.2091 -8.9377
8 -0.8399 -3.8398
2 5.9551 -7.1930
6 -6.1428 8.9467
4 1.3039 -5.5649
9 -10.5367 -4.4890
8 -0.8399 -3.8398
10 4.8325 8.8597
4 -7.7391 -3.7238
10 -6.1784 -5.6398
4 -7.7391 -3.7238
9 1.1336 -2.6109
8 0.7463 -5.1223
10 4.8325 8.8597
4 -7.7391 -3.7238
4 -0.0936 3.0589
3 4.3498 -2.4513
4 -7.7391 -3.7238
3 -17.3664 -10.3273
3 6.2177 7.1742
9 -10.5367 -4.4890
10 -0.4782 -0.8701
9 -9.8146 -1.3629
1 1.1336 -2.6109
1 3.2994 -2.6109
1 3.2994 -2.6109
5 1.6663 -5.0990
8 2.1461 5.9233
2 5.9551 -7.1930
4 0.1395 2.0243
3 9.5079 -5.1167
4 3.5872 -4.8086
2 4.6493 5.0809
5 1.6663 -5.0990
5 3.5134 9.4351
4 6.0764 2.9453
10 4.8325 8.8597
10 4.8325 8.8597
9 1.1336 -2.6109
1 3.2994 -5.8194
3 4.3498 -7.1930
5 -8.2309 1.6430
5 8.6430 4.9077
10 4.8325 8.8597
6 -8.7117 5.0060
2 5.9551 -2.4513
6 5.4437 -6.3412
5 1.6663 -5.0990
6 -8.7117 5.0060
6 -6.1428 5.0060
2 5.9551 -7.1930
6 -8.7117 5.0060
8 -0.8399 -5.1223
3 5.9551 -7.1930
6 8.9001 8.6004
8 -0.8399 -3.8398
7 -2.6708 5.9838
6 -8.7117 8.9467
5 1.6663 -5.0990
7 4.2091 -8.9377
3 6.8246 5.7923
6 -8.7117 8.9467
9 -12.6470 -4.0016
5 1.6663 -5.0990
2 4.3498 -2.4513
7 4.2091 -8.9377
5 1.6663 -5.0990
5 -7.5152 3.3810
5 1.6663 -5.0990
7 0.9819 -0.4469
6 -8.7117 5.0060
3 5.9551 -7.1930
1 -8.4050 -4.3607
5 -6.0507 1.0468
2 3.4403 -3.0478
4 -7.7391 -3.7238
10 4.8325 8.8597
5 1.6663 -5.0990
