10 100
P 5.242589 -5.245462 6.739770 -0.800819
P 2.106423 2.059008 3.225261 3.151521
K 1.424428 -1.215814 3.930584
P 1.719581 -0.849767 4.491655 0.910421
Z 4 -7.994682 6.957168 9.560604 -4.764584
Z 1 6.739770 -0.800819 7.212985 -1.681765
Z 4 -6.127045 -2.778271 -0.277285 5.447052
Z 6 -4.568584 5.274107 -2.167838 4.815595
K -6.625028 -2.629564 4.034939
Z 6 9.006752 7.626635 5.780130 6.390165
9 -9.743961 -6.052160
5 4.491655 -0.849767
10 3.470032 -2.981291
9 -6.625028 -2.629564
7 5.857088 -2.323593
5 1.719581 0.910421
9 -6.625028 -2.629564
1 2.233210 -5.562757
2 -1.165707 -9.356024
5 1.719581 -0.849767
2 3.225261 3.151521
6 -8.677740 9.934506
1 -7.429988 -1.840956
10 5.242589 -0.800819
3 1.424428 -1.215814
8 4.584134 -3.184334
9 -6.625028 -2.629564
4 4.491655 0.910421
1 5.242589 -0.800819
9 -6.625028 -2.629564
9 -6.625028 -2.629564
2 3.225261 3.151521
9 5.339482 1.422480
10 -4.081302 -3.084727
6 9.942369 8.799424
6 7.566414 0.447464
4 4.491655 0.910421
3 -9.594307 9.624400
1 7.753760 -4.685273
2 3.225261 2.059008
4 4.491655 0.910421
2 3.225261 2.059008
10 6.847566 1.550632
4 -5.747026 2.431940
7 1.719581 -0.849767
4 4.491655 -0.849767
3 1.424428 -1.215814
4 4.491655 -0.849767
6 5.242589 -0.800819
2 3.225261 3.151521
7 5.586067 -8.226895
7 4.491655 -0.849767
9 -6.625028 -2.629564
5 6.148533 0.487195
10 5.242589 -0.800819
10 -8.676480 -8.719696
6 -3.548319 0.597352
9 7.776360 4.057021
1 5.242589 -0.800819
2 -9.893018 -9.203730
4 1.719581 -0.849767
3 1.424428 -1.215814
4 1.719581 0.910421
2 3.225261 2.059008
3 1.424428 -1.215814
8 12.840374 6.204516
5 2.376137 -2.257922
5 1.719581 -0.849767
4 4.491655 -0.849767
2 3.225261 3.151521
3 1.424428 -1.215814
10 6.739770 -0.800819
7 -7.790495 7.885164
4 4.491655 0.910421
4 2.251095 -8.343197
2 2.106423 3.151521
5 0.966844 2.545778
1 6.739770 -0.800819
6 6.739770 -0.800819
10 5.563641 -5.768993
5 2.376137 -2.257922
5 1.313633 0.302445
7 4.491655 -0.849767
1 5.242589 -5.245462
8 8.182636 6.753958
10 5.242589 -0.800819
5 4.001896 -1.583262
4 1.719581 0.910421
4 4.491655 -0.849767
2 -9.145227 -7.405044
4 -9.659717 -6.462653
7 -7.751730 8.656217
9 -6.625028 -2.629564
7 -7.790495 7.885164
3 3.695470 6.473345
2 -2.471232 9.135017
3 1.424428 -1.215814
8 10.445515 -3.254857
9 -6.625028 -2.629564
1 6.739770 -5.245462
7 -8.826820 1.048134
1 -9.573227 -0.086139
2 3.901006 2.000257
10 -2.583121 -4.434362
9 6.288877 8.166905
3 1.424428 -1.215814
10 -4.392189 -2.606513
9 9.757113 1.331658
2 3.225261 3.151521
7 1.719581 0.910421
