10 100
K 4.941941 -9.692476 1.767958
K -0.246868 3.001931 4.548196
K -3.794262 2.771033 4.588262
Z 2 -0.246868 3.001931 0.741106 3.156553
K -1.780424 -8.185806 1.858381
P 2.720712 3.096904 6.633078 6.103722
P 7.981512 2.285679 11.069174 4.570895
P -7.462315 6.266926 -5.964099 9.648010
K 0.475925 5.481540 1.261742
P -9.476376 9.064245 -5.978210 11.300913
9 0.4759 5.4815
2 1.3906 -0.9112
5 1.9203 0.8084
2 -0.2469 3.0019
2 -5.8705 6.5011
8 3.0695 -7.2379
6 2.7207 3.0969
4 -7.0331 7.1661
1 4.9419 -9.6925
7 7.9815 2.2857
3 -3.7943 2.7710
3 -3.7943 2.7710
10 -9.4764 11.3009
5 -5.6955 -1.2632
2 -9.0715 -2.6570
1 4.9419 -9.6925
1 3.2110 -7.0356
1 0.3818 6.2806
7 11.0692 2.2857
2 -8.0785 -3.6801
5 -1.7804 -8.1858
2 -0.2469 3.0019
10 -9.4764 11.3009
1 4.9419 -9.6925
10 -9.4764 9.0642
9 0.4759 5.4815
10 -5.9782 11.3009
3 6.0022 5.3505
2 -0.2469 3.0019
1 4.2551 7.2851
3 -3.7943 2.7710
8 -7.4623 9.6480
2 0.7382 -9.2553
3 -3.7943 2.7710
6 -1.6502 -0.8598
8 -7.4623 6.2669
1 4.9419 -9.6925
5 1.6318 0.7764
10 -5.9782 11.3009
8 8.0762 5.5460
8 -5.9641 6.2669
8 -5.9641 6.2669
6 2.7207 6.1037
8 -2.9832 -6.1392
1 -2.5106 -5.4583
8 -7.4623 9.6480
10 -5.9782 9.0642
4 -0.2469 3.0019
3 5.3327 -3.8585
7 11.0692 4.5709
2 -0.2469 3.0019
10 -9.4764 11.3009
8 3.7208 -2.2770
2 -0.2469 3.0019
6 6.6331 6.1037
6 2.7207 6.1037
4 -0.2469 3.0019
3 -3.7943 2.7710
7 -8.9596 -9.5385
7 11.0692 4.5709
5 -1.7804 -8.1858
3 -3.7943 2.7710
5 -1.7804 -8.1858
9 0.4759 5.4815
10 -5.9782 11.3009
9 -2.6129 -2.3944
3 -3.7943 2.7710
2 -0.2469 3.0019
3 -3.7943 2.7710
1 4.9419 -9.6925
6 8.0566 0.6079
9 0.3740 5.1102
7 7.9815 2.2857
5 6.2611 3.7542
3 -3.7943 2.7710
5 -1.7804 -8.1858
5 -6.9376 6.3781
9 0.4759 5.4815
4 -0.2469 3.0019
2 -9.1396 8.2356
8 -7.4623 9.6480
1 4.9419 -9.6925
7 -3.0872 -1.3859
1 4.9419 -9.6925
3 -9.5673 -9.6966
10 0.1664 9.0035
8 -5.9641 6.2669
3 -3.7943 2.7710
5 -1.7804 -8.1858
5 -1.7804 -8.1858
10 -5.9782 11.3009
3 7.6245 7.1082
3 -3.7943 2.7710
10 -5.9782 11.3009
2 -0.2469 3.0019
2 7.5819 7.3866
3 -4.5640 -6.9659
1 4.9419 -9.6925
2 -0.2469 3.0019
10 -5.9782 9.0642
