10 100
P 8.354934 4.256287 9.841240 9.000594
P -3.171508 -5.834112 0.487170 -3.846790
Z 2 -7.691953 -4.100522 2.103092 8.734349
P 0.707087 -2.590631 5.479419 -1.421519
P -5.605824 -9.610528 -1.847525 -4.890914
P -4.599953 -8.910401 -3.099561 -6.208579
P -5.637959 3.333269 -1.802480 5.716485
K 2.784201 9.734740 3.517690
Z 2 -3.171508 -5.834112 -2.798953 -6.762122
K -8.825416 -6.084292 4.230879
7 -5.637959 5.716485
8 -6.112439 -1.180525
7 -5.637959 5.716485
3 0.487170 -3.846790
8 0.469761 -7.196560
8 -9.119089 7.231666
8 9.546097 9.980568
8 2.784201 9.734740
2 0.763773 6.373814
2 6.524756 -1.811405
8 2.784201 9.734740
4 0.707087 -1.421519
1 -0.666731 5.279786
5 -8.741087 0.694912
8 -7.070759 8.129437
7 -5.637959 5.716485
9 1.691579 7.904272
4 4.862267 1.794802
8 2.784201 9.734740
4 3.870555 1.570267
4 1.106197 2.645957
7 -5.637959 5.716485
9 -4.545681 -4.398460
1 -1.871792 -8.493506
9 -3.171508 -5.834112
4 0.707087 -1.421519
8 2.784201 9.734740
7 -5.637959 3.333269
5 -1.847525 -4.890914
4 5.479419 -1.421519
6 -3.099561 -6.208579
10 -8.825416 -6.084292
4 5.479419 -2.590631
2 0.487170 -5.834112
6 -3.099561 -6.208579
2 0.487170 -5.834112
1 9.626748 6.496350
7 -5.637959 5.716485
7 -1.979722 7.299568
8 2.784201 9.734740
10 -8.825416 -6.084292
1 9.841240 4.256287
2 -6.190291 8.156184
6 -4.599953 -8.910401
2 0.487170 -3.846790
3 -4.217366 -4.994626
10 -8.825416 -6.084292
5 7.930624 4.624514
5 -7.053170 -1.051148
7 -5.637959 3.333269
6 -5.489610 -4.500323
3 -9.644965 -0.487295
2 -3.171508 -3.846790
10 -8.825416 -6.084292
8 3.863791 -4.562150
5 -5.605824 -9.610528
8 2.784201 9.734740
6 -4.599953 -8.910401
1 -4.158942 4.466988
7 -5.637959 5.716485
1 7.987422 -7.299566
4 5.479419 -1.421519
1 -0.314892 2.497575
3 -10.557009 -0.197802
3 -8.640134 0.326640
4 9.238146 7.080164
8 -8.412837 -6.014760
7 9.553062 6.592613
8 2.784201 9.734740
2 0.551050 -7.202307
5 -5.605824 -9.610528
6 -4.599953 -8.910401
6 -4.599953 -6.208579
2 0.487170 -3.846790
6 2.443646 0.157732
9 -5.814556 -8.363977
10 -8.825416 -6.084292
8 -1.975214 -1.890225
1 8.015095 2.854829
4 -1.108135 6.713700
5 -1.847525 -4.890914
8 2.784201 9.734740
6 -1.435971 7.365872
3 -11.522511 3.331182
10 5.803125 -4.192120
3 5.859765 2.115301
4 -1.120164 -6.019091
3 9.940484 2.462411
4 9.829893 -0.181803
5 -5.605824 -4.890914
3 -8.640134 0.326640
3 -8.640134 0.326640
4 0.707087 -1.421519
8 2.784201 9.734740
4 5.479419 -2.590631
1 -6.303091 -4.236338
3 0.487170 -3.846790
4 -7.523134 9.705299
5 -5.605824 -9.610528
3 -5.453495 -2.081323
