10 100
P -4.563736 -3.128099 0.117972 1.142502
Z 1 4.443891 -0.611156 -7.164852 1.885591
Z 2 0.581714 -2.490741 -6.137465 -4.828864
Z 1 -1.167331 6.860211 4.279917 1.173106
Z 1 9.745901 -6.008252 2.772966 -1.159479
P -5.141982 -6.806755 -2.711909 -2.753791
Z 1 -9.208583 -6.753930 -0.398887 -9.903050
K 5.506590 -8.120176 4.045259
P 8.785192 6.160108 12.333380 7.203155
K -0.525222 3.326604 2.355417
5 -2.433773 -2.730036
7 0.117972 -3.128099
4 8.756362 5.145963
10 -4.643752 -8.620881
7 -4.563736 1.142502
6 -7.767957 7.939593
5 0.117972 1.142502
2 0.117972 -3.128099
4 8.957975 9.823328
7 0.117972 1.142502
4 6.018857 6.696154
6 -2.711909 -6.806755
4 8.957975 9.823328
5 3.517587 -3.314092
9 12.333380 7.203155
6 -5.141982 -2.753791
6 9.022359 -8.767774
9 12.333380 7.203155
6 -5.141982 -2.753791
1 0.117972 -3.128099
3 1.347899 4.708527
1 -4.563736 1.142502
2 -5.158357 -8.854539
10 -0.525222 3.326604
2 -9.043980 -0.503503
6 -8.862460 8.344357
6 -2.711909 -2.753791
10 3.309799 -9.209115
9 12.333380 6.160108
8 9.782521 8.049914
5 -1.939123 4.916911
8 5.506590 -8.120176
5 0.117972 1.142502
2 -0.477143 -2.350460
6 -2.711909 -2.753791
2 -2.732450 5.386549
2 0.117972 1.142502
1 -4.563736 -3.128099
7 0.117972 1.142502
6 -5.141982 -2.753791
1 7.534915 2.360969
5 -8.055617 -2.856012
7 -4.563736 1.142502
7 7.188551 -5.793248
7 -4.563736 -3.128099
1 0.117972 -3.128099
8 5.506590 -8.120176
1 0.117972 -3.128099
2 -0.220497 -0.431226
10 3.101279 4.948304
8 5.506590 -8.120176
1 1.497535 8.299441
7 -4.563736 -3.128099
5 9.670691 5.142093
3 0.117972 -3.128099
9 12.333380 7.203155
2 -0.220497 -0.431226
7 0.117972 -3.128099
7 7.920399 -4.636074
1 0.117972 -3.128099
10 -6.474546 -8.877867
5 1.683588 4.350066
6 -2.711909 -6.806755
5 3.694168 2.014767
10 0.035224 0.309311
5 -4.563736 1.142502
5 -1.939123 4.916911
9 8.785192 6.160108
9 8.785192 7.203155
2 -0.220497 -0.431226
7 0.117972 1.142502
2 1.535282 3.461751
10 -0.525222 3.326604
6 -2.711909 -2.753791
2 -4.563736 -3.128099
3 -3.847881 -5.185284
5 -1.939123 4.916911
3 0.117972 1.142502
10 -0.525222 3.326604
6 -7.635928 -7.847994
7 -7.001147 -18.773310
6 -2.711909 -6.806755
10 7.210663 -7.797598
7 -7.914753 -12.502605
4 -9.034400 0.744600
8 5.506590 -8.120176
6 -5.141982 -6.806755
10 9.913050 -7.995836
8 4.177023 5.857921
5 3.694168 2.014767
3 -0.919621 -8.761712
8 5.506590 -8.120176
7 -7.914753 -12.502605
9 0.240577 -8.485131
5 2.064340 6.403622
9 8.785192 6.160108
6 -2.711909 -6.806755
9 12.333380 7.203155
4 0.117972 -3.128099
5 -1.939123 4.916911
