10 100
K -5.051518 -4.651496 4.660900
Z 1 7.925075 6.835074 0.256903 -5.900069
Z 1 -5.051518 -4.651496 -4.093815 -4.363739
P 1.862888 -7.832487 4.122571 -6.553907
Z 3 -5.051518 -4.651496 -6.042760 -4.783554
P -1.642158 5.944837 -0.449672 8.187807
Z 3 3.551883 2.486564 -4.200998 6.383829
Z 7 -0.036359 -7.779665 8.674121 5.421298
Z 3 -2.597028 -0.689241 -3.447133 -0.162628
Z 6 -4.312374 0.424517 0.850777 -9.366868
5 -5.051518 -4.651496
8 -5.051518 -4.651496
7 -5.051518 -4.651496
8 -5.051518 -4.651496
1 6.966494 2.609023
4 1.862888 -6.553907
7 -5.051518 -4.651496
3 -5.051518 -4.651496
2 -5.051518 -4.651496
10 -12.900411 1.622337
1 3.476039 -4.618083
9 -4.650296 -0.159270
3 -5.051518 -4.651496
6 4.181174 0.714900
3 -5.051518 -4.651496
1 -5.051518 -4.651496
1 -5.051518 -4.651496
1 -5.051518 -4.651496
5 -5.051518 -4.651496
7 -4.119990 3.768964
10 -1.642158 8.187807
5 -7.580968 -2.265958
8 18.019456 4.496912
5 0.670895 6.723046
6 -0.449672 8.187807
9 -5.051518 -4.651496
9 -5.051518 -4.651496
6 -0.449672 8.187807
6 -1.642158 8.187807
3 -5.051518 -4.651496
7 4.464506 0.176220
5 -5.051518 -4.651496
2 3.843848 -10.007634
4 1.862888 -7.832487
10 -6.377744 7.912553
2 3.843848 -10.007634
5 -0.157277 -3.770761
6 -1.642158 5.944837
10 -3.581441 1.684629
7 -5.051518 -4.651496
3 5.168112 3.403060
5 -5.051518 -4.651496
4 -0.660183 2.197304
4 4.122571 -6.553907
2 -0.351548 -7.855707
2 -5.051518 -4.651496
7 2.152225 8.902619
5 -9.392678 5.606518
3 1.949526 -7.106187
1 -5.051518 -4.651496
6 3.727483 7.668258
2 -5.051518 -4.651496
3 -8.445640 -9.916977
1 -5.051518 -4.651496
9 -5.051518 -4.651496
5 -5.051518 -4.651496
8 -1.224923 6.388800
4 4.122571 -6.553907
6 -0.449672 8.187807
5 -5.051518 -4.651496
7 4.148220 13.649663
7 -5.051518 -4.651496
3 -5.051518 -4.651496
5 0.513268 9.334780
9 4.213830 -0.966102
3 0.760632 -3.954554
8 -7.109764 1.362160
4 4.122571 -7.832487
9 -5.051518 -4.651496
9 -0.142537 3.273014
3 7.029232 -6.671339
2 3.843848 -10.007634
5 4.474325 -5.501125
10 -1.642158 8.187807
10 -1.642158 5.944837
6 -1.642158 5.944837
6 -6.128822 3.310104
7 6.001782 3.112091
9 -0.142537 3.273014
6 -7.356301 8.441019
1 -0.287027 -7.163324
10 -10.375957 1.339368
7 4.148220 13.649663
10 -0.449672 8.187807
1 3.536109 -3.881688
5 -5.051518 -4.651496
5 4.909000 4.127041
9 -5.051518 -4.651496
3 -5.051518 -4.651496
5 -0.269662 0.621966
7 4.148220 13.649663
6 -1.642158 5.944837
10 -0.449672 5.944837
10 -0.449672 5.944837
10 -0.449672 8.187807
6 -0.449672 8.187807
2 -5.051518 -4.651496
7 -1.920655 0.792162
6 2.856756 -0.285939
6 -0.449672 5.944837
