10 100
P 2.152667 5.670416 5.968055 7.976593
Z 1 1.626108 -4.799060 4.017300 -3.080373
K -2.663153 -7.687488 4.685872
Z 3 -1.689238 -12.271033 -0.711075 -12.063192
K -4.572995 -8.372186 1.781075
P -2.838462 2.306164 1.066535 4.705099
K -4.919403 5.548023 1.873435
K -1.687312 -3.450176 2.963025
P -6.180586 6.697439 -1.977851 9.177313
P 6.087987 9.870172 7.576048 12.147819
3 -2.663153 -7.687488
8 -7.788091 8.758851
6 1.066535 2.306164
3 -2.663153 -7.687488
1 5.968055 5.670416
4 7.111627 4.125381
5 -4.572995 -8.372186
1 1.138431 4.112568
6 1.066535 2.306164
7 -4.919403 5.548023
6 1.066535 2.306164
8 0.301857 5.067932
8 -1.687312 -3.450176
6 1.066535 4.705099
10 -4.071114 -7.718179
10 7.576048 9.870172
8 -1.687312 -3.450176
2 12.933462 -4.020483
9 -6.180586 9.177313
1 -0.648354 -4.141909
6 1.066535 4.705099
3 -3.222310 6.468659
2 0.495998 4.569502
2 5.968055 7.976593
2 4.128238 -1.569081
5 -4.572995 -8.372186
4 -0.715323 -16.854577
3 -2.663153 -7.687488
4 -2.663153 -7.687488
7 3.580324 6.312209
6 -7.195003 4.351174
2 12.933462 -4.020483
4 -4.359289 9.472920
8 2.197830 -2.711138
6 -2.838462 4.705099
7 -4.919403 5.548023
4 -2.663153 -7.687488
5 -4.572995 -8.372186
8 -1.687312 -3.450176
5 6.937454 -5.017385
8 5.578895 -4.870546
10 7.576048 12.147819
10 6.087987 12.147819
8 -1.687312 -3.450176
10 7.426411 -7.349983
10 7.576048 12.147819
5 2.233336 -2.974426
9 -6.180586 9.177313
7 -4.919403 5.548023
10 -8.042534 -3.855627
2 -9.992601 -5.979805
4 -0.715323 -16.854577
4 -5.786357 -6.157460
10 6.087987 9.870172
5 -4.572995 -8.372186
4 -2.976826 5.944695
8 -1.687312 -3.450176
6 -2.838462 4.705099
9 -1.977851 6.697439
10 6.651788 1.688390
5 -4.572995 -8.372186
5 -4.572995 -8.372186
10 7.576048 9.870172
3 -2.663153 -7.687488
8 -2.709964 3.087098
3 -2.663153 -7.687488
5 -4.572995 -8.372186
10 7.576048 12.147819
4 -7.466330 -6.648775
2 -9.060790 -4.486907
10 1.690000 -2.891562
10 6.386141 -9.293930
7 -4.919403 5.548023
1 -5.863041 9.930412
10 7.576048 9.870172
7 -4.919403 5.548023
8 -1.687312 -3.450176
8 -1.687312 -3.450176
5 -4.572995 -8.372186
2 13.903290 -8.371927
9 9.382161 0.965023
7 -4.919403 5.548023
1 5.968055 7.976593
6 -7.643684 -0.767427
7 2.917828 -2.083194
6 -2.838462 2.306164
10 7.576048 9.870172
10 3.301344 -5.207151
8 -1.687312 -3.450176
10 7.576048 12.147819
2 13.903290 -8.371927
5 -4.572995 -8.372186
6 -2.838462 2.306164
9 -6.180586 6.697439
7 -4.919403 5.548023
4 7.211316 5.826153
4 9.428723 -0.967656
1 -5.609703 8.753981
4 0.522502 1.148839
6 1.066535 4.705099
