10 100
P 7.584177 1.195658 9.128293 4.473628
P -8.054487 -9.682539 -3.378889 -7.133058
K -5.978491 7.384315 1.494363
P -4.638065 -5.990090 -2.151523 -1.409535
K -4.080865 -3.124047 2.546601
Z 1 -9.818216 -6.214980 -6.832425 -8.436981
Z 1 -7.816654 -6.255945 3.215823 -2.249416
Z 5 -4.080865 -3.124047 -5.035971 -2.827783
K 3.379984 8.170091 4.984597
K 5.301642 6.296589 4.326333
3 -7.4547 -6.1796
9 3.3800 8.1701
2 -8.0545 -9.6825
3 -5.9785 7.3843
3 9.7311 -7.4910
4 -2.1515 -1.4095
5 -4.0809 -3.1240
6 9.1283 1.1957
2 -6.3309 -5.0640
10 5.3016 6.2966
4 -9.2493 -2.0086
7 12.0646 -3.6118
4 1.9723 -9.3285
7 12.0646 -3.6118
1 2.2973 -5.4434
4 -4.6381 -5.9901
10 5.3016 6.2966
9 3.1093 -4.6506
3 -3.5222 0.9882
4 -4.6381 -1.4095
9 -9.8428 9.5863
9 3.3800 8.1701
6 5.9422 2.0864
4 -4.6381 -5.9901
8 -4.0809 -3.1240
9 3.3800 8.1701
6 2.3647 -8.1088
3 -3.8498 4.6082
1 -9.6889 -2.6780
6 8.0574 -3.6643
9 -3.6465 8.2321
6 -11.4763 -26.4915
4 -8.3899 2.7907
6 7.5842 4.4736
9 0.2081 -4.4015
9 -6.9300 7.7432
9 3.3800 8.1701
10 6.3744 1.6219
5 -4.0809 -3.1240
5 -1.0859 7.7022
3 -7.1593 -2.6814
5 -4.8642 -6.0913
8 4.1101 -9.3769
6 -14.6162 -27.4328
9 3.3800 8.1701
9 3.3800 8.1701
7 7.5842 1.1957
9 3.3800 8.1701
5 1.1406 8.0214
2 -8.0545 -9.6825
5 -4.0809 -3.1240
4 8.1563 -8.2311
7 7.5842 1.1957
7 7.8484 -0.2799
10 5.4164 -1.2392
1 7.5842 4.4736
5 -4.0809 -3.1240
10 5.3016 6.2966
1 7.5842 4.4736
6 6.7303 5.2587
4 -2.1515 -1.4095
3 -5.9785 7.3843
1 9.1283 1.1957
8 2.5155 -0.5626
10 -4.6776 1.2191
10 5.3016 6.2966
10 5.3016 6.2966
5 -4.0809 -3.1240
4 -2.1515 -5.9901
5 -4.0809 -3.1240
1 -4.9990 -0.9265
9 3.3800 8.1701
7 7.5842 1.1957
1 7.5842 4.4736
4 -2.1515 -5.9901
9 3.3800 8.1701
2 -3.3789 -9.6825
9 6.1010 -4.9279
1 9.1283 1.1957
8 -4.0809 -3.1240
10 5.3016 6.2966
10 5.3016 6.2966
10 5.3016 6.2966
5 -4.0809 -3.1240
5 1.6759 7.0444
9 1.1207 0.7130
10 5.3016 6.2966
8 -4.0809 -3.1240
4 -5.2300 -3.3072
10 5.3016 6.2966
8 -4.0809 -3.1240
1 9.1283 1.1957
5 6.3610 6.5363
3 -5.9785 7.3843
7 8.7769 -2.0886
4 9.9995 1.5404
3 -5.9785 7.3843
6 -3.0728 4.9922
10 5.3016 6.2966
10 5.3016 6.2966
