10 100
K -0.015482 -2.544923 4.438534
P -0.374269 5.811422 2.038524 10.008148
Z 2 9.541359 2.824779 2.321965 -7.645607
K -1.777667 -2.921668 2.161858
K -2.094018 4.731117 3.337474
K -8.619499 2.224580 2.445893
K 2.869134 1.895391 4.138922
K -0.326117 -7.025419 2.313273
K 2.492236 -5.646008 3.158756
P -9.580103 -3.969868 -7.259083 -2.025705
1 -0.0155 -2.5449
8 -0.3261 -7.0254
5 -2.0940 4.7311
5 -2.0940 4.7311
1 -0.0155 -2.5449
5 -2.0940 4.7311
4 -1.7777 -2.9217
1 -0.0155 -2.5449
6 -8.6195 2.2246
6 1.7984 -4.4308
2 2.0385 5.8114
5 -6.2142 -7.7533
1 -0.0155 -2.5449
1 -0.0155 -2.5449
10 -7.2591 -3.9699
7 2.8691 1.8954
9 2.4922 -5.6460
5 -2.0940 4.7311
8 -4.8635 -6.5679
6 -8.6195 2.2246
7 9.5326 4.1669
9 2.4922 -5.6460
8 -0.3261 -7.0254
6 -8.6195 2.2246
3 -3.2936 7.6597
9 2.4922 -5.6460
5 -2.0940 4.7311
9 5.7220 -6.0092
8 -0.3261 -7.0254
3 19.7808 -3.8889
10 -9.5801 -3.9699
9 -9.0216 3.6397
10 -1.9313 -5.4979
10 -9.5801 -3.9699
1 -0.0155 -2.5449
3 15.8583 -5.3810
10 -9.2586 3.3072
8 -0.3261 -7.0254
7 2.8691 1.8954
4 -1.7777 -2.9217
9 2.4922 -5.6460
4 0.0043 7.2312
4 -1.6105 6.8371
7 -7.3880 -9.9706
6 -8.6195 2.2246
5 -2.0940 4.7311
8 -0.3261 -7.0254
4 -9.2932 -6.7626
4 0.1439 -2.5364
3 2.0385 10.0081
10 -9.5801 -2.0257
7 -4.1347 5.0316
7 -7.1476 -3.0582
7 2.8691 1.8954
2 2.0385 10.0081
5 3.3707 -7.1880
6 -8.6195 2.2246
10 -7.2591 -2.0257
10 -7.2591 -2.0257
10 -9.5801 -3.9699
5 -6.4145 1.7006
3 -0.3743 5.8114
3 -9.8970 5.2051
3 15.8583 -5.3810
8 -0.3261 -7.0254
9 -2.5031 4.6715
6 -5.3755 -5.4332
8 -0.3261 -7.0254
3 2.0385 10.0081
6 3.7215 9.9424
5 -2.0940 4.7311
8 1.6118 3.8799
1 -0.0155 -2.5449
8 1.6119 4.6919
4 -1.7777 -2.9217
7 2.8691 1.8954
7 2.8691 1.8954
2 2.0385 5.8114
9 2.4922 -5.6460
3 -1.7558 -4.1066
8 7.7760 0.8811
2 -0.3743 10.0081
2 -0.3743 5.8114
5 -9.7875 -5.1640
5 -2.0940 4.7311
7 9.8333 -0.5043
9 2.4922 -5.6460
9 2.4922 -5.6460
2 -0.3743 5.8114
6 -8.6195 2.2246
8 -0.3261 -7.0254
3 2.0385 10.0081
1 -0.0155 -2.5449
5 -2.0940 4.7311
5 -2.0940 4.7311
1 -0.0155 -2.5449
5 -2.0940 4.7311
5 5.3063 0.5717
6 -8.6195 2.2246
2 2.0385 10.0081
