10 100
K -5.859267 -5.387543 3.873123
Z 1 -2.285057 -3.895530 -2.670279 -2.972706
K 6.347064 -8.855380 4.509326
Z 2 -6.069387 8.306492 1.312382 3.658257
P 1.073982 8.304846 4.386618 11.102219
K 7.831278 -5.485137 4.781382
Z 4 4.999682 -3.513949 5.286384 -2.555929
Z 3 -1.006007 -2.669502 9.965672 -2.580908
P 3.672193 1.964022 6.163968 6.924116
P -2.450516 -2.459347 1.171013 -0.601814
1 -5.859267 -5.387543
9 3.672193 1.964022
5 1.073982 8.304846
7 2.728767 1.380258
8 6.347064 -8.855380
6 7.831278 -5.485137
9 3.672193 6.924116
4 1.289153 -2.403516
3 8.117939 -5.868580
2 9.830201 4.800227
2 7.403181 -5.938778
9 6.163968 6.924116
9 6.285161 -1.248205
8 6.347064 -8.855380
5 1.073982 8.304846
5 1.073982 8.304846
9 6.163968 1.964022
4 -5.859267 -5.387543
10 1.171013 -2.459347
9 6.509020 4.827806
5 4.386618 11.102219
10 -2.450516 -0.601814
7 1.289153 -2.403516
10 -2.450516 -2.459347
1 -5.859267 -5.387543
2 1.289153 -2.403516
8 6.347064 -8.855380
10 9.061796 7.435026
10 1.171013 -2.459347
4 -5.859267 -5.387543
8 -1.602813 -5.079239
3 6.347064 -8.855380
8 6.246213 3.634311
9 3.672193 1.964022
3 0.357151 -1.084213
6 7.831278 -5.485137
5 1.073982 11.102219
7 -5.859267 -5.387543
5 4.386618 11.102219
10 7.628210 -4.822624
9 3.672193 1.964022
9 6.163968 1.964022
8 3.838129 -3.907763
5 4.386618 11.102219
6 7.831278 -5.485137
8 8.777381 -2.339153
8 6.347064 -8.855380
4 1.289153 -2.403516
6 7.831278 -5.485137
10 1.171013 -2.459347
4 -2.644877 0.381455
4 0.355624 5.217503
2 -5.859267 -5.387543
5 -2.647079 -9.874579
10 -2.450516 -0.601814
9 3.672193 1.964022
4 6.370783 14.034751
4 1.289153 -2.403516
10 1.171013 -2.459347
3 -9.499836 2.247868
6 9.990246 4.503548
2 -5.859267 -5.387543
4 6.768889 6.298742
6 7.831278 -5.485137
6 7.831278 -5.485137
2 1.289153 -2.403516
1 -5.859267 -5.387543
9 3.672193 1.964022
6 -3.307402 6.479109
2 1.289153 -2.403516
5 1.073982 8.304846
6 -8.768771 -1.399594
8 -3.494261 -5.487038
6 -8.281755 6.932165
10 1.171013 -2.459347
1 -5.859267 -5.387543
2 1.739951 1.821742
10 -0.831299 -0.488396
3 6.347064 -8.855380
5 4.386618 8.304846
4 6.370783 14.034751
3 6.347064 -8.855380
10 1.171013 -2.459347
1 -5.859267 -5.387543
4 -5.859267 -5.387543
4 6.768889 6.298742
7 8.445302 -8.919036
8 -3.389973 0.559993
4 6.326588 -5.001417
9 -1.375368 -1.042395
7 7.301959 -0.666329
4 6.768889 6.298742
8 6.347064 -8.855380
10 1.171013 -0.601814
8 -9.250804 6.519332
5 4.386618 8.304846
9 6.163968 6.924116
10 -2.450516 -0.601814
6 6.440698 6.678101
1 -5.859267 -5.387543
