10 100
P 0.646839 -3.978166 2.608748 -1.355758
P -3.222747 -5.680510 1.224254 -2.818830
P -6.654487 7.618288 -3.737008 10.441555
K -3.931937 -7.744502 2.103170
P -4.759590 -0.823151 -1.402685 2.992045
P -3.959894 6.637067 -0.472356 11.411316
Z 5 4.282733 0.718601 1.968952 2.442709
Z 7 1.974147 1.371796 -5.045970 9.828607
K -9.875151 0.645263 4.949704
Z 8 -5.542345 2.589081 -5.720611 4.495174
9 -8.330771 -8.346854
7 -4.978265 -2.040920
4 0.479102 9.730543
3 -4.779621 9.646780
2 -3.222747 -2.818830
4 -3.931937 -7.744502
9 -0.444735 9.981083
7 -0.481612 8.733160
1 2.608748 -1.355758
2 -3.222747 -5.680510
4 -3.931937 -7.744502
7 -1.402685 2.992045
1 0.646839 -3.978166
2 1.224254 -2.818830
4 -3.931937 -7.744502
5 -1.402685 -0.823151
2 -1.582319 5.344211
2 1.224254 -5.680510
1 9.484415 7.723185
7 -1.402685 -0.823151
5 -1.402685 -0.823151
5 -4.759590 -0.823151
2 -3.969106 2.397601
10 5.371069 7.586450
10 -9.893532 6.296802
2 -6.512951 -9.424044
3 -3.737008 7.618288
6 -3.959894 11.411316
5 -1.402685 -0.823151
4 6.017371 1.281714
4 -3.931937 -7.744502
2 -3.222747 -2.818830
10 -1.402685 -0.823151
5 -4.759590 -0.823151
4 -3.931937 -7.744502
9 -9.875151 0.645263
1 2.608748 -1.355758
6 -0.472356 6.637067
6 -0.472356 11.411316
6 -0.472356 6.637067
8 -4.759590 2.992045
7 -7.801080 -7.064525
5 -1.402685 2.992045
3 4.489937 -1.382583
7 0.478366 5.516446
4 -1.432249 -9.110253
8 -1.824355 3.604925
2 -3.222747 -2.818830
7 4.134232 6.607482
1 0.646839 -1.355758
4 3.172632 6.714106
9 -9.875151 0.645263
4 -3.931937 -7.744502
4 -3.931937 -7.744502
3 5.886797 5.979640
5 -5.648030 -6.131214
5 -4.759590 -0.823151
5 -1.290073 -0.280386
4 -3.931937 -7.744502
2 -3.222747 -2.818830
2 0.568990 -5.811936
3 2.159466 1.507252
5 -1.402685 2.992045
9 -1.208374 0.310952
7 -1.402685 -0.823151
7 6.677105 6.757878
8 -1.402685 2.992045
8 -3.569685 0.212353
7 -4.759590 2.992045
5 -4.759590 -0.823151
5 -4.759590 2.992045
6 -0.472356 6.637067
9 -9.875151 0.645263
5 -1.402685 -0.823151
7 -0.481612 8.733160
8 4.753163 4.286904
10 2.764226 -1.046785
5 -1.402685 -0.823151
10 2.696485 1.040632
4 -3.931937 -7.744502
3 -6.654487 10.441555
9 8.303673 -0.496811
8 9.242997 -4.052854
10 8.700135 0.739403
10 -1.402685 2.992045
10 3.266329 -9.491325
3 -3.737008 7.618288
3 -6.654487 7.618288
7 4.134232 6.607482
2 -9.061335 7.255814
3 -3.737008 7.618288
9 -9.875151 0.645263
3 -3.737008 10.441555
6 -6.825058 -7.859713
4 -3.931937 -7.744502
5 -9.567548 5.737015
4 -3.931937 -7.744502
5 -1.402685 2.992045
10 5.371069 7.586450
5 -4.759590 2.992045
