10 100
K 5.560691 -2.271775 3.965584
K 4.451377 7.940771 1.318096
Z 2 4.451377 7.940771 3.767039 7.211606
K 7.187229 1.914455 2.537999
Z 2 5.275066 8.969806 4.494368 9.594715
K -2.335088 -9.454661 3.088775
K 0.098192 0.728897 1.230131
Z 2 4.907240 6.704015 5.845530 7.049865
K -6.819269 5.773866 3.390043
K 6.700386 -9.980278 4.630680
9 -6.8193 5.7739
7 0.0982 0.7289
7 0.0982 0.7289
5 9.1605 -8.9665
5 4.4514 7.9408
5 1.0795 5.4731
1 5.5607 -2.2718
7 1.0018 7.1680
9 -6.8193 5.7739
6 -2.3351 -9.4547
2 4.4514 7.9408
3 -7.1541 -0.8704
7 0.0982 0.7289
5 4.4514 7.9408
9 2.0194 8.2912
2 4.4514 7.9408
5 4.4514 7.9408
1 4.4045 2.6007
2 4.4514 7.9408
3 4.4514 7.9408
3 -6.7185 7.0065
8 4.4514 7.9408
4 7.1872 1.9145
10 -5.0272 9.9964
4 7.1872 1.9145
9 -0.1631 5.7353
7 0.0982 0.7289
8 5.0389 -7.0482
7 -5.7934 7.5645
1 3.6170 -9.0869
5 4.4514 7.9408
3 -1.5129 -2.1108
10 6.7004 -9.9803
4 7.1872 1.9145
3 4.4514 7.9408
7 0.0982 0.7289
4 7.1872 1.9145
1 5.5607 -2.2718
7 6.9270 2.9610
6 -2.3351 -9.4547
5 6.0988 9.9988
5 4.4514 7.9408
5 6.0988 9.9988
10 6.7004 -9.9803
4 5.1116 2.2949
1 5.5607 -2.2718
3 4.4514 7.9408
10 6.7004 -9.9803
2 4.4514 7.9408
2 4.8545 -1.4425
3 4.4514 7.9408
10 4.6124 -7.4556
10 6.7004 -9.9803
10 6.7004 -9.9803
9 -6.8193 5.7739
10 3.9106 -9.1060
3 -8.8822 0.0077
4 -9.3661 -5.9130
2 4.4514 7.9408
3 3.6242 -9.1010
7 0.0982 0.7289
7 0.0982 0.7289
6 -2.3351 -9.4547
3 8.3143 -5.3813
3 4.4514 7.9408
10 6.7004 -9.9803
8 4.4514 7.9408
1 5.5607 -2.2718
10 -7.3167 4.7297
7 3.8131 -5.0436
4 2.7821 -0.1071
5 4.4514 7.9408
5 -5.0402 6.1949
10 3.4947 -9.1771
3 4.4514 7.9408
4 7.1872 1.9145
9 -6.8193 5.7739
6 -2.3351 -9.4547
2 4.4514 7.9408
8 5.3631 5.4673
2 4.4514 7.9408
2 4.4514 7.9408
3 4.4514 7.9408
8 5.3631 5.4673
6 -2.3351 -9.4547
7 0.0982 0.7289
6 -9.0274 3.7329
7 0.0982 0.7289
3 4.4514 7.9408
7 -3.7094 5.4869
8 4.4514 7.9408
1 5.5607 -2.2718
4 7.1872 1.9145
6 -2.3351 -9.4547
7 7.8583 6.3171
7 0.0982 0.7289
8 4.4514 7.9408
1 5.5607 -2.2718
1 8.4079 -1.1488
3 7.4512 -2.6907
