10 100
P -9.733942 -3.389261 -7.343871 -0.915886
P 8.889403 4.705801 10.413152 7.194847
Z 1 -7.343871 -3.389261 -8.157785 -2.808275
Z 2 7.916365 3.424885 1.021665 -0.725375
P 2.760064 -2.916476 6.074849 -0.169669
Z 3 -7.343871 -3.389261 -7.651738 -4.340690
P 8.120342 -1.987571 10.238070 1.325213
P -8.545783 -9.903682 -3.951744 -7.737831
P 7.522653 3.068290 9.359143 6.603336
P 3.761717 5.616746 8.441822 6.864268
8 -8.5458 -9.9037
7 8.1203 -1.9876
3 -8.1204 -1.1289
7 10.2381 -1.9876
2 10.4132 4.7058
4 11.7033 2.5202
4 11.7033 2.5202
9 7.5227 3.0683
6 -3.1668 -3.9981
6 -7.3439 -3.3893
10 3.7617 6.8643
2 8.8894 4.7058
10 8.4418 5.6167
1 -9.7339 -0.9159
8 -3.9517 -9.9037
9 9.3591 6.6033
9 9.3591 6.6033
10 8.4418 6.8643
7 10.2381 1.3252
5 -9.3831 -2.7760
3 -6.0086 6.4429
1 -9.7339 -0.9159
7 10.2381 -1.9876
10 4.4166 -0.3972
1 -9.7339 -3.3893
2 10.4132 7.1948
10 8.4418 6.8643
8 -3.4639 2.0206
2 8.8894 7.1948
1 -7.3439 -0.9159
6 -5.8949 -1.3847
7 10.2381 1.3252
4 10.4132 4.7058
7 10.2381 -1.9876
9 9.3591 3.0683
2 10.4132 4.7058
2 8.8894 7.1948
4 11.7033 2.5202
7 3.1183 9.5143
2 8.8894 7.1948
5 2.7601 -0.1697
2 8.8894 4.7058
9 5.5637 1.3057
10 -7.5389 -8.2819
5 4.7644 -9.4276
9 9.3591 3.0683
2 4.4949 -3.8287
4 10.4132 7.1948
9 7.5227 6.6033
10 3.7617 5.6167
2 10.4132 7.1948
3 -9.7339 -0.9159
1 -8.2808 5.5928
1 -9.7339 -3.3893
8 4.0002 7.6739
3 -9.6831 -4.1929
9 9.3591 3.0683
3 -7.3439 -0.9159
9 2.2106 7.0765
2 8.2246 1.3810
6 -5.8949 -1.3847
7 8.0356 5.1965
6 -3.7031 1.8436
7 2.1645 -1.2091
5 6.0748 -2.9165
6 -3.9579 -2.7849
9 1.5658 6.1284
10 8.4418 5.6167
3 -7.3439 -3.3893
3 1.6486 4.9410
5 2.7601 -2.9165
1 -9.7339 -0.9159
1 -7.3439 -0.9159
9 7.5227 3.0683
8 -8.5458 -7.7378
5 6.0748 -2.9165
9 9.3591 3.0683
9 7.5227 6.6033
3 -8.1204 -1.1289
8 -8.5458 -7.7378
4 10.4132 7.1948
4 8.8894 4.7058
8 9.9170 4.3332
1 -9.7339 -0.9159
5 2.7601 -2.9165
6 -7.3439 -3.3893
4 -8.5183 -3.0051
10 3.7617 6.8643
4 5.5302 3.8133
1 -9.7339 -3.3893
3 -7.3439 -3.3893
1 7.3304 -8.4814
7 3.3568 5.5217
3 -9.6831 -4.1929
6 -3.8411 0.8116
2 9.8645 -1.2527
9 7.5227 6.6033
10 5.6720 -6.2607
10 -9.8423 -7.4303
9 9.3591 3.0683
