10 100
P 6.472972 0.981493 10.629209 4.803664
Z 1 0.870240 7.198632 2.631657 7.549106
K 0.548711 -8.759864 2.184749
Z 3 0.548711 -8.759864 1.443196 -8.312766
P 0.653567 4.425020 4.010059 6.898160
K 4.296345 -4.569681 3.433100
K -4.977859 -8.499675 1.217289
K 0.818098 -0.205005 1.077003
K -9.172674 -8.175536 2.880928
Z 3 -1.568006 -9.300824 -1.320399 -10.269685
7 -4.977859 -8.499675
8 0.818098 -0.205005
10 0.548711 -8.759864
5 0.520230 8.594250
2 -6.398456 7.793300
10 -3.684724 -9.841784
6 -2.815720 -7.350651
8 -0.963731 4.991517
9 -7.203122 1.005725
4 0.548711 -8.759864
5 -8.881236 5.595123
4 0.548711 -8.759864
8 0.818098 -0.205005
10 -6.374188 0.377393
1 10.629209 0.981493
7 -4.977859 -8.499675
9 -3.349371 -7.485792
3 0.548711 -8.759864
4 0.548711 -8.759864
7 -4.363223 -3.913897
8 0.818098 -0.205005
10 -3.684724 -9.841784
8 0.818098 -0.205005
10 -3.684724 -9.841784
4 0.548711 -8.759864
7 1.453169 -9.511766
7 4.508588 -9.097256
2 8.955675 0.272477
5 0.653567 4.425020
8 0.818098 -0.205005
2 10.629209 0.981493
9 -9.172674 -8.175536
8 0.818098 -0.205005
1 10.629209 4.803664
5 7.593172 2.488325
3 0.548711 -8.759864
9 1.106089 0.975973
2 8.969147 13.146829
8 0.818098 -0.205005
2 7.506055 16.677884
9 -9.172674 -8.175536
8 0.818098 -0.205005
5 4.010059 6.898160
5 0.653567 6.898160
7 -4.977859 -8.499675
6 4.296345 -4.569681
8 0.818098 -0.205005
1 10.629209 4.803664
1 6.472972 4.803664
4 0.548711 -8.759864
9 -9.172674 -8.175536
5 6.580515 -1.410739
6 9.075829 2.918780
10 0.548711 -8.759864
3 0.548711 -8.759864
1 6.472972 4.803664
1 -3.436341 -9.863463
9 -9.172674 -8.175536
9 -6.043194 -5.534821
7 -4.977859 -8.499675
4 0.548711 -8.759864
3 0.548711 -8.759864
6 4.296345 -4.569681
7 0.144107 1.060102
2 6.472972 0.981493
6 -9.911154 4.459766
7 2.973149 2.571494
5 0.653567 6.898160
2 1.138572 9.793120
9 -9.172674 -8.175536
7 -4.977859 -8.499675
8 0.818098 -0.205005
8 0.818098 -0.205005
8 0.818098 -0.205005
7 -4.977859 -8.499675
5 4.010059 4.425020
5 -7.533084 1.630180
4 -9.459676 -9.696587
2 1.856751 1.392776
3 0.548711 -8.759864
5 4.010059 6.898160
9 -9.172674 -8.175536
3 0.548711 -8.759864
9 -9.172674 -8.175536
7 -4.977859 -8.499675
1 10.629209 0.981493
5 4.010059 6.898160
9 -9.172674 -8.175536
5 0.653567 4.425020
7 -4.977859 -8.499675
2 8.969147 13.146829
2 7.781841 -2.201633
6 -7.243848 3.072215
10 0.548711 -8.759864
2 6.472972 0.981493
10 -3.684724 -9.841784
5 0.653567 6.898160
1 10.629209 0.981493
6 -4.130454 -3.075693
3 0.548711 -8.759864
