10 100
P -9.832137 5.082872 -8.595306 9.804642
K -4.944544 -7.496217 1.733223
P 4.257087 -4.293529 7.247767 -2.729520
P -8.732769 -8.156363 -4.541288 -5.482831
Z 3 8.619182 -4.849404 -7.471086 4.442207
K -7.755094 -0.468112 1.124560
Z 5 7.026056 1.192602 4.323849 -3.601138
K -0.208622 7.730845 1.725922
P 7.470913 -0.579899 10.740477 4.369329
P 1.416610 4.324054 5.124714 9.136524
1 -3.4977 7.5687
7 7.2478 -2.7295
4 -8.7328 -5.4828
7 5.9573 -1.3492
5 4.6027 -2.1310
1 -9.8321 5.0829
1 -9.8321 9.8046
3 4.2571 -2.7295
6 4.4685 -3.9237
6 -7.2455 -7.7177
8 -0.2086 7.7308
1 -3.0861 -0.7793
10 1.4166 4.3241
5 4.2571 -2.7295
6 -2.5792 -6.0915
8 -3.5651 9.2929
2 2.9546 4.2389
7 7.0758 -3.4063
8 -0.2086 7.7308
1 -3.4653 -1.8129
8 -0.2086 7.7308
2 -6.2853 6.0351
7 -6.7047 7.6872
8 -2.4781 4.5297
3 -1.5218 6.7012
1 -9.8321 5.0829
7 4.2571 -4.2935
1 -8.5953 5.0829
6 -7.7551 -0.4681
6 -7.7551 -0.4681
7 7.2478 -2.7295
1 -8.5953 5.0829
6 -7.7551 -0.4681
10 1.4166 9.1365
9 10.7405 4.3693
4 -1.3096 3.6864
1 -9.8321 9.8046
3 7.2478 -2.7295
2 -0.2540 -5.9429
1 2.3720 -2.3892
10 1.4166 9.1365
8 -8.4346 7.1931
5 4.2571 -4.2935
1 -9.8321 5.0829
3 4.2571 -4.2935
6 -7.7551 -0.4681
1 -9.8321 5.0829
5 -7.9893 5.7152
1 -9.5932 -9.2852
5 4.2571 -2.7295
6 -2.4622 -5.3353
4 7.6073 -1.7786
6 -6.4459 -4.3523
4 -4.5413 -8.1564
9 7.4709 -0.5799
2 -2.8514 0.7070
2 4.9324 1.1588
10 1.4166 9.1365
8 -0.2086 7.7308
10 1.4166 4.3241
10 -4.6985 5.3000
10 1.4166 9.1365
7 4.2571 -4.2935
4 -1.9299 5.6696
7 2.2177 -1.4581
3 4.2571 -2.7295
2 -4.9445 -7.4962
2 -4.9445 -7.4962
2 -4.9445 -7.4962
6 7.8724 -5.9502
7 4.5809 -7.8385
4 -4.5413 -8.1564
3 -2.0173 -2.0617
9 10.7405 -0.5799
3 -5.6299 7.2879
1 -9.8321 9.8046
10 -9.9354 2.2377
10 1.4166 9.1365
4 -4.5413 -8.1564
4 -5.8780 3.8518
1 -7.4039 1.7293
1 -8.5953 5.0829
7 4.6027 -2.1310
5 9.6617 1.6962
4 -7.2122 6.0985
6 -7.7551 -0.4681
7 9.7753 -1.0165
5 -1.8356 -8.6342
2 -4.9445 -7.4962
2 -4.9445 -7.4962
10 5.1247 4.3241
1 -8.5953 5.0829
4 -3.7744 -4.6862
1 -8.5953 9.8046
7 3.5557 -0.6483
8 -0.2086 7.7308
2 -3.5749 3.4518
5 7.4522 -3.9395
7 2.4472 -2.6635
1 -6.3606 8.4925
