10 100
P 7.588582 -6.648816 10.070191 -5.294579
Z 1 -7.920634 5.271965 6.531286 7.204324
Z 2 1.939168 -5.849931 2.755212 1.992168
K 4.422045 -2.544390 1.638925
Z 4 5.473885 -3.801254 6.240768 -3.159467
P 4.384867 9.556660 6.619861 13.655679
K 6.266919 3.102472 2.362374
Z 1 10.070191 -6.648816 10.370200 -5.694880
K 0.676412 -6.439195 2.446572
K 0.843001 -3.067104 3.113945
5 6.5257 -5.0581
6 4.4692 8.0920
7 6.2669 3.1025
5 -0.5967 -8.6167
3 4.2677 19.5419
7 6.2669 3.1025
5 4.4220 -2.5444
9 0.6764 -6.4392
8 -6.7313 -5.9716
5 4.4220 -2.5444
10 3.4995 3.8011
10 0.8430 -3.0671
4 4.4220 -2.5444
4 4.4220 -2.5444
1 8.7790 -0.4797
2 -0.4915 8.1361
3 5.5056 20.6828
5 4.4220 -2.5444
1 6.7211 9.3931
5 6.5257 -5.0581
4 4.4220 -2.5444
3 6.3063 21.5006
9 6.1092 -0.1703
4 4.4220 -2.5444
6 6.6199 13.6557
3 5.5056 20.6828
2 0.3500 7.0841
10 1.9945 2.7943
1 10.0702 -5.2946
5 -6.7282 -2.8277
1 10.0702 -6.6488
4 4.4220 -2.5444
3 -3.9630 -6.9930
8 10.0702 -5.2946
3 3.1484 6.2776
10 0.8430 -3.0671
5 4.4220 -2.5444
5 6.5257 -5.0581
8 10.0702 -6.6488
10 4.9860 -8.4834
3 -3.4749 -4.1433
4 4.4220 -2.5444
3 -1.5455 4.1737
8 10.0702 -6.6488
9 0.6764 -6.4392
10 0.8430 -3.0671
7 -8.4286 2.5369
7 6.2669 3.1025
5 6.5257 -5.0581
5 1.3440 5.2247
9 0.6764 -6.4392
8 12.8802 -6.9588
5 6.5257 -5.0581
8 -3.5539 9.6734
1 7.5886 -5.2946
5 4.4220 -2.5444
8 10.8453 -5.5384
1 7.5886 -5.2946
1 7.5886 -6.6488
2 6.3063 21.5006
6 6.6199 9.5567
7 1.0589 -8.0952
1 10.0702 -6.6488
2 7.5886 -6.6488
2 3.8372 -2.7149
9 0.6764 -6.4392
10 0.8430 -3.0671
2 9.2322 9.3980
5 4.4220 -2.5444
5 6.5257 -5.0581
3 4.2677 19.5419
7 0.7175 -9.3658
10 0.8430 -3.0671
4 4.4220 -2.5444
7 6.2669 3.1025
5 4.4220 -2.5444
5 4.4220 -2.5444
9 0.6764 -6.4392
1 7.5886 -5.2946
6 4.3849 9.5567
2 6.3063 21.5006
6 6.6199 13.6557
5 4.4220 -2.5444
1 7.5886 -6.6488
5 6.5257 -5.0581
9 -3.2633 3.6880
3 -5.9033 -3.6324
10 0.8430 -3.0671
9 0.6764 -6.4392
2 6.3063 21.5006
10 0.8430 -3.0671
8 12.1051 -8.0692
6 4.3849 13.6557
9 -4.7763 9.1011
1 7.5886 -5.2946
2 6.6621 20.1939
1 10.0702 -5.2946
1 7.5886 -5.2946
3 -3.7537 -5.4685
2 6.3063 21.5006
