10 100
K 9.033203 8.897250 3.477789
K -3.555276 -0.337588 3.590344
K -1.503479 8.745546 4.307804
P -6.321436 4.649204 -2.634118 8.845494
K -1.435474 8.796081 3.862010
K -0.016122 -6.228554 1.591823
P -7.835775 -5.406578 -4.271881 -2.925059
P -0.123277 2.368131 4.779979 3.963410
P 6.859235 -6.938364 11.824203 -3.017015
Z 6 -0.016122 -6.228554 -1.014435 -6.170494
5 -5.0788 9.4851
8 4.7800 3.9634
8 4.7800 2.3681
5 5.0022 -0.2451
3 -1.5035 8.7455
6 -2.2897 6.8388
8 -2.7773 8.9362
4 -6.3214 4.6492
5 -6.4754 6.9401
6 -3.4434 3.7024
1 9.0332 8.8972
7 -4.2719 -5.4066
2 5.9645 -0.6438
6 -0.0161 -6.2286
5 -1.4355 8.7961
4 -0.4307 0.9647
6 -0.0161 -6.2286
10 -0.0161 -6.2286
9 6.8592 -3.0170
8 -5.3415 8.2183
9 1.5905 -5.3498
2 2.9963 9.6516
1 9.0332 8.8972
3 -1.5035 8.7455
4 -2.6341 4.6492
4 -5.1727 0.2506
10 -0.0161 -6.2286
2 -3.5553 -0.3376
7 -5.4645 5.8647
7 -4.2719 -5.4066
4 -6.3214 4.6492
2 -3.5553 -0.3376
2 -6.7761 -4.2055
4 -2.6341 4.6492
4 -2.6341 4.6492
6 -2.2196 4.9979
9 11.8242 -6.9384
8 -0.1233 2.3681
1 9.0332 8.8972
9 11.8242 -3.0170
10 -0.0161 -6.2286
6 -9.5073 -5.1156
7 -8.6129 1.5854
10 -0.0161 -6.2286
3 -1.5035 8.7455
3 6.7266 -6.5860
10 -0.0161 -6.2286
9 -1.8805 6.4949
9 -4.1218 -7.4063
3 -1.5035 8.7455
7 -4.2719 -5.4066
8 5.2867 3.5268
7 5.2186 4.9276
5 -1.4355 8.7961
7 8.9566 -7.9273
3 5.7446 4.8080
5 -1.4355 8.7961
1 9.0332 8.8972
4 -1.6839 -3.8452
3 -1.5035 8.7455
1 9.0332 8.8972
3 -1.5035 8.7455
5 -1.4355 8.7961
9 6.8592 -6.9384
2 5.1232 3.4524
1 9.0332 8.8972
3 -1.5035 8.7455
5 -1.4355 8.7961
7 7.3487 -9.1534
4 -6.3214 8.8455
9 6.8592 -6.9384
5 -1.4355 8.7961
7 3.4716 -1.2943
4 7.9540 -1.1646
5 3.5334 -7.8224
10 -0.0161 -6.2286
5 -1.4355 8.7961
3 8.4779 -2.6242
10 -4.9123 9.6815
8 -0.1233 2.3681
10 -0.0161 -6.2286
5 -1.4355 8.7961
6 -0.0161 -6.2286
4 -5.2826 -3.3062
9 -3.7622 1.1724
1 -8.5391 5.8931
4 8.9791 -5.1234
4 -6.3214 4.6492
6 -0.0161 -6.2286
6 6.8777 1.4007
1 1.6465 2.0676
5 -7.7118 1.8615
3 -1.5035 8.7455
1 9.0332 8.8972
6 -0.0161 -6.2286
6 -0.0161 -6.2286
3 -1.5035 8.7455
8 -0.1233 2.3681
7 2.6201 1.6018
5 -0.1882 -0.4778
