10 100
K -4.494535 -3.458256 3.635959
Z 1 -8.231498 4.365943 4.046501 4.178679
K 0.992251 9.149348 2.010477
P -4.071303 -1.726592 -0.538974 2.297131
P 7.060663 -5.096956 10.099883 -2.001185
K -6.190515 4.591323 3.082709
K -7.893645 -3.070795 1.924717
Z 6 -4.131138 6.885240 -4.875261 7.553282
P -1.644058 4.337162 1.587331 5.671199
P 9.041268 4.963231 11.379269 6.425640
1 -4.4945 -3.4583
1 -4.4945 -3.4583
3 0.9923 9.1493
7 -7.8936 -3.0708
3 -6.0713 4.0136
3 0.9923 9.1493
9 1.5873 5.6712
7 8.7723 6.9460
10 11.3793 6.4256
4 -0.5390 2.2971
5 10.0999 -2.0012
2 -4.4945 -3.4583
10 -7.2455 2.7777
8 -2.0718 9.1792
7 5.8780 -2.8722
3 -3.5229 -1.8867
2 -4.2577 12.0725
1 -4.4945 -3.4583
7 -7.8936 -3.0708
7 -7.9784 -6.1545
9 1.5873 5.6712
3 0.9923 9.1493
2 9.6992 -2.9702
2 -4.4945 -3.4583
1 -2.4167 5.8539
2 -4.2577 12.0725
6 -5.7930 3.8654
2 -4.4945 -3.4583
4 -4.0713 2.2971
5 10.0999 -2.0012
5 7.0607 -5.0970
2 -5.3344 -8.0098
7 5.6318 3.8700
2 -4.2577 12.0725
3 0.9923 9.1493
4 -0.5390 2.2971
8 -9.2088 6.4714
10 11.3793 6.4256
7 -7.8936 -3.0708
3 0.9923 9.1493
6 -6.1905 4.5913
8 -6.1905 4.5913
6 5.6506 -8.6893
5 7.8094 7.1632
2 -4.2577 12.0725
8 -2.0718 9.1792
5 7.0607 -5.0970
9 -1.6441 5.6712
3 2.3692 5.7508
6 -6.1905 4.5913
4 -4.0713 2.2971
7 -7.8936 -3.0708
8 -2.0718 9.1792
3 1.4403 -4.2665
10 1.4466 3.4422
1 -4.4945 -3.4583
6 -6.1905 4.5913
8 -6.1905 4.5913
5 -2.0715 7.6516
8 -0.1892 0.9065
8 -6.1905 4.5913
4 -0.5390 -1.7266
4 -4.0713 -1.7266
7 -7.8936 -3.0708
5 10.0999 -2.0012
10 -2.2472 -3.9737
9 1.4870 3.1497
3 -3.3257 -3.9368
4 -4.0713 -1.7266
10 3.7553 -7.5400
10 11.3793 6.4256
7 -7.8936 -3.0708
4 -0.5390 2.2971
3 0.9923 9.1493
7 -7.8936 -3.0708
7 -7.8936 -3.0708
4 -0.5390 -1.7266
6 -6.1905 4.5913
5 -7.0636 3.3657
7 -7.8936 -3.0708
10 9.0413 6.4256
3 0.9923 9.1493
4 -4.0713 -1.7266
4 3.4161 -7.4174
8 -2.0718 9.1792
6 -5.3324 -4.8379
8 -2.0718 9.1792
9 1.5873 4.3372
7 -7.8936 -3.0708
9 1.5873 5.6712
9 -1.6441 4.3372
6 -6.1905 4.5913
7 -7.8936 -3.0708
4 -8.5615 -9.1797
5 6.6791 8.0240
10 11.3793 6.4256
10 11.3793 6.4256
7 -7.8936 -3.0708
3 0.9923 9.1493
3 9.2731 -0.1038
