10 100
P -4.226749 7.918375 -3.100933 12.717358
Z 1 -3.100933 12.717358 -3.284857 13.700298
K -7.828559 5.739994 4.892148
P -0.857653 -8.463386 2.857272 -4.718590
K -4.991048 3.534526 2.774405
Z 5 -9.723745 9.693920 1.369226 -8.949080
Z 2 -3.100933 7.918375 -2.532831 7.095417
P 8.415502 9.560270 13.326298 12.725459
P 2.362228 -2.281742 5.588030 1.912239
Z 1 2.402740 -7.186386 -3.858361 4.676794
5 -4.991048 3.534526
2 -3.100933 12.717358
4 -8.741499 8.518033
9 2.362228 -2.281742
5 -4.991048 3.534526
9 5.588030 -2.281742
9 5.588030 -2.281742
7 -3.100933 7.918375
5 -4.991048 3.534526
1 -3.100933 12.717358
3 -7.828559 5.739994
4 2.857272 -4.718590
9 8.062176 4.918141
7 -7.588212 9.619716
4 2.857272 -8.463386
2 -3.100933 12.717358
3 9.376670 -7.091691
2 -3.100933 7.918375
10 -6.961965 5.880615
10 -6.326695 6.810074
4 2.857272 -8.463386
5 -4.991048 3.534526
3 -7.828559 5.739994
3 -7.828559 5.739994
2 -3.100933 12.717358
3 9.231093 -1.330612
7 -7.588212 9.619716
1 -3.100933 12.717358
7 -4.019685 6.411001
6 -4.991048 3.534526
5 -4.991048 3.534526
9 2.362228 1.912239
3 -7.828559 5.739994
9 5.588030 -2.281742
6 -4.991048 3.534526
5 -4.991048 3.534526
5 -4.991048 3.534526
10 8.276668 4.869081
3 -7.828559 5.739994
1 -3.100933 7.918375
9 5.588030 -2.281742
4 -0.857653 -8.463386
10 -3.100933 7.918375
9 2.362228 -2.281742
7 5.390927 4.397158
5 -4.991048 3.534526
4 2.857272 -4.718590
6 -4.991048 3.534526
5 -4.991048 3.534526
3 -7.828559 5.739994
6 -4.991048 3.534526
4 2.857272 -4.718590
4 -0.857653 -4.718590
10 -4.226749 7.918375
4 -5.427561 8.411017
10 -4.226749 7.918375
9 5.588030 -2.281742
6 -8.774128 8.531748
2 -1.365749 8.243057
9 5.588030 1.912239
5 -4.991048 3.534526
4 2.105387 -2.039242
9 2.362228 1.912239
9 2.362228 -2.281742
9 6.236736 5.064789
2 -3.100933 12.717358
9 9.877980 -0.560417
8 8.415502 12.725459
2 -1.365749 8.243057
6 -4.991048 3.534526
1 1.262308 -4.991059
8 8.415502 9.560270
2 7.980180 -8.656004
9 5.588030 1.912239
2 -3.100933 7.918375
10 -3.100933 7.918375
2 -2.051286 13.124423
8 -1.459678 6.148390
3 -7.828559 5.739994
7 -7.588212 9.619716
9 5.588030 -2.281742
5 -4.991048 3.534526
8 8.415502 12.725459
8 13.326298 12.725459
3 -7.828559 5.739994
5 -2.467615 4.058848
9 5.588030 1.912239
5 -4.991048 3.534526
3 -7.828559 5.739994
3 -7.828559 5.739994
3 -7.828559 5.739994
1 -3.100933 7.918375
5 5.568683 1.157430
6 -4.991048 3.534526
3 -7.828559 5.739994
4 9.058819 -4.921909
3 -7.828559 5.739994
9 2.362228 -2.281742
2 -8.875220 -4.903223
8 8.415502 9.560270
