10 100
K 9.557721 0.617585 2.893875
Z 1 -7.960596 0.179724 8.908020 5.452269
P 8.048263 -8.142004 11.599064 -5.317289
Z 3 5.284829 0.110022 2.487428 -4.918778
Z 4 9.737984 0.049866 4.423047 6.714444
K -9.301334 -3.844786 1.092834
K -9.032998 -0.641921 2.671757
Z 1 9.557721 0.617585 10.453048 0.172175
P -3.076334 -4.949764 0.282751 -3.636278
Z 4 -2.131560 6.227938 7.858265 1.670251
3 -8.544620 3.342580
1 0.981668 -4.922441
4 4.694091 -3.312769
2 9.557721 0.617585
2 0.327150 -2.503972
9 0.282751 -4.949764
6 9.037282 7.842949
8 9.557721 0.617585
3 -9.569108 -1.889335
5 -2.293006 9.599773
7 -9.032998 -0.641921
4 -3.183746 -1.893906
6 -9.301334 -3.844786
8 9.557721 0.617585
1 9.557721 0.617585
7 9.251821 -5.033667
1 9.557721 0.617585
6 3.089735 0.174256
1 6.348168 1.411161
5 -2.656337 2.612649
6 -9.301334 -3.844786
5 18.100469 -0.125464
9 -5.321984 1.241175
4 8.048263 -5.317289
7 7.057770 5.372561
3 11.599064 -8.142004
1 4.953120 5.869053
8 -3.113979 -9.185811
8 -4.807878 -5.743137
5 1.288848 -8.282076
2 -6.942371 4.345907
6 -9.301334 -3.844786
2 6.688753 9.796361
2 9.557721 0.617585
10 3.312911 12.345877
5 14.508122 12.215192
9 -3.076334 -4.949764
6 -9.301334 -3.844786
2 6.688753 9.796361
4 8.048263 -8.142004
9 0.282751 -3.636278
10 -2.656337 2.612649
3 11.599064 -5.317289
8 9.557721 0.617585
1 9.557721 0.617585
9 0.282751 -3.636278
3 8.048263 -8.142004
8 9.557721 0.617585
3 11.599064 -5.317289
7 -9.032998 -0.641921
3 0.640675 -7.906447
8 4.849295 2.806449
8 9.557721 0.617585
7 -9.032998 -0.641921
7 -9.032998 -0.641921
2 4.418127 -0.431311
10 -0.192961 11.782807
6 -9.301334 -3.844786
4 3.280726 -4.674582
6 -9.301334 -3.844786
4 6.168116 -3.577298
4 11.599064 -5.317289
3 8.048263 -5.317289
5 -0.783762 -0.404245
5 0.406983 -0.106291
1 -4.941124 2.757978
4 -4.179132 0.185632
1 9.557721 0.617585
10 -0.783762 -0.404245
5 0.556657 4.844140
8 9.557721 0.617585
9 -3.076334 -4.949764
5 11.983503 14.712087
8 9.557721 0.617585
4 -5.056321 1.122988
10 11.599064 -5.317289
4 -2.656337 2.612649
1 9.557721 0.617585
8 9.557721 0.617585
10 8.048263 -5.317289
8 9.557721 0.617585
10 8.199804 8.359667
5 -0.646009 1.495030
3 6.125688 7.365675
2 6.954168 7.587459
1 9.557721 0.617585
1 9.557721 0.617585
9 -3.076334 -4.949764
5 11.599064 -5.317289
4 2.108225 8.829510
6 -9.301334 -3.844786
3 11.599064 -5.317289
7 -9.032998 -0.641921
1 -0.878605 -0.655758
10 8.048263 -5.317289
9 8.121963 8.949832
3 8.048263 -8.142004
3 11.599064 -8.142004
9 -1.173096 -1.189709
7 1.421544 0.509601
