10 100
K 9.589607 8.334606 3.916752
P 2.579222 0.095475 4.574420 2.125941
P -9.858414 1.996549 -5.093326 3.971822
K 0.903840 -4.053288 2.552263
P -3.648042 7.708732 0.242602 9.868988
Z 5 3.090691 -3.330837 -6.271855 1.306705
P 5.740277 6.405776 9.427737 7.780793
K -1.064598 -9.683490 4.911112
K 8.480956 -2.735477 4.802335
Z 6 0.019473 1.891839 7.435641 -2.382765
2 6.6326 7.5107
10 -3.6480 7.7087
3 7.5192 -4.8357
5 -3.6480 7.7087
7 -7.7258 -0.5779
5 -0.5484 -6.9818
5 -4.0409 5.2604
5 -3.6480 7.7087
9 8.4810 -2.7355
10 4.9107 15.3052
5 0.2426 9.8690
10 -5.8348 -4.3898
6 -3.6480 9.8690
8 -1.0646 -9.6835
6 -11.4931 -5.9690
3 -5.0933 3.9718
3 -9.8584 1.9965
2 2.5792 0.0955
1 -5.4215 9.3182
7 8.0749 -0.9588
5 0.2426 9.8690
5 0.2426 9.8690
8 4.6444 3.5550
5 8.2383 -9.3845
8 -1.0646 -9.6835
1 9.5896 8.3346
2 2.5792 2.1259
1 9.5896 8.3346
1 9.5896 8.3346
7 5.7403 7.7808
5 0.2426 7.7087
4 6.6433 -5.4799
4 -2.7379 5.0229
4 -6.1337 3.6021
7 9.4277 7.7808
6 4.8564 1.7507
8 -1.0646 -9.6835
7 9.4277 6.4058
4 0.9038 -4.0533
1 9.5896 8.3346
5 3.0238 8.7446
2 2.5792 0.0955
6 -2.7527 7.2662
9 8.4810 -2.7355
6 -9.1354 -9.0640
3 -5.0933 1.9965
1 9.5896 8.3346
9 8.4810 -2.7355
10 5.2155 9.0181
2 4.5744 0.0955
9 -3.7070 4.4505
1 9.5896 8.3346
2 8.3591 7.1264
4 0.9038 -4.0533
8 -1.0646 -9.6835
8 -1.0646 -9.6835
6 -9.7746 -4.6600
2 2.5792 2.1259
10 -6.7713 -2.2998
4 0.9038 -4.0533
5 1.2561 -9.0483
1 9.5896 8.3346
7 5.7403 6.4058
5 0.2426 7.7087
6 -0.0843 -7.5791
5 -3.6480 7.7087
6 -3.6480 7.7087
3 -9.8584 3.9718
10 0.2426 7.7087
5 0.2426 9.8690
10 4.9107 15.3052
4 8.4524 -6.7258
8 -1.0646 -9.6835
3 -5.0933 1.9965
5 -3.6480 9.8690
7 5.7403 7.7808
9 8.4810 -2.7355
7 -7.2643 1.8428
2 4.5744 2.1259
5 0.2426 9.8690
10 2.3577 -9.2641
3 -5.0933 1.9965
10 4.6393 13.1620
4 7.2688 -3.8012
10 -6.8522 2.1496
8 -1.0646 -9.6835
1 -4.7845 -9.8478
2 4.5744 0.0955
2 4.5744 2.1259
9 8.4810 -2.7355
5 -3.6480 7.7087
1 9.5896 8.3346
1 2.6964 -4.4182
2 2.5792 0.0955
4 0.9038 -4.0533
8 -1.0646 -9.6835
7 2.7949 -8.2276
5 -3.6480 7.7087
1 9.5896 8.3346
1 9.5896 8.3346
