10 100
P -7.740085 8.754981 -5.437376 11.341232
Z 1 6.690751 -3.255133 1.883495 8.576744
K 2.503899 7.675985 4.699270
P -0.314915 -0.402497 4.497807 1.790876
Z 2 8.012851 9.479693 -8.909345 6.818948
K -3.045871 -1.502841 1.240249
Z 1 -5.437376 11.341232 -4.480237 11.051602
K 3.350241 -4.985547 1.350673
P -1.568945 9.328217 1.975906 12.617420
K 0.029036 1.445228 3.017883
2 6.851868 17.269899
2 7.005495 13.810482
5 -1.285985 -4.751436
6 -3.045871 -1.502841
8 3.350241 -4.985547
1 -5.437376 8.754981
9 1.975906 12.617420
1 0.773543 3.415336
8 3.350241 -4.985547
6 7.451462 -9.884570
7 -5.919851 14.770282
3 2.503899 7.675985
4 0.865224 -3.801138
8 3.350241 -4.985547
2 5.201690 15.663853
6 -1.690580 -9.415255
9 1.975906 9.328217
3 2.503899 7.675985
6 -4.358507 -2.055448
5 -3.231120 3.173732
10 0.029036 1.445228
8 3.350241 -4.985547
1 -3.349168 3.283263
10 0.029036 1.445228
3 2.503899 7.675985
6 -3.045871 -1.502841
3 -9.047792 -4.017386
3 2.503899 7.675985
5 -5.010773 6.041814
10 -9.389916 1.095115
10 -8.111848 -3.277255
3 2.503899 7.675985
8 2.758921 7.882192
9 -4.195224 4.100599
10 0.029036 1.445228
2 -5.437376 11.341232
2 9.450048 4.962797
10 0.029036 1.445228
6 -3.045871 -1.502841
1 -7.740085 8.754981
1 -5.437376 8.754981
4 -6.786797 4.828714
5 -5.437376 8.754981
10 0.029036 1.445228
6 -6.285317 4.900465
3 -0.461519 0.151716
4 1.203953 2.666895
4 -2.591438 -4.421231
1 -5.437376 11.341232
2 -5.437376 8.754981
10 0.029036 1.445228
4 4.497807 1.790876
4 4.497807 -0.402497
4 4.497807 -0.402497
1 8.661418 4.966381
6 -3.045871 -1.502841
6 -3.045871 -1.502841
10 0.029036 1.445228
6 -3.045871 -1.502841
1 -5.437376 8.754981
10 0.029036 1.445228
5 9.298556 1.709097
10 0.029036 1.445228
2 -5.437376 8.754981
7 -4.003472 13.493583
1 -7.740085 8.754981
6 2.104786 -3.370258
2 5.201690 15.663853
5 7.235137 2.731240
6 -3.045871 -1.502841
9 -1.568945 9.328217
2 6.545116 -6.804739
9 1.975906 12.617420
9 -1.568945 12.617420
4 4.497807 -0.402497
9 -8.658608 1.114126
7 -8.385614 -8.164119
6 -1.393455 9.643471
6 7.639195 -7.661043
9 -3.126497 0.117299
1 -7.740085 8.754981
7 -5.919851 14.770282
8 3.350241 -4.985547
7 -7.353755 12.617931
8 3.350241 -4.985547
10 0.029036 1.445228
4 6.953437 -9.008272
10 0.029036 1.445228
1 2.914760 -0.402853
6 -3.045871 -1.502841
10 0.029036 1.445228
6 -3.045871 -1.502841
3 2.503899 7.675985
3 0.618591 -8.855992
2 5.201690 15.663853
8 3.350241 -4.985547
7 -4.003472 13.493583
1 -4.179996 -1.959338
1 -6.116843 -8.406376
10 -7.364247 -7.793615
