10 100
K -1.570000 -1.116445 4.016805
K -1.551713 1.024809 3.826641
Z 2 -1.760338 -2.796141 -0.761825 -2.850660
Z 2 -1.551713 1.024809 -0.553083 0.972480
P -2.475265 2.434171 -0.552912 5.034415
Z 3 0.146998 4.453739 -0.749070 4.897656
K -7.548238 -9.348203 3.905161
P -3.960152 -6.396830 0.841119 -3.683319
Z 6 2.436983 -7.928523 4.854428 8.762974
Z 8 2.868595 -9.337860 -1.871671 2.575590
6 -9.644748 -0.062523
8 0.841119 -6.396830
10 0.841119 -3.683319
4 -1.551713 1.024809
6 -1.968963 -6.617091
1 -6.591673 4.727820
10 3.945882 -0.537571
5 8.974149 -4.865437
10 -9.861151 -7.483129
1 -2.042992 -6.945544
5 -1.334757 3.434249
8 1.586995 3.028732
3 7.731731 -2.267379
3 -9.526915 -3.030689
8 0.841119 -3.683319
3 -1.968963 -6.617091
3 -1.968963 -6.617091
2 -1.551713 1.024809
2 -7.591667 -9.953196
8 -3.960152 -3.683319
2 -1.551713 1.024809
4 -1.551713 1.024809
10 -3.960152 -3.683319
6 6.243762 -7.874193
7 9.205035 -1.751549
9 8.801939 -0.474721
4 8.200463 -6.331825
7 -6.604662 9.243159
6 7.799155 7.273161
3 -9.019052 4.633567
9 3.310179 13.476457
8 0.841119 -3.683319
10 -3.960152 -3.683319
7 -5.450883 7.706639
7 -7.008629 5.896058
1 -1.570000 -1.116445
6 -1.968963 -6.617091
10 -3.466779 -6.920678
7 -6.242990 -1.167189
2 -1.551713 1.024809
9 4.166416 -3.379725
1 -1.570000 -1.116445
5 -2.475265 5.034415
7 -7.548238 -9.348203
8 -3.960152 -3.683319
6 7.672489 12.844660
7 -7.548238 -9.348203
4 -1.551713 1.024809
3 -1.968963 -6.617091
5 -0.552912 5.034415
4 2.085543 4.210366
10 0.457079 -3.836125
1 -1.570000 -1.116445
9 8.104732 3.505229
10 0.841119 -3.683319
8 -5.320922 -2.686541
7 -7.548238 -9.348203
1 -9.249411 7.166096
3 2.494476 8.472721
3 -1.551713 1.024809
8 0.841119 -6.396830
2 -1.551713 1.024809
1 -1.570000 -1.116445
4 -1.551713 1.024809
7 -7.548238 -9.348203
6 7.672489 12.844660
3 -5.299278 -6.031186
1 -1.570000 -1.116445
6 -1.551713 1.024809
10 8.594061 5.891014
5 -0.552912 5.034415
7 -3.788058 9.763437
5 -2.475265 5.034415
10 -3.960152 -6.396830
6 -0.504058 0.859778
6 7.672489 12.844660
2 5.028202 1.378023
10 0.841119 -6.396830
3 -1.968963 -6.617091
3 -5.991416 9.097453
3 -1.968963 -6.617091
7 -7.548238 -9.348203
2 -1.551713 1.024809
8 -3.960152 -3.683319
5 -4.061650 -0.845820
9 5.840538 -2.243727
8 0.129947 -6.222476
2 -1.551713 1.024809
10 0.841119 -3.683319
7 -7.548238 -9.348203
4 -1.551713 1.024809
5 -0.552912 5.034415
1 6.519603 7.226757
2 -1.551713 1.024809
8 1.617271 7.091939
8 0.841119 -3.683319
5 9.294170 3.303279
3 -1.551713 1.024809
4 -1.551713 1.024809
3 7.138873 -8.461504
