10 100
K 9.691022 -4.228457 4.172653
K 8.178718 -0.672795 4.536369
P -3.442715 -0.018682 -0.064250 2.783157
Z 1 9.691022 -4.228457 8.877955 -3.646288
P -2.348658 2.297136 -1.245045 6.501780
P -9.213087 -6.570826 -6.483702 -2.129218
P 1.625278 8.773257 4.625243 12.228945
P 2.628618 0.726734 6.869360 2.112594
K -4.128548 -1.805385 1.587300
P -9.273809 4.268166 -7.041731 6.562387
9 -4.1285 -1.8054
5 -2.3487 6.5018
4 0.0853 3.1988
4 5.2139 7.9067
5 -2.3487 6.5018
4 9.6910 -4.2285
7 -7.3194 1.6502
7 4.6252 8.7733
5 -1.2450 6.5018
7 4.6252 12.2289
6 -9.2131 -6.5708
6 -6.4837 -2.1292
4 9.6910 -4.2285
2 8.1787 -0.6728
8 -2.2383 8.5004
4 2.8059 -6.8717
9 -4.1285 -1.8054
3 -3.4427 2.7832
8 6.8694 0.7267
7 4.6252 8.7733
2 8.1787 -0.6728
9 -4.1285 -1.8054
3 -0.0643 -0.0187
5 -1.0855 -6.8319
8 2.6286 0.7267
9 -4.1285 -1.8054
4 9.6910 -4.2285
7 4.6252 12.2289
6 -6.4837 -6.5708
3 -0.0643 -0.0187
2 8.1787 -0.6728
6 -9.2131 -2.1292
8 2.6286 0.7267
1 9.6910 -4.2285
8 9.3293 8.2960
4 9.6910 -4.2285
8 2.6286 0.7267
9 -4.1285 -1.8054
4 9.6910 -4.2285
5 -2.3487 2.2971
10 -9.7803 -7.5510
9 -5.8621 -2.3088
10 -7.2907 1.4971
9 -4.1285 -1.8054
6 -6.4837 -6.5708
4 9.6910 -4.2285
7 -3.5354 -4.4144
2 8.1787 -0.6728
8 2.6286 0.7267
8 7.3240 5.1551
4 -3.9850 5.0926
8 2.6286 2.1126
8 -0.6408 4.8006
7 1.6253 12.2289
7 4.6252 12.2289
1 9.6910 -4.2285
2 8.1787 -0.6728
3 -0.0643 -0.0187
4 4.8240 5.9648
3 -3.4427 2.7832
7 4.6252 8.7733
10 -7.0417 6.5624
8 9.1786 -5.5643
4 9.6910 -4.2285
4 9.6910 -4.2285
6 9.9515 -1.7506
2 8.1787 -0.6728
3 -0.0643 2.7832
8 6.8694 2.1126
8 -6.1539 6.5558
9 -4.1285 -1.8054
4 -9.5328 -2.2703
1 0.2318 3.6165
4 -7.3360 -0.4204
7 1.6253 8.7733
2 8.1787 -0.6728
3 -0.0643 2.7832
9 7.8834 0.9313
4 9.6910 -4.2285
10 -9.2738 6.5624
10 4.9163 3.3779
5 -2.3487 2.2971
4 8.8402 2.3798
10 -7.4397 -1.8796
9 -4.1285 -1.8054
3 -0.0643 2.7832
8 2.6286 0.7267
7 4.6252 8.7733
1 -9.6570 5.3444
5 -1.2450 2.2971
2 8.1787 -0.6728
6 2.9089 7.1350
4 9.6910 -4.2285
5 -2.3487 2.2971
4 9.6910 -4.2285
1 9.6910 -4.2285
2 8.1787 -0.6728
9 -4.1285 -1.8054
3 -3.4427 -0.0187
8 2.6286 0.7267
