10 100
K 0.161820 -8.522986 4.918322
K 1.499778 -8.504791 2.962612
P 6.725360 7.120417 11.324271 9.162851
K -0.171321 -9.994982 1.519346
Z 3 6.178098 -1.983254 -1.634692 -4.737063
Z 5 7.816068 -3.179007 2.636687 -0.294019
K -7.497363 0.139306 1.222972
Z 7 -6.338009 0.528611 -6.656335 1.476592
P 2.412931 -9.716010 5.386822 -6.123310
Z 1 -5.168102 4.310870 5.891925 -9.318913
7 -7.4974 0.1393
9 5.3868 -9.7160
8 -5.1787 0.9179
10 -9.9531 -2.7780
3 6.7254 7.1204
5 11.3243 9.1629
1 0.1618 -8.5230
10 0.1618 -8.5230
6 0.9059 -11.5835
6 0.7980 6.2186
8 -5.1787 0.9179
2 1.4998 -8.5048
1 0.1618 -8.5230
10 0.1618 -8.5230
5 12.3128 -8.7317
1 0.1618 -8.5230
9 2.4129 -6.1233
10 0.1618 -8.5230
3 0.0363 7.8482
3 -2.1231 -4.7962
4 -0.1713 -9.9950
10 -8.0704 -7.1646
6 12.3128 -8.7317
4 -0.1713 -9.9950
9 8.0447 -0.7759
7 -7.4974 0.1393
5 13.5935 -10.3227
1 0.1618 -8.5230
5 12.3128 -8.7317
6 3.4619 0.4239
9 5.3868 -9.7160
1 0.1618 -8.5230
2 -0.3397 4.7057
6 14.3383 -8.6433
1 0.1618 -8.5230
8 -7.4974 0.1393
7 0.4617 -9.6365
8 -6.1140 5.7044
3 11.3243 7.1204
5 4.0449 -8.5142
2 1.4998 -8.5048
3 11.3243 9.1629
3 6.7254 7.1204
1 0.1618 -8.5230
3 -3.6859 7.9019
5 -1.6237 -9.0996
5 -6.6372 9.3562
9 5.3868 -9.7160
10 0.1618 -8.5230
5 15.8953 -5.8480
2 1.4998 -8.5048
9 0.1946 -3.9819
6 16.9312 -4.3307
1 0.1618 -8.5230
1 0.1618 -8.5230
9 5.3868 -9.7160
9 -0.2037 -3.3611
10 6.2931 -3.5477
2 1.4998 -8.5048
3 6.7254 9.1629
9 2.4129 -6.1233
1 0.1618 -8.5230
4 -0.1713 -9.9950
2 1.4998 -8.5048
8 -9.9801 -8.0141
9 2.4129 -6.1233
10 1.3193 -8.7074
6 3.7569 5.3554
9 9.6329 -9.0036
2 1.4998 -8.5048
1 0.1618 -8.5230
9 5.3868 -6.1233
7 -7.4974 0.1393
2 1.4998 -8.5048
5 6.7254 9.1629
7 -7.4974 0.1393
1 0.1618 -8.5230
2 1.4998 -8.5048
5 0.4517 -6.8554
3 11.3243 7.1204
9 3.5929 7.9851
4 -0.1713 -9.9950
10 0.1618 -8.5230
8 -7.4974 0.1393
10 2.1085 0.4351
7 -7.3161 -7.1554
2 -3.9320 -8.4747
3 11.3243 9.1629
10 -9.3596 3.8146
1 0.1618 -8.5230
9 -2.5483 3.4371
6 -1.5150 -7.6734
4 -0.1713 -9.9950
6 -2.5186 9.8563
10 6.2931 -3.5477
1 0.1618 -8.5230
7 -7.4974 0.1393
8 -7.4974 0.1393
10 -6.6247 -6.2746
10 -6.6398 -3.7493
