10 100
K 4.314686 4.196311 2.597709
Z 1 4.314686 4.196311 4.525144 3.218708
K -2.369836 -1.211072 1.419838
P 6.384333 -9.194010 9.481342 -4.202644
K 6.890033 -4.549289 3.744775
K 6.279761 2.286597 1.471817
K -3.065606 4.687138 2.727912
K -3.609425 0.352649 2.247192
P 9.025619 7.984672 10.262816 11.901450
Z 1 6.605553 5.421064 6.134079 6.302944
6 6.279761 2.286597
5 6.890033 -4.549289
9 -7.509832 5.157561
5 6.890033 -4.549289
6 6.279761 2.286597
2 4.314686 4.196311
9 10.262816 7.984672
7 -3.065606 4.687138
9 -8.038636 -7.041150
7 -3.065606 4.687138
1 4.314686 4.196311
8 -3.609425 0.352649
6 6.279761 2.286597
6 0.336001 -9.276505
2 4.314686 4.196311
4 6.384333 -4.202644
2 -9.333286 1.982907
5 2.521311 -9.722145
5 6.890033 -4.549289
3 -2.369836 -1.211072
10 8.896420 6.645817
1 4.314686 4.196311
4 3.537205 -1.506372
10 -8.806868 8.687628
4 2.811524 1.749227
6 6.279761 2.286597
3 7.745912 9.865199
4 6.306847 -3.963405
3 1.773373 -9.854685
7 7.845907 7.300116
2 4.314686 4.196311
10 8.896420 6.645817
4 6.384333 -4.202644
2 4.314686 4.196311
6 6.279761 2.286597
3 -2.369836 -1.211072
10 4.314686 4.196311
10 4.314686 4.196311
9 9.025619 7.984672
1 4.314686 4.196311
3 -2.369836 -1.211072
2 4.314686 4.196311
6 6.279761 2.286597
5 6.890033 -4.549289
7 -3.065606 4.687138
4 6.384333 -9.194010
2 4.314686 4.196311
10 8.896420 6.645817
1 9.990178 2.801500
8 -3.609425 0.352649
1 -5.990318 -0.221124
9 -4.944475 -3.483574
3 -2.369836 -1.211072
4 9.481342 -4.202644
2 4.314686 4.196311
9 9.025619 11.901450
9 5.155579 -1.041255
7 -3.065606 4.687138
5 6.890033 -4.549289
4 6.384333 -4.202644
4 1.581458 5.579421
9 10.262816 7.984672
10 4.314686 4.196311
7 -3.065606 4.687138
9 -7.422452 -9.039411
7 -1.550384 -9.285081
8 -0.603988 4.781942
2 4.314686 4.196311
4 6.384333 -9.194010
7 -3.065606 4.687138
8 -3.609425 0.352649
2 5.102256 7.631752
7 -2.353812 8.664563
1 7.472325 -9.290366
6 6.279761 2.286597
7 -3.028790 0.224813
7 -3.065606 4.687138
10 8.896420 6.645817
7 -3.065606 4.687138
9 10.262816 11.901450
10 4.314686 4.196311
7 -3.065606 4.687138
6 6.279761 2.286597
8 -3.609425 0.352649
9 0.497595 7.824924
5 6.890033 -4.549289
6 -4.390985 -8.712064
2 4.314686 4.196311
6 6.279761 2.286597
7 -4.024851 9.847646
3 -2.562663 -0.786904
9 9.025619 11.901450
4 6.384333 -4.202644
3 -2.369836 -1.211072
7 -3.065606 4.687138
9 10.262816 7.984672
9 9.025619 7.984672
2 8.957866 3.607924
4 6.384333 -4.202644
9 -0.027556 -4.869092
