10 100
K 5.373208 3.408995 2.548616
Z 1 2.577613 3.660519 -4.258811 5.743732
Z 2 3.001226 2.476714 3.367025 1.546020
P -9.814382 -9.144329 -5.208978 -6.145702
Z 2 -2.508791 -5.089196 -8.099757 -2.321540
K 1.607680 0.658065 1.022839
P 6.220698 -1.839829 8.532324 1.143274
K -2.808548 -2.440040 4.849300
K -2.508078 -9.063251 2.948145
P 1.212130 -6.572898 4.652877 -3.644568
7 8.5323 1.1433
8 -2.8085 -2.4400
1 1.8425 -8.9791
7 -2.5564 -4.0693
1 5.3732 3.4090
10 4.6529 -3.6446
8 -2.8085 -2.4400
2 5.0384 2.3103
7 6.2207 1.1433
7 6.2207 1.1433
6 1.6077 0.6581
7 -7.5286 -4.6412
3 4.6044 -0.1317
5 -3.8164 -15.5774
3 5.3732 3.4090
10 -1.9528 0.1980
5 -4.7491 -8.9092
2 6.2514 -3.0844
9 -2.5081 -9.0633
2 5.0384 2.3103
3 5.3732 3.4090
10 4.6529 -3.6446
8 0.6828 9.3038
3 3.6273 -1.6632
6 -4.0464 -9.6863
10 1.2121 -6.5729
4 -0.3662 -3.4480
3 -0.5600 -7.7910
2 5.3732 3.4090
9 -3.8926 -8.0469
8 -5.1276 0.5747
8 -8.4605 5.6524
5 6.7073 4.6707
1 8.7852 1.6294
5 5.3732 3.4090
3 -4.9591 -4.8892
7 6.2207 1.1433
10 4.6529 -3.6446
7 8.5323 -1.8398
1 5.3732 3.4090
4 6.2733 4.1191
8 3.5387 -5.3361
4 -9.8144 -9.1443
10 -4.0534 -2.6927
5 5.3732 3.4090
6 0.5069 7.0747
4 1.8689 2.4353
6 1.6077 0.6581
1 5.3732 3.4090
6 -9.9588 -5.4238
7 8.5323 -1.8398
10 4.6529 -3.6446
6 0.7101 9.4811
8 -2.8085 -2.4400
3 1.1904 -6.2067
8 -7.3395 0.3320
7 6.2207 1.1433
5 5.3732 3.4090
3 5.0384 2.3103
5 5.0384 2.3103
10 -6.9976 2.2914
7 8.5323 1.1433
2 0.7244 3.0946
5 9.3056 5.3846
2 5.3732 3.4090
8 -8.8016 -9.7655
8 -2.8085 -2.4400
10 3.1881 8.1439
10 1.2121 -3.6446
1 5.3732 3.4090
2 9.4506 9.8562
5 5.0384 2.3103
2 5.3732 3.4090
6 1.6077 0.6581
5 -4.4871 -16.5099
10 1.2121 -3.6446
7 6.2207 -1.8398
5 5.3732 3.4090
10 1.2121 -6.5729
8 -2.8085 -2.4400
9 -2.5081 -9.0633
1 5.3732 3.4090
4 -5.2090 -9.1443
4 -3.1505 1.4790
10 8.6800 -7.7835
1 0.2911 4.3728
3 5.3732 3.4090
7 -0.2532 -3.4516
7 -2.8991 6.5463
10 1.2121 -6.5729
10 1.2121 -3.6446
9 -2.5081 -9.0633
9 -2.5081 -9.0633
8 -2.8085 -2.4400
4 -9.8144 -9.1443
3 0.6292 1.5444
8 -2.8085 -2.4400
2 5.3732 3.4090
8 -4.4079 1.8594
9 -2.5081 -9.0633
