10 100
K -3.457533 -2.715982 1.676233
Z 1 -3.457533 -2.715982 -3.876991 -3.623757
P 4.097664 -7.954643 8.161786 -3.476878
P -8.439398 1.091303 -4.595485 4.753756
P 3.312830 4.658110 5.433752 9.633213
P 4.967763 8.890231 9.310850 12.227888
K -0.155197 6.758574 2.605468
Z 3 8.161786 -7.954643 9.161673 -7.939611
K 5.420813 -6.428950 3.771263
Z 1 -4.048421 -4.284615 -3.112613 -4.637124
7 -2.010905 1.569396
7 -0.155197 6.758574
3 4.097664 -7.954643
6 4.967763 12.227888
6 4.967763 8.890231
9 5.420813 -6.428950
8 1.150575 0.613582
7 -0.155197 6.758574
6 -5.735616 -7.767003
1 -3.457533 -2.715982
1 5.107710 -4.771922
7 3.695998 7.140382
8 -0.137151 -0.486322
4 6.505399 -9.726212
4 -4.595485 4.753756
9 4.736538 -8.321364
8 8.613103 7.352881
7 -0.155197 6.758574
1 -3.457533 -2.715982
2 9.270906 -5.989767
3 4.097664 -7.954643
1 -7.663852 8.571389
8 -0.952495 0.061711
1 0.977294 -0.222246
5 6.317260 7.331225
5 3.312830 4.658110
4 -8.439398 1.091303
10 -3.457533 -2.715982
4 -4.595485 1.091303
3 8.161786 -3.476878
1 -3.457533 -2.715982
4 -4.595485 4.753756
7 0.598631 -7.549289
10 -0.190838 7.070230
3 4.097664 -3.476878
4 -4.595485 1.091303
4 -8.439398 1.091303
7 -0.155197 6.758574
3 6.677661 -8.358165
7 -0.155197 6.758574
3 4.097664 -7.954643
9 5.420813 -6.428950
3 8.161786 -7.954643
10 4.827244 1.753577
3 7.133444 2.309029
1 -6.906272 -8.800249
3 -6.994632 8.241821
10 -7.336320 3.593704
3 5.996457 -1.244223
3 4.097664 -7.954643
1 -3.457533 -2.715982
10 -2.083106 1.629517
1 -3.457533 -2.715982
1 -3.457533 -2.715982
4 -8.439398 4.753756
1 -5.348350 0.660989
10 -3.457533 -2.715982
3 8.161786 -7.954643
3 4.097664 -7.954643
10 0.521056 1.165213
8 4.097664 -3.476878
4 -8.439398 1.091303
3 8.161786 -7.954643
8 8.161786 -7.954643
6 4.967763 12.227888
2 -3.457533 -2.715982
3 3.980073 1.006370
9 5.420813 -6.428950
10 -9.833124 1.774958
2 -3.457533 -2.715982
5 -1.431907 -1.939874
7 2.713267 0.735733
6 5.489253 -9.034416
1 -3.457533 -2.715982
3 4.097664 -3.476878
6 9.310850 8.890231
10 0.080225 -2.328726
4 0.793201 8.879979
8 8.161786 -3.476878
7 -5.891995 -9.176375
6 4.099921 -6.497344
7 2.871938 -8.441041
2 8.738515 -5.210897
10 -3.457533 -2.715982
6 9.310850 12.227888
4 -2.382879 2.641894
3 7.261109 2.084897
2 -3.457533 -2.715982
1 8.022617 0.874877
2 -3.457533 -2.715982
6 -8.322142 4.958723
10 -4.639309 -5.853248
1 -3.457533 -2.715982
9 5.420813 -6.428950
7 -6.547034 1.730845
4 -4.595485 4.753756
2 -3.457533 -2.715982
4 -8.439398 4.753756
9 5.420813 -6.428950
7 0.031523 9.879307
