10 100
K 7.101844 0.382221 3.745572
Z 1 -2.565829 -3.890726 -4.280218 -1.855259
K 0.696323 -4.442637 2.765560
K -6.867406 5.080845 4.873774
K 0.550246 -9.651238 4.154358
Z 3 3.012244 -2.931070 2.465676 -2.093655
P -9.157125 2.982851 -6.512232 6.333979
K -0.710975 -5.603163 4.138342
Z 8 -0.710975 -5.603163 -0.096009 -4.814609
Z 1 4.383518 -2.194602 5.071483 -2.920345
8 -0.710975 -5.603163
5 0.550246 -9.651238
6 5.328165 -1.419504
4 -1.031124 6.500510
1 8.849558 8.013013
9 4.904500 -2.674448
1 4.755120 8.664183
3 0.696323 -4.442637
1 7.101844 0.382221
8 -0.710975 -5.603163
3 0.696323 -4.442637
7 3.730777 -3.170893
2 -4.996546 0.947915
8 -0.710975 -5.603163
2 7.101844 0.382221
2 -8.420099 -12.691265
10 7.101844 0.382221
1 6.584473 8.150142
7 3.748561 0.353954
7 -9.157125 2.982851
8 -0.710975 -5.603163
9 -0.710975 -5.603163
9 -0.710975 -5.603163
10 7.101844 0.382221
9 -0.710975 -5.603163
2 -4.943853 -2.238721
2 7.101844 0.382221
8 -0.710975 -5.603163
7 -5.151502 -7.712348
4 -6.867406 5.080845
8 -0.710975 -5.603163
2 -8.102562 6.546965
3 -9.086208 -5.474498
1 7.101844 0.382221
3 3.782830 9.216374
1 7.101844 0.382221
7 8.460058 7.190775
1 7.101844 0.382221
3 0.696323 -4.442637
2 -8.420099 -12.691265
7 -6.512232 2.982851
10 -5.055496 -7.219018
9 4.672443 6.013517
7 -9.157125 2.982851
2 7.101844 0.382221
3 8.454842 5.508611
4 -6.867406 5.080845
10 1.238126 -3.372708
2 7.101844 0.382221
3 0.696323 -4.442637
4 -6.867406 5.080845
10 -6.947661 -6.030529
5 9.667361 -1.659171
2 -2.808584 7.616359
8 -0.710975 -5.603163
7 -0.783956 -0.377403
4 -6.867406 5.080845
6 0.070037 3.648834
9 -0.710975 -5.603163
6 0.696323 -4.442637
2 7.101844 0.382221
4 -6.867406 5.080845
9 9.081548 1.297460
9 -0.653580 9.021117
10 7.101844 0.382221
9 -9.460171 1.526525
7 -6.512232 6.333979
2 -8.420099 -12.691265
2 7.101844 0.382221
8 -0.710975 -5.603163
4 -6.867406 5.080845
9 -0.710975 -5.603163
5 -2.682705 3.657377
8 -8.206768 -2.326076
7 -1.531404 -0.037571
10 3.695616 5.755183
4 -6.867406 5.080845
4 -6.867406 5.080845
7 -6.970029 -7.115007
6 3.384442 5.700686
2 7.101844 0.382221
4 -6.867406 5.080845
10 7.101844 0.382221
6 0.696323 -4.442637
1 7.101844 0.382221
9 -0.710975 -5.603163
8 -0.710975 -5.603163
7 0.010672 5.677853
9 3.413138 -1.229478
4 -6.867406 5.080845
6 0.696323 -4.442637
10 7.101844 0.382221
10 1.665193 -4.771425
10 1.665193 -4.771425
9 8.636428 4.334867
1 -3.054605 -2.938502
10 1.665193 -4.771425
9 2.418810 1.877242
3 -3.431873 -3.005299
7 -6.512232 2.982851
