10 100
K 2.738463 0.355110 2.499416
P -3.097249 -7.276931 0.662943 -3.925739
Z 2 5.243678 5.150407 5.202115 -0.288586
K 1.801853 -5.148477 3.899559
K 9.477325 5.791961 4.041244
Z 4 1.801853 -5.148477 1.260149 -5.989046
P -9.542496 -5.602524 -8.309711 -2.720369
K 9.516419 3.704948 1.625187
Z 2 -3.264942 7.823880 1.967881 -5.697788
K 4.951576 6.819506 3.072490
2 0.6629 -3.9257
6 -7.8529 -9.4761
3 0.6629 -7.2769
4 1.8019 -5.1485
3 0.0780 -3.2879
1 2.7385 0.3551
8 -4.1378 -1.2664
8 9.5164 3.7049
9 4.5206 -0.9777
8 9.5164 3.7049
6 1.8019 -5.1485
7 -9.5425 -5.6025
9 -7.9717 -2.0548
8 9.5164 3.7049
5 9.4773 5.7920
9 6.7765 -3.4558
2 -3.0972 -3.9257
7 -8.3097 -5.6025
7 6.2384 7.8097
4 1.8019 -5.1485
5 9.4773 5.7920
1 2.7385 0.3551
1 2.7385 0.3551
8 9.5164 3.7049
9 4.5206 -0.9777
7 -8.3097 -2.7204
6 1.8019 -5.1485
4 -5.8474 -9.3385
7 -8.3097 -2.7204
7 -8.3097 -5.6025
5 9.4773 5.7920
3 0.6629 -7.2769
6 -7.7365 -0.9810
3 -3.0972 -7.2769
6 -3.0341 -9.9132
10 4.9516 6.8195
4 9.0861 -6.1496
9 -0.4305 6.2541
9 -3.0972 -3.9257
2 0.6629 -7.2769
4 1.8019 -5.1485
1 8.3478 -2.0839
5 9.4773 5.7920
1 2.7385 0.3551
2 0.6629 -3.9257
6 1.8019 -5.1485
7 9.9560 -5.9294
4 1.1871 6.7883
10 4.9516 6.8195
7 -5.1924 5.9637
5 -1.6019 4.5252
1 2.5449 2.7951
9 6.7765 -3.4558
4 1.8019 -5.1485
10 4.9516 6.8195
1 2.7385 0.3551
10 0.1241 4.8252
1 2.7385 0.3551
2 -4.0705 -1.4504
10 7.1603 -0.2256
5 6.8996 -0.9898
7 -3.6754 -0.9947
10 4.9516 6.8195
9 -6.4372 -5.7945
5 9.4773 5.7920
7 -8.3097 -2.7204
5 9.4773 5.7920
2 8.6309 -0.3311
7 -9.5425 -5.6025
7 9.6158 -4.0628
1 2.7385 0.3551
1 5.2777 5.5195
2 -3.0972 -3.9257
2 -3.0972 -7.2769
5 9.4773 5.7920
4 1.8019 -5.1485
7 -9.5425 -5.6025
8 9.5164 3.7049
10 4.9516 6.8195
8 -0.0004 3.4440
2 0.6629 -7.2769
7 6.6129 5.5963
5 9.4773 5.7920
7 9.7312 -7.2643
1 5.5864 3.2615
6 1.8019 -5.1485
8 9.5164 3.7049
3 0.6629 -7.2769
10 -2.1241 -4.9519
4 1.8019 -5.1485
2 0.6629 -3.9257
2 -3.0972 -3.9257
3 13.4449 -4.0521
10 -2.8829 8.3441
3 -3.0972 -3.9257
3 -5.0489 1.8234
8 -5.2416 -0.6296
10 4.9516 6.8195
8 9.5164 3.7049
7 6.4992 0.9870
