10 100
K 7.014531 -9.644462 1.299936
Z 1 7.014531 -9.644462 7.197059 -8.661261
Z 1 7.030869 -8.344628 6.030948 -8.332060
Z 1 0.494542 9.770321 8.664287 3.315286
P 5.240722 -1.532365 8.623396 2.913221
Z 4 7.200030 -3.921892 -7.860979 8.770391
K -0.294260 3.388093 1.296427
Z 4 7.892997 -9.558022 5.958687 -6.663070
P -4.537971 8.129822 -2.081708 11.577939
P 5.875066 8.815955 7.961880 13.608947
3 7.0472 -7.0448
3 7.0472 -7.0448
6 -0.0804 -9.6530
2 7.0145 -9.6445
6 -2.1486 -19.4212
6 12.8084 -2.7693
4 9.1623 -9.3823
7 -0.2943 3.3881
5 5.2407 2.9132
4 7.0145 -9.6445
3 4.8878 5.1545
3 7.0145 -9.6445
2 7.0145 -9.6445
4 7.0145 -9.6445
10 -4.4105 -5.0543
10 -2.3067 -4.6030
7 -0.2943 3.3881
10 6.5474 7.2962
4 4.5254 0.9350
2 7.0145 -9.6445
6 12.8084 -2.7693
10 6.1104 3.9407
5 8.6234 2.9132
7 -2.7474 6.0293
8 7.0145 -9.6445
7 -0.2943 3.3881
3 7.0472 -7.0448
7 6.8674 -9.1227
4 -2.4197 7.4108
4 7.0145 -9.6445
1 7.0145 -9.6445
10 5.8751 13.6089
1 7.0145 -9.6445
7 -0.2943 3.3881
6 -7.5798 6.9243
3 7.0472 -7.0448
7 -0.2943 3.3881
8 20.8909 7.9181
7 -0.2943 3.3881
3 7.0472 -7.0448
1 7.0145 -9.6445
5 8.6234 -1.5324
8 9.2992 4.8197
8 7.0145 -9.6445
10 5.8751 8.8160
8 7.0145 -9.6445
8 -13.2270 -14.8784
1 2.2145 2.1995
3 -5.2643 -1.7460
4 -6.3194 5.7701
8 8.3090 -8.7795
1 7.0145 -9.6445
3 7.0145 -9.6445
3 7.0472 -7.0448
4 7.0145 -9.6445
6 7.0145 -9.6445
6 -3.1721 9.7675
10 7.9619 13.6089
5 5.2407 2.9132
4 20.8909 7.9181
7 -0.2943 3.3881
5 1.4808 -6.4546
9 -3.9137 -9.3646
7 0.8112 -7.5499
8 5.1594 -0.0272
8 2.8410 9.1479
9 -2.0817 11.5779
1 7.0145 -9.6445
5 5.2407 -1.5324
3 -8.5670 0.6083
1 -3.2722 9.3294
10 -7.4110 -1.7456
9 -2.0817 11.5779
9 9.2530 -5.3771
9 -2.0817 8.1298
6 7.0145 -9.6445
3 7.0145 -9.6445
3 7.0472 -7.0448
5 8.6234 -1.5324
10 5.8751 13.6089
7 -8.5921 2.2430
7 -0.2943 3.3881
7 -0.2943 3.3881
8 8.3090 -8.7795
5 -1.8397 1.4406
5 8.6234 2.9132
8 -13.2270 -14.8784
4 -5.3577 -7.6467
2 7.0145 -9.6445
10 5.8751 13.6089
6 5.6710 -3.1456
1 8.5550 7.2829
7 -0.2943 3.3881
9 -4.5380 8.1298
3 7.0472 -7.0448
5 5.2407 2.9132
5 5.2407 -1.5324
4 1.1573 7.0540
7 -0.2943 3.3881
9 -1.6303 -2.5995
