10 100
K -5.668949 -4.455790 1.674167
K 6.406840 7.320177 1.218267
K 4.955187 4.430555 3.480081
P -0.856315 -2.386370 2.460319 -0.806614
P -2.015059 4.627022 1.560630 7.556501
P -2.886192 -3.710396 0.121855 1.057577
P 9.502726 7.521750 13.641314 8.996142
Z 2 6.406840 7.320177 5.488645 7.716304
Z 4 -9.241027 -9.789736 3.752807 -3.608008
P -6.706284 0.523953 -5.410553 2.566760
5 -2.0151 7.5565
4 -5.5433 -7.9716
8 5.6451 8.8591
9 3.8852 -5.3815
3 4.9552 4.4306
6 -2.8862 -3.7104
3 4.9552 4.4306
9 1.7928 -7.9548
8 6.4068 7.3202
1 -4.4995 1.3325
2 6.4068 7.3202
10 -0.2042 5.1836
5 -2.0151 4.6270
1 -5.6689 -4.4558
9 3.8278 -7.0786
9 2.4603 -2.3864
6 -2.8862 -3.7104
3 4.9552 4.4306
9 3.8852 -5.3815
5 1.5606 7.5565
8 3.4581 -4.8660
10 -6.7063 2.5668
8 6.4068 7.3202
2 7.7421 -5.1435
1 -8.9629 6.9698
1 -5.6689 -4.4558
9 -0.8563 -0.8066
8 6.4068 7.3202
7 13.6413 8.9961
2 -0.6385 -8.7736
1 -5.6689 -4.4558
10 0.4121 6.1703
5 -2.0151 7.5565
8 6.4068 7.3202
3 -8.8751 6.1773
10 -6.7063 2.5668
10 -6.7063 0.5240
10 -6.7063 2.5668
4 -0.8563 -0.8066
2 6.4068 7.3202
10 -6.7063 0.5240
7 9.5027 7.5218
8 6.4068 7.3202
5 1.5606 7.5565
5 -1.3465 -8.6535
5 1.5606 7.5565
6 -2.8862 1.0576
9 1.7928 -7.9548
1 -5.6689 -4.4558
4 -0.8563 -2.3864
6 0.1219 1.0576
6 0.1219 1.0576
4 2.4603 -2.3864
3 -4.2848 -8.4795
8 6.4068 7.3202
6 -4.4060 4.9648
9 -1.7464 -8.9253
8 1.2852 5.8986
4 2.4603 -0.8066
9 2.4603 -2.3864
7 9.5027 7.5218
3 7.7919 0.1004
6 0.1219 -3.7104
4 -0.8563 -0.8066
4 -5.9489 7.9240
6 -2.8862 -3.7104
6 -2.8862 -3.7104
7 6.4944 3.7886
1 -5.6689 -4.4558
7 -5.7839 5.5889
10 -8.3354 -4.0228
9 5.1109 -6.3782
7 13.6413 7.5218
6 0.1219 1.0576
6 0.1219 -3.7104
8 5.4687 1.4213
7 13.6413 8.9961
7 9.5027 7.5218
4 -0.8563 -0.8066
4 -6.3264 3.0752
2 6.4068 7.3202
7 9.5027 7.5218
8 6.4068 7.3202
10 -6.7063 2.5668
1 -6.1814 -1.4243
7 13.6413 7.5218
7 13.6413 8.9961
5 -9.9625 -9.8457
2 6.4068 7.3202
1 -5.6689 -4.4558
8 6.4068 7.3202
6 -2.8862 -3.7104
6 -4.6119 -8.8018
4 -0.8563 -0.8066
7 13.6413 7.5218
1 -2.4843 -3.8090
7 13.6413 8.9961
2 6.4068 7.3202
9 -0.8563 -2.3864
3 4.9552 4.4306
