10 100
P -7.646920 8.331556 -4.927203 11.640973
Z 1 2.536431 -9.793608 5.358488 8.848458
K -4.437606 -0.642574 4.146844
P -8.745910 2.139197 -6.367447 6.555661
P 9.343982 -6.688642 12.061797 -3.552383
Z 3 -3.189596 -8.804480 0.680365 -6.526455
K 3.070864 -4.898534 2.941527
Z 5 4.401449 4.211554 -8.711611 -0.883871
Z 1 -8.319799 4.714218 -9.479166 -2.182874
K 1.318860 7.554468 2.339245
6 3.3409 -13.8569
2 0.0850 -0.4652
4 -0.5283 1.6026
8 9.3440 -3.5524
3 4.4836 -3.4599
7 3.0709 -4.8985
7 -2.7664 2.7283
1 -7.6469 11.6410
8 5.6076 5.4635
9 -6.6910 11.4803
8 7.8376 -3.6730
5 -5.3005 -4.1434
1 7.6408 2.8161
8 4.8097 15.1108
6 -4.4376 -0.6426
6 3.3409 -13.8569
8 2.8050 13.2757
7 3.0709 -4.8985
2 -7.6469 11.6410
3 -4.4376 -0.6426
2 3.2668 -6.6584
6 6.3396 -8.0416
4 -8.7459 2.1392
10 -0.4347 -7.3626
3 4.7345 -0.6235
10 1.3189 7.5545
7 3.0709 -4.8985
2 18.6077 7.6665
5 9.3440 -6.6886
2 -0.9058 -4.3838
2 -7.6469 11.6410
9 -9.2612 12.3695
5 9.3440 -6.6886
5 9.3440 -3.5524
10 9.4033 4.2854
3 -4.4376 -0.6426
3 -4.4376 -0.6426
1 -7.6469 11.6410
5 12.0618 -3.5524
6 -4.9225 -9.6481
4 -8.7459 6.5557
9 -9.2612 12.3695
3 -4.4376 -0.6426
6 -4.4376 -0.6426
10 1.3189 7.5545
4 -8.7459 2.1392
5 9.3440 -6.6886
2 18.6077 7.6665
4 -8.7459 2.1392
7 3.0709 -4.8985
5 12.0618 -6.6886
1 -4.0533 -2.0218
5 9.3440 -6.6886
10 1.3189 7.5545
7 2.4164 4.5643
1 -4.9272 11.6410
6 -4.4376 -0.6426
1 -7.6469 8.3316
9 -4.9272 8.3316
7 3.0709 -4.8985
9 4.3741 -9.7595
1 -2.4621 -4.9773
8 9.3440 -3.5524
10 1.3189 7.5545
7 4.6287 -7.6773
5 9.3440 -3.5524
5 12.0618 -3.5524
6 7.5359 8.1887
4 -8.7459 6.5557
4 -6.3674 2.1392
5 12.0618 -6.6886
2 -4.9272 8.3316
5 8.4453 9.2209
2 18.6077 7.6665
8 12.0618 -3.5524
5 9.3440 -6.6886
10 1.3189 7.5545
6 -4.4376 -0.6426
5 -6.3183 9.9321
5 9.3440 -3.5524
2 -7.6469 8.3316
3 -4.4376 -0.6426
7 3.0709 -4.8985
2 18.6077 7.6665
7 3.0709 -4.8985
9 -10.3432 9.2420
1 -4.9272 11.6410
2 -1.9655 -5.3129
3 -4.4376 -0.6426
5 7.1612 -3.3898
4 -6.3674 2.1392
6 -4.4376 -0.6426
10 1.3189 7.5545
1 -4.9272 8.3316
3 -1.9274 8.5039
1 7.1450 9.0895
4 -8.7459 6.5557
5 12.0618 -3.5524
4 9.3038 -4.9191
1 -7.6469 8.3316
