10 100
K -5.303841 -2.659851 1.959500
K 7.745056 9.639156 4.302062
P -2.575927 -6.478217 0.134855 -3.788669
P 6.977631 -6.123923 8.391409 -4.083338
Z 2 3.464962 10.073359 3.364033 9.078466
P 5.870554 -4.354103 9.587866 -0.225185
Z 2 7.232299 5.367761 8.225171 5.248572
Z 6 8.961961 4.500840 0.492424 -4.785066
P 8.962426 -0.025040 10.426899 4.118166
P -3.754673 7.894963 -2.172699 12.078850
7 6.7195 1.0964
4 6.9776 -4.0833
1 -2.7659 2.4746
7 -7.1721 -6.9277
6 9.5879 -0.2252
6 5.8706 -4.3541
10 -2.1727 7.8950
7 6.7195 1.0964
10 -3.7547 12.0789
3 -2.5759 -3.7887
7 6.7195 1.0964
3 -2.5759 -6.4782
5 -0.8151 10.5076
2 7.7451 9.6392
4 9.7866 -0.0328
1 9.7869 4.8585
9 8.9624 -0.0250
2 7.7451 9.6392
8 -9.6549 8.7820
4 6.9776 -6.1239
6 9.5879 -4.3541
2 -8.3238 6.6738
10 -2.1727 12.0789
1 -5.3038 -2.6599
2 7.7451 9.6392
3 -2.5759 -6.4782
1 -5.3038 -2.6599
8 -9.8965 -8.0309
8 7.3284 -1.6376
5 -5.4410 1.3806
9 8.9624 4.1182
8 -7.4193 0.5183
2 7.7451 9.6392
7 6.7195 1.0964
5 7.7451 9.6392
8 4.5396 0.9888
2 7.7451 9.6392
6 5.8706 -0.2252
5 -3.3498 -0.3700
1 -5.3038 -2.6599
8 9.5879 -4.3541
5 3.6868 -1.2809
7 7.7451 9.6392
1 -5.3038 -2.6599
1 -5.3038 -2.6599
8 4.1984 4.6904
4 8.3914 -6.1239
1 8.4264 5.3982
2 6.9414 7.7646
2 7.7451 9.6392
9 10.4269 -0.0250
3 -2.5759 -6.4782
9 -9.1345 -7.5061
1 -5.3038 -2.6599
5 7.7451 9.6392
6 5.8706 -4.3541
9 7.6973 9.3648
1 -5.3038 -2.6599
7 0.1215 -9.3685
8 0.4281 0.6099
6 -5.2168 -3.6024
9 -4.0437 7.6897
8 9.5879 -4.3541
6 -9.2359 3.7189
2 4.7176 -2.1057
4 8.3914 -4.0833
9 10.4269 4.1182
5 7.1992 -2.8768
2 0.6101 -7.0790
4 -5.9985 -5.5167
5 -8.1445 2.8783
7 -8.8128 6.1669
1 -5.3038 -2.6599
1 -5.3038 -2.6599
5 7.7451 9.6392
6 9.5879 -0.2252
2 7.7451 9.6392
3 -2.5759 -3.7887
7 6.7195 1.0964
6 9.5879 -4.3541
3 -6.4215 -2.7180
2 7.7451 9.6392
2 7.7451 9.6392
5 2.6889 -0.9129
6 5.8706 -0.2252
7 6.7195 1.0964
3 0.1349 -3.7887
7 -3.9178 -6.1071
9 10.4269 -0.0250
5 7.7451 9.6392
1 -5.3038 -2.6599
3 0.1349 -6.4782
10 -8.3852 -0.8198
9 8.9624 4.1182
10 -2.1727 12.0789
10 -2.1727 7.8950
4 8.3914 -4.0833
4 6.9776 -6.1239
7 6.7195 1.0964
3 -2.5759 -3.7887
