10 100
K -1.935606 2.466434 1.770645
K 5.479908 -1.001679 2.656525
K -0.090001 6.807506 3.350529
K 0.310270 5.185546 1.953616
Z 1 -1.935606 2.466434 -1.459012 3.345558
P -3.010631 8.942850 -0.111878 11.637949
P -4.810685 2.185433 -3.412395 4.597825
K 7.643708 -1.785429 4.845735
P -3.473800 -2.581726 -1.715430 0.127289
Z 1 -1.935606 2.466434 -0.958842 2.680753
6 -0.111878 11.637949
4 6.583322 9.553205
7 -3.412395 2.185433
2 5.479908 -1.001679
3 -0.090001 6.807506
5 -4.186604 -7.346034
6 -1.580500 2.301682
4 0.310270 5.185546
1 -1.935606 2.466434
3 -0.090001 6.807506
2 5.479908 -1.001679
6 -3.010631 8.942850
5 -1.935606 2.466434
3 -0.090001 6.807506
7 3.685721 2.652198
7 -3.412395 2.185433
7 -4.810685 4.597825
9 -1.715430 -2.581726
9 -1.715430 0.127289
9 3.874573 9.664928
2 5.479908 -1.001679
5 -1.935606 2.466434
3 -0.090001 6.807506
9 -6.790062 -5.362088
3 7.779868 7.349912
10 -1.935606 2.466434
6 -0.057526 4.499188
10 -1.935606 2.466434
7 -3.412395 2.185433
8 7.643708 -1.785429
2 5.479908 -1.001679
4 0.310270 5.185546
3 -0.090001 6.807506
4 -2.652993 -6.039049
3 -0.090001 6.807506
10 -1.935606 2.466434
7 -3.412395 4.597825
5 1.658651 0.033736
5 -1.935606 2.466434
10 -1.935606 2.466434
1 1.425071 0.668918
2 3.478810 7.087137
8 7.643708 -1.785429
9 -6.604566 -8.462165
7 -8.589893 -6.750367
2 -7.667547 -9.824347
8 -6.461785 -6.280849
1 -1.935606 2.466434
9 -1.715430 0.127289
8 7.643708 -1.785429
3 -0.090001 6.807506
1 -1.935606 2.466434
3 -0.090001 6.807506
5 -1.935606 2.466434
3 1.941224 -2.321958
8 7.643708 -1.785429
9 -3.473800 0.127289
3 -0.090001 6.807506
7 1.269667 -1.234712
1 -2.706104 -5.094582
4 0.310270 5.185546
7 -4.810685 4.597825
1 -1.935606 2.466434
7 -3.412395 4.597825
4 -5.580958 -7.525366
5 -1.935606 2.466434
9 -5.688551 -3.396352
7 -4.810685 2.185433
8 9.617550 -4.787891
5 -1.935606 2.466434
7 -4.810685 4.597825
6 -0.111878 11.637949
10 -1.935606 2.466434
7 -4.810685 2.185433
4 0.310270 5.185546
7 -7.928378 2.385972
1 -1.935606 2.466434
8 7.643708 -1.785429
3 -0.090001 6.807506
9 -1.715430 -2.581726
2 -0.397002 2.295091
3 -0.090001 6.807506
3 -0.090001 6.807506
10 -1.935606 2.466434
5 -1.935606 2.466434
4 0.310270 5.185546
5 -1.935606 2.466434
1 9.198680 4.238609
5 -1.935606 2.466434
9 -3.473800 0.127289
2 5.479908 -1.001679
4 8.933991 8.215123
3 7.294592 -8.562872
8 7.643708 -1.785429
1 -1.935606 2.466434
4 0.310270 5.185546
2 -1.698223 6.893609
1 -1.935606 2.466434
9 3.687783 1.323697
5 -3.619742 -8.120159
