10 100
P 9.038706 0.624431 10.324780 5.118612
Z 1 0.741414 -5.556721 4.731366 -8.487782
Z 1 10.324780 5.118612 9.369898 5.415597
Z 3 -5.072247 1.317620 -8.864152 -5.391990
Z 3 11.814538 9.549444 11.542127 10.511625
K 2.033385 -8.347412 2.612705
Z 1 3.121053 4.691534 -0.304394 -9.611706
K 3.414337 2.677831 3.481782
Z 6 3.882315 -10.193404 4.588859 -9.485735
P 8.766008 -5.174677 13.323234 -3.187812
8 3.414337 2.677831
10 8.766008 -3.187812
8 3.414337 2.677831
10 8.766008 -5.174677
2 10.324780 5.118612
2 -6.964732 -16.666316
7 9.038706 0.624431
1 9.038706 0.624431
10 -9.617461 9.376485
9 -6.487476 -5.823002
9 2.033385 -8.347412
2 -2.291610 -16.549824
8 3.414337 2.677831
10 13.323234 -3.187812
6 2.033385 -8.347412
3 9.265569 5.848036
6 2.033385 -8.347412
10 8.766008 -3.187812
1 -3.212715 7.794201
6 2.033385 -8.347412
7 -5.143539 4.328901
8 7.556330 -9.278319
9 -5.620915 -4.002645
8 7.085410 3.634277
8 -5.250402 -9.644476
3 12.873749 8.820020
9 3.203852 -2.863230
10 -1.188977 5.390596
9 5.731245 -12.039396
5 9.265569 5.848036
6 -8.197225 -3.163466
8 9.454776 9.612002
1 6.473926 -0.035074
3 9.038706 5.118612
4 10.324780 0.624431
7 10.324780 0.624431
3 9.038706 5.118612
6 2.033385 -8.347412
2 9.038706 0.624431
3 10.324780 5.118612
8 3.414337 2.677831
3 10.324780 5.118612
10 -0.314326 3.275937
10 7.794334 -6.378173
10 8.766008 -3.187812
8 3.414337 2.677831
4 -6.731330 20.030553
9 2.033385 -8.347412
8 3.414337 2.677831
7 -6.761969 -8.025426
4 -1.557658 -1.971237
9 5.731245 -12.039396
2 4.311604 -3.652478
7 9.038706 0.624431
7 -3.996987 3.746317
10 13.323234 -3.187812
9 5.731245 -12.039396
10 7.079418 2.585751
10 13.323234 -3.187812
9 2.033385 -8.347412
3 -2.610675 9.725858
4 -12.945263 13.048567
2 -0.584459 2.404621
5 17.761844 2.730003
3 10.324780 0.624431
6 2.033385 -8.347412
6 1.843398 -0.912128
9 2.033385 -8.347412
5 18.857044 3.404186
2 9.038706 0.624431
2 9.038706 5.118612
3 12.873749 8.820020
6 -5.595385 4.133485
7 2.176976 -0.759802
10 8.766008 -3.187812
3 10.324780 5.118612
2 9.038706 5.118612
10 1.774802 4.248134
10 13.323234 -3.187812
2 -2.676138 -15.322581
8 3.414337 2.677831
1 -6.506701 6.299743
4 4.838155 -9.113012
1 9.038706 0.624431
10 13.323234 -3.187812
7 3.175724 -7.721817
8 -9.031270 5.720326
3 9.038706 0.624431
5 15.925544 7.733599
7 6.390607 -2.292818
9 4.923884 -0.551065
7 -6.959660 5.978779
6 2.033385 -8.347412
6 -8.098621 3.628887
9 3.021554 4.236922
3 1.302987 9.513386
6 2.033385 -8.347412
6 3.772091 -8.142984
6 2.033385 -8.347412
8 3.414337 2.677831
