10 100
P -7.925380 2.684889 -6.408984 4.232382
P 1.185107 5.670009 3.578301 6.672226
Z 2 -8.800798 -4.952050 -2.961212 -4.279182
P -9.742397 -9.029010 -5.723236 -6.616878
Z 1 1.170807 5.748476 -7.524274 1.820669
P 6.306423 0.115107 8.025710 1.884129
Z 6 8.025710 0.115107 8.115453 1.111071
P -9.142060 9.727506 -5.220763 13.920212
Z 7 -5.138787 1.195427 -6.739179 -4.012696
K -8.849078 7.361802 1.167150
8 7.972629 2.854243
3 3.578301 5.670009
4 -5.723236 -6.616878
1 -7.925380 2.684889
8 5.798751 -3.461410
10 8.699855 6.199794
5 4.464160 8.583513
1 -7.925380 4.232382
4 -3.275048 -0.958122
1 -1.569074 4.341839
9 8.536232 8.429965
7 6.306423 0.115107
5 -8.576246 6.951313
1 -7.925380 2.684889
3 1.723418 8.294751
7 -0.287770 -7.507210
10 -8.849078 7.361802
1 -9.548347 6.207046
6 6.737138 2.205485
4 8.000356 -0.468714
9 10.033538 1.548291
8 -9.142060 13.920212
2 -9.352066 -7.009185
8 -9.142060 13.920212
3 8.651190 2.114187
10 4.292349 -5.506400
10 -8.849078 7.361802
4 -9.742397 -6.616878
1 -7.925380 2.684889
10 -8.849078 7.361802
2 1.185107 6.672226
1 -0.225441 0.504557
10 8.042236 9.861767
8 -2.644445 9.941208
1 -6.408984 2.684889
5 -7.925380 2.684889
6 6.306423 0.115107
5 -7.140964 0.948410
8 -5.220763 13.920212
1 0.618571 -1.222121
4 -5.723236 -9.029010
6 6.306423 0.115107
5 -7.925380 2.684889
9 -18.210589 8.389662
10 -5.635564 2.454328
3 5.669682 -12.480360
6 8.025710 0.115107
8 -0.820920 3.611049
9 -9.593181 -3.468541
10 -4.108509 3.468335
4 -5.723236 -9.029010
2 -9.989777 -9.055562
8 -5.220763 13.920212
1 -7.925380 4.232382
2 1.185107 6.672226
6 6.306423 0.115107
7 -8.170776 4.689611
6 -4.530933 1.823047
6 9.221454 8.924011
9 -15.215693 6.728588
7 6.306423 0.115107
7 6.306423 0.115107
10 -8.849078 7.361802
8 4.651144 1.008875
1 -7.925380 2.684889
2 1.185107 6.672226
4 -9.742397 -9.029010
9 -15.215693 6.728588
9 9.717304 -0.192237
1 -7.925380 2.684889
9 3.886629 8.475618
3 1.185107 5.670009
1 -6.408984 4.232382
5 -6.408984 2.684889
2 3.578301 5.670009
5 -4.977402 1.063255
3 5.669682 -12.480360
2 3.578301 5.670009
4 -5.723236 -9.029010
8 -5.220763 9.727506
9 8.456418 0.432339
1 -7.925380 2.684889
1 -6.408984 2.684889
7 6.306423 1.884129
6 5.447215 1.443352
3 3.578301 6.672226
4 7.814239 9.767173
10 -8.849078 7.361802
6 8.025710 0.115107
2 1.185107 6.672226
10 -8.849078 7.361802
5 8.623062 -0.215329
4 5.537004 -0.177294
3 -0.167471 8.169513
10 -8.849078 7.361802
9 -14.222297 8.192352
4 -9.742397 -6.616878
4 -9.742397 -9.029010
3 1.185107 5.670009
1 1.542105 -4.294226
