10 100
P 3.554334 -0.888330 6.685894 3.509765
P 2.962784 -0.971331 6.281042 2.170674
Z 1 3.554334 -0.888330 4.208803 -0.132241
Z 2 -2.355498 -6.306778 -1.684398 -4.533184
P 8.622955 0.180057 11.766700 5.168980
K 5.401175 -8.030735 4.710264
K 8.199188 0.061213 1.038706
P -7.912902 9.043229 -5.391047 12.906978
K -6.512639 -1.109937 3.147454
Z 5 -7.549767 7.641487 -7.435258 -8.213927
6 5.4012 -8.0307
6 5.4012 -8.0307
10 8.6230 5.1690
6 5.4012 -8.0307
2 2.9628 -0.9713
1 6.6859 -0.8883
4 2.9628 2.1707
7 8.1992 0.0612
1 1.2135 8.1990
5 8.6230 0.1801
5 11.7667 0.1801
8 -9.4289 -5.5789
5 11.7667 0.1801
8 -7.7172 -0.3757
4 6.2810 2.1707
1 3.5543 -0.8883
1 3.5543 3.5098
1 -8.0584 -4.5580
4 -6.5009 5.8857
10 8.6230 5.1690
3 3.1055 2.2109
8 -7.9129 9.0432
3 6.6859 3.5098
2 6.2810 2.1707
6 5.4012 -8.0307
1 3.5543 -0.8883
10 0.7562 -1.0084
8 -7.9129 9.0432
9 -8.5101 -6.8899
6 5.4012 -8.0307
4 -3.2167 5.7645
8 -5.3910 9.0432
2 -7.4667 -3.4554
2 7.6733 9.7702
8 5.4743 8.6130
2 -7.4806 2.0873
5 11.7667 0.1801
7 4.2600 -6.5528
8 -4.2764 -0.8374
5 8.6230 5.1690
1 6.6859 -0.8883
8 -7.9129 12.9070
4 3.8886 5.4401
4 -3.2167 5.7645
10 8.6230 5.1690
5 11.7667 5.1690
10 -23.6130 -0.0528
2 -2.5660 3.4016
6 5.4012 -8.0307
8 -5.3910 9.0432
9 -6.5126 -1.1099
5 4.2363 7.7091
6 5.4012 -8.0307
6 -3.1389 -6.1252
6 5.4012 -8.0307
5 8.6230 0.1801
3 -5.1912 6.6620
5 9.0378 0.2879
3 -4.3609 3.9471
3 8.8718 -9.7741
1 6.6859 3.5098
2 2.9628 -0.9713
8 -7.9129 12.9070
2 0.5498 2.5458
10 8.6230 0.1801
3 3.5543 -0.8883
9 -9.7950 -9.1427
9 -6.5126 -1.1099
4 -2.8096 1.2129
9 2.8347 3.8975
5 8.6230 0.1801
9 -5.6181 -7.1758
5 8.6230 0.1801
7 -4.7324 0.5237
6 5.4012 -8.0307
10 -3.7736 -0.9254
1 6.6859 -0.8883
10 -5.0331 -5.8524
4 6.2810 -0.9713
1 3.5543 -0.8883
1 7.3342 -8.8687
7 8.1992 0.0612
3 3.1055 2.2109
8 6.8235 5.1251
6 -3.2994 -6.3909
2 -1.7520 -9.5604
1 3.5543 3.5098
6 5.4012 -8.0307
4 6.2810 2.1707
10 -6.9732 9.7153
4 9.7469 7.7045
4 -1.9574 -3.1685
2 6.2810 -0.9713
1 3.5543 3.5098
9 -6.5126 -1.1099
6 5.4012 -8.0307
7 3.2318 5.2400
6 5.4012 -8.0307
4 2.9628 2.1707
7 -7.5422 1.3655
