10 100
P 5.434423 3.682920 8.447833 7.442565
P 1.933168 -3.488852 3.889914 0.106284
Z 2 1.933168 0.106284 1.237103 -0.611695
K -4.830004 -6.794894 2.822401
P -2.036727 1.599505 -0.867231 5.394571
Z 1 -6.708855 0.752228 3.290533 0.285267
Z 4 -6.230432 -4.344435 -7.098650 -4.840618
P -7.436960 -8.892903 -5.319374 -5.944353
Z 5 -7.863551 -0.626499 5.850842 -0.937114
K 2.518290 9.798917 3.625321
2 3.8899 0.1063
6 5.5961 -3.7360
10 4.7480 3.8224
1 8.4478 3.6829
9 2.3407 -1.6083
5 -5.6230 -9.8260
4 -4.8300 -6.7949
10 2.5183 9.7989
4 -4.8300 -6.7949
4 -4.8300 -6.7949
7 -0.9315 -8.6947
6 8.4478 3.6829
5 -2.0367 5.3946
2 3.8899 0.1063
7 -7.6309 -1.8940
2 8.9200 8.6565
9 -0.8672 5.3946
6 8.4478 3.6829
4 -7.3929 -7.1112
8 -7.4370 -8.8929
10 2.5183 9.7989
8 -7.4370 -5.9444
7 -7.6309 -1.8940
1 8.4478 3.6829
5 -2.0367 1.5995
7 -4.8300 -6.7949
7 -4.8300 -6.7949
7 -7.6309 -1.8940
7 -5.4703 4.5607
4 8.5355 -8.6538
5 -0.8672 1.5995
6 3.8656 -5.3505
5 -6.4567 -6.3189
10 2.5183 9.7989
1 8.4478 3.6829
3 -0.7964 -4.2038
1 8.4478 3.6829
2 1.9332 -3.4889
5 -0.8672 5.3946
2 3.8899 0.1063
10 -7.0089 7.4356
6 1.8581 -5.4096
2 0.5796 4.6952
2 1.9332 -3.4889
5 9.6036 0.9992
5 -2.0367 5.3946
9 -2.0367 1.5995
9 -0.8672 5.3946
8 -5.3194 -5.9444
2 1.9332 -3.4889
9 -0.9752 -3.1670
8 -5.3194 -8.8929
8 -5.3194 -8.8929
10 9.0110 6.1266
1 6.5917 5.0072
4 -4.8300 -6.7949
9 -0.9752 -3.1670
6 -3.3119 2.7841
4 -4.8300 -6.7949
6 4.7581 -7.0407
7 -7.6309 -1.8940
1 -3.0952 -5.5817
4 -4.8300 -6.7949
5 -2.0367 5.3946
3 -1.6602 -0.0051
10 6.7017 -7.6549
4 -3.9526 3.1360
1 8.4478 3.6829
10 -0.0394 -6.5654
2 3.8899 -3.4889
7 -4.8300 -6.7949
9 -2.0367 1.5995
8 -7.4370 -8.8929
2 3.8899 -3.4889
3 -7.2685 -0.5923
2 3.8899 0.1063
8 -2.7497 -6.0919
2 3.8899 0.1063
3 -4.7050 9.3225
10 -1.9001 0.6986
6 8.4478 7.4426
2 2.3557 6.2696
4 -4.8300 -6.7949
1 8.4478 3.6829
10 2.5183 9.7989
3 5.3752 -5.6913
10 4.4986 -2.2231
9 -0.8672 5.3946
7 8.0245 2.1911
10 -1.5694 1.5579
2 3.8899 -3.4889
6 7.7584 -7.3215
1 5.4344 3.6829
4 -4.8300 -6.7949
2 5.3399 4.6762
10 6.9627 6.6739
2 3.8899 0.1063
6 4.7581 -7.0407
9 8.0036 -0.8819
8 -7.4370 -5.9444
