10 100
P -6.016612 -9.591471 -3.662586 -8.245209
K -0.608007 -5.038627 1.168163
Z 2 -0.608007 -5.038627 0.130064 -4.363904
Z 2 -0.372421 -3.894466 -1.351874 -3.692794
P 6.982134 8.854460 8.214770 12.320364
P 6.857812 9.377460 11.024262 11.598085
K -4.131925 -2.355302 2.601855
Z 2 -0.608007 -5.038627 -1.033875 -5.943412
P 1.731044 -2.166900 5.457278 -0.037960
K -9.230911 -4.368042 3.586161
1 -3.662586 -8.245209
4 -0.608007 -5.038627
4 -0.608007 -5.038627
1 6.359790 9.791036
2 -0.608007 -5.038627
9 -8.228918 4.984911
8 -0.608007 -5.038627
10 -9.230911 -4.368042
2 3.060688 2.437945
4 -0.136834 -2.750306
8 -0.608007 -5.038627
10 -9.230911 -4.368042
10 2.366597 8.463799
9 1.731044 -2.166900
8 -8.945177 -6.761820
7 -4.131925 -2.355302
8 -0.608007 -5.038627
7 -4.131925 -2.355302
5 -6.790860 7.250191
7 -4.131925 -2.355302
8 -0.608007 -5.038627
4 -1.701934 -2.150047
2 -9.615195 -8.429115
6 11.024262 9.377460
8 -0.608007 -5.038627
1 -3.662586 -8.245209
8 -0.608007 -5.038627
8 7.785005 -8.401781
4 0.092287 -8.461623
7 6.928264 -5.553760
10 -6.377194 3.973458
2 -8.691804 0.053175
2 -0.949967 -3.868487
7 -4.131925 -2.355302
2 8.363966 7.801557
4 -6.329755 4.557989
4 -0.608007 -5.038627
8 -0.608007 -5.038627
9 1.731044 -0.037960
10 -7.264268 -1.677560
1 -6.616797 5.277298
8 -0.608007 -5.038627
2 -0.608007 -5.038627
8 -0.608007 -5.038627
1 -6.016612 -8.245209
10 -9.230911 -4.368042
9 -9.806911 -2.341786
1 -2.108357 -5.808410
6 4.699901 5.162690
2 -0.608007 -5.038627
8 -0.608007 -5.038627
3 1.799202 -7.978345
4 -0.608007 -5.038627
6 11.024262 9.377460
2 -0.608007 -5.038627
2 -0.608007 -5.038627
6 11.024262 11.598085
6 -3.803484 -0.665198
4 -0.608007 -5.038627
5 -6.192829 7.271871
2 -0.197593 7.753566
1 -6.016612 -9.591471
10 -9.230911 -4.368042
4 -0.136834 -2.750306
8 -5.220829 -5.984356
4 -0.608007 -5.038627
10 1.053040 -7.770693
1 -3.662586 -8.245209
10 -9.230911 -4.368042
1 -3.662586 -9.591471
10 -9.230911 -4.368042
6 11.024262 9.377460
6 6.857812 11.598085
7 -4.131925 -2.355302
1 -6.016612 -9.591471
4 -0.136834 -2.750306
5 9.289594 3.169887
8 3.010917 0.174145
4 -0.608007 -5.038627
5 6.982134 8.854460
3 -5.778276 -6.712929
10 -9.230911 -4.368042
1 -3.662586 -9.591471
6 6.857812 9.377460
10 -9.230911 -4.368042
3 -2.105465 -0.569514
4 -0.136834 -2.750306
7 -4.131925 -2.355302
3 -0.608007 -5.038627
9 1.731044 -0.037960
7 -4.131925 -2.355302
6 6.857812 11.598085
7 5.515642 2.612472
1 -6.016612 -8.245209
7 -4.131925 -2.355302
10 -9.230911 -4.368042
5 6.982134 8.854460
9 7.521063 7.831398
2 5.573269 -5.632353
5 8.214770 12.320364
