10 100
K 4.039926 -0.426699 4.238015
Z 1 4.039926 -0.426699 4.978494 -0.771794
Z 2 4.039926 -0.426699 3.479803 -1.255109
K 8.408851 9.301448 1.395759
K 0.940540 5.549868 1.321013
K 3.911021 2.636437 4.300387
K 4.726519 0.538651 1.373971
K -3.520132 -7.909158 1.744696
K -2.345145 -2.503732 4.973875
K 5.863255 2.203122 1.687340
4 8.4089 9.3014
4 8.4089 9.3014
2 -9.3510 -1.6677
1 4.0399 -0.4267
10 5.5082 -9.6346
4 -5.0380 8.2050
5 0.9405 5.5499
5 0.9405 5.5499
6 -9.2703 4.7466
7 2.9915 8.4112
5 0.9405 5.5499
10 6.1836 6.7104
9 -0.2124 -1.3241
10 5.8633 2.2031
7 4.7265 0.5387
3 3.0089 9.4960
3 -1.6168 4.9836
6 3.9110 2.6364
9 -2.3451 -2.5037
8 -3.5201 -7.9092
6 3.9110 2.6364
7 4.7265 0.5387
10 5.5591 6.9950
7 -4.6704 -8.7869
5 -0.2713 7.9088
10 7.1346 -4.2740
5 0.9405 5.5499
5 0.9405 5.5499
5 -6.4630 5.8051
9 3.1441 -9.1540
1 4.0399 -0.4267
2 -4.6221 8.9280
9 4.9662 6.5825
4 8.4089 9.3014
3 4.0399 -0.4267
1 4.0399 -0.4267
1 4.0399 -0.4267
6 -3.4472 8.7390
1 -2.9203 4.4917
9 -2.3451 -2.5037
9 7.1783 6.3964
2 -4.5734 1.0886
8 -3.5201 -7.9092
4 8.4089 9.3014
4 8.4089 9.3014
8 -3.5201 -7.9092
4 8.4089 9.3014
6 3.9110 2.6364
9 -2.3451 -2.5037
4 -6.3181 6.1016
3 4.0399 -0.4267
1 -1.1539 -5.0860
3 -4.5104 1.8992
4 8.4089 9.3014
8 -3.5201 -7.9092
9 -2.3451 -2.5037
7 4.7265 0.5387
6 3.9110 2.6364
8 -3.5201 -7.9092
4 0.0245 8.1518
9 5.0205 6.6127
5 0.9405 5.5499
5 0.9405 5.5499
1 0.1881 7.7978
2 9.1463 -9.7257
4 8.4089 9.3014
5 0.9405 5.5499
8 -3.5201 -7.9092
8 -3.5201 -7.9092
7 4.7265 0.5387
3 4.0399 -0.4267
3 4.0399 -0.4267
2 -4.8930 -5.0309
7 4.7265 0.5387
7 7.0528 8.7471
4 8.4089 9.3014
10 5.8633 2.2031
10 5.8633 2.2031
6 3.9110 2.6364
5 0.9405 5.5499
6 3.9110 2.6364
9 -2.3451 -2.5037
4 -7.0586 -9.3127
5 0.9405 5.5499
9 5.7888 7.8306
2 4.0399 -0.4267
2 4.5961 -5.1475
3 -1.2786 -9.4802
9 5.2567 9.7618
4 8.4089 9.3014
2 4.0399 -0.4267
4 8.4089 9.3014
3 -6.4080 -8.7948
3 0.9810 -3.6105
3 -4.5315 -7.4105
3 4.0399 -0.4267
3 4.0399 -0.4267
2 4.0399 -0.4267
6 3.9110 2.6364
7 6.2816 3.1385
