10 100
P -2.067372 -0.307076 1.911360 2.781735
P -8.610560 7.412120 -7.260339 10.298265
K 3.688733 -7.497955 3.240049
P -4.441184 -8.844327 -3.044446 -7.411052
K -1.143905 -1.044332 4.672618
Z 1 1.195593 -9.757193 1.272264 4.384492
Z 6 0.582336 -0.299871 0.765992 0.683120
K -8.619299 -7.295531 1.687518
P -7.526017 1.260599 -5.471143 2.276609
K -6.416553 6.585600 2.765487
2 -7.260339 7.412120
3 1.949067 8.768819
4 -5.784674 -6.947790
8 -4.364449 0.772840
9 -5.471143 2.276609
9 -5.471143 1.260599
8 -8.619299 -7.295531
1 1.911360 -0.307076
9 -5.471143 2.276609
2 -7.260339 7.412120
10 -6.416553 6.585600
2 -8.610560 10.298265
1 1.273944 -9.262593
8 1.499735 2.565802
5 -1.143905 -1.044332
3 3.688733 -7.497955
9 -7.526017 2.276609
8 -8.619299 -7.295531
3 3.688733 -7.497955
7 8.525201 -8.245905
5 -1.143905 -1.044332
5 -1.143905 -1.044332
4 7.226435 1.361820
2 -3.624540 3.389154
1 -2.067372 -0.307076
4 -4.441184 -7.411052
10 -6.416553 6.585600
6 -6.906288 8.763824
5 -4.566392 -3.448526
10 -6.416553 6.585600
1 -2.067372 2.781735
8 -4.344845 5.512553
2 -8.610560 7.412120
6 -1.763242 0.192958
4 5.901104 -2.030857
9 7.611190 2.391055
9 -5.471143 2.276609
9 -5.471143 1.260599
5 -7.810208 -7.150448
5 -1.143905 -1.044332
9 -1.120127 -3.873952
4 -2.385325 -2.601121
8 -8.619299 -7.295531
5 -1.143905 -1.044332
8 3.764743 -6.440788
8 -8.619299 -7.295531
1 -2.067372 2.781735
2 -9.041227 -3.060655
1 1.911360 2.781735
2 -8.610560 10.298265
10 4.616373 -8.827491
8 -8.619299 -7.295531
9 -6.836613 -1.953100
3 -0.784529 -4.546574
7 -8.157136 -4.679794
5 8.419306 -7.921515
4 -3.967145 -7.084102
9 -4.297826 -4.008737
7 7.726748 -9.614707
5 -7.315342 5.798189
5 -1.143905 -1.044332
3 3.688733 -7.497955
10 -6.416553 6.585600
7 -9.773242 -4.348979
9 4.206528 -2.028781
10 -6.416553 6.585600
4 -4.441184 -7.411052
4 4.179086 5.985921
10 5.463728 5.721560
6 9.198297 9.661421
1 5.576036 -6.985871
10 9.729884 -1.202740
3 2.731722 -4.165875
10 -2.442166 -5.741544
7 -1.563440 -7.457974
6 -6.772484 -9.374764
5 3.880688 -4.972306
9 -5.471143 2.276609
7 3.538525 3.039350
1 -3.825647 3.849523
3 3.688733 -7.497955
10 6.801089 -2.679029
5 9.603886 1.860936
5 -1.143905 -1.044332
6 -4.630576 0.432920
1 -6.292329 8.620044
2 -1.278524 -5.860311
3 3.688733 -7.497955
9 -6.154724 4.922762
1 1.911360 2.781735
5 -1.143905 -1.044332
9 6.557222 -4.582635
8 -8.619299 -7.295531
8 -8.619299 -7.295531
5 -1.143905 -1.044332
5 0.464977 -4.855275
2 -7.524955 6.672790
1 -2.067372 -0.307076
2 -8.610560 10.298265
10 -6.416553 6.585600
