10 100
P 4.948732 6.887461 7.872447 11.067051
P -6.034010 -2.846785 -4.449750 1.351110
Z 1 0.843978 6.731165 -0.997914 1.709396
K -5.778973 -7.095941 2.475643
Z 1 -9.289963 3.972946 6.357696 9.381673
K 6.994915 2.938230 1.737359
Z 5 -7.039266 1.198493 -3.724596 1.111264
Z 7 9.612080 -7.663822 2.780170 3.293898
P -0.760937 -0.195651 3.414306 3.111531
P -8.311881 0.739505 -7.302912 3.809080
8 -4.075357 5.619879
2 -4.449750 1.351110
4 -5.778973 -7.095941
6 -9.118725 0.735544
7 3.684721 -7.964640
10 -0.093204 1.557328
2 -6.319260 -3.297562
1 7.872447 11.067051
1 6.039412 7.177400
3 7.872447 11.067051
4 -5.778973 -7.095941
6 9.867395 -3.188134
10 -7.302912 0.739505
3 2.118231 -7.025740
4 -5.778973 -7.095941
8 -1.401077 2.928487
9 -8.684339 9.263464
6 -7.052332 -1.580029
1 4.948732 11.067051
6 -5.731351 8.019798
4 -5.778973 -7.095941
5 6.008859 12.278892
2 -2.025155 2.185070
8 -6.708760 4.349722
7 6.008859 12.278892
10 -5.979962 9.109086
5 8.710192 9.408951
7 -2.180629 -5.056794
4 -5.778973 -7.095941
5 9.057529 -8.673402
2 -6.034010 -2.846785
3 4.796892 -3.799214
4 -5.778973 -7.095941
8 6.290257 7.185965
2 5.746724 -0.214211
5 6.290257 7.185965
10 -8.311881 3.809080
6 -2.978298 -7.491465
3 -2.186261 9.504444
4 -5.778973 -7.095941
7 4.948732 6.887461
9 -0.760937 -0.195651
7 9.349047 9.908311
5 4.948732 11.067051
5 5.594072 0.594000
10 -0.417314 -8.428133
10 -8.311881 0.739505
8 9.513436 -2.070222
4 -5.778973 -7.095941
9 0.639356 -9.641452
2 -6.034010 1.351110
9 -0.760937 3.111531
1 4.948732 11.067051
4 -5.778973 -7.095941
7 -2.062613 5.611591
9 3.414306 -0.195651
8 12.210852 -6.399313
9 -0.760937 -0.195651
8 3.206524 -8.628906
3 7.872447 6.887461
3 -6.639991 -7.239627
7 5.408014 -10.552848
10 -7.302912 3.809080
10 -7.302912 3.809080
3 -2.186261 9.504444
4 -5.778973 -7.095941
10 -0.384877 3.463155
7 2.976169 2.456110
10 -7.302912 0.739505
4 -5.778973 -7.095941
9 -0.760937 -0.195651
2 8.422104 -5.066733
6 6.994915 2.938230
3 0.516177 12.692830
2 -3.269996 1.227375
3 3.487430 -4.415507
7 6.290257 7.185965
3 -2.186261 9.504444
1 7.872447 11.067051
9 -0.760937 3.111531
4 2.254044 -8.573525
10 -9.892063 -2.544344
2 8.301708 5.118420
1 7.872447 6.887461
5 6.008859 12.278892
3 7.872447 11.067051
7 4.948732 6.887461
3 7.119081 -2.102569
1 7.872447 11.067051
10 -1.435486 3.248753
4 0.204875 -4.155967
10 5.244018 1.742872
3 7.774294 -6.850807
10 -8.311881 0.739505
1 7.872447 11.067051
3 9.865267 7.828729
7 4.948732 6.887461
4 -9.902563 9.723348
4 -5.778973 -7.095941
3 4.948732 6.887461
