10 100
P -9.463911 -1.900147 -6.893985 2.249611
P -2.621873 -2.398729 -1.218749 2.360281
K -0.312121 7.367297 4.602492
K -7.836956 -0.726965 4.497440
P -3.770287 -6.097232 -2.335580 -2.904838
K 1.092614 -0.493347 4.714124
K 8.577029 -7.025797 4.045421
K 9.069345 1.514465 3.214880
Z 3 1.858146 8.359128 2.644653 -9.159475
P 8.700918 -0.979049 9.907952 3.491423
9 -0.3121 7.3673
4 -5.1161 3.8056
9 4.1086 7.5658
4 -2.8412 -6.0691
7 3.9812 -3.7032
1 -6.8940 -1.9001
1 -6.8940 2.2496
7 8.5770 -7.0258
4 -7.8370 -0.7270
6 1.0926 -0.4933
7 8.5770 -7.0258
3 -0.3121 7.3673
10 -6.4211 -9.5990
8 3.7297 2.8300
4 -7.8370 -0.7270
4 -7.8370 -0.7270
6 1.0926 -0.4933
7 8.5770 -7.0258
2 -2.6219 -2.3987
4 -7.8370 -0.7270
1 -2.8698 6.6066
8 9.0693 1.5145
8 9.0693 1.5145
2 -2.6219 2.3603
5 -2.3356 -6.0972
6 1.0926 -0.4933
8 9.0693 1.5145
7 7.8869 4.7151
6 8.2208 0.6716
9 -6.0196 8.4374
5 -6.8956 -3.3044
6 1.0926 -0.4933
6 1.0926 -0.4933
1 -7.9890 6.9348
3 -0.3121 7.3673
10 5.5266 6.8649
1 -9.5910 -3.6524
9 -0.3121 7.3673
5 -5.2559 7.6178
3 -0.3121 7.3673
8 9.0693 1.5145
6 1.0926 -0.4933
5 -2.3356 -2.9048
6 1.0926 -0.4933
2 -8.2121 -8.7905
3 -0.3121 7.3673
4 -7.8370 -0.7270
10 -6.1076 6.3506
7 8.5770 -7.0258
5 -4.9433 4.1818
7 8.5770 -7.0258
4 -7.8370 -0.7270
9 -0.3121 7.3673
6 1.0926 -0.4933
6 1.0926 -0.4933
3 -0.3121 7.3673
2 -2.6219 2.3603
2 -1.2187 -2.3987
2 -2.6219 2.3603
1 -9.4639 -1.9001
10 9.9080 3.4914
1 -6.8940 -1.9001
1 -6.8940 2.2496
6 1.0926 -0.4933
5 -7.9782 -2.7912
10 8.7009 3.4914
7 -1.1978 -6.3636
3 -0.3121 7.3673
5 -3.7703 -6.0972
3 -0.3121 7.3673
8 9.0693 1.5145
4 -7.8370 -0.7270
5 -3.7703 -6.0972
2 -2.6219 2.3603
9 8.7691 4.5302
7 -9.1558 2.4023
7 9.0287 4.0202
4 -7.8370 -0.7270
5 -2.3356 -6.0972
5 -3.7703 -2.9048
2 -3.5317 -9.1695
7 -4.7854 5.0470
5 -9.4301 -3.9662
7 8.5770 -7.0258
8 9.0693 1.5145
9 -5.0966 -7.2216
9 3.2509 1.2242
1 -9.4639 -1.9001
10 4.8219 4.6881
8 9.0693 1.5145
9 8.6415 2.1514
3 -0.3121 7.3673
3 -0.3121 7.3673
8 9.0693 1.5145
10 8.7009 3.4914
7 8.5770 -7.0258
7 8.5770 -7.0258
3 -0.3121 7.3673
1 -5.6410 3.9130
2 -2.6219 2.3603
