10 100
P -2.271808 -5.393621 -0.563815 -2.582316
K 2.295859 8.691588 2.970954
K -0.582037 -6.610499 1.983256
Z 3 -2.556575 -6.796246 -2.462917 -7.791850
K -0.349389 -0.391745 2.617935
K 3.352740 -9.161509 1.541532
K -3.166660 8.502133 4.516958
K -8.253620 2.449845 4.194758
Z 3 -2.350995 -5.713789 -2.803135 -6.605736
P -0.904202 4.827745 3.216615 6.809458
1 -2.271808 -5.393621
8 -8.253620 2.449845
5 -2.068317 -1.396828
7 -3.166660 8.502133
8 -8.253620 2.449845
1 -0.563815 -2.582316
9 -4.119954 -4.817079
1 -0.563815 -2.582316
8 5.448900 -2.966925
10 -0.904202 6.809458
2 0.199291 2.938868
2 2.295859 8.691588
2 9.497452 -6.271762
6 1.453364 0.188092
6 -7.575526 6.780844
5 -0.349389 -0.391745
10 3.216615 6.809458
10 3.216615 4.827745
5 -0.349389 -0.391745
1 -2.271808 -2.582316
5 0.573188 -0.152682
10 -3.314484 -8.681987
1 6.437395 8.142871
7 -0.138187 1.118601
9 -4.119954 -4.817079
3 -5.330847 6.731795
6 3.352740 -9.161509
7 -3.166660 8.502133
6 3.352740 -9.161509
2 4.588072 3.946292
8 -8.253620 2.449845
7 -3.166660 8.502133
5 -0.349389 -0.391745
3 -0.582037 -6.610499
1 -0.563815 -5.393621
4 -4.531113 -6.981993
3 0.914289 6.435034
7 8.253791 -9.876642
3 -8.024132 -5.802288
9 -4.119954 -4.817079
3 -0.582037 -6.610499
10 -1.869476 4.482302
9 -4.119954 -4.817079
1 -0.563815 -5.393621
10 -0.904202 4.827745
6 3.352740 -9.161509
5 -0.349389 -0.391745
1 -0.563815 -2.582316
4 -3.601077 -2.920593
9 3.981056 1.926458
3 -0.582037 -6.610499
2 3.309023 8.973075
2 2.295859 8.691588
7 7.930509 -5.218800
8 -0.831176 -2.556795
8 -8.253620 2.449845
5 -4.370490 5.172389
6 -4.383932 1.228805
3 -0.582037 -6.610499
9 -9.007339 9.293885
4 -0.582037 -6.610499
5 -0.349389 -0.391745
1 1.017145 -1.474986
8 -6.139400 -3.607110
4 1.701713 -5.423889
9 -4.119954 -4.817079
7 7.038822 8.585262
6 5.793633 8.658237
5 -0.349389 -0.391745
7 -3.166660 8.502133
9 -4.119954 -4.817079
2 -3.960114 -2.465809
1 -0.563815 -5.393621
8 -8.253620 2.449845
6 3.352740 -9.161509
1 3.087807 1.046020
3 -9.060218 3.555346
9 8.533065 -8.429417
3 -0.582037 -6.610499
10 3.216615 4.827745
7 -3.166660 8.502133
4 -4.531113 -6.981993
6 3.352740 -9.161509
5 -0.349389 -0.391745
6 2.479839 0.442520
1 -0.563815 -2.582316
6 3.352740 -9.161509
1 -8.856941 -6.259816
9 -0.582037 -6.610499
10 8.730609 0.448539
7 8.483765 1.688376
5 3.339456 -8.635642
5 -0.349389 -0.391745
3 -0.582037 -6.610499
6 3.352740 -9.161509
3 1.195734 9.902393
3 -0.582037 -6.610499
8 4.208492 -9.264034
1 0.991601 3.565034
9 -4.119954 -4.817079
