10 100
K 4.986735 -7.218215 4.745579
P 1.259371 -5.915692 3.662396 -2.204809
P 3.743578 -4.791575 6.894723 -2.182033
Z 1 3.596784 -11.755677 4.552929 -12.048571
Z 2 3.662396 -5.915692 2.673382 -5.767868
Z 3 2.198789 7.431507 -9.226050 -7.135111
Z 2 -3.631609 -7.131472 -5.407824 1.436597
K 0.874824 4.273750 2.364138
K -0.194427 -2.852191 4.997033
Z 7 8.781604 6.274566 7.333769 8.834108
6 -10.791161 9.079756
5 -5.839633 4.702899
8 0.874824 4.273750
6 8.272181 3.165614
5 1.259371 -5.915692
5 1.259371 -2.204809
10 1.259371 -2.204809
6 3.743578 -2.182033
6 6.894723 -4.791575
3 6.894723 -4.791575
5 0.279326 -8.761747
1 4.986735 -7.218215
6 3.743578 -4.791575
3 6.894723 -4.791575
8 0.874824 4.273750
3 -7.516260 -6.609174
1 4.986735 -7.218215
2 3.662396 -2.204809
1 4.986735 -7.218215
7 3.662396 -5.915692
3 -2.979916 -1.835749
7 1.259371 -5.915692
8 0.874824 4.273750
6 -10.040327 6.019370
9 -0.194427 -2.852191
1 4.986735 -7.218215
10 3.662396 -2.204809
3 -1.763465 -3.745354
3 6.894723 -2.182033
4 2.206833 -16.293139
7 5.600560 1.747796
7 5.180161 4.900769
4 -4.050974 -8.870090
2 3.662396 -2.204809
4 4.986735 -7.218215
4 2.206833 -16.293139
9 -0.194427 -2.852191
4 2.206833 -16.293139
5 -0.805669 4.428710
10 31.892807 15.238648
9 -2.629326 -3.183635
8 0.874824 4.273750
5 2.577329 -9.464394
3 3.270693 -5.383106
10 -10.078012 -4.555121
10 29.734377 18.257229
6 -7.505945 6.641154
1 4.986735 -7.218215
3 6.894723 -2.182033
2 1.259371 -5.915692
1 4.986735 -7.218215
4 2.206833 -16.293139
5 3.662396 -2.204809
3 3.743578 -4.791575
7 3.447496 -0.912752
10 2.491777 -6.304647
6 6.894723 -4.791575
9 -0.194427 -2.852191
7 -10.807820 -8.915461
10 9.936452 7.262260
5 -0.305098 -6.036062
4 9.642370 -1.799691
4 6.647274 -1.977038
8 0.874824 4.273750
1 4.986735 -7.218215
1 -6.594028 2.918601
4 -9.645630 6.214511
6 -6.243078 1.972227
1 4.986735 -7.218215
4 4.986735 -7.218215
3 3.743578 -2.182033
3 1.313227 2.319429
1 8.467771 7.167190
5 1.259371 -5.915692
3 3.743578 -4.791575
2 1.259371 -2.204809
3 3.743578 -2.182033
1 4.986735 -7.218215
7 -10.078012 -4.555121
8 0.874824 4.273750
2 3.662396 -2.204809
1 4.986735 -7.218215
1 4.986735 -7.218215
1 4.986735 -7.218215
4 4.986735 -7.218215
6 -8.256779 9.701540
8 0.874824 4.273750
5 1.259371 -2.204809
9 -0.194427 -2.852191
7 -6.847817 9.275481
3 -4.637988 -8.011210
2 8.568251 -5.762066
5 8.869325 6.854737
4 -5.570580 -0.048463
7 8.741573 -1.691900
1 0.218976 9.678082
5 3.662396 -2.204809
4 2.206833 -16.293139
5 6.432973 5.960379
5 8.835995 -4.603900
