10 100
K 4.262976 -3.105514 3.813182
Z 1 4.408499 -6.076629 -6.082193 1.124047
P -5.434935 -2.353636 -2.490940 2.322966
Z 2 8.518425 -1.504216 7.419654 4.269508
Z 3 -2.490940 2.322966 -2.827784 1.381406
Z 3 -2.921692 5.351998 -6.679050 4.346906
Z 5 -0.215022 0.455534 0.599224 1.036055
Z 5 8.673306 -0.780241 0.828366 5.471688
K 2.974039 4.921771 4.945260
K 7.776398 1.503074 1.122450
10 7.776398 1.503074
5 -2.490940 2.322966
1 9.387114 6.051842
2 4.262976 -3.105514
2 -7.730243 -3.200625
5 -5.434935 2.322966
2 1.583704 -7.008955
2 1.583704 -7.008955
3 -5.434935 -2.353636
7 7.305440 -4.303695
10 -5.873256 -0.766388
3 -0.158728 -9.701884
2 1.583704 -7.008955
7 8.840785 9.803210
9 -8.477257 3.658454
10 7.776398 1.503074
4 16.990340 -4.076988
9 2.974039 4.921771
3 5.585726 9.950457
3 -0.658564 3.599368
1 -8.022619 -2.425073
1 4.262976 -3.105514
3 -2.490940 -2.353636
10 4.792250 -6.888108
7 -0.215022 0.455534
8 -5.434935 2.322966
3 -4.599883 0.513267
6 -5.434935 -2.353636
1 4.262976 -3.105514
9 2.974039 4.921771
6 -4.060785 8.191550
6 -5.434935 -2.353636
7 7.874797 -4.996443
4 13.064586 -1.430520
6 -4.060785 8.191550
1 4.262976 -3.105514
4 6.692170 7.430871
4 1.583704 -7.008955
5 -3.181479 -3.159813
9 9.402500 1.067557
8 5.485181 7.608165
5 -2.490940 2.322966
4 13.064586 -1.430520
1 4.262976 -3.105514
3 -5.434935 2.322966
6 -4.060785 8.191550
1 4.262976 -3.105514
2 4.262976 -3.105514
4 16.990340 -4.076988
4 16.990340 -4.076988
2 1.583704 -7.008955
4 16.990340 -4.076988
6 -2.490940 2.322966
10 3.394528 -6.102737
5 9.707159 1.447973
6 -5.434935 -2.353636
3 -5.434935 -2.353636
1 -3.463968 -9.023807
9 9.317870 0.654811
9 -1.669795 7.613989
10 7.776398 1.503074
4 16.990340 -4.076988
7 1.951997 0.441249
7 -0.215022 0.455534
9 2.974039 4.921771
10 7.776398 1.503074
4 16.990340 -4.076988
2 1.583704 -7.008955
4 13.064586 -1.430520
5 -9.054223 -2.003342
7 -1.527308 9.534847
6 -6.611593 6.721691
9 2.974039 4.921771
4 16.990340 -4.076988
5 -0.215022 0.455534
2 -2.053487 -1.505230
5 -3.181479 -3.159813
6 -5.434935 -2.353636
9 2.974039 4.921771
5 -2.490940 2.322966
10 7.776398 1.503074
9 2.974039 4.921771
10 -9.213121 6.632955
9 2.974039 4.921771
9 2.974039 4.921771
5 -0.215022 0.455534
6 -5.434935 -2.353636
5 -2.490940 2.322966
3 -2.490940 2.322966
4 13.064586 -1.430520
10 7.776398 1.503074
1 4.262976 -3.105514
6 -5.434935 -2.353636
9 2.974039 4.921771
7 -0.151243 -5.087996
1 4.262976 -3.105514
4 4.262976 -3.105514
2 5.117113 -0.791470
7 1.494985 7.349241
10 7.776398 1.503074
