10 100
P 2.191147 8.072357 3.776541 11.865563
P -3.084172 -7.034973 0.270513 -3.293819
P -5.768624 5.045535 -3.868219 8.778905
P 5.649515 3.635859 7.072985 6.702385
P 0.448546 6.543068 3.556828 9.453033
P -1.993189 -9.113419 -0.031288 -5.304618
Z 6 -6.200294 -8.981175 6.080899 1.128685
Z 3 -3.007603 6.819171 5.295477 5.400272
K 6.677329 6.709556 4.993709
Z 4 -0.825666 -2.778878 6.364201 -9.503261
5 0.448546 6.543068
7 -1.783889 -5.558870
10 4.481361 -8.166577
10 5.649515 6.702385
4 7.072985 3.635859
5 3.556828 9.453033
8 -3.868219 8.778905
5 3.556828 9.453033
3 -3.868219 5.045535
3 -1.134964 -6.163361
10 -6.698171 -11.088586
2 4.040092 -5.953851
6 -0.031288 -9.113419
6 -1.993189 -9.113419
6 -1.993189 -5.304618
1 3.776541 11.865563
4 5.649515 6.702385
10 5.649515 6.702385
6 -0.031288 -9.113419
1 5.963682 5.323270
4 -9.230960 -8.589010
1 -4.299257 -4.720554
10 9.697005 -4.964076
5 0.448546 6.543068
7 -1.993189 -5.304618
10 7.072985 3.635859
6 -1.993189 -5.304618
8 -3.868219 8.778905
8 -5.768624 8.778905
6 -0.031288 -5.304618
2 -5.369651 -2.145307
5 4.966883 -0.720668
3 -4.118994 3.907392
8 -4.470167 5.256441
1 -4.317846 -9.465747
10 -6.793306 -9.668298
1 -8.840753 -6.400561
9 -2.807398 3.428756
9 9.575142 -7.196676
6 -0.031288 -5.304618
7 -1.783889 -5.558870
6 -1.993189 -5.304618
4 5.649515 3.635859
5 5.035886 4.592622
5 0.448546 6.543068
10 8.084247 -6.414593
6 -1.993189 -5.304618
9 6.677329 6.709556
10 2.402293 -1.797850
2 0.270513 -3.293819
10 -2.086315 -5.358886
4 7.072985 3.635859
6 -0.031288 -9.113419
5 0.448546 6.543068
7 7.088095 7.208667
3 -5.768624 5.045535
4 6.749467 -8.942889
10 -6.793306 -9.668298
5 3.556828 9.453033
4 5.649515 6.702385
3 -3.868219 5.045535
7 1.578066 2.043779
3 -3.868219 5.045535
8 0.346021 -7.348392
4 7.072985 6.702385
2 5.970686 9.691479
7 -1.701240 8.163519
9 6.677329 6.709556
5 0.448546 9.453033
8 6.121135 -5.170856
10 5.649515 3.635859
4 7.072985 3.635859
8 -5.476107 4.825093
3 -5.768624 8.778905
6 -0.031288 -9.113419
8 7.624818 0.298704
9 1.446877 6.875695
9 6.677329 6.709556
4 7.072985 3.635859
5 3.556828 6.543068
9 1.289355 3.212732
4 5.649515 3.635859
2 3.505246 4.778021
10 -9.757842 -11.293531
5 0.448546 6.543068
10 5.649515 6.702385
2 -3.084172 -7.034973
6 -1.993189 -9.113419
6 4.166978 5.735148
3 -5.768624 8.778905
3 -3.868219 8.778905
10 -6.698171 -11.088586
5 0.448546 9.453033
2 0.270513 -3.293819
10 -6.793306 -9.668298
2 0.270513 -7.034973
3 -5.768624 5.045535
2 0.270513 -7.034973
2 -3.642365 0.105826
4 7.072985 6.702385
