10 100
K -0.067085 -8.417567 4.440017
Z 1 3.650293 8.135544 -8.488968 -0.132582
K -2.721531 4.930927 2.665372
P 6.857194 1.525820 10.791917 5.417204
P -6.843711 8.018666 -4.165302 9.629013
K 5.652724 3.070196 4.554666
P -6.393518 5.863617 -4.209224 9.167360
Z 5 4.880223 5.309712 -5.799002 -3.432193
K 9.540178 -5.222372 4.261022
K -6.254408 6.694579 3.887892
4 6.8572 5.4172
2 -13.1143 10.7383
4 8.7556 5.3484
1 -0.0671 -8.4176
6 5.6527 3.0702
7 -6.3935 9.1674
7 -4.2092 5.8636
4 6.8572 1.5258
8 -0.3690 -1.2266
8 -4.1653 9.6290
5 -6.8437 8.0187
5 -6.8437 8.0187
1 -0.0671 -8.4176
9 9.5402 -5.2224
3 -2.7215 4.9309
4 10.7919 5.4172
6 2.3724 5.3306
5 -6.8437 8.0187
4 6.8572 1.5258
5 -4.1653 9.6290
5 -6.8437 8.0187
2 -9.8063 -2.8604
4 10.7919 5.4172
1 -0.0671 -8.4176
6 1.0231 -4.5848
7 -6.3935 9.1674
2 -0.0671 -8.4176
9 9.5402 -5.2224
2 -13.1143 10.7383
6 5.6527 3.0702
8 5.7489 -4.0927
1 -0.0671 -8.4176
1 -0.0671 -8.4176
5 -4.1653 9.6290
5 6.9868 -9.9484
5 -6.8437 9.6290
1 -0.0671 -8.4176
10 -1.0165 -8.2746
8 5.2198 -6.7183
3 -2.7215 4.9309
9 9.5402 -5.2224
10 2.2612 -3.5232
2 0.6481 6.8609
8 -4.1653 8.0187
2 -0.0671 -8.4176
7 -4.2092 9.1674
8 7.3276 -4.4108
8 5.2198 -6.7183
5 -6.8437 9.6290
4 6.8572 5.4172
6 8.5397 2.6773
9 -7.8463 -0.4481
2 -0.0671 -8.4176
8 -2.1337 -0.5581
3 -2.7215 4.9309
3 -2.7215 4.9309
4 -3.0698 1.3209
1 -0.0671 -8.4176
10 7.1736 -8.4052
10 -6.2544 6.6946
4 6.8572 1.5258
2 -0.0671 -8.4176
5 -6.8437 8.0187
7 -4.2092 5.8636
5 -6.8437 8.0187
1 -0.0671 -8.4176
5 -6.8437 9.6290
4 6.8572 1.5258
9 9.5402 -5.2224
2 -0.0671 -8.4176
10 -6.2544 6.6946
5 -7.9549 -6.8349
5 -4.1653 9.6290
1 -4.2238 1.1440
9 9.5402 -5.2224
4 10.7919 5.4172
4 6.8572 1.5258
9 9.5402 -5.2224
2 -0.0671 -8.4176
9 -1.4114 3.7977
7 -4.2092 9.1674
4 -3.1136 4.9891
9 9.5402 -5.2224
2 -0.0671 -8.4176
10 -6.2544 6.6946
5 -6.8437 9.6290
4 -3.6000 5.8827
10 -6.2544 6.6946
6 5.6527 3.0702
7 5.3868 9.8154
2 -13.1143 10.7383
6 -3.1851 -4.0754
1 -0.0671 -8.4176
5 2.4946 -0.2840
9 9.5402 -5.2224
7 -1.5970 5.4027
8 5.7489 -4.0927
2 -13.1143 10.7383
6 5.6527 3.0702
2 -7.8135 -3.8584
