10 100
P 8.358836 1.771666 10.902727 3.960411
P 4.205967 -1.322578 7.846395 -0.130518
P -5.477783 -4.785610 -1.850952 -2.735807
K 9.512132 -0.969099 2.426646
K -2.789637 3.621590 3.458722
Z 2 7.846395 -0.130518 7.096346 -0.791900
P 5.342025 8.706231 7.549305 11.056782
Z 3 -1.850952 -2.735807 -2.181264 -3.679679
Z 4 -2.629345 2.697859 -0.933910 -4.268348
P 9.761787 -9.082574 11.982964 -7.747721
8 -5.477783 -4.785610
4 9.512132 -0.969099
2 7.846395 -1.322578
1 10.902727 3.960411
8 -0.809434 4.832379
7 7.549305 8.706231
2 7.846395 -0.130518
8 -5.477783 -4.785610
7 7.549305 8.706231
4 -2.071094 1.087362
8 -1.850952 -2.735807
5 1.292421 6.615288
3 -5.477783 -4.785610
6 7.390799 -3.742326
1 8.358836 1.771666
8 1.399853 7.996631
3 -1.850952 -4.785610
8 -1.850952 -2.735807
4 9.512132 -0.969099
9 -0.524049 -2.070939
5 -2.789637 3.621590
6 6.663707 0.018667
5 -2.789637 3.621590
2 7.846395 -0.130518
4 9.512132 -0.969099
1 8.358836 1.771666
2 -8.535716 3.550403
5 -2.789637 3.621590
2 4.205967 -1.322578
3 4.704156 1.378443
2 4.205967 -1.322578
6 6.663707 0.018667
8 -6.621374 -9.729544
7 5.342025 8.706231
4 9.512132 -0.969099
1 8.358836 3.960411
1 8.358836 1.771666
2 8.561724 6.804643
9 6.838196 7.717858
7 7.549305 11.056782
1 10.902727 3.960411
1 10.902727 3.960411
1 8.358836 1.771666
2 7.846395 -1.322578
7 5.342025 8.706231
3 -5.930671 -1.742055
2 7.846395 -1.322578
4 9.512132 -0.969099
7 -5.330681 4.026495
9 -11.727774 -6.138466
1 10.902727 1.771666
6 7.390799 -3.742326
4 9.512132 -0.969099
2 -1.101187 -1.466437
5 -2.789637 3.621590
3 -1.500853 -0.969096
10 -9.327199 8.256725
10 9.761787 -9.082574
9 -11.727774 -6.138466
10 9.761787 -7.747721
2 -0.927659 2.726816
7 5.342025 8.706231
6 4.205967 -0.130518
8 -3.129094 -4.338318
9 4.094735 -2.436912
9 7.716380 -9.271848
3 -1.850952 -4.785610
4 9.512132 -0.969099
9 -11.727774 -6.138466
5 -2.789637 3.621590
5 -2.789637 3.621590
2 7.846395 -0.130518
1 8.358836 1.771666
1 10.902727 1.771666
3 -1.850952 -2.735807
5 -2.789637 3.621590
8 -7.451047 -7.010428
10 9.761787 -7.747721
7 7.549305 8.706231
9 -11.727774 -6.138466
5 -0.802570 -6.375224
2 -7.338035 1.103600
4 9.512132 -0.969099
2 4.205967 -0.130518
8 0.984462 -4.997297
1 8.358836 3.960411
6 7.515405 -3.923904
6 7.846395 -0.130518
2 7.846395 -0.130518
4 0.094449 2.660152
5 9.943205 3.969963
5 -2.789637 3.621590
7 7.549305 8.706231
4 -4.003121 7.097960
9 9.512132 -0.969099
4 9.512132 -0.969099
2 7.846395 -0.130518
6 7.846395 -0.130518
1 8.358836 1.771666
6 8.285607 4.361112
