10 100
P 5.386616 1.169100 8.244084 5.937702
K 2.310179 -0.800709 3.887077
Z 2 2.310179 -0.800709 1.317125 -0.683048
K 6.805979 9.560576 3.855375
P 9.626440 -9.177016 11.316095 -7.973737
Z 1 2.211787 -4.901002 8.361304 3.215810
Z 2 7.112157 -6.023849 1.167265 0.561407
P -1.136069 -0.436038 3.513148 1.047464
K -6.451760 -8.707992 3.999526
K 6.541948 -3.004212 3.869072
4 6.805979 9.560576
8 3.513148 1.047464
9 -6.451760 -8.707992
5 11.316095 -9.177016
9 -6.451760 -8.707992
5 0.374020 1.395855
10 5.235405 -1.446754
7 2.310179 -0.800709
1 5.386616 5.937702
2 2.310179 -0.800709
8 3.513148 -0.436038
2 2.310179 -0.800709
3 2.310179 -0.800709
10 6.541948 -3.004212
7 2.405770 -0.714413
3 2.310179 -0.800709
8 -0.210691 -8.283017
9 -6.451760 -8.707992
8 -1.136069 -0.436038
8 3.513148 -0.436038
5 11.316095 -7.973737
10 6.541948 -3.004212
4 -8.441351 -6.440567
5 11.316095 -9.177016
4 0.114220 -0.345311
6 5.386616 5.937702
10 3.648896 -1.572651
7 2.310179 -0.800709
4 6.805979 9.560576
2 2.310179 -0.800709
8 -1.136069 -0.436038
10 -5.359992 4.973999
8 3.513148 1.047464
10 6.541948 -3.004212
4 6.805979 9.560576
9 6.796701 -6.737499
5 9.626440 -7.973737
3 2.310179 -0.800709
7 2.405770 -0.714413
4 6.805979 9.560576
1 -3.038717 7.704807
9 -6.451760 -8.707992
6 5.386616 1.169100
10 6.541948 -3.004212
6 -6.784922 8.928898
7 2.405770 -0.714413
3 2.310179 -0.800709
3 2.310179 -0.800709
4 -3.828333 -8.402161
10 7.719172 6.222952
7 2.310179 -0.800709
1 5.386616 1.169100
9 -6.451760 -8.707992
5 11.316095 -7.973737
3 2.310179 -0.800709
9 -6.451760 -8.707992
6 -0.995814 2.478899
3 2.310179 -0.800709
10 6.541948 -3.004212
10 6.541948 -3.004212
5 11.316095 -9.177016
9 -6.451760 -8.707992
7 2.405770 -0.714413
1 8.244084 1.169100
2 2.310179 -0.800709
7 2.310179 -0.800709
8 -5.073641 1.518108
6 8.244084 5.937702
5 5.028537 1.895160
10 6.541948 -3.004212
9 -6.451760 -8.707992
4 6.805979 9.560576
10 6.541948 -3.004212
2 2.310179 -0.800709
8 -1.136069 -0.436038
6 11.013336 3.839642
4 7.566117 8.336824
2 8.456310 -6.273548
2 2.310179 -0.800709
6 -6.609501 7.143245
1 8.244084 1.169100
6 -8.998515 3.449849
10 6.541948 -3.004212
9 -6.451760 -8.707992
5 -7.655562 -3.194779
10 6.541948 -3.004212
1 5.386616 5.937702
5 9.626440 -9.177016
1 5.386616 5.937702
4 0.407275 0.018333
9 -6.451760 -8.707992
5 11.316095 -7.973737
2 1.428458 7.787553
5 11.316095 -7.973737
3 -6.269290 -2.445283
9 -6.451760 -8.707992
8 3.513148 -0.436038
5 0.497945 -6.253319
3 -4.204673 -5.046716
6 8.244084 1.169100
