10 100
P 9.074230 -8.940096 13.233660 -7.094019
P -7.915299 -0.034738 -3.997191 2.693841
K 0.159719 9.141946 3.903411
Z 1 5.992707 2.840321 7.776520 -0.392698
Z 4 12.097329 -9.567064 11.107323 -9.708091
Z 2 -3.997191 2.693841 -3.023368 2.466534
P 0.897232 4.765329 3.893392 8.165117
P 4.757793 3.883021 8.856852 7.961631
Z 4 6.725930 -6.017104 3.217835 -8.939166
Z 5 -2.317498 -7.288128 -6.011918 9.614086
7 3.8934 8.1651
6 -3.9972 2.6938
3 0.1597 9.1419
5 12.0973 -9.5671
3 -5.8856 -8.7739
1 13.2337 -8.9401
1 -8.0193 7.8602
3 -8.1733 -7.3796
2 -7.9153 -0.0347
1 13.2337 -7.0940
6 -3.9972 2.6938
6 -3.9972 -0.0347
7 2.3655 2.5525
4 4.7852 7.6615
6 -7.9153 2.6938
5 4.2803 4.4438
3 -6.9555 -9.3875
1 2.7675 -6.0165
1 9.0742 -7.0940
2 -7.9153 -0.0347
6 -3.9972 2.6938
8 8.8569 3.8830
7 0.8972 4.7653
10 13.3635 -9.8518
8 8.8569 7.9616
2 -7.9153 2.6938
8 1.1817 4.0252
8 -5.9753 -6.2603
9 3.1154 8.7592
6 -3.9972 -0.0347
7 3.8934 8.1651
8 4.7578 3.8830
6 -3.9972 2.6938
7 -1.3350 -9.8491
5 0.6938 2.8828
5 6.7953 3.7987
6 -7.9153 -0.0347
2 -3.9972 2.6938
5 15.2096 -12.3265
1 13.2337 -7.0940
7 0.8972 4.7653
8 4.7578 3.8830
10 0.7301 3.0575
8 8.8569 7.9616
1 13.2337 -7.0940
6 -3.9972 2.6938
10 13.9849 -13.7078
7 0.8972 4.7653
7 -3.9377 -1.7778
6 -6.3024 6.8751
6 7.9784 0.5218
5 9.0742 -8.9401
8 8.8569 3.8830
6 -7.5104 4.4284
7 1.1559 9.3263
3 0.1597 9.1419
1 13.2337 -8.9401
9 12.7536 -5.0639
3 -8.0034 -0.2924
9 13.2337 -8.9401
3 0.1597 9.1419
3 3.6442 9.3290
10 -12.7776 -16.1178
10 9.0742 -8.9401
8 4.7578 3.8830
8 -2.3635 8.2760
9 9.0742 -7.0940
9 4.8913 -1.8064
4 10.5356 -8.5827
7 0.8972 4.7653
1 -5.1636 -3.5848
1 9.0742 -7.0940
1 9.5542 -0.4692
8 4.7578 7.9616
8 -9.7142 -3.4707
10 -7.7972 2.7227
4 -1.1540 -0.0435
7 -3.3306 2.4527
9 4.2756 -3.1791
9 -0.5524 -9.4939
10 -15.2278 -17.9865
4 14.3153 -6.0483
1 9.0742 -8.9401
7 3.8934 8.1651
1 -7.7175 -6.6064
6 -3.9972 -0.0347
7 0.8972 4.7653
1 9.3565 -6.8758
3 0.1597 9.1419
6 -7.9153 -0.0347
6 -7.5104 4.4284
7 3.8934 4.7653
4 12.7536 -5.0639
1 9.0742 -7.0940
2 -5.0788 -2.4735
6 -2.7892 5.1405
7 0.8972 8.1651
5 13.9849 -13.7078
6 -7.5104 4.4284
3 0.1597 9.1419
