10 100
P -1.811224 -8.723396 -0.190503 -5.378868
K 0.433051 2.851660 3.384466
P -3.174282 -4.723419 -0.587041 -2.238211
Z 1 5.199637 9.152936 -8.878406 -0.291085
P -8.333671 1.075786 -3.444531 3.421019
K -4.464806 6.484020 3.433070
P -0.142088 2.402456 1.856973 6.436824
P 5.817344 5.002756 9.656743 7.725493
P 2.409491 4.001297 5.489016 5.230375
P 9.252908 -0.397128 11.648028 1.683643
6 5.043084 9.478464
9 2.409491 5.230375
4 -0.190503 -5.378868
9 2.409491 5.230375
3 -3.174282 -4.723419
8 9.656743 7.725493
2 0.433051 2.851660
10 9.252908 -0.397128
1 2.008957 0.109019
9 1.061644 1.835838
2 0.433051 2.851660
7 -0.142088 6.436824
2 0.433051 2.851660
5 8.878720 4.439376
6 -8.050335 -0.655909
10 11.648028 1.683643
7 1.856973 2.402456
10 11.648028 1.683643
10 9.252908 1.683643
10 11.648028 1.683643
4 -10.290743 9.677390
10 11.648028 -0.397128
2 0.433051 2.851660
9 2.409491 4.001297
3 -3.174282 -4.723419
4 -6.646958 4.471078
4 -10.905472 8.177775
4 -0.190503 -8.723396
4 -1.811224 -5.378868
9 2.409491 4.001297
3 -0.587041 -2.238211
1 -0.860309 7.833141
8 5.817344 7.725493
1 -1.811224 -8.723396
9 2.409491 5.230375
5 -8.333671 1.075786
1 -9.255958 -9.477197
10 9.252908 1.683643
5 8.570792 8.337607
3 -0.587041 -2.238211
2 0.433051 2.851660
5 -8.333671 1.075786
5 9.917927 9.628604
1 -1.811224 -5.378868
2 9.471862 -3.970461
3 -0.587041 -2.238211
7 1.856973 6.436824
4 -0.190503 -5.378868
6 -4.464806 6.484020
3 -0.587041 -4.723419
2 6.928591 -4.233759
2 1.677097 4.768340
1 -1.811224 -8.723396
1 -1.811224 -8.723396
8 5.817344 5.002756
5 -8.333671 3.421019
4 -4.700087 1.351065
2 0.433051 2.851660
1 -1.811224 -5.378868
1 -0.190503 -5.378868
7 1.856973 6.436824
3 1.056946 -5.926294
6 -4.464806 6.484020
10 9.252908 -0.397128
2 -4.336240 6.449382
5 1.334637 -6.745840
7 1.856973 6.436824
6 -4.464806 6.484020
8 0.327604 -5.702946
3 -3.174282 -4.723419
5 -8.333671 3.421019
6 -4.464806 6.484020
5 -8.333671 1.075786
1 -1.811224 -5.378868
9 -0.189068 -6.306996
1 -1.811224 -5.378868
6 -4.464806 6.484020
8 9.656743 5.002756
9 -7.843315 -0.360233
10 5.224764 -0.002947
3 0.992371 -4.561543
6 -8.714091 3.715672
9 4.846882 -0.631835
7 -0.142088 6.436824
4 7.886089 6.808398
6 -4.464806 6.484020
5 -3.444531 3.421019
4 -14.000086 9.446334
8 -9.675852 -9.611484
4 -13.385357 10.945948
2 0.433051 2.851660
5 -8.333671 3.421019
8 9.656743 5.002756
10 9.252908 -0.397128
9 -6.475347 -4.956540
3 -4.989956 4.777352
6 -8.240059 -3.134909
9 -3.335792 6.550551
9 5.489016 5.230375
9 5.489016 5.230375
