10 100
K -5.949753 8.018810 4.627321
P 0.327044 -3.365646 5.154323 1.406405
K 1.321714 5.891797 3.843719
P 4.554311 4.822125 8.194357 7.406701
K 6.635690 4.247039 3.240774
P -7.188358 3.768703 -5.728362 7.386508
P -8.925919 -9.892829 -6.293325 -7.110157
Z 7 -6.293325 -9.892829 -6.662172 -10.822319
K -2.222918 -9.097878 1.539995
P -0.292626 7.877641 3.302294 11.073161
9 -2.222918 -9.097878
9 -2.222918 -9.097878
4 8.194357 4.822125
6 -5.728362 7.386508
5 6.635690 4.247039
7 -8.925919 -9.892829
5 -3.037773 -7.168852
10 3.302294 7.877641
3 1.321714 5.891797
3 1.321714 5.891797
5 6.635690 4.247039
1 -5.949753 8.018810
9 -2.222918 -9.097878
7 6.487348 -4.026415
10 -0.292626 11.073161
6 -5.728362 7.386508
3 1.321714 5.891797
9 -2.222918 -9.097878
9 -2.222918 -9.097878
8 -6.293325 -7.110157
7 -8.925919 -9.892829
10 4.941209 6.755333
6 3.606833 -9.130242
2 0.327044 -3.365646
10 6.505316 -6.421661
1 -5.949753 8.018810
5 7.313052 -9.373577
4 7.325732 -5.625546
7 -3.728636 -0.440392
2 0.327044 -3.365646
3 1.321714 5.891797
9 -2.222918 -9.097878
9 -2.222918 -9.097878
9 4.705255 4.480251
9 -2.222918 -9.097878
7 0.814631 -3.894581
2 -5.251405 -1.470611
2 -2.960250 3.181989
10 3.302294 11.073161
4 4.554311 4.822125
3 1.321714 5.891797
8 -6.293325 -9.892829
5 6.635690 4.247039
9 -2.222918 -9.097878
1 -5.949753 8.018810
9 -2.222918 -9.097878
3 1.321714 5.891797
8 -6.293325 -7.110157
6 -1.367485 -3.191027
5 6.635690 4.247039
10 -0.292626 7.877641
9 -2.222918 -9.097878
2 5.154323 -3.365646
5 6.635690 4.247039
3 -9.073475 -7.525721
10 4.964628 5.995036
4 4.554311 7.406701
1 -9.774830 -9.062242
7 -8.925919 -9.892829
9 -4.347275 -9.774918
8 -6.293325 -7.110157
4 4.554311 4.822125
10 -4.170118 7.585812
2 3.631250 -3.829200
9 4.587181 -3.928524
7 -8.925919 -7.110157
1 9.216604 -8.809422
2 -1.306692 0.205405
10 -0.292626 11.073161
5 6.635690 4.247039
10 2.040376 8.450645
7 1.207260 1.105053
7 -8.925919 -7.110157
5 6.635690 4.247039
8 7.800099 -9.467834
6 -5.728362 7.386508
5 8.159027 5.234128
10 3.302294 7.877641
1 -5.949753 8.018810
9 -2.222918 -9.097878
8 -4.377051 -11.697946
9 -2.222918 -9.097878
7 -7.601752 8.155281
1 -3.152815 4.964291
4 -8.910978 9.208037
2 0.327044 -3.365646
7 -4.089564 -0.882551
9 -2.222918 -9.097878
5 6.635690 4.247039
10 2.701171 7.531596
9 -2.336823 1.663701
7 -8.925919 -7.110157
4 1.878251 9.558947
6 -6.567464 7.963900
2 0.327044 -3.365646
9 -2.222918 -9.097878
10 3.302294 7.877641
8 8.596077 -5.244473
2 0.327044 -3.365646
7 -8.925919 -9.892829
