10 100
K -0.636010 1.796084 3.854502
Z 1 0.421693 5.502626 -0.539920 5.777033
K -2.375098 -0.704158 1.469996
Z 2 1.479396 9.209167 2.261999 9.831688
P 1.551671 -9.147023 4.167764 -7.858493
P 6.653955 -4.509901 9.459877 -3.096347
P -5.631257 -6.583857 -1.952948 -5.091701
K -2.666740 -8.379052 1.160947
Z 1 3.834113 0.523128 8.930696 8.980945
Z 6 -5.613119 8.913861 -5.284556 -6.538584
1 -0.3199 6.7334
1 -0.6360 1.7961
6 6.6540 -3.0963
3 -2.3751 -0.7042
9 7.8581 7.5034
6 6.6540 -4.5099
2 -0.6360 1.7961
10 -0.0571 3.7186
2 1.4794 9.2092
2 1.4794 9.2092
1 9.8890 -7.8521
10 6.6540 -4.5099
5 -6.9853 -5.9388
6 6.7926 7.0439
2 1.4794 9.2092
8 1.3557 4.7578
9 -0.6360 1.7961
4 -6.2195 8.8154
4 -9.4846 -3.9272
6 9.4599 -3.0963
7 -1.9529 -5.0917
3 -2.3751 -0.7042
8 -2.6667 -8.3791
2 -0.6360 1.7961
5 1.5517 -9.1470
3 -0.9736 1.7552
5 -1.9566 9.3394
10 -20.1620 -3.7262
6 -5.1282 -9.8304
8 7.2015 3.3978
10 -20.1019 -5.1385
2 1.4794 9.2092
5 4.1678 -9.1470
3 -2.3751 -0.7042
6 9.4599 -4.5099
7 -1.9529 -5.0917
1 -0.6360 1.7961
6 9.4599 -3.0963
5 1.5517 -9.1470
10 -17.3586 -3.6069
9 7.0482 -2.8343
9 8.0457 -5.9822
6 6.6540 -4.5099
1 -0.6360 1.7961
1 -0.6360 1.7961
8 -2.6667 -8.3791
8 -2.6667 -8.3791
10 9.4599 -4.5099
6 9.4599 -4.5099
7 -5.6313 -5.0917
5 4.1678 -9.1470
3 -2.3751 -0.7042
5 -4.6567 -0.9641
6 6.6540 -3.0963
1 -0.6360 1.7961
2 2.8466 1.3927
10 6.6540 -4.5099
6 -6.7073 -5.1879
4 -6.2195 8.8154
7 -5.6313 -5.0917
1 -0.6360 1.7961
1 -0.6360 1.7961
9 -0.4333 7.6656
4 1.4794 9.2092
1 -0.6360 1.7961
3 -2.3751 -0.7042
1 -0.6360 1.7961
7 -5.6313 -6.5839
9 -0.6360 1.7961
2 1.4794 9.2092
7 -5.6313 -6.5839
10 -17.2985 -5.0192
7 -5.6313 -5.0917
6 6.6540 -4.5099
4 1.4794 9.2092
10 6.6540 -3.0963
9 7.0482 -2.8343
5 1.5517 -7.8585
9 -0.6360 1.7961
4 0.7046 0.2931
9 -0.6360 1.7961
5 1.9179 -4.7800
10 -17.2985 -5.0192
2 -0.6360 1.7961
1 -0.6360 1.7961
8 3.3316 -1.5946
8 -2.6667 -8.3791
7 -1.9529 -5.0917
5 -5.3760 -6.8879
3 -7.4975 -6.4661
8 -2.6667 -8.3791
1 5.0176 -2.4048
9 7.0482 -2.8343
5 1.5517 -9.1470
5 4.1678 -7.8585
2 -1.0977 -0.6266
6 6.6540 -3.0963
2 -5.1946 -3.6410
6 -5.4885 -6.2092
8 -2.6667 -8.3791
