10 100
P -1.772998 -3.299647 1.748436 0.683316
Z 1 -9.751622 1.498692 7.325613 3.156135
K 1.239342 -2.640300 3.491235
P -7.671296 6.502772 -5.362105 11.116792
K -4.763310 -6.981530 3.375748
Z 4 -7.332374 4.218071 6.166407 8.041280
P -3.461825 -4.927812 -0.475914 -1.528290
P 2.823002 5.129771 6.716519 8.926972
K -3.636334 4.663644 3.378755
Z 2 5.877528 5.735096 8.534879 -7.278420
10 14.8961 4.0871
8 4.8709 1.4680
4 5.3181 1.9501
5 8.5159 -5.1292
5 -4.7633 -6.9815
8 2.8230 8.9270
10 13.2181 -0.9575
10 13.1147 11.0006
1 -1.7730 0.6833
4 -7.6713 11.1168
8 2.8230 5.1298
9 -1.9068 -6.4977
10 1.7484 0.6833
5 -4.7633 -6.9815
9 -3.6363 4.6636
5 -4.7633 -6.9815
6 8.9685 -0.0931
8 6.7165 5.1298
8 6.7165 8.9270
4 -4.8691 -3.6468
5 -4.7633 -6.9815
6 -7.6713 6.5028
8 6.4905 -7.5997
10 14.8961 4.0871
8 -2.9657 1.9821
3 1.4759 1.2914
4 -7.6713 6.5028
3 1.2393 -2.6403
6 -7.6713 6.5028
5 -4.7633 -6.9815
5 -4.7633 -6.9815
9 -7.4875 7.0982
1 7.8683 -2.1056
6 -4.0034 -1.8338
4 -5.3621 6.5028
2 -2.8446 7.7418
6 -4.4567 3.3059
1 1.7484 -3.2996
5 -4.7633 -6.9815
2 0.6111 8.4189
6 1.9218 1.6479
1 1.7484 -3.2996
4 -7.6713 6.5028
1 -1.7730 0.6833
6 -4.0034 -1.8338
9 -3.6363 4.6636
5 3.7219 2.9062
9 -3.6363 4.6636
10 5.8270 -2.0756
7 -3.4618 -1.5283
8 9.1141 4.7446
1 -9.5686 3.8844
3 1.4496 1.7226
8 2.8230 8.9270
5 -2.9278 7.8644
1 -1.7730 0.6833
1 -7.3034 6.9208
1 -1.7730 -3.2996
2 0.6111 8.4189
6 -7.6713 11.1168
10 6.3454 7.3782
10 13.9425 7.1047
2 0.6111 8.4189
8 6.7165 5.1298
1 4.7417 -3.7622
1 1.7484 0.6833
2 -2.8446 7.7418
4 5.9705 9.3054
5 -4.7633 -6.9815
10 -2.0787 3.8331
7 -3.4618 -4.9278
2 -1.7730 -3.2996
1 1.7484 -3.2996
6 -5.3621 6.5028
6 -7.6713 11.1168
7 3.6274 8.0496
5 -4.7633 -6.9815
3 1.2393 -2.6403
10 -2.8446 7.7418
9 -3.6363 4.6636
3 1.2393 -2.6403
5 -4.7633 -6.9815
1 1.7484 0.6833
1 -1.7730 -3.2996
1 -1.7730 0.6833
2 1.2117 -1.8507
1 1.7484 0.6833
4 -7.6713 6.5028
2 1.7484 -3.2996
1 -1.7730 -3.2996
1 -1.7730 -3.2996
9 -3.6363 4.6636
5 -4.7633 -6.9815
5 -4.7633 -6.9815
8 2.8230 5.1298
10 -5.1027 9.0416
6 -2.0371 -0.6229
4 -7.6713 11.1168
2 -1.7730 0.6833
10 -1.7730 -3.2996
