10 100
K -7.020260 -2.020382 1.172363
Z 1 -8.143051 -1.683076 -8.430765 -2.640792
K 0.088053 -4.544046 4.742039
P 5.076767 1.086480 8.176535 3.832954
K -9.523050 6.023480 3.962828
P -8.565804 8.042723 -5.811165 12.863733
Z 2 2.340711 6.916981 -3.170079 4.389548
Z 5 -6.611047 8.711276 -7.289299 9.446105
P -6.134648 0.247478 -1.821018 2.711104
K -4.606235 2.364855 3.898044
2 -7.020260 -2.020382
6 -8.711203 4.240758
8 4.186109 4.912376
1 7.505588 9.059269
6 -8.565804 8.042723
1 -7.020260 -2.020382
1 -7.020260 -2.020382
5 0.334791 1.826616
6 -5.811165 12.863733
7 -10.539825 5.653643
4 5.076767 3.832954
7 -10.539825 5.653643
9 7.428349 -4.756602
4 5.076767 1.086480
3 2.931275 -3.170041
4 5.135021 3.431870
10 -4.606235 2.364855
3 0.088053 -4.544046
5 -9.523050 6.023480
6 -5.811165 12.863733
2 -9.265841 -1.345770
10 -4.606235 2.364855
7 2.318268 -8.192617
5 -7.314410 2.873263
4 5.076767 1.086480
6 5.908933 -5.636920
3 0.088053 -4.544046
5 -9.523050 6.023480
10 -4.606235 2.364855
1 -7.020260 -2.020382
10 -4.606235 2.364855
8 -3.699043 11.399071
8 -9.523050 6.023480
8 -9.523050 6.023480
8 -9.523050 6.023480
3 3.873826 4.101081
1 -8.007901 6.669601
8 -3.699043 11.399071
7 -7.020260 -2.020382
7 -9.149112 -7.188029
4 -1.538399 -9.370195
4 5.076767 1.086480
9 5.558122 -8.954278
8 -0.296242 -2.473922
8 -9.523050 6.023480
10 -4.606235 2.364855
4 5.076767 3.832954
5 -9.523050 6.023480
4 7.572510 0.468040
2 -9.265841 -1.345770
10 0.394289 -8.522564
8 -9.523050 6.023480
8 0.809792 -3.669854
7 -9.265841 -1.345770
9 -1.821018 2.711104
10 -9.665874 -6.690299
3 0.088053 -4.544046
2 -7.020260 -2.020382
2 -9.265841 -1.345770
10 9.901990 -9.375151
2 -9.265841 -1.345770
4 8.176535 3.832954
2 -7.020260 -2.020382
9 -6.134648 2.711104
4 5.076767 1.086480
3 0.088053 -4.544046
8 -3.699043 11.399071
9 -1.821018 0.247478
5 -9.523050 6.023480
10 -6.870641 -8.850541
10 -4.606235 2.364855
9 -1.821018 2.711104
2 -9.265841 -1.345770
1 -7.020260 -2.020382
5 -9.523050 6.023480
10 -4.606235 2.364855
7 0.363760 7.710524
2 4.869987 -4.015567
5 6.683456 4.528441
9 -6.134648 0.247478
9 -1.821018 2.711104
3 4.428585 3.094818
1 -7.020260 -2.020382
7 -9.265841 -1.345770
7 -9.118879 8.070569
9 -6.134648 0.247478
5 -9.523050 6.023480
6 -0.216332 -0.587542
7 -10.539825 5.653643
8 -3.699043 11.399071
7 -6.617366 9.464639
3 4.721744 -7.981137
8 5.941305 7.219031
2 9.620078 -0.057258
4 3.025173 0.312872
3 8.339987 1.540970
1 3.234219 4.846661
8 4.640855 5.069975
5 -9.523050 6.023480
6 -8.565804 8.042723
