10 100
K 3.921108 1.620525 3.119123
Z 1 2.774998 4.521448 1.844953 4.154002
Z 1 3.921108 1.620525 4.906881 1.788608
Z 1 3.502272 4.711399 2.511329 4.577119
K 8.302789 4.201324 1.581871
K 3.421248 8.339119 1.755079
Z 4 -1.449449 -3.399093 2.117440 1.959809
K -6.661580 2.110149 4.487398
P -6.428237 -1.145915 -4.555747 0.120171
P -9.805703 5.147426 -4.903801 7.732090
1 -6.356739 4.435319
5 8.302789 4.201324
3 3.921108 1.620525
1 3.921108 1.620525
9 -0.104436 -2.813176
5 8.302789 4.201324
2 -1.989434 -8.625681
10 -4.903801 5.147426
8 4.897489 -9.662122
9 -4.555747 0.120171
7 -7.039724 -4.396943
8 -6.661580 2.110149
3 -0.391547 -1.286516
3 3.921108 1.620525
1 3.921108 1.620525
5 8.302789 4.201324
7 7.134306 5.106010
10 1.348621 -1.053137
8 -6.661580 2.110149
9 -4.555747 0.120171
3 3.921108 1.620525
8 1.411932 8.112923
10 -9.805703 7.732090
7 7.134306 5.106010
8 -6.661580 2.110149
2 1.628887 7.422371
4 3.921108 1.620525
1 7.013415 -9.595044
7 -2.514144 8.227597
1 3.921108 1.620525
9 -6.428237 0.120171
9 -1.204994 4.760010
8 1.683222 -7.346610
2 3.921108 1.620525
1 3.921108 1.620525
6 3.421248 8.339119
2 3.921108 1.620525
2 3.680191 6.943421
7 9.819717 7.013351
9 8.222801 8.231386
1 3.921108 1.620525
7 3.921108 1.620525
10 -9.805703 7.732090
9 -6.428237 0.120171
2 -9.453343 -2.794759
6 3.421248 8.339119
6 3.421248 8.339119
4 3.083436 7.802273
5 -9.955341 -0.538860
10 -9.805703 7.732090
9 1.207187 -7.041713
9 -4.555747 -1.145915
4 8.626975 1.876802
8 -6.661580 2.110149
1 3.123346 -8.336491
10 -4.903801 7.732090
8 -4.239156 -2.144585
9 -6.428237 0.120171
6 9.460203 -2.843512
1 3.921108 1.620525
8 -6.661580 2.110149
5 8.302789 4.201324
6 -9.088589 -3.375203
7 1.108272 3.492751
1 8.758178 -7.339302
7 8.040117 7.832419
4 1.924166 -5.283706
2 1.628887 7.422371
1 3.921108 1.620525
2 3.921108 1.620525
5 8.302789 4.201324
9 8.302947 -8.519902
8 2.535906 9.150543
3 1.039858 3.472157
1 3.921108 1.620525
10 -9.523273 -4.363951
5 8.302789 4.201324
10 -4.460754 -4.204190
3 3.921108 1.620525
3 3.131729 5.604055
9 -6.428237 -1.145915
4 3.083436 7.802273
2 6.783445 -3.043525
3 5.088697 -4.415383
1 3.921108 1.620525
5 8.302789 4.201324
6 5.384189 6.323579
1 3.921108 1.620525
4 3.921108 1.620525
9 -6.428237 -1.145915
6 -3.553107 -2.746628
10 5.561783 2.330526
7 3.921108 1.620525
6 -5.126301 5.479273
5 8.302789 4.201324
9 -4.555747 -1.145915
10 -4.903801 5.147426
8 -7.942065 -7.664360
9 5.682020 7.887947
7 1.108272 3.492751
