10 100
P -9.525476 5.086192 -6.786206 6.222126
Z 1 0.662193 5.329183 7.354259 -3.329561
K 9.365278 -0.920902 2.665450
P 4.331359 0.716136 5.987436 3.442111
Z 1 -8.918789 1.598780 1.484567 -3.480006
K 2.444222 -9.415234 1.381726
Z 2 -4.111468 6.006441 8.668770 9.830415
K -0.369246 -2.169801 3.704790
Z 1 6.202453 -5.437206 -0.049986 7.038585
Z 2 7.823733 -5.852266 -3.502617 -0.727225
1 -9.525476 5.086192
4 5.987436 3.442111
9 3.140885 1.389449
2 -6.786206 5.086192
3 9.365278 -0.920902
3 -1.618456 -4.152726
4 5.987436 3.442111
3 4.896794 6.696817
3 9.365278 -0.920902
3 9.365278 -0.920902
8 -0.369246 -2.169801
8 -0.369246 -2.169801
10 -11.752616 -15.789978
5 -6.786206 5.086192
6 2.444222 -9.415234
6 2.444222 -9.415234
3 9.365278 -0.920902
1 -9.525476 6.222126
9 -6.786206 6.222126
5 1.170132 2.898469
8 -0.369246 -2.169801
2 -6.786206 6.222126
3 9.365278 -0.920902
6 2.444222 -9.415234
10 2.775028 12.475764
9 -9.149942 0.678921
1 -6.786206 5.086192
1 -9.525476 6.222126
7 -8.304869 2.345559
8 -0.369246 -2.169801
9 -6.786206 5.086192
8 -0.369246 -2.169801
10 -10.811894 -16.426678
10 1.040027 2.433178
1 -2.284233 -2.985443
9 5.618434 -8.561181
1 -6.786206 5.086192
4 5.987436 0.716136
9 0.330969 -9.955983
2 -9.525476 6.222126
6 2.444222 -9.415234
2 9.833017 5.177039
7 1.675782 12.762125
2 -9.525476 5.086192
2 1.675782 12.762125
4 5.987436 3.442111
9 5.545787 11.266565
9 -6.786206 6.222126
7 -9.525476 5.086192
7 -8.517272 2.852572
8 -0.369246 -2.169801
9 -4.862593 -0.096553
4 4.331359 0.716136
8 -0.369246 -2.169801
1 -2.148345 -8.783616
7 -8.517272 2.852572
7 2.366334 15.412925
5 -11.252410 -2.926421
7 -6.294723 9.764905
4 1.504832 -3.738288
5 -9.525476 6.222126
3 9.365278 -0.920902
5 7.731267 -0.945740
10 -10.890307 -2.847946
4 4.331359 3.442111
8 -0.183859 6.490138
1 -5.823126 9.006210
6 2.444222 -9.415234
10 -10.811894 -16.426678
9 6.275245 14.140906
7 -9.525476 5.086192
9 -9.525476 6.222126
2 1.675782 12.762125
6 2.444222 -9.415234
4 5.987436 0.716136
1 -6.786206 5.086192
9 -9.525476 6.222126
10 -6.786206 5.086192
2 1.675782 12.762125
9 6.275245 14.140906
10 2.366334 15.412925
10 2.775028 12.475764
4 -6.394153 8.325690
10 7.514167 -9.807325
3 9.365278 -0.920902
10 -5.890071 -5.104174
10 -0.355251 -6.378568
6 -6.050401 -4.175474
1 -6.786206 5.086192
8 -0.369246 -2.169801
7 -6.228174 4.357109
8 -0.369246 -2.169801
6 2.444222 -9.415234
7 -9.141181 3.801826
7 2.775028 12.475764
9 6.275245 14.140906
5 -12.041646 -0.067915
7 1.675782 12.762125
10 -6.786206 5.086192
4 4.331359 0.716136
