10 100
P 1.161100 5.377346 2.296472 6.769204
K -7.022436 4.187878 4.562006
Z 2 -7.022436 4.187878 -7.608300 3.377469
K -0.459873 7.819977 2.861067
K -0.511726 5.023622 3.512635
Z 3 -7.022436 4.187878 -6.990785 3.188379
K -4.518583 7.486370 2.229238
Z 2 -1.777975 -6.230354 -8.022128 -5.583448
Z 4 -2.158620 5.517813 -1.353968 4.924067
K 8.092887 -1.821870 4.731934
10 8.092887 -1.821870
6 -7.022436 4.187878
10 8.092887 -1.821870
6 -7.022436 4.187878
2 4.282775 -5.301501
7 -4.518583 7.486370
1 7.260876 5.891138
2 -7.022436 4.187878
10 -4.853805 -4.184261
7 -4.518583 7.486370
9 -0.476659 -2.793995
10 -6.892987 8.759373
1 3.865650 -9.278018
10 8.092887 -1.821870
6 -7.022436 4.187878
4 -0.459873 7.819977
6 2.196619 -0.781920
4 -3.326540 4.961534
3 2.675252 0.259601
10 -8.880794 1.600419
9 -5.855948 -8.672532
2 -7.022436 4.187878
8 -7.022436 4.187878
6 -7.022436 4.187878
6 -7.022436 4.187878
7 -4.518583 7.486370
2 -7.022436 4.187878
5 -0.511726 5.023622
10 -1.547014 6.428352
10 8.092887 -1.821870
10 -6.179051 -2.522452
6 -7.022436 4.187878
5 -0.511726 5.023622
7 -4.518583 7.486370
1 2.296472 5.377346
2 -0.175338 -8.253373
3 -7.022436 4.187878
1 2.296472 5.377346
3 1.239053 9.451162
2 -7.022436 4.187878
8 -9.992160 6.893394
1 2.296472 5.377346
3 -8.695491 -8.991948
9 6.273748 -3.861835
2 -6.740842 9.831737
3 -7.022436 4.187878
1 1.161100 5.377346
9 -3.857367 3.215649
1 3.453698 5.450589
5 -0.511726 5.023622
8 -7.022436 4.187878
2 -7.022436 4.187878
2 1.936515 7.750977
4 1.660973 2.168581
5 0.948681 5.397550
4 4.379324 -1.992086
10 8.092887 -1.821870
2 -7.022436 4.187878
10 8.092887 -1.821870
3 -7.022436 4.187878
9 -0.459873 7.819977
3 -7.022436 4.187878
3 -7.022436 4.187878
9 5.355053 2.586202
5 7.822721 -8.433603
6 -7.022436 4.187878
6 -7.022436 4.187878
7 -4.518583 7.486370
9 -0.459873 7.819977
3 -7.022436 4.187878
2 1.994524 -2.043537
10 8.092887 -1.821870
10 8.092887 -1.821870
3 -7.022436 4.187878
3 1.528484 2.772992
4 -0.459873 7.819977
6 -7.022436 4.187878
4 -1.927055 -4.279646
8 -7.903618 -2.332310
7 -4.518583 7.486370
10 8.092887 -1.821870
1 -2.992851 -8.816802
8 -3.233170 -2.849375
10 8.092887 -1.821870
8 -7.022436 4.187878
9 -0.459873 7.819977
4 -0.459873 7.819977
7 -4.518583 7.486370
1 1.161100 6.769204
9 -3.857367 3.215649
7 4.120214 3.736968
1 1.161100 6.769204
6 -7.022436 4.187878
7 -4.518583 7.486370
1 1.161100 5.377346
4 -0.459873 7.819977
4 -0.459873 7.819977
2 -7.022436 4.187878
7 -4.518583 7.486370
4 -0.459873 7.819977
