10 100
P -4.766463 -8.082968 -1.321527 -6.827969
P 7.865674 -4.726622 11.508151 -0.101381
K -8.158176 7.686331 4.107757
K 7.638765 7.723910 1.261936
K -5.433659 0.044872 3.605828
Z 4 7.638765 7.723910 8.633567 7.622086
K 6.431974 -7.364543 3.883287
P 7.662036 7.942432 11.533726 12.164674
Z 4 7.638765 7.723910 8.052550 8.634284
Z 7 6.431974 -7.364543 6.278367 -6.376410
7 6.431974 -7.364543
4 -8.055052 -2.977210
5 -2.827533 6.232186
9 -3.496150 -7.582261
8 7.662036 12.164674
2 7.865674 -0.101381
5 -5.433659 0.044872
1 -5.611634 9.049895
6 7.638765 7.723910
8 7.662036 7.942432
6 1.529840 -8.164989
7 6.431974 -7.364543
9 7.638765 7.723910
3 -8.158176 7.686331
8 7.662036 7.942432
5 8.996497 -5.889590
10 6.431974 -7.364543
9 7.638765 7.723910
2 7.865674 -4.726622
10 6.431974 -7.364543
10 -8.817467 0.476661
10 6.431974 -7.364543
2 11.508151 -0.101381
7 6.431974 -7.364543
9 7.638765 7.723910
10 0.472490 -2.840585
9 7.638765 7.723910
4 7.638765 7.723910
2 11.508151 -4.726622
10 6.431974 -7.364543
3 7.451099 -6.505671
5 -5.433659 0.044872
7 6.431974 -7.364543
7 6.431974 -7.364543
3 -8.158176 7.686331
10 0.059655 7.469032
1 -4.766463 -6.827969
4 7.638765 7.723910
3 -8.158176 7.686331
3 -8.158176 7.686331
1 -1.321527 -8.082968
7 6.431974 -7.364543
7 3.404735 5.818712
1 6.155978 1.580675
2 11.508151 -4.726622
2 11.508151 -4.726622
7 -2.872892 1.412352
8 7.662036 12.164674
2 -4.750789 -8.166809
10 6.431974 -7.364543
8 11.533726 7.942432
5 -7.113865 1.904344
5 -5.433659 0.044872
5 -5.433659 0.044872
9 7.638765 7.723910
9 7.638765 7.723910
6 7.638765 7.723910
7 9.237922 -4.580724
8 11.533726 7.942432
10 6.431974 -7.364543
5 -5.433659 0.044872
6 -8.308712 -8.875515
8 6.625396 7.543440
7 6.431974 -7.364543
9 7.638765 7.723910
7 6.431974 -7.364543
9 7.014572 0.792996
4 4.553844 -1.120385
5 -3.805889 7.036213
2 -2.977938 7.165187
9 9.104838 -6.948540
8 7.662036 12.164674
6 0.751548 -8.201635
4 -9.734978 4.206923
10 6.431974 -7.364543
8 11.533726 12.164674
7 3.687452 6.360826
6 0.610004 0.929893
5 -5.433659 0.044872
4 5.291293 5.278874
7 -7.791015 0.614448
3 -8.158176 7.686331
9 7.638765 7.723910
1 -1.321527 -8.082968
7 6.431974 -7.364543
9 -2.755547 -8.487629
1 -1.321527 -8.082968
3 -8.158176 7.686331
8 11.533726 7.942432
8 7.662036 12.164674
4 7.638765 7.723910
4 7.638765 7.723910
4 7.638765 7.723910
6 7.638765 7.723910
4 7.638765 7.723910
3 -8.158176 7.686331
9 7.028913 1.850515
1 -1.321527 -8.082968
2 11.508151 -0.101381
10 6.431974 -7.364543
