10 100
K 9.030438 6.514152 1.497404
Z 1 8.851415 5.027488 9.844243 4.907932
Z 2 -0.866202 3.833989 3.718542 -7.040635
Z 1 10.481972 6.146363 10.727590 7.115729
K -5.000808 9.268490 2.611717
P 8.518967 -0.993563 12.647160 1.216870
K 4.704883 -1.770203 1.733379
K -5.081709 -6.131803 1.259580
K -9.546134 -3.399730 2.077532
K 2.567435 -8.912334 1.372555
9 5.695289 -4.290112
3 -0.514120 8.289379
8 -5.081709 -6.131803
8 5.116155 8.309557
8 -3.166408 2.171428
4 -2.888437 -0.856589
1 9.030438 6.514152
6 8.518967 1.216870
3 8.672393 3.540824
1 9.030438 6.514152
1 4.653864 -0.874181
5 -5.488884 -0.224170
4 11.933506 5.778573
3 9.030438 6.514152
5 -5.278188 -4.962243
9 -9.546134 -3.399730
8 -5.081709 -6.131803
3 8.672393 3.540824
7 4.704883 -1.770203
5 -5.000808 9.268490
10 -0.496333 -7.835542
6 -6.325262 -8.101724
5 -5.000808 9.268490
7 -0.751352 -8.764767
4 -3.073410 -9.136071
9 -9.546134 -3.399730
5 -5.000808 9.268490
4 9.030438 6.514152
6 -9.352820 8.161925
5 -5.000808 9.268490
6 8.518967 -0.993563
9 -9.546134 -3.399730
4 -4.767192 -9.048749
1 -0.575434 -6.613746
8 -7.469908 -1.935913
8 -5.081709 -6.131803
8 1.962176 -8.966681
5 -5.000808 9.268490
10 2.567435 -8.912334
5 -5.000808 9.268490
3 -9.694465 -1.380271
1 6.721140 -3.485293
7 4.793866 -1.281109
1 9.030438 6.514152
6 8.518967 -0.993563
2 -8.012999 4.150981
4 11.933506 5.778573
9 -9.546134 -3.399730
8 -5.081709 -6.131803
8 4.319706 -1.522395
2 9.030438 6.514152
9 -4.061770 0.438816
10 2.567435 -8.912334
7 4.704883 -1.770203
5 -5.000808 9.268490
2 2.841475 5.887103
3 -7.315757 -3.199783
10 2.567435 -8.912334
3 8.672393 3.540824
5 -5.000808 9.268490
3 -7.315757 -3.199783
10 2.567435 -8.912334
1 9.030438 6.514152
5 6.440630 -5.072256
4 -8.121904 8.553275
6 12.647160 1.216870
3 -7.315757 -3.199783
4 -8.530730 8.464212
10 -4.177713 -1.127028
7 4.704883 -1.770203
3 9.030438 6.514152
9 -9.546134 -3.399730
10 2.567435 -8.912334
1 9.030438 6.514152
10 2.567435 -8.912334
5 -2.957521 -4.145002
6 -6.454817 -8.491369
4 9.030438 6.514152
10 2.567435 -8.912334
5 7.615987 8.434979
9 -9.546134 -3.399730
4 1.384874 -4.526151
10 8.325404 9.710162
1 9.030438 6.514152
5 1.384367 -8.693716
6 8.518967 1.216870
1 9.030438 6.514152
9 -9.546134 -3.399730
5 -5.000808 9.268490
6 12.647160 -0.993563
5 4.986389 -0.722513
4 4.072987 -5.062752
8 -5.081709 -6.131803
2 5.207020 -7.617103
3 -6.777816 -9.151281
9 -9.368993 -1.530613
5 -5.000808 9.268490
9 -2.919513 6.961844
8 -5.081709 -6.131803
3 -9.694465 -1.380271
