10 100
P 7.920400 -6.398223 11.409033 -1.490070
K -3.581775 2.993209 2.034593
K 4.784046 4.096738 4.795797
K 1.898735 -9.216424 3.855640
P -5.909866 -8.860664 -2.083338 -5.520105
Z 3 4.784046 4.096738 4.019362 3.452333
Z 4 -1.918744 -9.757543 -1.778399 -10.747646
K 5.990363 -6.559482 2.503147
Z 8 5.990363 -6.559482 6.277342 -7.517419
P -8.592624 -6.477376 -4.967004 -1.558675
5 -5.909866 -8.860664
5 -2.083338 -8.860664
9 5.990363 -6.559482
2 -3.581775 2.993209
6 0.576024 1.374473
4 1.898735 -9.216424
7 -5.736224 -10.298662
4 5.490401 4.672626
3 -1.008284 0.966302
1 7.920400 -6.398223
4 1.898735 -9.216424
8 5.990363 -6.559482
10 0.991844 -2.326063
10 -4.967004 -6.477376
7 1.898735 -9.216424
2 7.860111 1.965520
9 5.990363 -6.559482
1 1.488368 7.232144
6 4.784046 4.096738
3 -5.101025 -1.105895
10 -4.967004 -1.558675
10 -1.107763 -6.131804
9 3.874670 4.966610
3 4.784046 4.096738
3 4.784046 4.096738
6 -7.980985 -1.757736
3 -9.991458 6.430115
1 7.920400 -1.490070
6 4.784046 4.096738
2 -3.581775 2.993209
3 5.115220 -5.588742
8 5.990363 -6.559482
4 -1.061792 -5.524906
7 -5.636071 0.233979
3 4.784046 4.096738
4 1.898735 -9.216424
3 4.784046 4.096738
8 3.066310 7.656615
6 4.784046 4.096738
9 5.990363 -6.559482
6 4.784046 4.096738
5 -5.909866 -5.520105
2 -3.581775 2.993209
8 -0.960657 -3.862516
3 4.784046 4.096738
4 1.898735 -9.216424
1 11.409033 -1.490070
6 5.140001 0.184337
10 -2.779253 -6.539161
1 11.409033 -6.398223
1 -7.607677 8.669111
9 5.990363 -6.559482
7 -5.736224 -10.298662
7 -6.815215 4.342609
2 5.915066 8.858855
9 5.990363 -6.559482
5 7.011104 0.155928
10 -8.592624 -1.558675
5 -2.083338 -8.860664
7 1.898735 -9.216424
4 1.898735 -9.216424
3 4.784046 4.096738
3 4.784046 4.096738
3 4.784046 4.096738
2 -3.581775 2.993209
8 -2.063047 -3.324733
4 1.898735 -9.216424
5 -8.556162 -3.610537
9 5.990363 -6.559482
3 8.021957 -1.728096
6 4.784046 4.096738
3 -5.367274 8.577151
8 0.942282 -3.857796
4 1.898735 -9.216424
7 -4.896379 8.935996
4 3.565220 -1.724392
5 -5.909866 -8.860664
4 1.898735 -9.216424
1 11.409033 -6.398223
4 1.898735 -9.216424
2 -3.581775 2.993209
1 7.920400 -6.398223
5 -2.083338 -5.520105
10 -4.967004 -1.558675
1 7.920400 -6.398223
9 5.990363 -6.559482
9 -0.061784 5.343239
3 4.784046 4.096738
8 5.990363 -6.559482
7 -5.736224 -10.298662
7 1.898735 -9.216424
2 -3.581775 2.993209
3 4.784046 4.096738
7 -9.870361 -6.340647
6 4.784046 4.096738
5 -2.083338 -5.520105
6 4.784046 4.096738
2 -5.954387 5.480158
10 -4.967004 -1.558675
9 -2.130157 0.765528
