10 100
K -3.882166 4.464350 1.632491
K 1.684498 2.742542 2.961415
P 1.745629 0.731333 5.436074 5.498374
K -0.118507 4.784026 1.015087
K -1.667730 -7.089104 4.659316
P 2.824153 -9.070224 5.820679 -7.047040
K -3.551479 9.723716 3.113317
P 2.343787 9.761867 6.368573 12.473363
Z 6 -1.684607 2.145894 -4.242345 7.936388
Z 9 -2.808245 4.135755 -5.808686 -4.053550
10 -15.8861 -4.5670
7 -3.5515 9.7237
6 1.2423 4.4195
2 1.6845 2.7425
10 0.0561 -9.5933
4 -0.1185 4.7840
3 1.7456 0.7313
6 -2.2238 -0.9439
6 2.8242 -9.0702
3 -3.3157 3.1956
4 -0.1185 4.7840
8 0.5979 3.4231
9 1.5517 -10.9559
8 2.3438 12.4734
10 -15.9955 -1.5725
3 1.9503 1.2944
3 1.7456 5.4984
10 0.0561 -9.5933
6 2.4103 -6.8679
9 -4.0853 7.9908
1 -3.8822 4.4644
3 1.7456 0.7313
9 2.0742 -7.3783
3 -0.6170 3.4375
4 -0.1185 4.7840
4 -0.1185 4.7840
10 7.8942 -7.6310
4 -5.7793 3.3484
1 -3.8822 4.4644
4 -0.4307 -9.1579
2 1.6845 2.7425
9 1.5517 -10.9559
8 -3.1727 7.8376
4 5.1289 8.6719
10 1.5517 -10.9559
6 -4.8900 3.8144
8 6.3686 9.7619
10 2.8242 -7.0470
3 7.8793 -6.9355
6 -6.8553 -6.3489
5 -5.5655 5.6950
3 5.4361 5.4984
3 0.7992 2.4860
1 -3.8822 4.4644
3 5.8351 -9.3424
4 -3.9637 -9.8137
2 1.6845 2.7425
6 3.6242 -7.8867
4 -0.1185 4.7840
2 1.6845 2.7425
4 -0.1185 4.7840
8 2.3438 12.4734
4 -0.1185 4.7840
1 -4.5051 5.8907
4 -9.0868 6.5226
6 2.8242 -9.0702
1 -0.4296 6.5817
7 3.7117 3.8497
9 3.5698 -8.7409
10 -8.2531 3.1834
8 2.3438 12.4734
2 1.6845 2.7425
6 2.8242 -7.0470
2 3.1946 -5.7383
2 1.6845 2.7425
3 1.7456 0.7313
9 3.5698 -8.7409
7 -3.5515 9.7237
6 5.8207 -7.0470
6 5.8207 -7.0470
7 -3.5515 9.7237
1 -0.4806 1.7338
7 -3.5515 9.7237
7 1.4128 9.9514
1 -3.8822 4.4644
7 -3.5515 9.7237
10 -8.9356 8.6524
6 -8.2230 -7.6707
10 -16.6193 1.1746
5 -1.6677 -7.0891
6 2.8242 -9.0702
2 1.6845 2.7425
4 -0.1185 4.7840
8 6.3686 12.4734
5 -1.6677 -7.0891
6 5.8207 -9.0702
8 6.3686 12.4734
1 -3.8822 4.4644
9 -0.2910 -8.5016
3 5.4361 5.4984
6 2.8242 -9.0702
9 -0.9681 4.6648
2 1.6845 2.7425
10 0.0561 -9.5933
3 1.7456 5.4984
2 1.6845 2.7425
2 1.6845 2.7425
8 8.2086 6.7173
6 2.8242 -7.0470
5 -1.6677 -7.0891
