10 100
P 1.800504 -7.211173 3.067203 -3.803524
P 0.449424 2.239991 3.052782 5.230173
P -8.249340 1.882707 -6.397858 4.229866
K 5.854009 6.366077 2.167993
P 4.676694 5.266602 7.070239 9.436877
Z 5 7.070239 5.266602 6.933033 6.257145
Z 3 8.998234 1.745013 -1.299171 -0.712068
P 8.070636 -7.606884 9.794870 -4.676383
K -8.017374 -7.858767 3.120052
K -5.193117 8.298682 4.339535
9 3.8070 6.6530
9 -8.0174 -7.8588
8 -8.8589 -7.4183
8 2.6185 -0.3027
6 7.0702 5.2666
5 7.0702 5.2666
1 3.0672 -7.2112
1 1.8005 -7.2112
10 -5.1931 8.2987
10 -5.1931 8.2987
1 3.0672 -7.2112
8 9.7949 -7.6069
2 3.0528 2.2400
8 8.0706 -7.6069
9 4.8853 9.9822
1 7.6441 -9.9414
2 0.4494 2.2400
7 -3.6172 -7.4237
2 3.0528 5.2302
1 3.0672 -3.8035
8 8.0706 -7.6069
7 -3.6172 -7.4237
8 -0.0723 -7.7800
7 -8.2493 1.8827
5 7.0702 5.2666
1 1.8005 -3.8035
3 -6.3979 4.2299
4 -3.5735 -8.8710
1 1.8005 -3.8035
8 -3.6610 5.3117
8 -4.6453 5.1830
7 -8.2493 4.2299
3 -8.2493 4.2299
8 9.7949 -4.6764
9 -6.8950 9.4898
3 -8.2493 1.8827
6 5.9367 9.2799
7 -8.2493 1.8827
4 5.8540 6.3661
5 7.0702 5.2666
5 7.0702 9.4369
9 -0.5624 6.6933
1 3.0672 -3.8035
6 5.9367 9.2799
6 5.9367 9.2799
7 6.1043 -6.9372
7 -3.6172 -7.4237
3 -6.3979 4.2299
9 -8.0174 -7.8588
3 -6.3979 4.2299
8 9.7949 -4.6764
10 6.6244 -2.9410
8 9.7949 -4.6764
8 8.0706 -4.6764
7 -6.3979 4.2299
1 1.8005 -3.8035
2 3.0528 5.2302
10 -5.1931 8.2987
10 -5.1931 8.2987
1 1.8005 -7.2112
10 -5.1931 8.2987
8 8.0706 -7.6069
7 5.9897 2.0602
9 -8.0174 -7.8588
3 9.2619 -4.3602
7 7.2637 7.2985
10 -5.1931 8.2987
10 -5.1931 8.2987
6 7.0702 5.2666
5 7.0702 5.2666
7 -5.2692 -8.2597
7 -6.3979 1.8827
9 -1.3343 -3.0670
7 -3.6172 -7.4237
8 8.0706 -4.6764
6 -1.2706 8.2671
8 9.7949 -7.6069
2 0.4494 2.2400
9 -8.0174 -7.8588
6 5.9367 9.2799
9 -8.0174 -7.8588
3 -8.2493 4.2299
8 8.0706 -7.6069
3 -1.3733 7.9145
1 3.0672 -7.2112
3 6.0668 8.5537
9 -8.0174 -7.8588
8 8.0706 -7.6069
6 -5.7923 -1.7062
4 -7.1024 5.1295
5 7.0702 5.2666
2 3.0528 5.2302
8 8.0706 -4.6764
7 -8.2493 1.8827
8 9.7949 -7.6069
4 5.8540 6.3661
7 0.1614 -1.6052
10 -5.1931 8.2987
1 8.1566 -3.5008
1 -9.8141 -0.6243
