10 100
P 4.781107 -5.736880 7.390983 -2.501564
P -0.997772 0.295370 3.520531 4.010357
P -1.549511 -8.620725 0.139180 -5.960411
K 5.743182 -4.898698 3.706661
P -9.686341 7.625909 -5.804382 11.201165
K -4.275820 8.203245 3.459233
P 2.858451 8.876458 6.932710 10.482080
Z 4 -8.885012 -0.683191 4.253045 -6.894926
Z 6 -4.275820 8.203245 -3.329756 8.527224
K -5.909065 3.689371 3.834727
5 -6.8820 5.0880
8 3.6559 -9.3134
3 -1.5495 -8.6207
7 -2.4625 6.8996
6 -8.0307 7.0469
1 7.3910 -5.7369
1 2.5029 -1.4567
4 3.3595 -9.1052
10 -5.9091 3.6894
9 -4.2758 8.2032
7 6.9327 8.8765
8 3.6559 -9.3134
9 -4.2758 8.2032
10 6.8779 -7.5028
1 4.7811 -5.7369
6 -4.2758 8.2032
6 5.0070 -0.4621
7 8.4896 -4.7769
7 6.9327 8.8765
10 -1.3219 4.2038
7 2.8585 8.8765
7 2.8585 10.4821
2 -7.3264 2.4598
2 3.5205 0.2954
9 -3.0990 7.1353
3 0.1392 -5.9604
5 -5.8044 11.2012
5 4.4266 -9.9656
5 -7.5067 -0.5797
7 2.8585 8.8765
5 -5.8044 11.2012
9 -4.2758 8.2032
9 -4.2758 8.2032
4 5.7432 -4.8987
5 -9.6863 7.6259
8 3.6559 -9.3134
5 -9.6863 7.6259
6 -2.7386 2.3968
9 -4.2758 8.2032
10 1.7289 -7.6256
2 -5.1853 8.1690
10 -2.1134 -0.0403
9 -4.2758 8.2032
10 -5.9091 3.6894
9 -4.2758 8.2032
5 -3.6473 2.4641
9 -2.1666 -6.2279
6 -0.3692 3.4394
2 -0.9978 4.0104
2 3.5205 4.0104
10 -5.9091 3.6894
3 1.5127 -4.8768
9 -4.2758 8.2032
7 2.8585 8.8765
9 -4.2758 8.2032
5 -9.6863 11.2012
3 -1.5495 -5.9604
9 -4.2758 8.2032
3 -1.5495 -8.6207
10 -5.9091 3.6894
9 -4.2758 8.2032
1 7.3910 -2.5016
1 -1.9749 -0.6337
7 -5.1514 2.1335
1 7.3910 -5.7369
10 2.9162 2.2007
5 -9.6863 11.2012
2 3.5205 4.0104
4 5.7432 -4.8987
4 -5.2539 -7.6309
3 0.1392 -8.6207
6 -5.6865 -1.9951
1 7.3910 -5.7369
8 3.6559 -9.3134
1 -1.6946 -6.6511
5 -9.6863 11.2012
1 5.0005 6.4592
8 5.7432 -4.8987
2 3.1821 -3.7511
6 -4.2758 8.2032
8 5.7432 -4.8987
2 -0.9978 4.0104
5 -9.6863 11.2012
8 2.3849 9.5128
1 7.3910 -5.7369
5 -9.6863 11.2012
1 7.3910 -2.5016
9 -7.4052 8.5339
9 4.8391 -4.5522
4 5.7432 -4.8987
7 6.9327 10.4821
2 -0.9978 4.0104
1 4.7811 -2.5016
4 5.7432 -4.8987
5 -5.8044 11.2012
9 -4.2758 8.2032
2 -0.9978 4.0104
6 -4.2758 8.2032
10 -5.9091 3.6894
5 -5.8044 7.6259
