10 100
P 0.880652 1.487697 2.229659 2.645405
K -7.374485 0.602489 2.391649
K -6.928301 -4.217030 3.258109
K -0.874265 -1.183296 1.172606
K -9.515181 4.211766 3.147101
K -5.788797 -9.165773 2.134481
K 3.290009 6.075000 4.442375
K 5.849125 2.159991 4.509552
Z 1 -0.557051 -6.880688 1.295561 -8.575890
Z 9 -8.765229 -9.053864 -9.234195 -8.170648
4 -0.8743 -1.1833
10 -2.4638 -5.3396
4 -0.8743 -1.1833
1 -3.1553 -0.8258
6 -3.6548 -9.7522
9 2.8171 8.7088
2 -7.3745 0.6025
8 7.9327 -0.7815
3 -6.9283 -4.2170
3 -6.9283 -4.2170
6 -1.7909 3.3203
9 2.2297 2.6454
10 -3.9948 -2.6509
7 1.4304 7.4816
3 -6.9283 -4.2170
3 -6.9283 -4.2170
9 2.2297 1.4877
3 -0.5280 -7.8978
8 5.8491 2.1600
3 -5.0218 1.8669
6 -5.7888 -9.1658
7 3.2900 6.0750
8 5.8491 2.1600
4 -8.1118 8.7452
8 5.8491 2.1600
9 2.2297 1.4877
7 3.2900 6.0750
10 -8.7652 -9.0539
6 -2.4454 0.3878
5 -9.5152 4.2118
8 5.8491 2.1600
4 -0.8743 -1.1833
1 8.0973 8.5806
5 -9.5152 4.2118
6 7.8805 9.9204
2 -7.3745 0.6025
3 -6.9283 -4.2170
9 -9.7989 -10.5001
9 -8.7652 -9.0539
6 -5.7888 -9.1658
8 5.8491 2.1600
7 0.0121 2.7896
2 -7.3745 0.6025
7 3.2900 6.0750
5 -0.4885 -5.3436
1 2.2297 1.4877
10 5.6147 5.7963
2 -7.3745 0.6025
4 -0.8743 -1.1833
10 -9.7989 -10.5001
6 -5.7888 -9.1658
1 -9.9001 0.0666
1 4.2653 8.8687
7 3.2900 6.0750
3 -6.9283 -4.2170
2 -7.3745 0.6025
4 -0.8743 -1.1833
8 4.2001 -3.4390
6 1.0672 5.0487
3 -6.0169 -5.9307
6 -5.7888 -9.1658
10 -8.7652 -9.0539
4 -0.8743 -1.1833
6 -7.8366 3.4813
1 2.2297 1.4877
7 0.2481 7.6132
5 -9.5152 4.2118
5 -9.5152 4.2118
1 0.8807 1.4877
8 5.8491 2.1600
1 2.2297 2.6454
10 2.2297 1.4877
6 -5.7888 -9.1658
2 -7.3745 0.6025
1 0.0351 -1.7870
6 2.4546 -4.3540
6 6.0782 1.3002
8 5.2435 -0.4455
7 3.2900 6.0750
7 3.2900 6.0750
9 2.2297 1.4877
4 -0.8743 -1.1833
10 -23.8599 -10.4913
5 -9.5152 4.2118
10 3.5148 3.6119
5 -9.5152 4.2118
5 -9.5152 4.2118
10 -8.7652 -9.0539
7 -3.7631 -3.3277
5 -9.5152 4.2118
8 5.8491 2.1600
3 -6.9283 -4.2170
2 -7.3745 0.6025
5 0.8172 -6.4592
4 -0.8743 -1.1833
5 -9.5152 4.2118
5 0.5690 -5.3494
1 2.2297 1.4877
6 -5.7888 -9.1658
3 -7.7969 8.5647
