10 100
P -1.982759 2.298394 1.753452 6.709588
Z 1 -1.982759 2.298394 -2.056950 3.295638
K 0.208156 -0.508987 4.122917
K 9.529550 5.920884 1.062635
K -2.785756 -9.891762 3.004166
P -2.696005 -4.950140 0.190408 -0.961455
K 1.641437 -5.525985 3.881704
Z 3 0.208156 -0.508987 -0.404370 0.281463
Z 7 8.439876 8.682768 -0.227503 8.738333
K -3.305235 2.579255 4.613762
7 5.648468 -8.430776
5 -2.785756 -9.891762
5 8.799156 -3.479485
8 7.271446 8.793251
8 9.029485 5.364331
8 0.661489 6.574894
7 1.641437 -5.525985
5 6.198034 7.224071
9 1.824168 22.977516
8 0.712052 4.326992
9 -5.580196 -4.010219
9 1.641437 -5.525985
8 0.208156 -0.508987
8 0.208156 -0.508987
8 0.208156 -0.508987
8 3.060059 7.404414
1 1.753452 6.709588
1 -1.982759 6.709588
5 -2.785756 -9.891762
9 1.824168 22.977516
7 1.641437 -5.525985
10 6.876570 8.230532
5 -2.785756 -9.891762
8 0.208156 -0.508987
5 -2.785756 -9.891762
7 -2.374001 -8.865744
9 1.641437 -5.525985
9 1.824168 22.977516
3 0.208156 -0.508987
4 9.529550 5.920884
6 -3.592239 -4.047675
2 -2.925567 7.823167
2 1.753452 6.709588
8 0.208156 -0.508987
8 0.208156 -0.508987
8 0.208156 -0.508987
4 9.529550 5.920884
9 5.918994 -6.425545
7 1.641437 -5.525985
8 0.208156 -0.508987
3 0.208156 -0.508987
4 -3.205672 1.292836
6 0.190408 -4.950140
4 9.529550 5.920884
1 1.753452 2.298394
1 -1.982759 6.709588
4 9.529550 5.920884
9 0.577099 -5.180397
1 1.753452 2.298394
6 -2.696005 -0.961455
9 1.824168 22.977516
3 0.208156 -0.508987
5 9.276315 9.205386
10 -3.305235 2.579255
7 1.641437 -5.525985
3 0.208156 -0.508987
8 0.208156 -0.508987
3 0.513843 6.641482
5 -2.785756 -9.891762
9 2.415568 -0.939588
7 1.641437 -5.525985
9 6.786262 9.319271
9 -8.330761 -4.109694
6 -2.696005 -4.950140
4 9.529550 5.920884
5 -2.785756 -9.891762
7 1.641437 -5.525985
9 1.641437 -5.525985
3 0.208156 -0.508987
7 1.641437 -5.525985
1 4.354899 8.407726
10 -3.305235 2.579255
6 -2.696005 -4.950140
9 1.824168 22.977516
6 0.190408 -4.950140
1 7.125155 0.990947
6 1.170048 -0.712800
5 -8.341502 2.272267
9 1.641437 -5.525985
7 -5.181827 -1.876231
9 1.824168 22.977516
1 1.753452 2.298394
4 9.529550 5.920884
6 -3.443375 7.869145
6 7.499748 -5.020042
4 4.809833 0.435128
8 0.208156 -0.508987
8 0.208156 -0.508987
10 7.683769 -7.280659
5 -2.785756 -9.891762
7 1.641437 -5.525985
3 0.208156 -0.508987
4 9.529550 5.920884
2 1.753452 2.298394
7 1.641437 -5.525985
8 0.208156 -0.508987
10 -3.305235 2.579255
5 -8.051495 7.547372
4 9.529550 5.920884
8 0.208156 -0.508987
