10 100
P -0.064799 0.672383 2.568222 3.485305
P 5.013040 -3.858062 9.203435 -1.444258
K -8.392517 -5.374348 4.288441
K 4.399006 -6.511990 2.810550
Z 1 -0.064799 0.672383 -0.144731 -0.324417
Z 3 -8.392517 -5.374348 -8.920127 -6.223835
K 1.076346 8.987665 4.178191
P 2.895566 0.939655 5.759203 2.664670
Z 7 -1.660883 -5.793770 3.093707 9.846581
Z 3 -6.636556 -3.776190 -8.695077 7.863369
4 0.4261 -6.6229
4 4.3990 -6.5120
1 2.5682 3.4853
9 -6.7180 -6.2417
1 -0.0648 0.6724
6 -3.4924 -1.3589
10 -8.3925 -5.3743
8 5.7592 0.9397
9 4.2917 8.0102
4 4.3990 -6.5120
10 4.6176 -3.7976
6 -8.3925 -5.3743
2 -8.9369 -0.6454
2 9.2034 -1.4443
2 5.0130 -3.8581
2 5.0130 -3.8581
2 -1.8905 8.3677
6 -8.3925 -5.3743
2 9.2034 -1.4443
4 -4.4879 -4.9947
7 1.0763 8.9877
2 9.2034 -1.4443
6 5.3321 -1.1217
4 -1.4095 -0.3482
2 9.2034 -1.4443
6 -8.3925 -5.3743
8 2.8956 2.6647
7 1.0763 8.9877
7 1.0763 8.9877
7 1.0763 8.9877
10 7.4262 -5.8397
1 1.6890 -2.3889
10 -3.5263 2.9845
9 4.2917 8.0102
10 -8.3925 -5.3743
10 -8.3925 -5.3743
2 5.0130 -3.8581
7 1.0763 8.9877
6 -8.3925 -5.3743
3 -8.3925 -5.3743
2 -8.9976 -7.0973
7 1.0763 8.9877
6 -8.3925 -5.3743
2 5.0130 -3.8581
5 -0.0648 0.6724
8 2.8956 0.9397
6 -8.3925 -5.3743
5 -4.0474 -8.5803
10 -8.3925 -5.3743
1 2.5682 3.4853
6 9.5692 0.2886
6 -7.7487 6.0992
7 1.0763 8.9877
6 -8.3925 -5.3743
1 2.5682 3.4853
1 -0.0648 3.4853
4 4.3990 -6.5120
10 -8.3925 -5.3743
3 9.2936 -3.9984
10 -8.7118 -6.5161
10 -4.4390 -4.6751
6 -8.3925 -5.3743
6 8.6041 7.8451
10 -1.2764 4.3792
7 1.0763 8.9877
9 4.2917 8.0102
4 -2.7684 1.5211
8 7.8307 -4.1460
9 -0.5677 7.9807
4 4.3990 -6.5120
2 9.2034 -3.8581
3 -8.3925 -5.3743
4 4.3990 -6.5120
6 -8.3925 -5.3743
4 4.3990 -6.5120
10 -8.3925 -5.3743
3 -8.3925 -5.3743
4 4.3990 -6.5120
1 2.5682 0.6724
6 -8.3925 -5.3743
4 -4.6766 0.5728
9 4.2917 8.0102
9 1.0763 8.9877
6 -8.3925 -5.3743
8 2.8956 0.9397
5 -0.0648 0.6724
7 1.0763 8.9877
2 -5.3708 -5.9535
8 5.7592 0.9397
1 -0.0648 3.4853
6 -1.2928 1.4834
7 1.0763 8.9877
5 -2.6642 1.0920
6 6.9673 3.3679
1 -0.0648 3.4853
9 -3.9109 -1.7642
8 2.8956 0.9397
2 9.2034 -3.8581
7 -6.4477 -2.8687
6 -8.3925 -5.3743
