10 100
K -4.764067 -4.039552 1.945889
P -4.514587 -3.920014 -2.814554 -0.321029
Z 2 -4.514587 -0.321029 -3.634267 -0.795409
Z 2 1.809089 -7.117710 1.810057 9.424233
K 4.411409 -5.566603 3.815085
K 1.636072 -9.206900 4.994985
K -4.395224 -2.112325 1.551279
K 2.007362 -9.207927 4.256465
P 4.681701 1.520906 6.259880 6.067390
Z 1 4.726932 -1.181786 6.218879 -5.960074
3 -1.5087 1.6582
4 3.1636 -5.9321
7 -4.3952 -2.1123
5 4.4114 -5.5666
1 -4.7641 -4.0396
3 -3.5797 -1.7409
5 1.0616 -1.5140
10 -5.3873 7.3743
6 6.3421 9.2634
8 0.7440 -4.9291
8 2.0074 -9.2079
7 -4.3952 -2.1123
3 -0.7283 3.8150
8 2.0074 -9.2079
2 -2.8146 -3.9200
1 -3.0124 3.2133
3 -2.8146 -3.9200
7 -4.3952 -2.1123
6 1.6361 -9.2069
5 -1.2883 -1.7133
6 1.6361 -9.2069
10 14.1578 1.8685
9 6.2599 6.0674
10 -4.7641 -4.0396
5 -1.4052 -3.6672
3 -4.5146 -0.3210
10 -4.7641 -4.0396
6 1.6361 -9.2069
2 -2.8146 -3.9200
5 4.4114 -5.5666
6 -8.6821 -1.7560
9 4.6817 1.5209
9 6.2599 1.5209
5 4.4114 -5.5666
3 -0.5738 0.2383
8 4.5950 -7.4878
7 3.5413 3.1131
1 -4.7641 -4.0396
5 4.4114 -5.5666
7 6.7235 2.8380
7 6.9035 0.9978
3 0.6995 -0.6319
10 -9.6268 4.8823
5 4.4114 -5.5666
8 2.0074 -9.2079
9 4.6817 6.0674
1 -4.7641 -4.0396
8 2.0074 -9.2079
6 1.6361 -9.2069
2 1.0709 -1.5536
5 6.1950 8.9238
5 4.4114 -5.5666
6 1.6361 -9.2069
2 -4.5146 -3.9200
4 4.7745 4.7088
6 1.6361 -9.2069
5 4.4114 -5.5666
9 4.6817 6.0674
8 2.0074 -9.2079
8 2.0074 -9.2079
8 1.0785 3.3641
5 4.4114 -5.5666
8 2.0074 -9.2079
6 1.6361 -9.2069
5 4.4114 -5.5666
10 -4.7641 -4.0396
6 -4.5298 -4.8457
6 1.6361 -9.2069
2 -4.5146 -0.3210
7 -4.3952 -2.1123
6 -3.3709 -1.2725
7 -4.3952 -2.1123
8 2.0074 -9.2079
10 -4.7641 -4.0396
1 -4.7641 -4.0396
4 -2.5682 -8.8143
10 -1.6804 4.0572
6 1.6361 -9.2069
8 -3.6143 3.5119
8 2.0074 -9.2079
9 4.6817 6.0674
5 4.4114 -5.5666
6 1.6361 -9.2069
5 4.4114 -5.5666
6 6.1141 -8.5763
6 1.6361 -9.2069
2 -4.5146 -0.3210
8 2.0074 -9.2079
7 -4.3952 -2.1123
5 5.3443 9.2575
2 -2.8146 -3.9200
8 0.2627 7.0710
8 9.3449 2.9886
9 4.6817 6.0674
4 -5.7996 5.8406
3 -8.6504 7.3107
9 4.6817 6.0674
6 5.8632 -2.4696
6 -1.3466 3.0706
6 1.6361 -9.2069
