10 100
P -2.215457 -0.856527 1.842597 3.289830
P 5.786131 -6.381914 10.369127 -2.480632
Z 2 10.369127 -6.381914 10.645878 -7.342856
Z 1 -2.215457 -0.856527 -3.210191 -0.959011
Z 1 2.701035 -9.723210 3.351524 8.489776
K 3.498009 9.759931 4.655487
Z 3 1.605628 -5.316252 -1.627303 -5.539869
Z 4 -8.147110 5.972377 -0.650839 -9.429238
K 2.552638 -5.922577 2.026480
P 3.115603 9.506544 6.424170 13.464474
3 5.7861 -2.4806
2 5.7861 -2.4806
7 10.3691 -6.3819
5 -2.2155 -0.8565
1 -2.2155 3.2898
5 2.5331 9.5149
6 3.4980 9.7599
5 1.8426 3.2898
1 1.8426 3.2898
9 2.5526 -5.9226
4 -2.2155 3.2898
2 5.7861 -6.3819
3 10.3691 -2.4806
10 -3.5089 9.1179
1 -4.6738 -1.1013
1 7.5624 -5.0197
3 10.3691 -6.3819
3 10.3691 -2.4806
2 10.3691 -2.4806
2 7.8700 0.4382
10 -5.8915 -3.6071
1 -2.2155 3.2898
10 3.1156 9.5065
5 -0.9020 0.9938
7 5.5996 -3.6852
3 -9.7152 1.8043
2 10.3691 -6.3819
9 3.7676 1.9076
9 2.5526 -5.9226
10 2.6619 9.2074
9 2.5526 -5.9226
3 14.2501 -3.9443
4 1.8426 3.2898
5 4.4856 3.1954
10 3.1156 9.5065
4 -1.3701 -4.9158
3 8.2941 -3.0782
4 4.0647 -3.2737
8 -8.9359 -6.1026
6 3.4980 9.7599
6 3.4980 9.7599
8 7.2913 -2.7455
5 4.1898 -0.9404
4 -2.2155 3.2898
3 4.9687 -7.8622
4 8.5802 -3.9674
4 -3.1680 4.2454
9 -3.2915 -5.5897
1 -2.2155 3.2898
6 3.4980 9.7599
10 3.1156 9.5065
4 8.3503 6.7837
10 3.1156 13.4645
7 12.1751 -0.6406
6 3.4980 9.7599
1 1.8426 3.2898
10 3.1156 13.4645
8 -6.4323 -2.9089
2 5.7861 -2.4806
3 -7.4243 -7.0122
4 2.6027 -4.0884
6 3.4980 9.7599
8 -2.2155 -0.8565
7 8.1915 -8.2310
4 -6.8223 1.6719
10 6.4242 9.5065
6 -7.5347 6.3132
2 10.3691 -2.4806
6 3.4980 9.7599
9 6.1908 9.7413
3 -6.4611 8.8862
3 5.7861 -6.3819
7 2.6119 -6.5216
10 3.1156 9.5065
6 -8.6172 -4.9865
9 2.5526 -5.9226
6 -1.3619 -9.0957
5 9.1161 3.1828
10 3.1156 9.5065
5 -8.9730 -6.0801
7 10.3691 -6.3819
6 3.4980 9.7599
2 7.7029 -8.3204
10 -3.1705 -5.2619
6 8.7285 -7.2202
4 9.6619 -4.9818
7 -2.2968 -3.6980
10 6.3323 4.0653
3 12.1751 -0.6406
6 3.4980 9.7599
8 -8.9359 -6.1026
10 6.4242 13.4645
4 1.7574 -0.0291
6 3.4980 9.7599
2 10.3691 -2.4806
10 -9.8972 8.3314
4 -1.3701 -4.9158
5 -2.2155 3.2898
8 -9.5345 -5.5251
4 1.8426 3.2898
