10 100
P -0.630796 -9.495006 1.064873 -7.601352
P -2.887442 -5.749165 1.248493 -1.611775
K 7.564748 3.044601 4.591489
P -1.631386 8.065794 0.031401 12.838179
K -8.071792 -6.795727 4.700329
K -8.157001 -9.110333 1.726991
P -1.675145 -0.374599 0.558269 1.833729
K -8.638902 -5.541793 3.976342
K 7.596713 -8.495487 4.914155
Z 3 -0.506623 9.206967 5.251517 -6.843277
5 -8.0718 -6.7957
9 -8.5313 8.1441
7 -1.6751 -0.3746
7 8.0392 1.5522
5 -8.0718 -6.7957
2 -2.8874 -5.7492
3 7.5647 3.0446
10 -2.8198 -0.6809
2 1.2485 -1.6118
4 0.0314 12.8382
9 7.5967 -8.4955
1 -2.3504 7.1738
8 -5.3523 -5.0443
9 7.5967 -8.4955
7 6.4774 5.2866
9 8.3370 7.0194
8 -8.6389 -5.5418
3 -3.2571 7.2022
8 -0.0865 6.1226
8 -8.6389 -5.5418
2 -4.3227 -4.2859
4 1.4821 -4.8526
8 -8.6389 -5.5418
4 -1.6314 12.8382
10 -2.2758 1.1362
4 -1.6314 8.0658
3 7.5647 3.0446
3 7.5647 3.0446
4 -1.6314 12.8382
2 -3.3846 3.5575
2 -2.8874 -5.7492
1 5.3096 9.2743
2 -2.8874 -5.7492
6 -8.1570 -9.1103
2 -2.8874 -1.6118
8 -8.6389 -5.5418
1 1.0649 -9.4950
8 -4.3538 -8.8313
9 7.5967 -8.4955
4 0.0314 12.8382
3 7.5647 3.0446
5 -8.0718 -6.7957
9 7.5967 -8.4955
6 -8.1570 -9.1103
1 -0.6308 -9.4950
7 -1.6751 -0.3746
6 -8.1570 -9.1103
1 -0.6308 -9.4950
9 7.5967 -8.4955
4 0.0314 12.8382
1 -0.6308 -7.6014
3 7.5647 3.0446
3 7.5647 3.0446
3 7.5647 3.0446
4 9.8832 -8.6437
1 1.0649 -7.6014
10 -2.8198 -0.6809
1 1.0649 -7.6014
2 -3.0891 7.9764
5 -2.5752 6.2148
8 -8.6389 -5.5418
4 0.0314 12.8382
2 1.2485 -5.7492
4 3.0359 2.6761
2 -8.4423 -5.5701
8 -6.7074 -6.4786
2 -1.4545 -8.0514
9 -1.8296 -3.4369
6 -8.1570 -9.1103
6 -8.1570 -9.1103
10 -2.8198 -0.6809
6 -3.0307 -1.3755
10 7.5647 3.0446
9 7.5967 -8.4955
7 0.5583 1.8337
6 -1.5082 -4.5353
5 2.4836 1.7249
5 -8.0718 -6.7957
5 0.4729 -8.4718
1 -0.6308 -9.4950
2 -2.8874 -5.7492
7 0.5583 -0.3746
3 7.5647 3.0446
8 -9.3547 6.4007
1 -6.2208 -5.6690
10 -5.3972 4.5283
3 7.5647 3.0446
1 -9.7584 -0.4434
5 2.6897 9.7244
6 -8.1570 -9.1103
9 7.5967 -8.4955
3 7.5647 3.0446
5 7.4324 3.2020
1 1.0649 -7.6014
8 7.1367 4.4308
5 1.3844 -8.5986
8 -8.6389 -5.5418
2 1.2485 -1.6118
10 7.5647 3.0446
9 7.5967 -8.4955
