10 100
P 4.400421 -2.073098 6.339039 2.384698
P -9.043039 5.144333 -4.162998 8.758617
K -2.588777 -5.156397 1.898982
P -1.333181 8.494088 0.183515 12.815020
K -5.354058 -4.480611 1.807457
Z 1 -6.298985 5.084825 -4.900098 2.197327
P -6.731686 6.638619 -4.958568 8.725967
P 5.901910 8.431102 7.422444 12.234954
P 7.677721 -4.025354 10.030093 -0.729840
P 1.544748 4.086121 5.900114 6.639112
5 -1.2544 7.7614
1 4.4004 -2.0731
6 4.4004 -2.0731
2 -4.1630 5.1443
9 -3.5088 -8.1122
2 -9.0430 5.1443
7 -6.7317 6.6386
9 0.2849 7.1833
4 -1.3332 12.8150
5 -6.8150 8.4796
8 2.7595 3.9230
10 1.5447 6.6391
2 -4.1630 8.7586
9 10.0301 -4.0254
7 -6.7317 6.6386
9 -4.4518 7.1802
1 3.6294 1.5965
8 5.9019 12.2350
10 5.9001 4.0861
9 5.6449 -5.5080
10 1.5447 4.0861
7 -4.9586 6.6386
5 -5.3541 -4.4806
4 -1.3332 12.8150
4 4.2945 -5.4438
1 6.3390 -2.0731
10 1.5447 4.0861
5 -5.3541 -4.4806
5 -5.3541 -4.4806
5 -5.3541 -4.4806
4 -3.0862 6.1774
7 -4.9586 8.7260
7 -4.9586 6.6386
2 -3.8071 -4.8816
4 0.1835 8.4941
7 -4.9586 8.7260
4 0.1835 12.8150
2 -4.4569 0.9747
10 5.9001 4.0861
5 7.7952 7.8168
4 -1.3332 8.4941
9 10.0301 -0.7298
8 7.4224 8.4311
7 -4.9586 8.7260
5 -5.3541 -4.4806
6 -8.7663 0.1436
3 -2.5888 -5.1564
2 -9.0430 8.7586
2 -4.1630 8.7586
7 -6.7317 8.7260
3 3.7712 -6.7196
6 -4.2350 -2.3701
2 -4.1630 5.1443
4 7.8457 1.1246
10 5.9001 4.0861
9 7.6777 -0.7298
2 -9.0430 8.7586
5 -8.4381 -1.6492
8 7.4224 12.2350
4 0.1835 12.8150
1 4.4004 -2.0731
8 -7.7795 9.2980
8 3.3678 -7.5079
1 4.4004 2.3847
2 -4.1630 5.1443
8 5.5729 3.1746
5 5.6962 -0.2696
9 10.0301 -0.7298
6 -7.8547 6.2985
10 5.9001 4.0861
2 -4.1630 5.1443
8 5.9019 12.2350
7 -4.9586 6.6386
5 -5.3541 -4.4806
7 -6.7317 8.7260
2 -3.2530 -6.1899
10 5.9001 4.0861
3 1.2638 9.3966
6 6.3390 2.3847
8 5.8443 -7.2048
7 -4.9586 8.7260
8 6.3915 -5.1994
4 0.1835 12.8150
2 -0.3523 6.1668
4 -1.3332 12.8150
7 2.7695 -1.2856
1 4.4004 2.3847
7 -6.7317 6.6386
7 -6.7317 8.7260
8 -4.8301 -0.9744
5 -5.3541 -4.4806
2 -4.1630 8.7586
4 -1.3332 12.8150
9 10.0301 -0.7298
1 4.4004 2.3847
1 4.4004 -2.0731
9 9.9314 2.3172
6 -0.8964 -5.0820
2 8.9257 -1.8993
6 -1.7042 -2.6596
