10 100
P 3.092094 1.901770 7.023467 5.346175
K 5.909997 3.747386 2.236650
K 5.689489 -5.458407 2.519152
P 4.329916 -7.050826 6.628575 -4.534349
Z 2 9.570895 -1.948298 6.102181 3.705394
K -0.733864 -5.553263 4.568232
Z 3 4.035087 -9.349686 -3.092987 7.465808
P 9.410413 -6.640411 11.441442 -4.863734
K -7.490106 -4.424360 1.994145
P -8.988951 3.037735 -5.338370 8.001706
2 5.9100 3.7474
1 7.0235 5.3462
9 -7.4901 -4.4244
3 5.6895 -5.4584
4 4.3299 -7.0508
5 3.7124 -1.0218
10 -5.3384 8.0017
10 3.7152 4.3768
3 5.6895 -5.4584
7 3.9300 7.6135
8 11.4414 -4.8637
10 4.1579 4.5222
8 9.4104 -6.6404
7 3.5010 1.0027
1 3.0921 5.3462
6 -7.1278 -0.7377
3 5.6895 -5.4584
5 6.1518 3.8957
9 -0.9788 3.5191
2 5.9100 3.7474
10 -8.9890 8.0017
7 -9.3985 -4.7838
5 6.1518 3.8957
7 -1.0018 -1.0913
8 7.3314 6.2886
6 -0.7339 -5.5533
10 -8.9890 8.0017
2 5.9100 3.7474
5 5.9100 3.7474
1 3.0921 1.9018
5 5.9100 3.7474
9 -7.4901 -4.4244
4 6.6286 -4.5343
3 -2.0858 1.5523
10 -5.3384 8.0017
4 6.6286 -4.5343
8 9.4104 -4.8637
9 0.9766 -7.2533
1 7.0235 5.3462
5 6.1518 3.8957
7 0.0882 -7.8328
4 4.3299 -7.0508
4 4.3299 -7.0508
4 6.6286 -7.0508
4 8.7979 -6.0892
10 -5.3384 8.0017
8 11.4414 -4.8637
6 -0.7339 -5.5533
6 -0.7339 -5.5533
4 6.6286 -4.5343
2 5.9100 3.7474
5 5.9100 3.7474
8 11.4414 -6.6404
7 0.0882 -7.8328
4 -3.9865 7.5729
4 6.6286 -4.5343
4 6.6286 -4.5343
5 6.1518 3.8957
2 5.9100 3.7474
4 4.8781 -5.5895
4 6.6286 -4.5343
2 5.9100 3.7474
9 9.9479 9.3366
3 5.6895 -5.4584
8 11.4414 -6.6404
7 8.2176 7.9919
3 5.6895 -5.4584
1 7.0235 5.3462
4 6.6286 -4.5343
4 6.6286 -4.5343
4 9.1557 8.4765
7 2.5310 -3.0836
8 11.4414 -4.8637
3 5.6895 -5.4584
10 -8.9890 8.0017
6 -0.7339 -5.5533
3 5.6895 -5.4584
10 -8.9890 3.0377
10 -5.3384 8.0017
9 -7.4901 -4.4244
5 5.9100 3.7474
7 0.0882 -7.8328
2 5.9100 3.7474
8 11.4414 -6.6404
10 -8.9890 8.0017
6 -0.7339 -5.5533
6 -0.7339 -5.5533
1 4.5048 8.3034
9 -7.4901 -4.4244
6 -0.7339 -5.5533
5 -7.2556 8.1075
7 0.0882 -7.8328
7 5.6895 -5.4584
2 5.9100 3.7474
9 -7.4901 -4.4244
2 5.9100 3.7474
10 7.2438 3.6078
3 8.2491 6.8092
5 9.1108 -1.8166
3 5.6895 -5.4584
