10 100
K 0.059893 -6.761484 4.159254
K -2.442523 5.081409 1.164750
Z 1 0.059893 -6.761484 -0.627784 -7.487501
K 8.107966 -0.901059 2.377312
Z 3 -2.047117 -10.347555 -1.184926 -10.854138
P -5.545910 -7.842745 -4.066603 -4.250027
K -8.593419 -4.799941 2.619370
K 5.139202 -3.928689 3.022960
Z 8 4.836922 -6.936498 5.831910 -7.036493
K -2.342489 3.239753 3.276055
10 -2.342489 3.239753
10 0.982342 4.643331
9 4.534642 -9.944307
3 -4.700395 -0.169697
6 9.083395 -8.277099
9 -6.968564 2.196224
9 -9.238515 5.896773
1 0.059893 -6.761484
10 -2.342489 3.239753
10 -2.342489 3.239753
9 5.139202 -3.928689
6 -8.269218 7.046515
4 -3.680742 -8.543623
4 -0.443141 3.865226
6 -0.500640 -9.929094
6 0.789698 0.558369
5 -5.040266 -1.880286
2 -2.442523 5.081409
1 -1.113643 6.698545
6 -4.066603 -7.842745
9 5.139202 -3.928689
9 5.139202 -3.928689
8 5.139202 -3.928689
3 0.454128 3.149858
10 8.228053 -4.127727
10 -5.275297 -8.874635
6 -4.066603 -4.250027
6 -5.545910 -4.250027
6 6.953560 9.690898
1 0.059893 -6.761484
5 -7.942355 1.526332
7 -8.593419 -4.799941
6 -4.066603 -4.250027
1 0.059893 -6.761484
6 8.574979 -6.164762
10 -9.699169 -2.451838
5 0.059893 -6.761484
1 0.059893 -6.761484
5 0.059893 -6.761484
1 0.059893 -6.761484
2 1.228868 8.879840
6 -4.066603 -7.842745
8 5.139202 -3.928689
3 -1.313382 4.874816
1 0.059893 -6.761484
7 -3.165538 -1.894225
7 4.730107 -8.116502
9 5.139202 -3.928689
7 -8.593419 -4.799941
5 -4.154127 -13.933625
5 -2.506053 3.793228
9 4.534642 -9.944307
3 0.059893 -6.761484
6 -4.066603 -4.250027
4 8.107966 -0.901059
4 8.107966 -0.901059
5 0.059893 -6.761484
10 -2.342489 3.239753
6 -5.545910 -4.250027
10 -2.342489 3.239753
8 5.139202 -3.928689
1 -3.265124 2.319157
6 -5.545910 -7.842745
4 8.107966 -0.901059
7 -8.593419 -4.799941
5 -4.154127 -13.933625
7 -8.593419 -4.799941
3 0.059893 -6.761484
1 0.059893 -6.761484
1 0.059893 -6.761484
2 -1.067788 3.369498
2 -2.442523 5.081409
7 -8.593419 -4.799941
1 3.027073 0.665240
1 0.059893 -6.761484
7 -4.898652 -1.674142
8 5.139202 -3.928689
3 -3.913809 1.621626
6 -1.481185 1.076478
2 -0.953696 -6.707930
10 -2.342489 3.239753
5 -4.154127 -13.933625
5 -4.154127 -13.933625
8 5.139202 -3.928689
6 -5.545910 -7.842745
10 -2.342489 3.239753
4 8.107966 -0.901059
6 -4.066603 -7.842745
8 -6.875373 -4.242698
5 -4.154127 -13.933625
9 5.139202 -3.928689
7 2.769192 -4.305787
5 0.059893 -6.761484
10 -2.342489 3.239753
1 0.059893 -6.761484
8 9.636337 -0.019730
9 5.199282 -8.315557
4 8.107966 -0.901059
3 -8.101271 -2.395997
6 -5.545910 -4.250027
