10 100
K 6.905177 -3.997395 2.989766
K -8.624153 -8.276112 1.916369
Z 2 -7.019136 -7.229025 -7.565527 -6.391495
P 8.827643 -0.672869 11.801005 0.926682
P -6.949702 3.391207 -1.953970 5.826527
Z 2 -8.624153 -8.276112 -9.568621 -7.947509
K 6.588028 4.065573 3.128929
Z 1 6.905177 -3.997395 7.350197 -3.101875
K 0.105135 -2.293210 4.383865
P 7.719954 -2.670794 10.176939 0.527224
5 2.168644 -3.642534
10 10.176939 -2.670794
4 5.565569 -7.931909
6 -8.624153 -8.276112
9 0.105135 -2.293210
2 -8.624153 -8.276112
7 6.588028 4.065573
4 9.298345 6.651954
2 -8.624153 -8.276112
3 -5.414118 -6.181938
1 6.905177 -3.997395
4 11.801005 0.926682
2 -8.624153 -8.276112
10 7.719954 0.527224
1 0.959712 9.558396
5 -5.277546 6.610488
4 8.827643 -0.672869
2 -8.624153 -8.276112
3 -5.414118 -6.181938
8 6.905177 -3.997395
2 -8.624153 -8.276112
9 0.105135 -2.293210
8 -0.454390 -8.722443
2 1.678198 -4.624872
1 6.905177 -3.997395
6 -8.624153 -8.276112
1 -3.468453 8.508486
10 -2.258259 -7.908344
4 8.827643 0.926682
1 6.905177 -3.997395
2 -8.624153 -8.276112
7 1.478664 5.159563
8 6.905177 -3.997395
4 -4.935460 2.554759
3 -8.624153 -8.276112
6 -8.624153 -8.276112
6 8.788126 -9.255514
8 5.771703 8.931916
7 6.588028 4.065573
8 6.905177 -3.997395
8 -0.780616 3.406705
4 11.801005 0.926682
10 10.176939 0.527224
1 6.905177 -3.997395
5 -6.949702 3.391207
5 0.203981 2.283536
9 2.298940 -1.208711
10 10.176939 0.527224
3 -8.624153 -8.276112
9 0.105135 -2.293210
10 7.719954 -2.670794
7 6.588028 4.065573
10 10.176939 -2.670794
3 -5.414118 -6.181938
7 6.588028 4.065573
3 -5.414118 -6.181938
2 5.833498 -0.416114
6 0.730661 8.001908
6 -4.282476 -3.023474
10 10.176939 -2.670794
7 -8.324977 -0.513382
1 1.155145 6.251717
8 -7.117563 7.363174
3 -5.414118 -6.181938
7 6.588028 4.065573
9 0.105135 -2.293210
9 -4.739762 -9.490235
6 -7.658013 4.521601
2 -8.624153 -8.276112
8 6.905177 -3.997395
6 -8.787725 2.765618
4 8.827643 0.926682
8 6.905177 -3.997395
9 0.105135 -2.293210
9 3.042960 -2.104349
4 -6.926680 -5.836644
1 6.905177 -3.997395
7 6.588028 4.065573
2 -8.624153 -8.276112
8 -4.073704 -3.450689
5 -1.953970 3.391207
7 6.588028 4.065573
8 6.905177 -3.997395
7 6.588028 4.065573
10 -2.113008 -2.546635
7 6.588028 4.065573
3 -8.624153 -8.276112
3 -5.414118 -6.181938
3 -9.998851 5.667334
1 -3.518899 2.933837
5 -1.953970 3.391207
2 4.541903 9.752242
3 -8.624153 -8.276112
6 -5.877873 7.829176
7 8.867698 4.744201
6 -8.624153 -8.276112
2 -8.624153 -8.276112
1 6.905177 -3.997395
9 9.302278 5.500076
7 6.588028 4.065573
