10 100
K 8.982040 9.339842 4.275489
P -8.306527 -8.225129 -6.465315 -5.280158
P -0.950133 -5.662400 0.439470 -4.219860
K 6.942341 -9.944958 1.641301
P 3.723905 7.896591 5.230139 9.957110
P -5.224878 2.361872 -4.033552 5.837929
P -4.786147 7.515147 -1.274302 11.444963
P -8.684977 -4.272691 -7.577142 0.638140
K 8.860655 2.688029 1.808853
P 0.491417 8.508260 2.346164 11.551576
5 3.7239 7.8966
8 -7.5771 -4.2727
2 -8.3065 -8.2251
1 8.9820 9.3398
8 -8.6850 -4.2727
1 -1.5676 -7.2656
10 7.1465 0.8408
5 -5.9139 0.8954
2 6.6925 0.2775
10 0.6522 -8.3870
2 -8.3065 -5.2802
5 1.1742 0.0931
3 -2.1831 0.7378
8 -8.6850 -4.2727
4 6.9423 -9.9450
3 7.8616 -2.3877
4 6.9423 -9.9450
3 0.4395 -4.2199
10 2.3462 11.5516
9 8.8607 2.6880
4 -2.6165 -4.0154
1 5.6069 0.8119
9 8.8607 2.6880
8 -2.0854 9.5414
2 -6.4653 -8.2251
10 2.3462 8.5083
5 5.2301 7.8966
10 2.3462 8.5083
7 7.8410 -8.2008
2 -6.4653 -8.2251
3 -0.9501 -5.6624
2 -0.7395 3.4397
10 0.4914 11.5516
8 -7.5771 -4.2727
3 -2.6941 -7.4655
9 8.8607 2.6880
1 2.6782 -0.5516
5 5.2301 7.8966
8 5.7624 -5.7748
8 7.6496 3.3265
10 2.3462 11.5516
6 -5.2249 2.3619
4 6.9423 -9.9450
6 -5.2249 2.3619
9 8.8607 2.6880
9 8.8607 2.6880
10 0.4914 11.5516
9 -8.4835 -1.4057
2 -6.4653 -8.2251
9 4.7867 4.5077
10 0.4914 11.5516
6 -5.2249 5.8379
8 -7.5771 -4.2727
5 5.2301 9.9571
6 -4.0336 5.8379
1 8.9820 9.3398
9 -6.0815 0.4795
1 8.9820 9.3398
1 8.9820 9.3398
10 -6.8530 8.6910
9 8.8607 2.6880
1 8.9820 9.3398
8 5.0744 1.7879
5 3.7239 9.9571
6 -4.0336 2.3619
9 8.8607 2.6880
1 -2.8850 -3.8199
1 -9.1140 -9.6427
8 -8.6850 0.6381
4 6.9423 -9.9450
9 8.8607 2.6880
7 -4.7861 11.4450
8 -8.6850 0.6381
2 -6.4653 -5.2802
10 2.3462 11.5516
7 -1.2743 7.5151
8 -8.6850 0.6381
1 8.9820 9.3398
3 -0.9501 -5.6624
6 -1.8809 -7.3785
6 -5.2249 2.3619
10 0.4914 11.5516
8 2.1804 6.2748
4 6.9423 -9.9450
4 6.9423 -9.9450
4 6.9423 -9.9450
1 8.9820 9.3398
1 4.8161 -7.0132
1 8.9820 9.3398
7 -4.7861 11.4450
7 -6.2739 6.1915
6 -5.2249 5.8379
10 2.3462 8.5083
6 -4.0336 2.3619
9 8.8607 2.6880
3 -0.9501 -5.6624
3 0.4395 -5.6624
9 -6.1660 2.6549
3 -4.3265 6.6097
7 1.0685 -9.1374
