10 100
P -9.621869 -8.389065 -8.267370 -5.242213
K -6.157482 3.013701 4.061256
P 8.592219 -0.999122 10.571999 2.904333
P 3.060707 2.409540 5.911016 4.874997
Z 3 -1.650829 6.406404 -0.215689 7.825147
Z 5 -8.602804 -7.047640 -2.632612 5.190831
P 5.554937 -4.673059 7.192347 0.018620
P -4.299738 3.943187 -2.039395 6.748758
Z 3 10.571999 2.904333 11.547879 2.686025
P 0.609568 5.421392 3.152555 9.850878
1 -9.6219 -8.3891
3 10.5720 -0.9991
10 0.6096 9.8509
3 10.5720 2.9043
3 8.5922 2.9043
9 8.5922 2.9043
3 10.5720 -0.9991
7 5.5549 -4.6731
1 -9.6219 -5.2422
1 -9.6219 -8.3891
10 8.5368 -1.1588
6 8.5922 -0.9991
7 5.5549 -4.6731
3 8.5922 -0.9991
9 -7.7742 4.6286
9 -1.6990 -8.0717
8 -2.0394 3.9432
8 -4.2997 6.7488
9 12.2352 6.4357
5 10.5720 -0.9991
7 7.1923 0.0186
2 7.3776 0.2328
8 -4.2997 6.7488
2 -5.0531 6.7856
8 0.3418 -0.8622
4 5.9110 2.4095
1 -9.6219 -8.3891
5 8.5922 -0.9991
8 -2.0394 3.9432
9 -4.9345 1.4190
7 5.5549 0.0186
5 5.5416 -7.7724
8 -2.0394 3.9432
6 10.3458 7.3267
3 8.5922 2.9043
7 6.1897 -6.2815
7 7.1923 0.0186
9 5.1720 -1.4456
5 10.5720 -0.9991
1 -9.6219 -5.2422
4 8.5398 5.1888
1 -8.2674 -5.2422
7 7.1923 0.0186
7 2.8031 8.9133
3 8.5922 -0.9991
6 10.5720 2.9043
6 -2.3025 3.2647
6 9.2112 3.5124
9 8.5922 -0.9991
2 -6.1575 3.0137
5 -5.7380 -8.4062
1 -6.3138 -0.1498
10 3.1526 5.4214
4 5.9110 4.8750
2 -6.1575 3.0137
7 7.1923 0.0186
10 3.1526 9.8509
10 3.1526 5.4214
1 -6.2927 -8.6986
4 -2.3705 2.8451
10 3.1526 9.8509
3 -6.6289 6.4477
7 5.5549 -4.6731
8 -4.2997 6.7488
9 12.2352 6.4357
8 -2.0394 6.7488
2 -8.9136 -2.0164
1 -9.6219 -5.2422
4 -5.1409 6.0342
1 -8.2674 -8.3891
9 10.5720 2.9043
2 -6.1575 3.0137
7 5.5549 -4.6731
5 -5.0122 18.6687
9 2.5395 2.1601
9 10.4441 7.2793
8 -2.0394 6.7488
3 8.5922 -0.9991
7 5.5549 -4.6731
5 -5.0122 18.6687
4 5.9110 2.4095
5 8.5922 -0.9991
8 -4.2997 6.7488
2 -6.1575 3.0137
2 -6.1575 3.0137
2 -6.1575 3.0137
3 -4.5857 0.7147
8 -2.0394 6.7488
2 -5.1075 -3.3267
10 2.7914 -4.0458
9 8.7809 3.7479
9 10.5720 2.9043
7 7.1923 -4.6731
5 8.4159 8.8379
8 -8.6699 0.6153
10 -4.7900 -3.0404
5 -8.9154 18.7135
10 0.6096 5.4214
10 -5.2034 -5.2567
10 9.0025 9.7899
