10 100
P 3.467923 -0.305171 4.896975 2.350621
K 5.737125 7.133370 4.217472
Z 1 -5.157872 5.666556 3.103554 5.061153
K -4.687624 9.210072 3.981956
Z 3 0.225349 -9.951500 -9.041522 -0.010302
Z 4 5.245548 7.007331 3.960339 -8.836923
K 6.804091 6.406350 4.116899
P 2.250234 -5.144078 4.500641 -0.412020
K 4.548288 1.494970 3.108836
P -6.633602 5.823192 -3.700523 7.659237
9 4.548288 1.494970
10 0.923261 -6.655358
4 8.694252 1.215973
1 4.896975 2.350621
4 -3.655284 -9.946468
9 4.548288 1.494970
1 4.896975 -0.305171
8 4.559728 -1.804687
7 8.454843 -2.076953
6 15.403877 7.580346
1 3.467923 -0.305171
5 3.467923 2.350621
6 15.403877 7.580346
10 -2.397538 -6.489129
3 2.932636 8.205107
6 -4.687624 9.210072
4 -4.687624 9.210072
4 -4.687624 9.210072
3 -8.457363 7.967456
9 4.548288 1.494970
3 4.896975 2.350621
2 6.290993 -2.802375
10 -6.633602 5.823192
6 15.403877 7.580346
7 7.711168 -9.837459
5 5.094370 -1.628855
3 5.660112 10.108708
3 4.896975 -0.305171
8 4.382110 9.012319
7 6.804091 6.406350
9 -2.716843 0.527704
10 9.082920 3.582070
9 4.548288 1.494970
7 -6.616403 5.114555
1 -1.354611 -7.595235
10 -1.626344 -2.563096
6 15.403877 7.580346
9 4.548288 1.494970
2 -2.210810 6.284401
3 5.660112 10.108708
6 15.403877 7.580346
3 8.542259 4.393929
4 7.177012 -2.985818
2 5.737125 7.133370
2 5.737125 7.133370
10 -3.700523 5.823192
2 5.737125 7.133370
3 8.626721 -1.875903
3 -3.059571 1.992881
1 3.467923 -0.305171
6 -0.863852 -7.107386
9 4.548288 1.494970
2 5.737125 7.133370
5 8.247254 0.803388
9 4.548288 1.494970
6 1.716649 -5.050622
3 4.896975 2.350621
2 5.737125 7.133370
4 -4.687624 9.210072
2 5.737125 7.133370
9 -7.944616 6.430799
10 -3.700523 7.659237
1 3.467923 -0.305171
8 4.500641 -0.412020
8 4.500641 -0.412020
7 6.804091 6.406350
5 5.272954 7.481287
5 4.821970 1.599313
9 4.548288 1.494970
4 6.302011 4.893375
10 -3.700523 5.823192
4 0.747567 7.791343
5 4.283521 7.273231
5 -1.499557 4.521419
10 -3.700523 5.823192
3 4.246326 10.317033
7 4.788305 3.543560
8 2.250234 -5.144078
7 6.804091 6.406350
8 -3.167040 8.789010
5 3.239405 6.666509
9 5.876744 -5.559911
5 4.011288 -4.749646
3 5.272954 7.481287
3 1.664278 1.940694
3 3.859168 7.689613
5 3.859168 7.689613
9 4.548288 1.494970
7 6.804091 6.406350
5 -12.273876 -12.323387
7 6.804091 6.406350
1 4.896975 2.350621
9 -7.830625 -1.299938
5 -1.236093 -1.305344
1 4.896975 -0.305171
5 1.210661 9.724590
1 4.896975 2.350621
3 -6.254643 9.877194
1 -9.955580 9.730097
2 5.737125 7.133370
