10 100
K 8.531979 7.131919 3.976255
K 9.182148 -2.702377 2.304678
Z 1 6.382641 3.786631 7.223957 3.246088
P -6.917967 -4.442662 -4.013572 -0.045999
K -5.111351 -5.316907 2.530622
K 4.248717 -7.179543 2.114274
K -7.371706 -5.028077 4.902932
P -8.623554 2.058306 -6.356958 3.139976
K 5.468395 -2.407590 4.786332
Z 4 -7.863950 9.826502 -4.535426 -3.474681
8 -6.356958 2.058306
5 -5.111351 -5.316907
6 4.248717 -7.179543
9 5.468395 -2.407590
2 -2.745539 6.118125
9 5.468395 -2.407590
9 5.468395 -2.407590
4 -6.917967 -0.045999
6 4.248717 -7.179543
3 7.740009 1.933103
1 8.531979 7.131919
2 9.182148 -2.702377
1 8.531979 7.131919
8 -5.645175 9.459715
5 -5.111351 -5.316907
6 9.380076 7.338994
7 -7.371706 -5.028077
2 9.182148 -2.702377
10 -4.013572 -0.045999
3 4.233303 0.441343
7 -7.371706 -5.028077
3 3.285018 5.707141
7 -7.371706 -5.028077
9 5.468395 -2.407590
5 -5.111351 -5.316907
4 -4.013572 -4.442662
3 8.531979 7.131919
10 -6.610653 -0.695899
7 -7.371706 -5.028077
4 -6.917967 -0.045999
2 9.182148 -2.702377
6 4.248717 -7.179543
7 -7.371706 -5.028077
10 -4.539864 -4.574362
6 4.248717 -7.179543
4 -4.013572 -0.045999
1 8.531979 7.131919
1 -1.105613 8.901817
7 -7.371706 -5.028077
8 -8.623554 2.058306
9 5.468395 -2.407590
6 4.248717 -7.179543
7 -7.655419 -1.963660
10 1.166893 6.831874
7 -7.371706 -5.028077
3 4.451057 2.042721
5 -4.294196 -7.769985
4 -4.013572 -4.442662
6 -4.840920 6.326650
5 -5.111351 -5.316907
6 4.248717 -7.179543
4 -6.917967 -4.442662
5 2.026287 -9.683653
3 8.531979 7.131919
7 -7.371706 -5.028077
1 8.531979 7.131919
1 8.531979 7.131919
7 -7.371706 -5.028077
2 9.182148 -2.702377
8 -6.356958 2.058306
8 -7.313618 2.899362
3 8.531979 7.131919
10 -4.507852 6.097449
6 -1.508352 -9.531691
7 -7.371706 -5.028077
6 4.248717 -7.179543
7 -7.371706 -5.028077
5 -5.111351 -5.316907
5 -5.111351 -5.316907
6 4.248717 -7.179543
10 -2.818839 9.679322
4 -4.013572 -0.045999
6 9.858145 7.131795
8 -8.623554 2.058306
7 -1.743507 1.171776
1 -1.024310 -1.602912
9 5.468395 -2.407590
1 0.495100 -5.223198
4 -2.255200 -6.953692
9 8.103187 -3.459382
3 8.531979 7.131919
8 -8.623554 2.058306
4 -7.590661 0.845083
4 4.502838 -5.073056
5 -5.111351 -5.316907
4 -5.376830 3.371065
3 8.531979 7.131919
10 -6.610653 -0.695899
6 4.248717 -7.179543
6 4.868995 7.996614
1 -8.870359 -9.776006
4 -4.013572 -4.442662
5 -5.111351 -5.316907
7 3.130377 7.381341
2 9.182148 -2.702377
4 -6.917967 -0.045999
4 -5.735518 2.423625
3 3.761377 -3.645080
7 3.859317 7.936282
2 0.523957 4.538412
