10 100
K 3.849786 8.409319 1.071203
P -8.369860 9.855795 -5.925250 14.525448
K -4.141003 1.078880 3.787015
K 4.352250 -3.535986 1.222329
Z 3 -1.850379 -1.936833 -1.054049 -1.331971
P -0.318284 1.195722 1.608228 4.750610
K -4.373413 9.433083 2.520506
P -4.977344 -7.242694 -0.288356 -5.718706
Z 7 -4.373413 9.433083 -3.858289 8.575968
Z 8 2.906712 -0.238212 7.325242 -1.916784
3 -4.1410 1.0789
6 1.6082 4.7506
7 -4.3734 9.4331
6 1.6082 4.7506
8 -4.9773 -7.2427
5 0.4402 -4.9525
4 4.3523 -3.5360
3 -4.1410 1.0789
7 -4.3734 9.4331
2 0.1657 6.7656
2 -5.9252 14.5254
8 -0.2884 -7.2427
6 -4.0908 9.1811
9 9.7376 -9.1118
6 1.6082 4.7506
1 3.8498 8.4093
6 1.6082 4.7506
10 4.8632 4.6223
1 9.5750 -8.0376
10 0.6502 9.0946
6 -0.3183 4.7506
6 4.9947 -2.7793
10 5.1683 7.1209
2 -5.9252 9.8558
8 -4.9773 -5.7187
10 0.0953 -5.9134
9 -4.3734 9.4331
3 -4.1410 1.0789
4 4.3523 -3.5360
10 4.1564 5.9813
2 -5.9252 14.5254
2 -8.3699 14.5254
4 1.8288 8.4401
10 0.6502 9.0946
3 -0.7041 2.8385
3 1.8113 -8.8587
1 3.8498 8.4093
3 -4.1410 1.0789
8 -0.2884 -7.2427
6 1.6082 1.1957
5 -5.5596 7.3189
7 -4.3734 9.4331
7 -9.9868 4.3146
6 -0.3183 4.7506
3 2.0964 -3.5403
4 4.3523 -3.5360
7 -4.3734 9.4331
4 4.3523 -3.5360
9 -4.3734 9.4331
6 -7.7017 5.4479
7 -4.3734 9.4331
10 6.4143 -9.9026
6 1.7170 9.6594
8 -4.9773 -7.2427
3 7.6191 6.1573
8 5.5831 4.3576
9 6.8579 4.5099
6 1.6082 4.7506
4 -5.3946 -8.5962
5 -5.3412 -6.0340
4 4.3523 -3.5360
9 -4.3734 9.4331
8 -4.9773 -7.2427
3 -4.3972 9.4833
6 -0.3183 1.1957
10 -0.2884 -7.2427
5 3.9798 -6.8559
3 -4.1410 1.0789
4 4.3523 -3.5360
6 1.6082 1.1957
8 2.4902 8.5024
2 -0.9683 1.3782
2 -5.9252 14.5254
8 -0.2884 -7.2427
9 -4.3734 9.4331
1 -6.6662 -0.5575
4 4.3523 -3.5360
2 -5.9252 14.5254
8 -4.9773 -5.7187
9 -4.3734 9.4331
5 6.3449 -0.0266
6 -0.3183 1.1957
9 2.0075 -6.1206
3 8.9575 1.0549
3 -4.1410 1.0789
3 -4.1410 1.0789
3 -4.1410 1.0789
1 3.8498 8.4093
2 -8.3699 9.8558
5 -4.1410 1.0789
2 -8.3699 9.8558
9 -4.3734 9.4331
2 5.3672 -9.2172
3 -4.1410 1.0789
5 0.4402 -4.9525
7 -4.3734 9.4331
6 -0.9190 -5.1677
8 -4.9773 -5.7187
4 6.2743 -6.6861
8 -0.2884 -5.7187
