10 100
P 4.027147 -2.274343 6.793972 0.269875
K 1.613090 7.339435 4.653006
K 7.677684 -8.795773 4.901403
K 8.496406 1.226229 3.347680
K -6.876320 8.914784 4.757527
K -9.864596 6.341502 2.195886
P 0.520137 5.239798 1.966845 9.178680
P -5.645132 -1.314376 -2.309943 2.075002
P 0.881747 -1.634063 2.619589 0.618474
Z 8 3.198133 6.188626 -0.140060 -0.557097
1 6.7940 0.2699
6 -3.2603 6.4210
4 8.4964 1.2262
1 6.7066 -0.8366
10 5.2918 -3.3372
1 6.7940 -2.2743
10 9.3318 0.1769
1 9.0685 9.4071
1 4.0271 0.2699
6 4.9335 -2.2425
2 1.6131 7.3394
5 8.9375 -3.9703
1 6.7940 -2.2743
1 6.7940 0.2699
2 -8.6120 -5.8979
10 -2.3099 -1.3144
5 -6.8763 8.9148
7 0.1733 -0.0550
2 1.6131 7.3394
6 -9.8646 6.3415
5 -6.8763 8.9148
4 8.4964 1.2262
10 4.9967 -4.8126
2 1.6131 7.3394
1 1.1141 3.6182
5 -6.8763 8.9148
3 7.6777 -8.7958
5 -6.8763 8.9148
6 -9.8646 6.3415
10 -2.3099 -1.3144
3 7.6777 -8.7958
10 0.5741 -2.7416
1 6.3771 9.6346
8 -5.6451 -1.3144
5 8.1883 -1.0506
1 4.1694 4.8388
2 1.6131 7.3394
8 -2.3099 2.0750
4 8.4964 1.2262
4 8.4964 1.2262
9 2.6196 0.6185
2 1.6131 7.3394
8 -2.3099 2.0750
5 -6.8763 8.9148
8 -8.8384 9.3242
3 7.6777 -8.7958
4 8.4964 1.2262
7 0.5201 9.1787
5 -6.8763 8.9148
8 8.1712 6.1916
9 -8.6166 -7.2060
2 1.6131 7.3394
2 1.6131 7.3394
1 -9.8122 -0.8972
2 1.6131 7.3394
2 1.6131 7.3394
7 -8.6856 0.3719
10 -9.6125 -2.3919
1 6.7940 -2.2743
3 9.8039 -6.3936
10 3.9603 8.8384
1 6.7940 0.2699
2 -6.8445 -7.9322
8 8.7597 3.0747
7 -1.5496 4.4763
2 -3.5678 9.4896
4 8.4964 1.2262
7 1.9668 9.1787
3 7.6777 -8.7958
5 -6.8763 8.9148
6 -9.8646 6.3415
8 -5.6451 -1.3144
4 8.4964 1.2262
10 -8.6596 5.9953
7 0.5201 9.1787
5 -6.8763 8.9148
1 4.0271 0.2699
7 8.5158 -3.5724
4 -7.6358 5.2329
5 -6.8763 8.9148
1 4.0271 0.2699
4 8.4964 1.2262
6 6.3541 -9.3719
6 9.4897 2.7272
9 1.4177 -8.2964
5 5.3695 8.5683
5 -6.8763 8.9148
5 -6.8763 8.9148
6 -9.8646 6.3415
6 -8.2881 -7.0908
7 0.5201 5.2398
1 4.0271 0.2699
2 1.6131 7.3394
8 -2.0671 4.2521
10 -7.0114 3.9932
4 8.4964 1.2262
2 1.6131 7.3394
6 5.3051 -8.8387
2 1.6131 7.3394
4 -6.3337 -3.6838
