10 100
K -2.460062 -8.253542 2.810369
Z 1 -1.152918 -3.292872 -8.648321 8.192399
K -9.151395 1.441268 3.720500
K -2.140854 0.736233 4.050766
K -0.681676 0.193260 1.880842
P 7.076475 4.600348 11.868467 7.738879
K 8.896061 1.028097 3.451092
Z 7 1.066442 -7.393579 3.558198 7.915463
P -7.623830 6.993874 -4.898331 8.410166
Z 5 -3.410501 2.740688 3.647702 7.842302
9 -7.623830 6.993874
5 9.180410 -9.883176
1 -2.460062 -8.253542
3 -9.151395 1.441268
9 -4.898331 6.993874
5 -0.681676 0.193260
4 -4.881631 -6.331237
8 -3.688307 3.076374
2 -2.460062 -8.253542
7 8.896061 1.028097
6 -4.047345 -4.893054
6 7.076475 7.738879
9 3.620636 1.118226
1 -2.460062 -8.253542
9 -4.898331 8.410166
4 -2.140854 0.736233
5 -0.681676 0.193260
8 8.896061 1.028097
8 9.118256 -7.369896
5 -0.681676 0.193260
3 -9.151395 1.441268
7 8.896061 1.028097
3 -0.591734 -6.947183
9 -4.898331 8.410166
1 -9.671686 1.280592
3 9.052400 -0.462716
2 -2.460062 -8.253542
1 -2.460062 -8.253542
3 -0.522170 9.626784
3 -9.151395 1.441268
7 8.896061 1.028097
6 7.076475 4.600348
4 -2.140854 0.736233
9 -6.193638 7.631446
1 -2.460062 -8.253542
8 9.219563 -0.227674
8 -3.907373 0.918098
10 -4.973342 6.130881
10 -4.973342 6.130881
5 -0.681676 0.193260
10 -4.973342 6.130881
5 -1.058640 6.579738
6 9.264458 -5.469336
4 -2.140854 0.736233
9 -7.623830 6.993874
2 -1.303773 7.908581
2 6.055648 3.855994
1 -2.460062 -8.253542
6 11.868467 7.738879
2 -1.415839 9.113021
8 8.896061 1.028097
1 -2.460062 -8.253542
10 -4.394828 -4.339573
1 7.594571 8.090149
4 -2.140854 0.736233
7 8.367739 3.410757
7 8.896061 1.028097
10 -0.681676 0.193260
6 11.868467 4.600348
4 -2.140854 0.736233
3 -9.151395 1.441268
1 -3.473990 -6.515335
8 -5.752331 -7.938200
3 -9.151395 1.441268
4 -2.140854 0.736233
2 3.914197 -4.093636
8 -3.688307 3.076374
3 -8.703637 3.690841
6 7.076475 4.600348
6 7.076475 7.738879
4 -2.140854 0.736233
10 2.688314 -6.368164
5 -0.681676 0.193260
7 -8.923414 8.690165
7 9.554057 3.093662
6 9.830954 -1.959329
7 8.896061 1.028097
4 3.691996 1.516651
4 -2.516508 -8.099636
5 1.585572 -0.469560
10 -2.992267 3.338466
5 -0.681676 0.193260
2 -2.460062 -8.253542
4 -2.140854 0.736233
10 -0.681676 0.193260
3 -9.151395 1.441268
6 11.868467 4.600348
5 -0.681676 0.193260
5 -0.681676 0.193260
5 -7.268885 6.567805
5 9.452186 -1.546743
5 -2.265890 6.285058
6 7.076475 4.600348
1 -2.460062 -8.253542
5 -0.681676 0.193260
9 2.911938 -1.360599
4 -2.140854 0.736233
9 -0.208804 3.764914
9 -9.901548 -5.777793
10 -4.973342 6.130881
