10 100
K -9.090455 7.917176 4.471145
P -4.284029 -9.172691 -1.051164 -5.620807
K -9.121082 -3.714070 2.637042
Z 1 -13.550859 8.226916 -13.620134 7.229319
P 6.026683 -1.572562 9.223663 1.559710
K 6.892299 6.162218 3.347285
Z 5 3.957245 -5.243907 -9.923125 6.803320
P 5.859043 4.021856 10.413248 6.855714
Z 4 7.066416 -3.664077 8.758428 4.054044
K -6.385306 2.261786 3.429222
5 9.223663 1.559710
5 9.223663 -1.572562
3 -5.988903 -0.607007
7 -2.037698 -11.415214
9 -5.953899 -6.281962
4 -3.676436 4.852105
9 34.948293 -3.073447
9 26.586476 0.095870
8 10.413248 6.855714
7 -2.487518 -8.250037
8 5.859043 4.021856
9 -18.011263 8.536657
5 6.026683 -1.572562
10 -6.385306 2.261786
8 5.859043 6.855714
2 -1.051164 -9.172691
8 2.764522 6.471988
2 -1.051164 -9.172691
7 -9.058501 5.132630
9 -18.011263 8.536657
5 9.223663 1.559710
1 -9.090455 7.917176
9 34.948293 -3.073447
4 -9.090455 7.917176
6 -2.571537 7.743638
6 6.892299 6.162218
5 6.026683 1.559710
6 6.892299 6.162218
2 -1.051164 -9.172691
8 -5.561863 -4.832370
6 6.892299 6.162218
5 -7.742258 8.703380
3 -9.121082 -3.714070
3 -9.121082 -3.714070
10 -6.385306 2.261786
9 26.586476 0.095870
9 -6.324291 -7.783048
9 34.948293 -3.073447
2 1.160442 -5.052669
6 6.892299 6.162218
10 -6.385306 2.261786
7 5.726276 -8.792000
9 -18.011263 8.536657
6 6.892299 6.162218
10 3.798252 6.163007
2 -1.051164 -5.620807
6 5.441840 5.330475
6 6.892299 6.162218
5 6.026683 -1.572562
3 5.841667 3.156803
6 6.892299 6.162218
3 -9.121082 -3.714070
2 -1.051164 -5.620807
1 -9.090455 7.917176
6 6.892299 6.162218
8 10.413248 4.021856
4 -9.177427 -4.450954
8 7.489962 9.122544
3 -9.121082 -3.714070
6 -5.527474 0.383081
7 0.613595 -7.809322
6 6.892299 6.162218
9 34.948293 -3.073447
3 -9.040757 3.778088
10 0.703809 4.242833
9 34.948293 -3.073447
3 -9.121082 -3.714070
6 -9.381785 5.831272
10 2.187897 1.709628
3 -9.121082 -3.714070
6 -0.153950 -5.062708
10 -6.385306 2.261786
1 -9.090455 7.917176
8 10.413248 4.021856
6 5.039973 4.311699
5 4.931290 5.540510
5 9.223663 -1.572562
7 9.110776 6.760242
3 3.477169 7.863844
6 -2.106877 5.815536
4 -9.090455 7.917176
4 1.590979 -0.613932
4 -9.090455 7.917176
4 -18.011263 8.536657
4 -9.090455 7.917176
2 -1.051164 -9.172691
5 9.223663 1.559710
9 34.948293 -3.073447
4 -9.090455 7.917176
6 -0.485009 -8.506418
9 34.948293 -3.073447
7 9.223663 1.559710
8 5.859043 4.021856
8 5.859043 6.855714
6 6.892299 6.162218
6 5.270967 -7.058680
7 1.063414 -10.974499
5 6.026683 1.559710
9 26.586476 0.095870
3 -9.121082 -3.714070
