10 100
K -0.147320 0.146220 2.612737
P -7.391078 -7.689234 -2.933249 -3.027498
K -7.454138 -6.590001 4.582899
P 3.510778 -1.909581 6.546888 -0.172564
Z 3 -7.454138 -6.590001 -7.987947 -7.435606
K 1.222884 0.016745 2.889643
Z 4 0.199872 -8.313195 -4.872554 7.484074
K -2.735165 -4.381368 1.815428
Z 2 -5.726330 -2.559558 9.795468 -7.569966
K -1.017623 6.825333 1.342490
7 -3.069556 0.055329
6 3.023093 -4.983084
4 -1.581622 -5.725979
3 -7.454138 -6.590001
2 -3.710505 9.376202
3 -7.454138 -6.590001
3 -7.454138 -6.590001
1 -0.147320 0.146220
8 -2.565320 -6.266012
1 -0.147320 0.146220
2 -7.391078 -7.689234
5 7.161908 -6.439125
2 -7.391078 -7.689234
6 -4.856035 4.799498
6 6.012913 -7.054594
8 -2.735165 -4.381368
7 0.846334 9.211503
5 -7.454138 -6.590001
4 3.510778 -0.172564
5 -7.454138 -6.590001
6 1.222884 0.016745
2 -2.933249 -7.689234
2 -7.391078 -7.689234
4 3.510778 -1.909581
3 9.797951 8.367452
8 -2.735165 -4.381368
6 1.222884 0.016745
1 -0.147320 0.146220
6 -4.590541 -9.393000
6 1.222884 0.016745
1 -0.300683 -4.097681
6 1.222884 0.016745
8 4.132343 0.910861
6 1.222884 0.016745
5 -5.462971 -6.922215
6 1.222884 0.016745
3 -7.454138 -6.590001
8 -2.735165 -4.381368
10 1.390191 9.916382
3 -7.454138 -6.590001
2 2.390675 -5.340986
1 -0.147320 0.146220
4 3.510778 -0.172564
8 -7.463283 2.624570
8 -2.735165 -4.381368
10 -5.294237 9.641701
6 1.222884 0.016745
3 -7.454138 -6.590001
1 -0.147320 0.146220
5 -7.454138 -6.590001
2 -2.933249 -3.027498
2 -7.391078 -3.027498
6 8.535990 9.770084
2 -7.391078 -7.689234
3 -7.454138 -6.590001
5 -4.289784 4.905868
7 6.189497 -6.103823
9 -4.077699 2.575320
1 -0.147320 0.146220
9 -7.961706 5.559687
1 -4.401356 -3.891818
9 -3.186800 -3.812975
2 -2.933249 -3.027498
10 -1.017623 6.825333
4 -2.414459 8.370914
7 3.510778 -0.172564
8 -5.672182 9.301315
5 3.359525 -4.445636
6 1.222884 0.016745
2 -7.391078 -3.027498
3 -7.454138 -6.590001
8 -2.735165 -4.381368
4 3.510778 -1.909581
6 1.222884 0.016745
5 4.588507 0.830013
1 -0.147320 0.146220
7 -6.220098 -5.034118
4 6.546888 -0.172564
8 -2.735165 -4.381368
10 -1.017623 6.825333
9 -3.186800 -3.812975
2 -2.933249 -7.689234
7 -8.688665 -6.801643
10 -4.601012 -3.075125
4 0.391175 -9.557055
1 -0.147320 0.146220
8 -0.883717 3.101278
4 6.546888 -0.172564
6 6.210240 4.183260
8 -2.735165 -4.381368
3 -7.454138 -6.590001
6 7.362667 -2.339758
5 -9.559220 3.045468
7 -9.699900 -5.389328
7 -7.231333 -3.621803
2 -2.933249 -7.689234
5 -7.454138 -6.590001
3 3.319322 -8.852824
5 -7.454138 -6.590001
3 -8.898233 -6.960373
