10 100
P -2.513972 -9.013013 2.110865 -4.159370
K -0.195133 8.437761 2.165517
P 0.383694 7.937829 1.733431 10.533573
K -6.602650 1.242851 1.264331
K -9.410748 -4.330633 1.233343
Z 2 -0.195133 8.437761 -1.165142 8.194690
Z 4 6.115723 -1.831250 6.814648 0.973079
K 9.270395 -9.856921 2.119351
Z 1 -6.552363 5.705646 6.011846 4.878644
K 1.937002 -5.161986 1.418103
4 -6.602650 1.242851
6 -0.195133 8.437761
5 -9.410748 -4.330633
5 -9.410748 -4.330633
9 -8.084583 -2.052281
6 0.041388 -7.089409
1 -2.513972 -4.159370
2 -0.195133 8.437761
7 -6.602650 1.242851
2 -0.195133 8.437761
7 -5.095261 -8.213387
8 9.270395 -9.856921
7 18.789178 -5.085573
2 -8.822285 8.308338
7 18.789178 -5.085573
8 9.270395 -9.856921
3 0.383694 10.533573
8 9.270395 -9.856921
4 -6.602650 1.242851
2 -0.195133 8.437761
5 -9.410748 -4.330633
7 -6.602650 1.242851
4 -6.602650 1.242851
6 6.466163 -1.533708
1 -2.513972 -4.159370
5 -9.410748 -4.330633
8 -9.481140 -2.781363
5 8.377296 0.822424
4 -6.602650 1.242851
4 -7.281017 -6.618453
4 -3.216703 4.163849
8 9.612331 -2.818987
2 -0.195133 8.437761
5 -9.410748 -4.330633
2 -0.195133 8.437761
8 9.270395 -9.856921
8 5.729830 -4.521280
7 18.789178 -5.085573
6 7.848823 -1.135406
9 3.965389 19.161773
3 0.383694 7.937829
6 -0.195133 8.437761
5 -9.410748 -4.330633
5 -9.410748 -4.330633
3 1.733431 10.533573
3 0.383694 10.533573
1 -7.768467 -3.172712
5 -9.410748 -4.330633
7 -6.602650 1.242851
2 9.492426 -8.159123
8 9.270395 -9.856921
5 -0.336581 1.798670
9 -2.513972 -4.159370
6 -0.195133 8.437761
1 2.110865 -4.159370
3 0.383694 7.937829
1 2.110865 -9.013013
5 -8.015005 9.537213
2 -0.195133 8.437761
10 1.937002 -5.161986
2 -0.195133 8.437761
4 -6.602650 1.242851
9 -2.513972 -9.013013
2 2.200124 6.926164
10 1.937002 -5.161986
1 -2.513972 -9.013013
7 -6.602650 1.242851
10 9.199415 -5.834054
4 -7.707696 -0.343473
7 -6.602650 1.242851
5 -9.410748 -4.330633
5 -9.410748 -4.330633
3 4.838175 -4.505911
9 7.116891 -5.847474
3 0.383694 7.937829
5 0.352088 6.218756
1 2.110865 -4.159370
6 -0.195133 8.437761
2 8.310408 8.149344
6 -0.195133 8.437761
3 1.733431 10.533573
10 1.937002 -5.161986
6 -0.195133 8.437761
4 -6.602650 1.242851
10 0.254660 6.070827
10 1.958515 -5.364583
6 -0.195133 8.437761
4 2.714673 -8.064157
1 -5.871492 4.904576
6 -0.195133 8.437761
5 -9.410748 -4.330633
4 -6.602650 1.242851
2 -0.195133 8.437761
6 -0.195133 8.437761
9 3.965389 19.161773
8 9.270395 -9.856921
3 2.175952 4.437086
1 -2.513972 -9.013013
10 -6.362004 -7.863940
2 -0.195133 8.437761
