10 100
K 0.294132 7.674968 4.133657
K -3.198145 -4.400598 1.137153
P -4.563362 -1.650389 -0.557364 2.374890
P 6.164912 -6.307100 9.213024 -4.334412
P 8.405576 -1.111558 10.169115 3.333609
K -1.810123 -7.956927 1.883068
Z 1 0.294132 7.674968 -0.299104 6.869940
K 4.313274 3.466439 2.984811
Z 2 -2.323046 -5.126765 -1.684462 -4.357212
K 9.005194 -2.372525 2.311498
3 -0.557364 -1.650389
6 -1.810123 -7.956927
8 4.313274 3.466439
4 4.307126 -5.821480
1 0.294132 7.674968
10 9.005194 -2.372525
3 -4.563362 -1.650389
9 -3.198145 -4.400598
10 9.005194 -2.372525
5 8.405576 3.333609
9 -1.447946 -5.852932
2 -3.198145 -4.400598
6 -1.810123 -7.956927
6 -1.810123 -7.956927
5 10.169115 3.333609
9 -1.447946 -5.852932
2 -3.198145 -4.400598
2 -3.198145 -4.400598
4 -5.573891 0.658769
10 9.005194 -2.372525
4 -2.617722 -9.366003
3 -1.582674 -0.552797
10 7.685059 0.034695
3 -4.563362 2.374890
7 0.294132 7.674968
8 -4.073258 1.857562
6 -7.877876 6.444675
2 -2.040454 -0.987868
10 9.005194 -2.372525
10 7.826689 4.515987
10 9.005194 -2.372525
3 -4.563362 2.374890
8 4.313274 3.466439
4 2.085511 8.503313
5 1.427286 -7.052064
1 0.294132 7.674968
10 2.993054 6.531782
6 -1.810123 -7.956927
3 -0.557364 2.374890
1 0.294132 7.674968
10 9.005194 -2.372525
4 6.164912 -4.334412
1 -6.284344 7.814551
6 5.714306 1.120535
5 10.169115 -1.111558
10 9.005194 -2.372525
7 4.225529 -5.547304
10 9.005194 -2.372525
4 9.213024 -6.307100
6 -1.810123 -7.956927
9 -1.447946 -5.852932
4 6.164912 -4.334412
5 10.169115 -1.111558
1 -9.983934 -9.230196
1 0.294132 7.674968
3 -6.187697 0.631305
4 -0.739003 -6.429116
1 0.294132 7.674968
1 5.744318 6.801385
10 -3.755827 -6.478288
6 -2.211890 -7.033060
8 -6.401127 -4.599557
5 -7.865542 -1.032261
4 -9.978133 -2.689320
6 -1.810123 -7.956927
8 4.313274 3.466439
6 -1.810123 -7.956927
2 -3.198145 -4.400598
10 9.005194 -2.372525
2 -3.198145 -4.400598
5 10.169115 -1.111558
3 -0.557364 -1.650389
8 4.313274 3.466439
2 -3.198145 -4.400598
3 -3.460312 0.092199
8 4.313274 3.466439
3 9.971254 -6.435405
6 -4.336701 -0.449234
7 0.294132 7.674968
1 0.294132 7.674968
2 -3.198145 -4.400598
10 9.005194 -2.372525
9 1.458793 1.479015
3 -4.563362 -1.650389
9 3.075026 -9.925838
6 -1.810123 -7.956927
5 2.555143 -7.993501
8 -5.677139 0.978253
3 -0.557364 -1.650389
9 2.059277 -4.370585
2 3.350490 -2.658127
8 9.224373 -2.443496
5 -1.166406 -2.289523
10 9.005194 -2.372525
6 -1.810123 -7.956927
10 9.005194 -2.372525
4 -2.467629 9.675624
9 4.892841 8.759549
4 6.164912 -4.334412
6 -1.810123 -7.956927
