10 100
P -3.846876 -2.270980 0.104778 2.310744
K 3.608632 -5.097304 3.010401
P 1.596279 8.405047 5.241563 10.796992
Z 1 -3.846876 -2.270980 -3.350000 -1.403158
Z 3 5.241563 10.796992 5.197427 11.796017
Z 4 0.104397 0.048423 0.735802 0.823877
P 3.420600 -2.178241 4.671428 2.139299
K 6.234345 -8.092031 4.361035
Z 8 1.244313 9.137564 7.717893 -3.400942
P 7.435843 7.274569 11.698597 11.543017
6 -2.166955 -0.421246
3 1.596279 10.796992
6 3.846987 -1.219878
5 8.872645 11.118455
3 1.596279 10.796992
1 8.179708 2.528170
9 12.401496 -4.907955
2 -0.094185 -3.264164
3 1.596279 10.796992
1 0.104778 -2.270980
2 3.608632 -5.097304
5 1.596279 8.405047
9 12.401496 -4.907955
3 1.596279 8.405047
9 9.718654 7.985207
7 4.671428 2.139299
9 12.401496 -4.907955
9 12.401496 -4.907955
2 9.531222 0.880310
7 3.420600 2.139299
7 4.671428 -2.178241
8 6.234345 -8.092031
2 3.608632 -5.097304
9 8.431711 6.830321
4 1.329029 -8.652095
8 3.857163 8.316931
9 9.414544 -6.470654
3 -9.568701 7.899081
9 12.401496 -4.907955
4 3.100069 7.726536
6 0.104778 2.310744
10 -2.925359 -3.914215
4 0.104778 -2.270980
10 4.967895 -3.596142
7 3.420600 -2.178241
2 3.608632 -5.097304
4 -1.896046 3.456325
10 -5.580048 8.476690
8 6.234345 -8.092031
2 3.608632 -5.097304
2 3.608632 -5.097304
2 3.608632 -5.097304
4 3.368409 9.731695
4 5.956355 -7.389984
6 1.696936 8.320830
8 6.234345 -8.092031
8 6.234345 -8.092031
9 12.401496 -4.907955
8 6.234345 -8.092031
1 -3.846876 -2.270980
2 3.608632 -5.097304
4 -4.159441 -1.904210
6 -2.166955 -0.421246
6 2.376463 -5.559203
2 3.608632 -5.097304
9 6.234345 -8.092031
5 5.536205 2.087003
7 6.550946 -4.540273
1 -3.846876 -2.270980
4 -1.896046 3.456325
8 9.719518 1.719384
3 -7.769659 9.955046
3 5.241563 10.796992
6 -1.366127 -4.290902
5 8.872645 11.118455
9 -4.871439 -8.969249
4 -5.847319 1.136922
8 1.444316 2.416473
5 1.596279 10.796992
1 3.634472 3.668315
10 11.698597 11.543017
10 11.698597 7.274569
4 -3.846876 -2.270980
8 6.234345 -8.092031
10 -1.340356 -0.097015
9 6.234345 -8.092031
9 12.401496 -4.907955
5 9.487168 5.418116
10 11.698597 7.274569
4 2.235795 -9.942784
2 -4.431819 3.447199
1 -4.864132 -5.056345
10 7.435843 11.543017
2 3.608632 -5.097304
8 6.234345 -8.092031
2 3.608632 -5.097304
2 -2.877272 1.025621
10 -9.124042 -1.534127
7 6.887819 2.917754
5 5.241563 10.796992
4 -1.896046 3.456325
8 6.234345 -8.092031
4 -6.338266 3.563547
4 -5.847319 1.136922
10 7.435843 7.274569
6 2.972527 0.295289
5 -1.842739 8.148247
5 -2.231814 2.641202
8 6.234345 -8.092031
6 0.104778 2.310744
