10 100
K -4.763697 4.496463 3.671408
P 4.177151 0.633324 6.636684 2.580542
P -3.062143 8.245911 -0.853574 10.434148
P 0.657813 1.292489 3.722470 3.403358
P -9.647623 -2.008215 -7.478124 0.017736
Z 4 0.657813 3.403358 -0.315576 3.632519
K 5.628958 8.818951 3.897360
Z 1 -3.943614 8.154813 9.826424 5.868079
K -3.181383 -2.961656 2.810362
Z 1 0.644384 1.411507 1.563935 6.681053
1 -4.763697 4.496463
9 -1.521112 -3.015061
9 -3.181383 -2.961656
7 9.087620 2.638366
4 0.657813 1.292489
4 3.722470 1.292489
1 -4.763697 4.496463
8 -4.763697 4.496463
7 5.628958 8.818951
4 0.657813 1.292489
10 -4.763697 4.496463
3 -0.853574 10.434148
2 -3.903279 -0.919352
1 -4.763697 4.496463
6 0.657813 3.403358
9 2.968662 4.176191
6 4.342302 3.925303
7 5.628958 8.818951
2 4.177151 0.633324
1 -4.763697 4.496463
8 -5.791690 9.623420
7 5.628958 8.818951
5 -9.647623 -2.008215
10 3.656525 6.332579
5 -9.647623 -2.008215
4 3.722470 1.292489
9 -3.181383 -2.961656
1 -0.808476 -1.564716
7 5.628958 8.818951
7 -8.579796 6.775340
3 -3.062143 8.245911
8 -6.046020 -3.490831
3 -0.853574 10.434148
2 8.424515 -7.319922
2 6.636684 0.633324
3 -0.853574 8.245911
7 5.628958 8.818951
9 -3.181383 -2.961656
3 -0.853574 10.434148
10 -4.763697 4.496463
1 -4.763697 4.496463
5 -7.478124 -2.008215
7 5.628958 8.818951
3 -0.853574 8.245911
1 8.774300 2.729762
1 -6.745792 6.627778
2 -0.144558 -6.464792
9 -3.181383 -2.961656
1 2.593790 -2.541395
6 -3.893326 1.152345
7 -3.314648 -3.428959
2 6.636684 2.580542
1 -4.763697 4.496463
5 -7.478124 -2.008215
7 -7.171548 -1.011097
5 -7.478124 -2.008215
8 -7.146878 1.214986
6 3.400591 2.036138
1 -4.763697 4.496463
8 -3.537233 11.881866
1 1.888235 -8.794945
10 -4.571855 2.456501
2 2.247781 1.449885
3 -3.062143 10.434148
5 -7.478124 0.017736
4 0.657813 3.403358
10 4.938574 8.210182
8 -3.537233 11.881866
8 -3.537233 11.881866
7 5.628958 8.818951
5 6.268875 7.918242
4 3.722470 1.292489
3 -0.853574 10.434148
2 4.177151 2.580542
9 -3.181383 -2.961656
2 6.636684 0.633324
8 -4.763697 4.496463
1 -3.258871 -5.489643
6 0.657813 3.403358
9 -0.234192 -8.610371
6 3.722470 1.292489
10 6.777682 2.482458
5 -9.647623 0.017736
5 -7.478124 0.017736
2 4.177151 2.580542
3 -2.741016 7.652756
9 -3.181383 -2.961656
4 6.448337 8.717346
9 0.552009 6.766810
2 6.636684 2.580542
5 -4.162957 0.521401
4 0.657813 3.403358
2 -8.209984 9.259647
1 0.324315 -2.072680
1 -0.038354 9.494762
1 -4.681348 1.887782
4 3.722470 3.403358
7 -3.463441 -1.418716
10 4.143908 -2.382324
6 -4.561168 0.828224
