10 100
P 7.711676 -8.973095 10.800531 -5.717147
P 7.714680 -8.521806 11.172559 -4.254255
K 6.067592 2.484104 1.833861
K -3.917333 7.265403 2.279015
K 6.838548 -1.881359 1.107837
Z 4 -3.917333 7.265403 -4.877401 7.545170
Z 1 7.711676 -5.717147 7.733229 -6.716914
P 1.757978 3.169740 4.351556 5.196909
K 2.329383 -1.177954 2.930692
P -6.065283 7.213725 -3.534111 10.283228
10 -0.241457 5.572265
7 6.882401 2.220075
8 1.757978 5.196909
10 -3.534111 7.213725
1 10.800531 -8.973095
2 7.714680 -4.254255
4 8.781101 -4.658679
2 7.714680 -8.521806
2 7.714680 -8.521806
9 2.329383 -1.177954
8 4.351556 3.169740
9 -8.739957 1.520527
3 6.067592 2.484104
8 9.097673 0.481688
4 -7.723075 3.208619
2 11.172559 -8.521806
7 -0.003936 5.127944
8 1.653557 -2.810828
7 -2.660142 6.052815
4 -3.917333 7.265403
6 8.127776 -8.989227
9 8.182237 -5.847740
8 2.476884 -3.084627
1 7.711676 -8.973095
1 8.572949 -0.677893
4 -3.917333 7.265403
5 6.838548 -1.881359
7 10.800531 -5.717147
7 10.800531 -8.973095
4 -3.917333 7.265403
10 -5.597238 -8.753025
3 6.067592 2.484104
1 10.800531 -5.717147
5 6.838548 -1.881359
3 6.067592 2.484104
5 -0.973763 -3.971107
3 6.067592 2.484104
8 1.757978 3.169740
8 4.351556 3.169740
9 2.329383 -1.177954
4 9.038088 -8.992399
1 3.078124 -8.903310
2 11.172559 -4.254255
1 -5.455034 9.338968
4 -3.917333 7.265403
5 6.838548 -1.881359
10 -6.065283 10.283228
9 2.329383 -1.177954
9 1.205403 4.211538
7 4.766009 -9.103187
7 7.711676 -5.717147
3 6.067592 2.484104
2 7.714680 -4.254255
2 9.934789 5.842777
8 4.351556 3.169740
4 7.885587 -4.312185
9 2.329383 -1.177954
2 11.172559 -4.254255
4 6.875969 3.115939
10 -6.065283 10.283228
2 11.172559 -4.254255
3 4.571291 -4.740131
4 -3.917333 7.265403
6 -3.917333 7.265403
7 4.766009 -9.103187
1 7.711676 -5.717147
1 10.800531 -8.973095
7 8.213189 8.036988
3 6.067592 2.484104
5 6.838548 -1.881359
2 11.172559 -8.521806
6 -3.917333 7.265403
9 7.136852 2.785379
3 -0.725842 -1.260171
9 2.329383 -1.177954
3 5.703464 -8.898124
2 0.045905 -6.169459
8 6.332300 8.344026
7 8.291807 -7.324951
9 2.329383 -1.177954
5 8.917765 6.313927
1 7.711676 -8.973095
6 1.697030 3.722212
1 7.711676 -5.717147
5 7.479994 0.873687
2 7.714680 -8.521806
6 2.211460 -0.433755
10 -3.534111 10.283228
2 11.172559 -8.521806
8 4.351556 5.196909
6 -3.917333 7.265403
2 7.714680 -4.254255
1 10.800531 -5.717147
6 -3.917333 7.265403
8 1.757978 5.196909
9 5.364421 2.326659
4 6.791717 -1.550451
5 6.838548 -1.881359
4 -3.917333 7.265403
2 9.879500 -6.600408
