10 100
K 3.763644 5.737160 2.362367
P -9.600649 0.021695 -7.954068 3.916510
Z 2 -7.954068 0.021695 -7.076382 0.500932
P 9.817364 -0.478111 11.565423 3.410332
P 8.460206 8.286895 9.888433 13.227399
Z 2 -9.600649 0.021695 -10.587771 -0.138279
Z 1 3.139799 8.015667 2.175298 7.751591
Z 3 -4.501462 2.602845 -0.011053 -2.834697
P 7.705300 0.183030 10.767028 2.803897
Z 8 8.996146 7.329216 -7.720918 -5.708371
9 7.705300 0.183030
7 3.763644 5.737160
7 2.515955 10.294175
6 -9.600649 0.021695
3 5.779924 6.020206
7 -7.403754 -2.809946
1 3.763644 5.737160
7 3.763644 5.737160
8 -9.600649 3.916510
4 -9.992140 -5.703991
10 2.728531 -6.630541
5 3.162514 2.565729
8 -5.567849 -3.469261
10 4.715480 -2.226063
8 -5.820130 -5.168807
7 -8.809310 0.952596
7 2.515955 10.294175
1 3.763644 5.737160
9 -9.055992 0.333180
4 9.562881 -6.851299
6 0.074446 -9.896231
3 8.908553 -2.484181
8 -7.954068 0.021695
9 10.767028 0.183030
3 -7.954068 0.021695
2 -9.600649 0.021695
1 3.763644 5.737160
7 2.515955 10.294175
4 11.565423 3.410332
3 -5.411142 -4.160575
10 1.479239 -1.095809
9 7.705300 2.803897
9 5.720167 7.627777
7 3.763644 5.737160
4 9.817364 -0.478111
6 -9.600649 0.021695
9 9.088885 5.365808
8 -7.954068 0.021695
9 0.441782 1.669100
10 9.308375 -9.798855
6 -8.370559 -3.673770
5 9.888433 13.227399
3 -8.844316 -1.363472
10 1.363891 -3.217623
1 1.834095 3.724095
10 -8.409604 -0.035691
3 -4.043511 -0.659648
1 3.763644 5.737160
10 -7.954068 0.021695
1 3.763644 5.737160
7 7.569364 0.851992
2 -7.954068 0.021695
10 -2.220254 -7.330319
1 3.763644 5.737160
1 8.340020 9.520007
2 -1.378899 1.809679
5 9.888433 13.227399
8 -9.600649 3.916510
8 9.437901 1.909717
3 -4.075655 -8.822174
2 -7.954068 0.021695
9 4.974029 -2.787691
1 3.337455 5.919105
7 -8.654183 0.649925
4 9.817364 -0.478111
3 -7.954068 0.021695
3 6.230987 -1.528079
7 2.515955 10.294175
5 8.460206 13.227399
1 3.763644 5.737160
7 -8.937822 6.104102
1 3.763644 5.737160
9 -0.853188 5.811063
7 -1.305863 -2.557286
1 2.201913 5.399738
5 8.460206 8.286895
7 3.763644 5.737160
1 3.763644 5.737160
2 -7.954068 3.916510
3 -1.828402 -6.779038
10 4.715480 -2.226063
10 5.681657 -0.892746
5 9.888433 8.286895
10 8.601284 -0.178767
7 3.763644 5.737160
4 9.817364 -0.478111
10 6.359495 -2.317970
7 3.763644 5.737160
8 -9.600649 0.021695
6 -7.954068 0.021695
4 9.192161 6.849513
4 9.817364 -0.478111
9 4.862858 -4.354613
10 4.715480 -2.226063
5 1.365991 3.334050
2 -7.954068 0.021695
10 1.662746 2.501879
1 7.209089 8.306613
1 -5.888298 2.854738
1 3.763644 5.737160
