10 100
P -2.096693 2.379004 1.248556 6.227272
P -4.099434 -1.885274 -0.205919 1.082558
Z 1 -2.096693 2.379004 -1.346709 1.717548
P -6.702080 7.685639 -3.692612 9.302083
P 7.583084 8.784181 10.423811 12.151437
K 0.792283 8.189411 2.397020
Z 6 0.792283 8.189411 1.791860 8.218506
Z 1 -3.773857 -5.002652 1.993603 -8.171504
P -7.599124 -7.186282 -5.584585 -4.824395
P 5.201672 -0.360352 8.243223 1.692462
7 0.792283 8.189411
6 0.792283 8.189411
9 -7.599124 -7.186282
2 -4.099434 1.082558
9 8.385651 -8.963043
1 -2.096693 6.227272
5 7.583084 12.151437
3 -2.096693 6.227272
1 -2.096693 2.379004
1 3.748872 -8.917092
2 -1.835955 2.922114
5 -3.995372 4.104372
3 4.901676 -4.050725
2 -0.205919 -1.885274
9 -7.599124 -4.824395
5 3.755485 2.523616
6 0.792283 8.189411
7 0.792283 8.189411
5 7.583084 12.151437
5 10.423811 8.784181
8 5.646378 -3.112646
7 0.269934 8.917520
2 -4.099434 -1.885274
7 0.792283 8.189411
8 -7.311245 -13.200234
6 0.792283 8.189411
9 -8.812084 1.216929
9 -5.584585 -7.186282
2 -4.099434 -1.885274
6 -7.224534 1.011033
3 -5.914802 1.898158
4 -3.692612 7.685639
9 -8.060910 -5.920419
5 10.423811 12.151437
9 7.481108 -6.240641
4 -3.692612 7.685639
1 -2.096693 6.227272
7 0.792283 8.189411
1 1.248556 2.379004
5 -7.930116 0.042379
4 8.796623 0.273749
1 -8.221864 2.646510
9 -5.584585 -4.824395
3 1.701777 -2.631525
8 -2.096693 2.379004
9 -4.767142 3.202747
4 -6.702080 9.302083
2 5.027589 -6.848181
2 9.957903 6.495472
7 0.792283 8.189411
5 7.583084 12.151437
6 0.792283 8.189411
9 -1.605300 -3.936264
5 7.583084 8.784181
2 -4.099434 -1.885274
8 -2.096693 2.379004
6 0.792283 8.189411
2 -6.647532 -5.718403
3 -2.096693 2.379004
2 -5.184662 3.816564
5 0.967547 -5.875728
1 -2.096693 6.227272
4 -6.702080 9.302083
8 -9.105099 -10.376624
5 -6.135235 -2.288326
8 -12.353291 -12.440218
5 10.423811 12.151437
4 -3.692612 7.685639
1 -2.096693 2.379004
1 -2.096693 2.379004
5 10.423811 12.151437
10 8.243223 1.692462
7 0.792283 8.189411
7 0.742092 -1.514225
10 5.201672 -0.360352
7 0.792283 8.189411
6 0.792283 8.189411
10 5.201672 -0.360352
4 -3.692612 9.302083
10 -6.592485 0.774155
6 0.792283 8.189411
1 -2.096693 6.227272
4 -6.702080 7.685639
9 -5.584585 -4.824395
9 -8.401824 -4.681362
2 -3.913591 -0.279966
9 -5.584585 -4.824395
1 1.248556 6.227272
1 1.248556 6.227272
9 -9.622327 2.391533
7 0.792283 8.189411
2 -4.099434 1.082558
2 -0.205919 1.082558
9 -5.584585 -7.186282
9 -5.584585 -7.186282
8 -2.096693 6.227272
9 -0.271196 8.165497
8 -2.096693 6.227272
10 5.201672 1.692462
3 -1.678699 -0.940027
