10 100
K -9.221819 2.423021 1.307860
K -9.920890 2.153263 2.562277
Z 1 6.843674 7.846198 6.775234 0.353949
Z 2 -12.481463 2.246712 -12.517934 1.247378
K -4.930419 0.764387 2.176957
K 1.628357 1.733582 1.098910
Z 6 1.628357 1.733582 1.575022 0.735005
K -5.662415 5.170893 1.261205
Z 4 -6.924749 8.469423 3.962207 9.125715
P 1.099781 7.811601 3.450124 10.800095
5 -3.2021 7.3679
1 -9.2218 2.4230
6 -0.0187 -6.9750
1 -9.2218 2.4230
10 3.4501 10.8001
6 1.6284 1.7336
10 1.0998 10.8001
2 -9.9209 2.1533
3 -9.2218 2.4230
4 -15.0420 2.3402
4 -0.6067 5.6793
10 1.0998 10.8001
2 -9.2179 6.9487
10 3.4501 7.8116
9 -10.6579 14.3799
3 -9.2218 2.4230
7 1.6284 1.7336
3 5.8206 4.5070
6 7.3794 -7.8362
3 -5.0128 8.1308
9 -15.7196 13.5792
3 -0.5882 -0.6575
6 1.6284 1.7336
5 -4.9304 0.7644
1 -5.8481 -4.5801
10 1.0998 10.8001
10 1.0998 10.8001
7 -2.5522 -7.2262
7 1.6284 1.7336
3 8.1517 5.0771
3 -9.2218 2.4230
3 -9.2218 2.4230
7 1.6284 1.7336
6 -8.4038 -5.9189
9 -10.6579 14.3799
7 -1.2120 3.3389
6 1.6284 1.7336
6 -1.0029 9.0630
7 1.6284 1.7336
9 -15.7196 13.5792
6 1.6284 1.7336
3 22.8074 2.1304
8 -5.6624 5.1709
1 -4.7703 6.6254
3 -9.2218 2.4230
10 3.4501 10.8001
10 3.4501 7.8116
7 6.7972 -9.5951
4 -15.0420 2.3402
9 -9.9209 2.1533
10 1.0998 10.8001
5 -4.9304 0.7644
4 1.6258 -9.3024
6 1.6284 1.7336
10 3.4501 10.8001
1 -9.2218 2.4230
7 -7.3844 9.6471
10 1.0998 7.8116
9 -9.9209 2.1533
1 -9.2218 2.4230
4 -15.0420 2.3402
4 -15.0420 2.3402
10 3.4501 7.8116
4 -9.9209 2.1533
10 1.0998 7.8116
3 22.8074 2.1304
7 1.6284 1.7336
1 5.2120 -3.7700
3 22.8074 2.1304
7 1.6284 1.7336
3 -8.0691 0.5588
9 0.1566 1.3049
7 3.1662 6.8719
3 22.8074 2.1304
7 1.6284 1.7336
2 -9.9209 2.1533
6 1.6284 1.7336
5 -4.9304 0.7644
9 -15.0420 2.3402
9 -9.9209 2.1533
5 -4.9304 0.7644
5 -4.9304 0.7644
8 -5.0333 -9.4683
5 -4.9304 0.7644
4 -0.4028 -9.3102
6 1.6284 1.7336
2 0.2523 -0.5233
4 -15.0420 2.3402
2 -2.9439 2.9487
7 1.6284 1.7336
4 5.1793 -9.5180
9 -15.7196 13.5792
5 -4.9304 0.7644
10 -5.9474 6.3293
6 7.3061 -8.8119
9 -9.9209 2.1533
3 22.8074 2.1304
6 1.6284 1.7336
5 -4.9304 0.7644
5 -4.9304 0.7644
