10 100
P -6.722231 4.860527 -3.235128 8.854540
P -8.891732 7.420122 -6.865113 9.086006
K -2.710696 -5.183526 1.483920
Z 1 1.843641 -6.321214 5.319106 -6.157868
Z 3 -2.467182 -5.070322 -3.074096 7.420057
Z 1 3.099069 6.155802 -5.456909 6.300986
K -2.112279 -8.355763 1.033182
P -6.269372 7.896395 -1.579802 10.981693
Z 2 -8.891732 9.086006 -9.718803 9.648103
Z 9 -0.189638 -1.376640 6.091784 8.263872
4 -6.722231 8.854540
2 -5.512173 3.393651
2 -8.891732 9.086006
2 -6.865113 9.086006
1 -3.235128 8.854540
1 -4.566025 2.380802
8 -1.579802 7.896395
6 -3.323044 3.673523
7 -5.905314 -8.599076
7 -2.112279 -8.355763
5 -5.962560 0.052183
6 -6.722231 8.854540
8 -6.269372 7.896395
5 -2.710696 -5.183526
4 5.619559 0.400891
2 5.099222 9.430308
10 -8.891732 9.086006
4 3.002696 7.221031
3 -2.710696 -5.183526
4 -6.722231 4.860527
2 -8.891732 7.420122
6 -0.392336 -2.777461
10 -7.342812 9.699208
1 -6.722231 8.854540
2 -6.865113 9.086006
8 -1.579802 10.981693
7 6.259348 5.386441
8 -1.579802 7.896395
4 -7.790534 1.644514
2 -5.636799 9.571294
1 -6.722231 4.860527
7 7.870954 6.367626
1 -3.235128 4.860527
3 -2.710696 -5.183526
7 -2.112279 -8.355763
7 -2.112279 -8.355763
9 -6.596826 7.814881
6 7.318462 7.098946
1 3.555767 4.141463
8 -1.579802 7.896395
3 -2.710696 -5.183526
7 -3.906061 -0.025665
3 -2.710696 -5.183526
7 -2.112279 -8.355763
9 -7.342812 9.699208
8 -1.579802 7.896395
9 -7.342812 9.699208
8 8.002951 4.868722
2 -9.667351 -3.074520
1 4.966871 -0.550876
7 0.485880 -9.703081
10 12.896664 -5.110554
8 -3.595062 -8.123903
9 -8.891732 9.086006
9 -8.891732 7.420122
3 -4.136214 7.254011
2 -6.865113 9.086006
3 1.474194 -0.296797
9 -8.282446 -6.661650
10 -6.596826 7.814881
4 -5.261105 -22.233480
6 8.332819 1.390468
6 -9.308519 7.541530
2 -8.891732 7.420122
2 -8.891732 7.420122
8 -6.269372 10.981693
4 -3.235128 8.854540
7 -2.112279 -8.355763
2 -6.865113 7.420122
8 -1.267303 9.773204
5 -2.213839 -5.159383
7 -2.112279 -8.355763
5 -2.213839 -5.159383
1 -6.722231 4.860527
2 -6.865113 7.420122
5 -2.710696 -5.183526
6 -3.235128 8.854540
9 -7.342812 9.699208
10 -8.891732 9.086006
9 -6.865113 9.086006
10 12.831896 -3.445929
4 -5.261105 -22.233480
8 -1.579802 7.896395
7 2.554383 9.011008
7 -4.121691 -7.424801
2 -8.891732 7.420122
7 -6.247142 -1.927258
4 -6.722231 4.860527
10 -8.145746 7.201679
9 -8.891732 7.420122
9 -7.342812 9.699208
2 -8.891732 9.086006
9 -8.891732 7.420122
2 -2.843815 5.031281
8 -6.269372 10.981693
2 -6.865113 9.086006
8 -6.269372 10.981693
4 -2.163982 -17.930011
4 -6.722231 8.854540
1 8.152970 -9.524116
