10 100
P 7.828785 -9.651164 9.357900 -5.701213
Z 1 9.357900 -9.651164 9.563660 -10.629766
Z 1 -5.332184 4.089342 -2.603267 -2.191358
P -9.581876 -6.002261 -8.050115 -2.381623
Z 4 -6.034368 -8.146579 8.412314 0.332419
K 1.354351 -7.073395 3.904384
Z 6 1.354351 -7.073395 0.755348 -6.272649
Z 4 -7.869302 8.192707 9.188337 6.374071
K 0.764445 1.290116 2.706337
Z 2 -0.053371 7.543048 4.079770 -7.224858
1 7.2134 4.7949
6 9.1904 4.3137
3 -4.2690 -14.9076
10 -0.6881 -12.2387
10 0.3108 -8.1225
1 1.9690 2.2375
4 -9.5819 -2.3816
7 1.3544 -7.0734
7 1.3544 -7.0734
9 -4.9414 -9.5897
7 1.3544 -7.0734
6 1.3544 -7.0734
5 -8.0501 -2.3816
5 -5.8919 -12.2894
8 -7.3139 18.8904
2 7.8288 -9.6512
7 1.3544 -7.0734
9 -1.7678 -3.3546
9 0.7644 1.2901
3 -9.2612 -3.9445
9 0.7644 1.2901
1 9.3579 -5.7012
1 6.1745 -5.3579
8 -6.4009 -6.2739
5 -9.3349 0.3613
4 -8.0501 -2.3816
6 1.3544 -7.0734
8 3.5338 9.9937
2 7.7672 -6.0357
10 -1.2052 -8.3227
10 0.3108 -8.1225
9 0.7644 1.2901
3 7.0518 9.4550
9 0.7644 1.2901
3 9.3579 -5.7012
4 -8.0501 -6.0023
4 -8.0501 -6.0023
7 -8.6750 0.7466
9 0.7644 1.2901
7 -1.6390 4.5456
6 0.7626 -8.8569
8 5.2744 -3.8897
1 9.3579 -9.6512
4 -9.5819 -2.3816
5 -9.6709 8.0966
9 0.7644 1.2901
1 9.3579 -9.6512
4 -8.0501 -6.0023
1 9.3579 -5.7012
2 9.3579 -5.7012
10 7.8288 -9.6512
8 -6.5505 22.4297
7 1.3544 -7.0734
9 2.8296 -0.8854
5 -5.8919 -12.2894
8 -6.5505 22.4297
1 9.3579 -9.6512
2 9.3579 -9.6512
3 1.8375 3.7319
4 -9.5819 -2.3816
1 7.8288 -5.7012
9 0.7644 1.2901
6 -9.7174 -9.8832
5 -9.5819 -2.3816
1 7.8288 -9.6512
7 1.3544 -7.0734
1 -5.7979 -6.8574
8 4.2885 -9.0688
5 -8.0501 -6.0023
10 0.0845 -7.8686
10 7.8288 -9.6512
6 -4.7682 4.4914
5 -1.9839 -12.7173
8 -7.3139 18.8904
4 -1.6868 6.3349
3 7.8288 -9.6512
6 1.3544 -7.0734
1 9.3579 -5.7012
9 0.7644 1.2901
7 1.3544 -7.0734
5 1.9612 6.8735
2 3.3201 9.9214
3 -4.2690 -14.9076
7 -5.4149 0.6663
6 1.3544 -7.0734
4 -9.5819 -2.3816
9 0.7644 1.2901
3 6.3038 -3.8231
8 -8.0501 -6.0023
2 10.7575 -9.0354
3 -5.3124 -16.0253
1 7.8288 -5.7012
5 9.5753 8.9548
8 -8.0501 -2.3816
3 -5.4176 -5.4729
10 9.3579 -9.6512
5 -8.0501 -2.3816
1 7.8288 -9.6512
8 -6.5505 22.4297
6 6.0205 -4.8484
