10 100
K 6.847161 -4.898041 3.634650
Z 1 10.066694 -6.584838 10.530782 -5.699049
P 1.831012 -7.044735 6.630542 -5.392029
K -8.170632 -5.964752 3.173051
K 8.015371 -1.707612 3.885528
K 8.164976 7.324961 4.669059
Z 2 6.847161 -4.898041 6.398618 -4.004280
Z 5 -5.138924 6.727920 0.170523 9.517627
P 1.486367 -6.533923 3.732367 -2.062197
Z 7 9.949570 -9.712953 10.346119 -10.630967
2 4.2086 -2.0602
5 8.7436 -2.5103
9 1.4864 -2.0622
4 8.1809 -6.9750
3 1.8310 -7.0447
7 3.6062 -3.3697
8 8.6563 -3.2465
7 5.7039 -12.0769
2 6.8472 -4.8980
3 1.8310 -5.3920
3 -4.3415 -2.1449
2 -8.1038 1.8388
3 6.6305 -7.0447
7 6.8472 -4.8980
9 3.7324 -6.5339
7 6.8472 -4.8980
8 8.0154 -1.7076
10 8.5706 -4.1536
4 -8.1706 -5.9648
8 7.8147 -2.6595
5 -5.7468 9.1167
5 8.0154 -1.7076
8 8.0154 -1.7076
9 8.1829 6.0660
8 -4.6230 22.3461
4 -8.1706 -5.9648
7 6.8472 -4.8980
4 -8.1706 -5.9648
3 4.9454 -5.5889
6 8.1650 7.3250
5 8.0154 -1.7076
8 8.0154 -1.7076
1 6.8472 -4.8980
5 8.0154 -1.7076
7 6.8472 -4.8980
8 1.2324 7.4643
6 8.1650 7.3250
6 8.1650 7.3250
2 13.2862 -8.2716
1 6.8472 -4.8980
9 1.4864 -2.0622
2 6.8472 -4.8980
3 1.8310 -7.0447
7 -5.5561 -9.7515
2 6.2207 7.4496
1 6.8472 -4.8980
1 6.8472 -4.8980
7 6.8472 -4.8980
3 6.6305 -7.0447
7 6.8472 -4.8980
8 -8.3389 7.9134
8 7.9567 7.0973
3 6.6305 -5.3920
7 6.8472 -4.8980
1 6.8472 -4.8980
7 -1.4341 -8.2189
5 8.0154 -1.7076
1 7.2459 8.9382
2 6.8472 -4.8980
6 8.1650 7.3250
9 1.4864 -2.0622
5 8.0154 -1.7076
2 13.2862 -8.2716
7 6.9983 -1.4670
3 -7.7415 6.0113
10 6.6129 -11.1543
2 9.1238 -9.8001
3 6.6305 -5.3920
5 8.0154 -1.7076
6 -1.2542 -6.5995
7 5.7039 -12.0769
9 3.7324 -6.5339
8 8.0154 -1.7076
3 6.6305 -7.0447
4 -8.1706 -5.9648
10 6.8472 -4.8980
8 8.0154 -1.7076
8 8.0154 -1.7076
9 3.7324 -6.5339
8 8.0154 -1.7076
7 6.8472 -4.8980
5 8.0154 -1.7076
7 6.8472 -4.8980
5 8.0154 -1.7076
10 5.8127 -2.4922
9 -9.1275 0.8465
2 -8.1826 -7.0214
1 -1.5561 -9.4655
7 5.7039 -12.0769
2 1.9901 -4.4822
2 5.8331 1.2503
10 8.5706 -4.1536
10 6.4861 -0.4761
6 8.1650 7.3250
4 -8.1706 -5.9648
3 6.6305 -5.3920
10 -8.0483 8.3850
3 -4.1358 1.5468
6 -9.5762 -8.1374
4 -8.1706 -5.9648
