10 100
P 7.889855 -6.191009 10.662008 -4.704767
Z 1 0.322775 7.321457 1.226042 -5.412914
K 3.655455 -4.939046 1.155643
P 1.059047 3.474449 5.971740 5.384217
K -6.121768 -0.743568 1.333385
K 0.230184 -3.636822 3.564378
P 7.782963 -5.322566 9.820278 -1.721561
K 7.424485 -3.254473 2.226862
K 8.597483 8.430523 3.720948
K 8.680759 -7.173827 1.082007
1 10.662008 -6.191009
1 7.052913 -6.016913
10 -4.760289 -1.970399
6 0.230184 -3.636822
8 7.424485 -3.254473
4 3.788884 -1.350400
9 8.597483 8.430523
3 -5.606004 2.821089
3 3.655455 -4.939046
2 7.889855 -6.191009
7 9.820278 -5.322566
5 -6.121768 -0.743568
6 0.230184 -3.636822
5 -6.121768 -0.743568
7 7.782963 -1.721561
1 -7.833411 5.942436
5 -6.121768 -0.743568
1 -9.710246 -2.194112
10 8.680759 -7.173827
10 9.639737 0.980601
3 3.655455 -4.939046
3 3.655455 -4.939046
4 1.059047 5.384217
10 8.680759 -7.173827
6 0.230184 -3.636822
10 8.299971 1.092365
7 9.820278 -5.322566
5 -6.121768 -0.743568
2 10.662008 -4.704767
10 8.680759 -7.173827
10 8.680759 -7.173827
3 -7.401497 -8.906817
9 8.597483 8.430523
2 -5.471008 -5.652472
7 9.820278 -5.322566
1 10.662008 -6.191009
3 3.655455 -4.939046
8 7.424485 -3.254473
8 7.424485 -3.254473
6 0.230184 -3.636822
9 8.597483 8.430523
5 -6.121768 -0.743568
1 10.662008 -4.704767
2 -3.106835 -5.729644
1 1.593907 -6.403556
9 8.597483 8.430523
9 4.633752 -0.167188
5 -6.121768 -0.743568
5 -6.121768 -0.743568
5 -6.121768 -0.743568
8 7.424485 -3.254473
5 0.177783 8.732800
9 8.597483 8.430523
9 -1.994514 7.687362
10 8.680759 -7.173827
6 0.230184 -3.636822
6 0.230184 -3.636822
4 1.059047 5.384217
1 7.889855 -4.704767
4 5.971740 3.474449
10 8.680759 -7.173827
4 -7.136310 8.368939
4 -4.769666 -2.817784
4 -8.105425 -1.013852
2 9.335472 4.949940
4 1.059047 3.474449
8 -0.810165 -9.713140
4 5.971740 3.474449
5 -2.823376 3.547851
1 7.889855 -6.191009
6 0.230184 -3.636822
10 8.680759 -7.173827
6 2.806765 -8.165947
8 7.424485 -3.254473
3 3.655455 -4.939046
3 3.655455 -4.939046
3 3.655455 -4.939046
5 -6.121768 -0.743568
5 -6.121768 -0.743568
8 7.424485 -3.254473
1 7.889855 -4.704767
3 3.655455 -4.939046
4 -7.595711 -9.318954
6 0.230184 -3.636822
7 7.782963 -5.322566
4 5.971740 3.474449
1 -7.224889 -1.388439
9 8.597483 8.430523
7 0.486741 -0.655339
8 7.424485 -3.254473
3 3.655455 -4.939046
9 -7.737977 -8.675743
6 0.230184 -3.636822
8 7.424485 -3.254473
6 0.230184 -3.636822
10 -2.829149 2.082124
4 -9.694332 -1.733205
9 5.704842 7.131786
10 8.680759 -7.173827
10 3.511633 -1.501737
