10 100
K 7.715590 2.916566 2.840648
K 1.206708 -3.593868 4.162077
P -3.064029 1.821304 1.231469 6.436472
Z 3 2.117267 -6.907906 -5.677390 1.071452
Z 3 0.914254 4.525994 2.027590 0.873940
P 6.459793 -0.152251 10.720661 2.062884
K -3.016309 -1.170559 1.643817
P -8.251889 -0.903172 -4.947451 0.800661
P -3.040000 -2.629286 1.790795 1.774788
P -9.123674 -4.803168 -5.727817 -1.218004
2 1.2067 -3.5939
10 -9.1237 -4.8032
3 1.2315 1.8213
2 1.2067 -3.5939
10 4.1704 -5.3168
2 1.2067 -3.5939
10 -9.1237 -1.2180
9 1.7908 1.7748
6 4.0024 -5.8136
9 1.7908 -2.6293
6 10.7207 -0.1523
2 1.2067 -3.5939
6 6.4598 -0.1523
2 1.2067 -3.5939
2 1.2067 -3.5939
1 -4.4173 -0.4918
5 -3.0640 6.4365
6 3.3865 -3.3552
10 -9.6153 5.4583
3 -3.0640 6.4365
9 7.6467 -9.8547
5 -3.0640 1.8213
5 1.2315 1.8213
7 9.8897 -4.0128
8 -8.2519 0.8007
3 -3.0640 6.4365
6 6.4598 -0.1523
1 7.7156 2.9166
9 -0.8660 6.4865
4 3.0379 -0.0009
3 -3.0640 1.8213
1 7.7156 2.9166
6 4.8590 3.2387
9 2.4596 8.3331
2 1.2067 -3.5939
8 9.3861 -2.0953
6 6.4598 2.0629
5 -8.8642 -0.8304
3 -3.0640 1.8213
8 -8.2519 0.8007
4 -11.2027 -5.7099
5 9.1865 -2.6279
8 -8.2519 0.8007
5 0.4342 -3.1796
4 -5.0581 -7.2176
6 6.4598 2.0629
6 10.7207 -0.1523
7 -6.3064 9.5282
9 1.7908 1.7748
7 -3.0163 -1.1706
8 -4.9475 0.8007
4 1.2315 6.4365
9 -3.0400 1.7748
8 0.8490 0.2011
1 7.7156 2.9166
8 -3.3060 8.7489
7 -3.0163 -1.1706
9 -5.1904 -2.9363
5 2.1598 2.1043
8 1.4759 -5.2727
10 -5.7278 -4.8032
8 -4.9475 0.8007
2 -0.6541 -7.7967
5 3.1502 8.3309
7 -3.0163 -1.1706
10 -5.7278 -1.2180
1 7.7156 2.9166
6 10.7207 2.0629
9 1.7908 -2.6293
2 1.2067 -3.5939
2 -3.5278 4.0482
8 -0.0620 -4.6133
7 -3.0163 -1.1706
8 -8.2519 -0.9032
4 -6.4882 -1.5236
3 -3.0640 6.4365
9 6.7965 5.1155
2 -8.9878 -6.5909
4 -5.5197 6.1201
9 1.7908 1.7748
10 -5.7278 -4.8032
8 5.7684 -7.0555
1 7.7156 2.9166
7 -1.6006 -6.1737
3 1.2315 6.4365
7 -7.9450 2.4601
8 -8.2519 0.8007
2 1.2067 -3.5939
5 3.1502 8.3309
4 -6.9121 5.2036
4 -3.0640 1.8213
1 7.7156 2.9166
6 10.7207 2.0629
8 -8.1991 -9.8165
8 -4.9475 -0.9032
6 6.4598 -0.1523
1 0.9768 -9.1041
2 -7.9838 -4.2207
4 -6.5888 -5.8180
6 10.7207 -0.1523
