10 100
K 6.173006 4.099023 1.481400
P -3.227047 3.454632 1.286697 7.742392
P 2.910708 9.752655 5.729158 12.282893
P 2.952339 6.822570 6.373490 8.357652
K 7.778415 -8.640831 3.403986
K -2.532423 4.550240 3.138422
Z 5 7.778415 -8.640831 8.222762 -7.744977
P -8.860088 -0.344282 -5.643596 2.533962
Z 2 -7.547992 -4.820732 -0.551947 -3.679537
P -7.540380 -5.389116 -4.802736 -1.721184
5 7.778415 -8.640831
8 -5.643596 2.533962
8 -8.860088 -0.344282
4 2.952339 8.357652
10 -4.802736 -5.389116
4 -8.046135 -4.428532
9 3.458515 -9.859601
5 7.778415 -8.640831
9 -3.227047 7.742392
2 1.286697 7.742392
10 -7.540380 -5.389116
5 8.338077 -3.539532
3 2.585365 0.039819
4 6.373490 8.357652
1 6.173006 4.099023
3 2.910708 9.752655
9 -3.227047 7.742392
7 0.655820 1.118696
3 -3.685246 5.391485
7 7.778415 -8.640831
1 6.173006 4.099023
4 -4.381406 -3.009756
5 7.778415 -8.640831
3 5.729158 12.282893
1 -0.914528 5.327024
8 -8.860088 -0.344282
7 7.778415 -8.640831
8 -1.777904 1.686866
10 -7.540380 -5.389116
7 7.778415 -8.640831
3 -0.857293 7.405897
8 -8.860088 2.533962
4 -3.581610 8.787099
3 5.729158 12.282893
8 -8.860088 -0.344282
10 3.145827 0.574762
1 6.173006 4.099023
10 -7.540380 -5.389116
8 9.774370 -6.657116
8 -5.643596 2.533962
8 -1.417608 -4.838309
10 -7.540380 -1.721184
6 -2.532423 4.550240
3 0.163243 0.174523
9 1.286697 7.742392
7 7.778415 -8.640831
10 -7.540380 -5.389116
6 -2.532423 4.550240
6 -2.532423 4.550240
8 -8.860088 2.533962
7 7.778415 -8.640831
9 3.458515 -9.859601
3 2.910708 9.752655
4 -4.492912 -5.799787
9 0.821038 -6.602354
9 -0.821250 -11.293998
6 -2.532423 4.550240
9 3.458515 -9.859601
5 5.263621 -0.198698
7 7.778415 -8.640831
7 -5.879863 8.753013
9 -3.227047 3.454632
8 -5.550753 -7.698980
6 -2.532423 4.550240
6 -2.532423 4.550240
9 3.458515 -9.859601
5 7.778415 -8.640831
4 2.952339 8.357652
8 -5.643596 -0.344282
5 -9.337514 6.395932
9 -3.227047 3.454632
6 -2.532423 4.550240
5 7.778415 -8.640831
8 2.821725 -8.976281
7 -7.924625 4.271018
9 -5.685288 -3.138217
5 7.778415 -8.640831
7 6.931301 4.052873
8 -8.860088 -0.344282
8 -5.643596 2.533962
4 9.558471 -0.039037
6 -2.532423 4.550240
10 6.633313 -3.496838
1 6.173006 4.099023
7 -8.714810 -4.541972
9 -3.227047 3.454632
2 -3.227047 7.742392
5 7.778415 -8.640831
2 -8.135351 -5.803133
5 7.778415 -8.640831
1 -9.798593 -7.221741
8 -8.860088 2.533962
8 9.554319 6.550920
6 -2.532423 4.550240
2 -3.439214 -8.808946
1 6.173006 4.099023
7 7.778415 -8.640831
3 5.729158 9.752655
1 -2.197387 2.847198
3 5.729158 9.752655
