10 100
P -9.728569 -1.874952 -8.573786 2.312179
P 1.418339 4.783230 5.924530 6.676805
Z 2 -4.118645 2.002221 -5.297607 -4.905356
Z 3 0.177118 7.622470 2.142160 -7.230864
K -6.227978 -8.864105 2.486730
K -9.824086 2.993096 3.068592
Z 2 5.924530 4.783230 6.115207 5.764883
K -0.218121 0.336636 1.591872
Z 6 -9.824086 2.993096 -10.253365 3.896267
P -1.594813 -8.539582 3.279401 -5.859292
8 -8.5683 -9.1324
3 -5.2243 -4.0390
6 -9.8241 2.9931
7 4.9418 -5.8965
4 -7.7917 8.2487
4 -6.2019 6.0909
4 -12.6708 7.9570
4 3.7994 6.5131
3 -8.4197 6.4624
9 -9.8241 2.9931
7 5.9245 6.6768
9 -9.8241 2.9931
10 3.2794 -5.8593
7 10.1030 3.0963
2 1.4183 6.6768
7 10.1030 3.0963
4 3.2843 -7.8191
2 1.4183 4.7832
6 -9.8241 2.9931
5 -6.2280 -8.8641
4 1.4183 4.7832
5 -6.2280 -8.8641
5 -6.2280 -8.8641
7 5.9245 4.7832
8 -5.7448 3.8197
5 2.6551 7.3836
3 1.4183 4.7832
7 5.9245 4.7832
8 -0.2181 0.3366
3 -8.4197 6.4624
7 5.9245 4.7832
8 -0.2181 0.3366
7 -5.8519 -2.8135
9 -9.8241 2.9931
10 -1.5948 -8.5396
4 -8.4197 6.4624
9 -9.8241 2.9931
6 -9.8241 2.9931
4 7.4122 0.5536
9 8.9420 6.7039
6 -9.8241 2.9931
9 -2.1972 3.0763
2 5.9245 6.6768
3 1.4183 4.7832
10 3.2794 -8.5396
6 9.1103 -9.3933
5 6.2373 -1.4117
1 -9.7286 2.3122
4 -8.2452 1.4192
2 1.4183 4.7832
7 10.8119 4.8522
1 -7.8458 4.6150
3 -7.1123 -3.0916
4 12.4961 11.2865
3 -7.7917 8.2487
8 -3.6509 -4.1298
2 1.4183 6.6768
9 -9.8241 2.9931
7 1.4183 4.7832
1 -1.7457 6.6788
5 -8.6772 -7.8099
1 -8.5738 2.3122
9 -6.7122 1.2214
2 -1.0549 8.4766
10 -5.1630 5.7169
8 -7.8376 -2.8882
6 -9.8241 2.9931
6 -9.8241 2.9931
1 -9.7286 -1.8750
10 2.2436 -3.2160
9 -9.8241 2.9931
10 3.2794 -5.8593
10 -1.5948 -5.8593
9 -5.9069 -8.8426
5 -3.9290 -6.6383
9 -9.8241 2.9931
6 5.7499 8.6481
6 1.1621 2.1820
6 6.2381 8.8397
1 -9.7286 2.3122
8 -0.2181 0.3366
9 -9.8241 2.9931
7 10.1030 3.0963
1 -8.5738 2.3122
7 -9.7765 3.9714
8 -0.2181 0.3366
1 -9.7286 -1.8750
2 5.9245 6.6768
10 8.2856 2.2256
5 -6.2280 -8.8641
6 -9.8241 2.9931
1 -9.7286 -1.8750
2 5.9245 6.6768
6 6.6657 0.2265
10 3.2794 -5.8593
5 -6.2280 -8.8641
9 -9.8241 2.9931
4 1.0605 -1.0983
1 -1.4854 -9.1066
7 -8.3184 -6.0417
