10 100
K 6.359509 -0.277568 1.750068
K 3.418921 -4.528619 2.648310
Z 2 3.418921 -4.528619 4.172218 -5.186299
Z 1 0.586310 -6.318514 6.875439 -4.276006
K 6.745598 -4.953211 2.233698
Z 3 5.044743 -6.619133 5.834119 -6.005223
K 5.350250 4.696435 4.835769
P 6.216032 -7.219949 7.545266 -3.698419
K 1.003850 9.192543 4.736434
P -3.559502 -6.706050 -1.187090 -2.979875
5 6.7456 -4.9532
2 -9.3901 5.0980
2 -6.8918 4.6810
9 3.4123 1.4312
7 5.3503 4.6964
2 3.4189 -4.5286
8 -8.5806 2.5402
3 3.4189 -4.5286
1 6.3595 -0.2776
5 -2.6897 4.3172
4 -3.6606 8.0012
8 5.1106 6.3043
3 3.4189 -4.5286
10 -3.5595 -6.7060
4 6.3595 -0.2776
8 7.5453 -3.6984
4 1.0108 6.0384
1 6.3595 -0.2776
2 3.4189 -4.5286
4 6.3595 -0.2776
4 8.8073 -7.8146
3 -3.5437 -0.0728
3 -7.3582 8.2004
10 -1.1871 -2.9799
7 8.2192 6.4389
6 6.6706 -8.7096
1 -4.3609 -2.6798
3 3.4189 -4.5286
8 7.5453 -7.2199
10 -1.1871 -2.9799
8 -6.9483 2.3632
9 1.0038 9.1925
9 1.0038 9.1925
4 6.3595 -0.2776
3 3.4189 -4.5286
1 9.6558 8.3860
7 5.3503 4.6964
1 6.3595 -0.2776
2 3.4189 -4.5286
3 3.4189 -4.5286
4 6.3595 -0.2776
1 1.2262 3.5454
3 -4.3268 2.5146
2 -7.9278 3.7567
9 1.0038 9.1925
8 7.5453 -3.6984
4 -0.9074 9.3330
7 5.3503 4.6964
8 -8.9634 3.1836
5 6.7456 -4.9532
3 3.4189 -4.5286
8 6.2160 -3.6984
5 6.7456 -4.9532
7 5.3503 4.6964
9 7.8589 3.4430
2 3.4189 -4.5286
5 6.7456 -4.9532
10 -3.5595 -2.9799
4 8.8073 -7.8146
2 3.4189 -4.5286
4 -6.6316 -2.8684
3 -6.4455 7.5833
6 6.6706 -8.7096
6 -3.7015 -5.1281
4 -5.8593 -2.7017
4 6.3595 -0.2776
5 -4.7801 -9.1892
6 6.6706 -8.7096
2 3.4189 -4.5286
2 3.4189 -4.5286
1 6.3595 -0.2776
4 -2.6258 -2.9570
3 3.4189 -4.5286
2 4.5956 4.4599
3 8.4331 -2.0965
5 6.7456 -4.9532
4 6.3595 -0.2776
7 5.3503 4.6964
6 3.4189 -4.5286
1 6.3595 -0.2776
5 3.7103 3.6831
5 2.7650 2.6248
7 -9.4253 6.4182
6 3.4189 -4.5286
10 -1.1871 -2.9799
4 4.3458 -8.1255
2 3.4189 -4.5286
2 3.4189 -4.5286
1 -7.4445 9.4695
9 9.7889 -4.1108
5 6.7456 -4.9532
3 3.4189 -4.5286
3 3.4189 -4.5286
7 5.3503 4.6964
1 1.5186 1.6573
8 3.7463 7.5248
10 -1.1871 -2.9799
9 1.0038 9.1925
10 3.6029 -2.2442
2 3.4189 -4.5286
