10 100
P -9.780040 -5.934717 -5.564240 -2.965777
K 2.650291 -4.271397 2.552576
Z 1 -0.080438 4.466505 -9.474470 2.684767
P 3.748727 1.551401 6.318009 5.936225
Z 3 -5.564240 -5.934717 -5.262289 -4.981393
Z 3 8.041913 -3.148974 -8.318562 -8.374064
Z 3 -2.506889 -3.987201 6.220880 -6.513687
Z 7 -1.594092 -0.213705 -0.136305 -6.807569
Z 6 -12.914946 10.593749 -13.692951 11.222007
Z 9 -6.374722 -13.628297 -7.164571 -14.241600
1 -9.7800 -5.9347
4 6.3180 5.9362
2 0.1919 2.3946
5 8.4901 4.3884
2 2.6503 -4.2714
8 -9.2010 -0.9654
3 -11.8278 7.8310
1 -5.5642 -2.9658
2 2.6503 -4.2714
3 -1.3555 -2.4909
7 -16.6027 -14.1541
8 -11.8278 7.8310
1 -5.5642 -5.9347
4 3.7487 1.5514
4 7.8546 4.2878
10 4.7011 -1.0987
4 6.3180 1.5514
5 -9.7800 -5.9347
10 -7.5194 -5.3278
3 -8.9919 12.1374
3 4.7491 9.2796
4 -4.6804 -1.1101
6 -2.9393 -11.1847
9 -1.7854 -23.6134
4 5.4319 -8.9653
9 -7.9048 9.3747
8 18.7184 -2.3938
4 -9.0274 -7.2408
6 -1.5233 -3.5803
4 6.3180 5.9362
8 15.8070 -1.8121
10 9.7549 8.3592
10 -4.3285 6.3828
5 7.6428 6.8686
3 -9.7800 -2.9658
5 5.4309 8.8155
2 2.6503 -4.2714
10 -5.6853 -4.2893
7 2.0507 7.2956
4 6.3180 5.9362
9 -8.5773 -9.8602
6 8.8671 0.6296
3 2.6044 -5.4280
6 -5.5642 -2.9658
3 -9.4226 -2.5748
6 -4.6602 -8.7654
3 -11.8278 7.8310
9 7.7484 6.6008
6 -6.3747 -13.6283
8 -5.5642 -5.9347
9 -6.3747 -13.6283
3 4.0152 -2.7076
6 3.0217 -25.4788
7 -5.5642 -2.9658
8 1.8625 -5.5095
10 16.2685 -7.8932
3 -12.9149 10.5937
2 2.6503 -4.2714
5 -5.5642 -5.9347
1 -9.7800 -5.9347
4 3.7487 5.9362
7 -9.7800 -2.9658
4 3.7487 1.5514
1 -5.5642 -2.9658
6 -1.0699 -26.4948
3 9.2892 3.7790
8 -0.0925 14.1049
3 -9.7800 -5.9347
8 6.9891 0.7416
10 -7.9048 9.3747
10 1.8104 -2.7066
8 -9.7800 -5.9347
7 -7.9048 9.3747
5 -0.6134 2.2594
2 -3.9652 8.2937
8 -9.2010 -0.9654
1 -5.7471 7.7908
4 3.7487 1.5514
8 -9.7800 -5.9347
5 7.4823 1.7148
5 -8.9919 12.1374
9 -4.6602 -8.7654
10 20.8872 -4.3025
6 3.0217 -25.4788
3 7.4396 4.5211
2 5.6168 -2.3373
1 -5.5642 -5.9347
6 -9.7800 -5.9347
5 -5.5642 -2.9658
2 6.6231 7.3061
1 0.4597 3.6045
9 -7.6340 1.2161
10 -1.2386 -13.1719
3 7.7000 -6.6757
9 -13.5979 6.4336
5 -5.5642 -5.9347
7 7.6446 -5.0760
8 -19.0945 -10.7535
7 -4.5906 5.1067
10 -8.9919 12.1374
