10 100
P -4.972443 6.278718 -3.093916 8.997438
K 3.567411 2.242511 1.252387
Z 1 -4.972443 8.997438 -5.969797 9.070141
Z 1 -2.970827 -2.180050 -4.191262 -1.290161
P 2.825087 -3.029519 4.757898 -0.110131
Z 2 4.244836 3.295872 3.403754 3.836779
Z 5 2.825087 -3.029519 2.849645 -2.029821
K -4.696670 9.660433 4.668914
P -3.413806 8.952117 0.004783 11.430084
Z 8 -8.801755 7.436240 -8.325371 6.557002
9 0.004783 11.430084
1 -4.972443 6.278718
6 -2.861243 -5.573358
5 2.825087 -3.029519
5 9.245856 1.877190
8 -4.696670 9.660433
1 -2.497541 1.014727
4 -5.814737 2.505371
9 0.004783 8.952117
6 3.567411 2.242511
9 5.806740 -0.766925
9 0.004783 11.430084
1 2.143914 7.054348
7 1.037948 -0.018752
6 3.567411 2.242511
2 3.567411 2.242511
5 -7.618434 -8.196665
7 1.037948 -0.018752
10 -4.696670 9.660433
3 5.597807 2.405662
5 4.757898 -0.110131
7 0.168635 6.720091
9 0.004783 11.430084
5 2.825087 -0.110131
5 2.825087 -3.029519
2 3.567411 2.242511
5 2.825087 -3.029519
5 2.825087 -3.029519
7 8.179767 8.258506
8 1.465110 7.748492
6 3.567411 2.242511
9 -1.668798 7.704773
2 3.567411 2.242511
5 2.825087 -0.110131
9 -3.413806 8.952117
2 3.567411 2.242511
1 -3.093916 6.278718
9 0.004783 11.430084
3 -3.093916 6.278718
1 -3.093916 8.997438
5 4.757898 -3.029519
7 2.825087 -3.029519
3 7.960279 -5.239187
5 4.757898 -3.029519
3 0.442309 -1.151123
9 -2.790027 -8.924906
2 3.567411 2.242511
3 -2.719505 11.414993
9 -3.413806 11.430084
2 3.567411 2.242511
4 -13.650630 -5.480532
1 -3.093916 8.997438
5 -6.619896 4.938497
1 -3.093916 8.997438
8 -4.696670 9.660433
3 8.306552 4.444113
4 -13.650630 -5.480532
4 -13.650630 -5.480532
3 -4.972443 6.278718
3 -9.979569 4.115834
9 8.293965 1.644845
4 9.745042 -9.358840
9 0.004783 11.430084
9 -3.413806 11.430084
8 3.678019 -0.242706
7 2.825087 -3.029519
2 3.567411 2.242511
7 4.757898 -3.029519
8 -4.696670 9.660433
5 2.825087 -3.029519
4 -13.650630 -5.480532
4 -3.093916 6.278718
1 -3.093916 8.997438
7 1.037948 -0.018752
3 -4.972443 8.997438
3 -2.719505 11.414993
1 1.491926 -4.933513
10 -12.906840 5.212047
7 2.825087 -3.029519
4 -3.093916 6.278718
1 -4.972443 8.997438
9 -3.413806 8.952117
2 -1.269949 6.981562
4 -11.062117 -4.649244
7 -5.659989 6.736403
2 3.567411 2.242511
5 2.263443 4.411992
6 4.922261 4.349234
5 2.825087 -0.110131
2 3.567411 2.242511
9 -3.413806 11.430084
8 -4.696670 9.660433
2 3.567411 2.242511
5 4.757898 -0.110131
1 -4.972443 8.997438
8 -4.696670 9.660433
5 -6.896819 -1.582913
4 -3.093916 6.278718
6 3.567411 2.242511
8 -4.696670 9.660433
