10 100
K -2.583765 7.367673 4.068964
Z 1 -2.583765 7.367673 -3.471286 6.906906
P -1.331151 -1.780100 1.732212 1.245161
P 2.952910 0.603756 7.667663 1.836591
Z 1 -7.147849 -7.596375 2.450481 -8.201489
P -0.957866 4.788170 1.847930 6.284482
P 4.679315 3.739603 6.305805 6.660294
P 7.163498 -8.948611 8.999825 -7.178325
P -2.766388 5.670014 1.588813 9.853775
K -5.375649 9.825023 4.023275
10 -5.3756 9.8250
2 -5.7140 7.0063
9 1.5888 5.6700
4 1.2237 2.4162
4 7.6677 0.6038
3 -1.3312 -1.7801
9 1.5888 5.6700
4 7.6677 0.6038
8 8.9998 -7.1783
8 7.1635 -8.9486
5 -4.4992 -23.0151
4 7.6677 1.8366
2 -2.5838 7.3677
4 -2.8836 6.7381
5 -4.4007 3.9737
8 8.9998 -7.1783
4 7.4393 5.6796
7 4.6793 3.7396
9 3.3562 6.1126
3 -1.3312 -1.7801
2 -2.5838 7.3677
3 -1.3312 1.2452
10 -5.3756 9.8250
6 1.8479 4.7882
7 6.3058 3.7396
6 1.8479 4.7882
8 7.1635 -7.1783
6 1.8479 6.2845
5 -2.5838 7.3677
8 8.9998 -7.1783
4 7.6677 0.6038
1 -2.5838 7.3677
10 -5.3756 9.8250
10 -5.3756 9.8250
10 -0.4909 6.5448
2 -2.5838 7.3677
4 -2.4669 -2.9158
9 1.5888 9.8538
6 -0.9579 6.2845
6 1.8479 4.7882
8 8.9998 -8.9486
8 7.1635 -7.1783
9 1.5888 5.6700
3 -1.3312 1.2452
8 8.9998 -8.9486
2 -2.5838 7.3677
10 -5.3756 9.8250
4 7.6677 0.6038
6 1.8479 6.2845
9 1.5888 9.8538
5 9.4443 2.1736
5 -4.4992 -23.0151
1 -2.5838 7.3677
6 -0.9579 4.7882
3 -6.8385 1.5466
10 -5.3756 9.8250
3 0.2832 1.6574
1 -2.5838 7.3677
1 -2.5838 7.3677
1 -2.5838 7.3677
2 6.3045 2.0622
1 -2.5838 7.3677
3 -2.0555 5.0982
6 9.2429 -8.7220
4 2.9529 0.6038
9 -2.7664 5.6700
1 -2.5838 7.3677
3 -1.3312 -1.7801
6 1.8479 6.2845
5 -2.5838 7.3677
10 -3.7281 8.2924
4 1.9774 3.7113
10 -5.3756 9.8250
6 1.8479 4.7882
6 -0.9579 4.7882
4 7.6677 1.8366
4 6.6752 -4.9854
3 6.4723 0.8121
9 1.5888 5.6700
4 2.9529 0.6038
10 -5.3756 9.8250
8 7.1635 -8.9486
10 4.2184 -2.8343
5 -2.5838 7.3677
5 -4.4992 -23.0151
2 3.2034 9.3025
9 -8.5777 -1.8140
4 2.9529 1.8366
5 -4.8670 -9.4415
6 -0.9579 4.7882
10 -5.3756 9.8250
7 6.3058 6.6603
4 7.6677 1.8366
3 -5.1684 -2.9364
3 7.4723 -3.4482
4 7.6677 1.8366
3 -1.3312 1.2452
5 -0.8525 -9.1838
7 6.3058 3.7396
2 8.4445 3.7225
