10 100
P 3.284800 0.178683 6.669374 1.635903
P -9.907513 -1.451801 -7.014162 1.488029
P 0.108540 3.460195 3.259867 7.262167
Z 1 1.895669 -8.386668 -5.886322 -9.612534
P 9.974420 7.379748 13.412448 11.557534
Z 2 5.830635 5.030955 7.836597 7.134941
K 5.897894 -3.496512 1.239832
K 9.691584 -4.181558 1.852551
P 7.100091 3.301144 9.936703 4.374724
K 7.894492 -4.840616 1.794321
10 1.933720 2.285935
3 3.259867 7.262167
9 0.302018 -8.318698
4 -5.190286 -6.032709
10 2.279485 -4.410814
6 1.261318 -1.119610
3 3.259867 7.262167
3 0.108540 3.460195
5 1.966003 4.615124
7 5.897894 -3.496512
6 3.042034 -10.858202
3 3.259867 3.460195
9 7.100091 4.374724
9 7.100091 3.301144
5 9.974420 11.557534
8 -9.582068 -0.366230
5 1.556287 7.949729
3 5.810316 -8.580634
6 3.042034 -10.858202
8 6.437574 -9.842273
4 9.071388 -15.069672
2 -4.737617 -5.222178
10 7.894492 -4.840616
3 0.108540 7.262167
6 -0.032391 -8.108294
6 0.105546 -10.998355
7 6.889697 -9.742320
1 3.284800 0.178683
7 5.897894 -3.496512
2 -8.777408 -4.859160
10 7.894492 -4.840616
9 7.100091 3.301144
6 -9.907513 1.488029
5 13.412448 11.557534
5 9.974420 11.557534
1 6.936117 8.148802
6 -8.166851 6.424988
4 5.850719 -16.110170
8 9.691584 -4.181558
2 -7.014162 1.488029
5 13.412448 11.557534
1 4.313167 -8.972850
3 3.259867 7.262167
6 2.701891 -1.240292
6 -2.288163 4.047617
5 9.200963 -7.921678
5 13.412448 11.557534
1 3.284800 1.635903
7 3.425153 -2.638127
5 9.974420 7.379748
1 3.284800 0.178683
6 3.042034 -10.858202
2 -9.907513 -1.451801
10 7.894492 -4.840616
7 5.897894 -3.496512
8 9.691584 -4.181558
4 -5.699859 3.700984
10 7.894492 -4.840616
1 3.284800 0.178683
6 0.105546 -10.998355
5 -8.642709 8.520162
2 -8.164838 7.638074
5 13.412448 7.379748
7 5.897894 -3.496512
5 9.974420 7.379748
4 2.509153 9.864042
10 7.894492 -4.840616
7 5.369040 -4.714855
1 6.669374 0.178683
3 0.108540 3.460195
2 -7.014162 1.488029
10 7.894492 -4.840616
9 -1.386612 2.347254
10 7.894492 -4.840616
7 5.897894 -3.496512
9 9.936703 4.374724
1 6.669374 0.178683
3 0.108540 3.460195
4 3.284800 0.178683
10 7.894492 -4.840616
10 7.894492 -4.840616
4 3.284800 1.635903
9 7.100091 4.374724
4 5.850719 -16.110170
3 0.108540 3.460195
4 9.137835 6.769532
8 -5.852074 -1.501041
8 -5.378380 -4.956154
10 7.894492 -4.840616
5 -2.308912 3.189205
3 4.783600 6.965324
7 -6.527513 -0.088913
8 -1.918906 1.099601
2 -7.014162 1.488029
1 7.289650 -8.082009
8 9.691584 -4.181558
8 9.691584 -4.181558
10 7.894492 -4.840616
3 3.259867 7.262167
9 7.100091 3.301144
