10 100
P 8.218019 2.683491 13.006612 5.841946
P -5.605736 -2.430613 -2.396677 -0.416347
K 3.123837 -5.773184 2.920732
K 7.162680 -5.321629 1.944487
P 8.310699 -2.259058 12.791346 2.085809
Z 4 2.552114 -0.098908 -7.367788 -1.860852
K -4.186342 6.262940 4.901191
Z 6 7.162680 -5.321629 7.824570 -6.071230
P 4.400382 -4.607098 8.646953 -2.420393
P 2.935872 -5.941801 4.126111 -2.608913
10 -4.8545 9.3496
7 5.4504 6.0747
9 -2.2404 -2.4902
5 4.7521 -9.1011
10 6.8452 7.5045
5 8.3107 2.0858
1 -9.8161 9.9760
4 7.1627 -5.3216
9 8.6470 -2.4204
6 7.1627 -5.3216
10 -5.7159 -6.3867
5 8.3107 2.0858
6 -2.9928 -7.9333
5 8.3107 -2.2591
10 4.1261 -2.6089
9 4.4004 -4.6071
8 -4.2034 -1.8069
4 -2.1741 2.8339
2 -5.6057 -2.4306
7 -4.1863 6.2629
6 7.1627 -5.3216
6 7.1627 -5.3216
8 6.3585 6.8829
5 12.7913 2.0858
6 5.0821 6.3921
4 3.5861 -5.9593
10 6.6460 2.0708
3 3.1238 -5.7732
4 -4.7903 -2.1917
3 3.1238 -5.7732
3 3.1238 -5.7732
7 -4.1863 6.2629
5 2.1603 -4.8928
5 8.3107 2.0858
3 3.1238 -5.7732
2 -2.3967 -2.4306
4 7.1627 -5.3216
3 3.1238 -5.7732
6 7.1627 -5.3216
7 -4.1863 6.2629
2 -5.6057 -2.4306
4 7.1627 -5.3216
7 -4.1863 6.2629
7 9.0751 4.7838
8 7.1627 -5.3216
8 5.0821 6.3921
9 -6.5567 0.8284
9 -8.8485 9.6717
4 7.1627 -5.3216
6 7.1627 -5.3216
6 5.0821 6.3921
3 3.1238 -5.7732
5 4.9309 0.6979
10 -6.6469 -5.1609
4 7.1627 -5.3216
4 -6.3860 6.2144
5 12.7913 2.0858
9 -0.2092 0.2861
2 -5.6057 -0.4163
5 -2.6054 -5.4310
1 -1.9627 -5.1784
2 -5.6057 -0.4163
6 -2.2650 -5.6502
2 -0.3292 -3.6190
7 4.4316 0.5871
3 3.1238 -5.7732
9 -7.6805 9.7794
2 -1.5609 4.5188
1 8.2180 2.6835
4 7.1627 -5.3216
1 13.0066 2.6835
7 -4.1863 6.2629
3 3.1238 -5.7732
6 2.7783 9.5262
10 2.9359 -5.9418
3 3.1238 -5.7732
6 7.1627 -5.3216
6 5.0821 6.3921
7 9.3870 0.2800
9 -4.4391 -4.2191
8 7.1627 -5.3216
10 4.1261 -2.6089
6 -1.7149 -2.1872
1 -9.2797 -5.6055
2 -2.3967 -2.4306
6 7.1627 -5.3216
2 -2.3967 -2.4306
6 7.1627 -5.3216
6 7.1627 -5.3216
5 8.3107 2.0858
6 -7.2330 4.8613
2 -5.6057 -0.4163
2 -2.3967 -2.4306
7 -4.1863 6.2629
1 13.0066 2.6835
6 7.1627 -5.3216
10 2.9359 -2.6089
7 2.3767 -8.8334
7 -4.1863 6.2629
5 8.3107 -2.2591
