10 100
K 8.095603 -5.392025 3.138031
P 8.618143 6.628341 12.210370 7.971064
K -9.576580 -4.450777 1.694895
P -5.763523 -5.098085 -1.222498 -0.799734
P -0.689542 -7.976231 1.427129 -6.055746
K -9.121441 -3.396036 3.256429
P 0.015264 8.774436 2.710422 12.778790
Z 7 9.280299 -3.135469 5.917487 -3.449783
P 6.971661 -7.475396 8.035438 -4.905288
P -9.587227 3.592151 -5.914561 5.679734
4 2.218282 -6.803558
3 6.500398 8.643323
5 -0.689542 -6.055746
4 -5.763523 -0.799734
7 -9.329706 2.948978
9 6.971661 -4.905288
1 4.651730 -1.294919
3 -9.576580 -4.450777
10 -8.387848 5.306187
1 8.095603 -5.392025
10 9.773552 -9.554681
5 -0.689542 -6.055746
3 -9.576580 -4.450777
9 6.971661 -4.905288
8 5.031317 -16.056586
7 -1.958041 -7.497189
3 -9.576580 -4.450777
5 1.427129 -6.055746
5 0.278353 3.038536
8 5.031317 -16.056586
9 8.035438 -4.905288
5 -0.689542 -7.976231
3 -8.724148 5.335126
1 4.378000 6.281777
7 0.015264 8.774436
10 -5.914561 3.592151
1 4.489930 -6.631506
2 12.210370 6.628341
5 -0.689542 -6.055746
1 3.452894 1.649224
8 2.382842 -16.556042
7 2.710422 12.778790
5 1.427129 -7.976231
8 2.710422 8.774436
5 1.427129 -6.055746
5 -2.356422 -7.692201
9 -0.894843 8.758901
6 -5.226637 2.044894
7 -2.304141 -9.341828
2 2.177182 0.305194
1 8.095603 -5.392025
6 -0.560948 -7.243086
7 -2.991871 -7.650256
5 -0.689542 -6.055746
6 -9.121441 -3.396036
4 8.538836 4.863012
3 -7.819661 7.617370
5 -2.275590 -4.637981
7 -6.195923 9.844435
3 -9.576580 -4.450777
7 2.710422 8.774436
10 9.950625 3.258501
5 -0.689542 -7.976231
5 1.427129 -6.055746
8 2.382842 -16.556042
3 -9.576580 -4.450777
1 4.573591 3.545739
6 -9.121441 -3.396036
1 8.095603 -5.392025
4 -8.593914 -5.340200
4 -1.222498 -0.799734
10 -9.587227 3.592151
1 8.095603 -5.392025
8 9.574526 -7.341117
4 -5.763523 -0.799734
6 -9.121441 -3.396036
10 -9.587227 5.679734
3 -9.576580 -4.450777
3 -9.576580 -4.450777
6 -9.121441 -3.396036
8 5.773389 -19.991580
4 -1.222498 -5.098085
9 8.035438 -7.475396
5 1.427129 -6.055746
5 1.427129 -7.976231
6 -9.121441 -3.396036
7 2.710422 8.774436
7 2.710422 8.774436
10 3.998073 9.497981
6 -9.121441 -3.396036
4 -5.763523 -5.098085
8 2.710422 12.778790
1 -7.389112 7.587276
7 2.710422 12.778790
4 3.784309 -8.629498
9 8.035438 -4.905288
10 9.614216 5.579201
10 -2.959551 3.997901
6 -9.121441 -3.396036
7 0.015264 8.774436
1 8.095603 -5.392025
10 -5.914561 5.679734
5 -0.689542 -6.055746
1 8.095603 -5.392025
6 -1.245617 -5.535345
10 -1.976519 -9.762751
1 -6.698864 3.569638
10 -5.914561 3.592151
6 -9.121441 -3.396036
9 6.971661 -4.905288
