10 100
P -7.311506 8.401635 -4.807683 11.485397
K 0.814736 -1.793216 1.293124
K 0.055185 9.768884 1.884042
K 1.797485 9.434379 1.743971
P 9.121138 2.013279 12.563865 5.561634
Z 5 -1.083531 -3.343188 7.101608 -9.496951
K -5.092790 -2.156733 4.294641
Z 1 -7.311506 11.485397 -6.409976 11.918113
Z 7 -3.141462 4.998581 -0.728948 -0.997380
P 3.791388 -7.015984 5.732065 -2.236116
1 -4.807683 11.485397
1 1.684497 -2.615510
9 3.221787 1.188689
7 -5.092790 -2.156733
9 3.221787 1.188689
8 -7.311506 11.485397
4 1.797485 9.434379
10 3.791388 -7.015984
7 -5.092790 -2.156733
7 -5.092790 -2.156733
2 0.814736 -1.793216
2 0.814736 -1.793216
3 0.055185 9.768884
5 12.563865 2.013279
2 0.814736 -1.793216
6 12.563865 5.561634
7 -5.092790 -2.156733
4 1.797485 9.434379
6 -2.438477 -17.941382
2 0.814736 -1.793216
1 -7.311506 11.485397
5 9.121138 2.013279
10 5.732065 -7.015984
2 0.600036 3.065480
6 9.121138 2.013279
10 3.791388 -2.236116
1 -7.311506 8.401635
1 -9.442595 1.658166
2 0.814736 -1.793216
9 0.683654 -7.542781
8 -4.807683 11.485397
10 3.791388 -2.236116
9 3.221787 1.188689
5 9.121138 5.561634
1 -4.807683 11.485397
9 3.221787 1.188689
5 9.121138 5.561634
5 12.563865 5.561634
7 -5.092790 -2.156733
6 1.398727 -1.898043
10 5.732065 -2.236116
4 1.797485 9.434379
6 9.121138 2.013279
4 1.797485 9.434379
9 3.221787 1.188689
4 7.451206 -1.535377
10 3.791388 -2.236116
5 12.563865 5.561634
6 -6.803465 -15.619729
3 0.055185 9.768884
9 3.221787 1.188689
6 -6.803465 -15.619729
6 5.486870 1.665901
3 0.055185 9.768884
3 0.055185 9.768884
4 1.797485 9.434379
2 0.814736 -1.793216
8 -4.807683 11.485397
1 -4.807683 11.485397
1 8.624608 -0.756655
3 0.055185 9.768884
10 5.732065 -2.236116
6 -3.394739 -14.634128
8 1.750938 -4.144343
9 8.018852 5.275419
10 -9.780887 1.012556
1 -4.807683 8.401635
5 12.563865 5.561634
9 3.221787 1.188689
3 0.181868 -0.631437
2 3.540364 7.970401
1 -4.807683 11.485397
2 0.814736 -1.793216
5 3.384612 -7.390658
3 0.055185 9.768884
3 0.055185 9.768884
4 2.398545 6.570914
1 7.165853 1.392579
6 -6.803465 -15.619729
6 1.659833 2.672693
8 -8.151321 15.367849
2 0.814736 -1.793216
10 -0.071515 2.151812
4 1.797485 9.434379
4 4.342874 -7.088826
9 2.359073 -5.562884
4 7.178644 8.235364
5 12.563865 5.561634
4 1.594354 3.155679
7 -5.092790 -2.156733
5 9.121138 2.013279
5 12.563865 2.013279
9 -5.092790 -2.156733
4 1.797485 9.434379
6 -0.633932 -5.593209
2 0.814736 -1.793216
4 1.797485 9.434379
6 4.561402 -0.128407
8 6.679860 -2.808178
4 -5.291602 -0.459380
