10 100
K -4.934714 -1.198903 3.064548
Z 1 -4.934714 -1.198903 -5.580123 -1.962740
K -9.363774 0.874138 2.328557
K -9.076436 6.653292 1.872664
Z 2 2.563394 2.109174 2.266099 5.231677
Z 5 -7.682545 -1.170983 -5.234840 4.623461
Z 5 11.847393 -2.501357 12.753517 -2.078344
Z 6 7.488359 0.168813 7.523173 -0.830580
P 6.283954 3.947671 9.598424 8.006781
K 7.416553 -9.732987 2.794592
3 -1.1593 -0.0786
7 -4.9347 -1.1989
2 -2.0554 6.8015
10 6.4937 3.1361
3 -9.3638 0.8741
8 1.4314 5.6044
4 -9.7401 0.3545
5 10.5510 0.2755
6 -19.3572 12.9094
3 9.3462 -3.0284
9 -5.5214 -8.4651
6 8.5658 -0.3416
2 8.7509 -0.0166
5 8.6156 -0.2545
2 -1.0667 4.4375
3 -0.2738 -8.4386
8 9.5770 3.6305
3 -9.3638 0.8741
1 -4.9347 -1.1989
10 7.4166 -9.7330
7 10.5510 0.2755
9 6.2840 3.9477
8 4.6480 -0.3054
1 5.2101 -8.7532
8 -4.9347 -1.1989
9 9.5984 3.9477
7 5.2657 -9.7021
2 -4.9347 -1.1989
6 -9.6182 0.7795
9 9.5984 3.9477
5 -4.9347 -1.1989
7 10.5510 0.2755
1 -8.3746 8.5266
6 -4.9347 -1.1989
7 13.1437 -5.2782
4 -9.0764 6.6533
5 10.5510 0.2755
9 6.2840 3.9477
3 -9.3638 0.8741
3 -9.3638 0.8741
5 -4.9347 -1.1989
2 -4.9347 -1.1989
6 -9.6182 0.7795
9 -6.7899 4.1807
5 2.7984 8.0945
7 2.0804 7.8066
8 7.6127 6.8510
10 -8.2677 -0.7241
5 -4.9347 -1.1989
9 9.5984 3.9477
4 -4.6295 6.1255
6 10.5510 0.2755
10 7.4166 -9.7330
4 -9.0764 6.6533
5 10.5510 0.2755
4 -0.6907 2.5446
8 2.3887 7.0726
2 -4.9347 -1.1989
6 10.5510 0.2755
9 0.5967 -6.8152
6 -9.6182 0.7795
7 -3.2897 8.3082
8 24.5110 1.9684
8 2.0837 -4.9362
7 10.5510 0.2755
1 -0.1862 -2.2833
10 7.4166 -9.7330
5 10.5510 0.2755
1 -2.0249 -3.7683
4 -3.0633 -6.6021
2 -4.9347 -1.1989
3 -8.0715 4.0487
9 9.5984 3.9477
9 6.2840 3.9477
3 -9.3638 0.8741
1 -4.9347 -1.1989
2 -4.9347 -1.1989
1 -4.9347 -1.1989
10 7.4166 -9.7330
2 4.9204 -4.0597
2 -4.9347 -1.1989
3 -9.3638 0.8741
2 -4.9347 -1.1989
9 9.5984 8.0068
9 -3.5723 -4.0311
2 -0.0121 -0.5803
3 -9.3638 0.8741
8 19.9765 -0.3311
6 0.6106 -4.6353
2 -4.9347 -1.1989
2 -4.9347 -1.1989
10 7.4166 -9.7330
6 -19.3572 12.9094
7 10.5510 0.2755
4 -9.0764 6.6533
1 -3.8480 -1.4142
7 2.0697 -16.2029
3 -9.3638 0.8741
10 7.4166 -9.7330
6 -6.4569 -3.6318
