10 100
P 3.313466 0.890458 8.167269 4.071823
P 6.190929 1.978385 9.688451 5.980476
K 7.305717 -4.683872 3.979907
P 8.869286 3.148752 13.411204 7.066567
P -7.213230 -8.297075 -4.938318 -7.183732
Z 2 6.190929 5.980476 7.190201 6.018637
Z 1 6.994569 -7.959693 7.645393 -5.975942
P -9.930689 -9.440665 -8.650691 -6.745592
Z 6 6.190929 5.980476 7.149098 5.694273
Z 8 -9.930689 -6.745592 -10.866440 -7.098253
9 -1.948841 -6.118287
5 -7.213230 -7.183732
1 3.313466 0.890458
8 -8.650691 -6.745592
5 -4.938318 -7.183732
8 -9.930689 -6.745592
4 -2.803805 4.409604
3 7.305717 -4.683872
7 17.087632 -0.447173
5 -7.213230 -8.297075
4 0.058537 8.581001
3 8.912532 0.814056
2 6.190929 1.978385
8 1.900543 0.556288
10 -10.747842 -3.876084
4 3.150895 3.739098
8 -8.650691 -9.440665
10 -9.930689 -9.440665
9 1.771638 -4.143342
10 -9.930689 -6.745592
8 -1.446143 2.052279
2 9.688451 5.980476
10 -1.616037 9.256968
7 13.177170 2.428186
1 -0.029769 1.148030
3 7.305717 -4.683872
3 8.587769 -4.067537
7 -7.537578 -5.850450
2 2.643900 7.587024
1 8.167269 4.071823
7 8.167269 4.071823
8 -3.602508 -8.537726
10 -11.709453 -4.720890
4 8.869286 3.148752
6 -9.705657 -7.327600
9 6.190929 1.978385
5 -4.938318 -7.183732
9 2.181590 1.711545
1 8.167269 0.890458
1 -5.805678 -5.091101
6 -6.576822 3.037618
3 8.935028 -9.206251
10 -8.650691 -6.745592
3 5.757146 5.643939
7 8.843194 4.515292
9 6.190929 5.980476
9 9.373043 10.237652
8 -9.930689 -6.745592
5 -5.384619 -0.313633
1 -1.256153 -7.155302
8 -8.650691 -9.440665
9 -9.353888 9.895770
3 7.305717 -4.683872
4 13.411204 3.148752
6 9.373043 10.237652
3 7.305717 -4.683872
5 -7.213230 -8.297075
1 3.313466 0.890458
9 3.747105 2.811176
5 -7.213230 -8.297075
1 8.167269 4.071823
1 5.615943 -3.335817
3 -9.590572 6.345670
6 9.373043 10.237652
2 6.190929 1.978385
7 8.167269 0.890458
6 -3.066707 -2.524226
1 7.721202 -3.507564
4 8.091743 7.330984
3 -2.087315 7.615141
6 5.682147 -5.095805
7 3.313466 4.071823
7 3.313466 4.071823
1 8.167269 0.890458
8 -3.077321 -7.782678
3 7.305717 -4.683872
3 7.305717 -4.683872
10 -8.004071 4.778248
7 3.313466 0.890458
2 9.688451 1.978385
10 -9.930689 -6.745592
6 5.885708 9.970912
3 7.305717 -4.683872
5 6.603946 -3.283003
2 9.688451 1.978385
8 -9.930689 -6.745592
6 5.885708 9.970912
7 -6.245540 9.143229
2 6.190929 1.978385
5 -7.213230 -7.183732
2 6.190929 1.978385
9 -5.199592 -4.883208
6 -6.594656 -8.311424
8 -9.930689 -6.745592
6 6.190929 5.980476
2 9.688451 1.978385
9 2.063478 0.215129
2 -3.938839 -5.939165
4 13.411204 3.148752
6 -1.955608 -7.593241
