10 100
K -6.928420 -9.338694 2.642427
Z 1 -2.719559 5.069676 9.387498 -8.679887
K 3.985712 -3.856034 3.708349
Z 1 -6.928420 -9.338694 -6.278062 -10.098322
Z 1 -6.928420 -9.338694 -7.329586 -10.254700
Z 2 -2.251536 1.782171 -3.010240 -0.475458
Z 6 -10.289089 14.947523 -11.281916 14.827959
K -8.594978 -4.863145 1.119232
K -1.674207 2.726304 3.997441
K 9.385040 9.934413 4.729711
9 6.308822 -9.199619
1 -6.928420 -9.338694
10 9.385040 9.934413
5 -3.005248 4.338471
7 -10.289089 14.947523
7 -5.239953 -9.906125
1 -6.928420 -9.338694
5 -6.928420 -9.338694
10 9.385040 9.934413
8 -8.594978 -4.863145
6 -6.928420 -9.338694
7 3.587604 3.125364
4 -8.326084 -1.571165
1 -6.928420 -9.338694
6 -10.289089 14.947523
1 -6.928420 -9.338694
8 -8.408553 1.416885
6 12.105571 7.421519
4 -6.928420 -9.338694
8 -8.594978 -4.863145
5 -6.928420 -9.338694
8 -8.594978 -4.863145
6 -5.239953 -9.906125
4 -0.180548 -6.491180
2 4.591753 -0.245181
8 2.706040 4.770730
8 -8.594978 -4.863145
1 -6.928420 -9.338694
9 -1.674207 2.726304
4 -6.928420 -9.338694
1 0.373179 8.822572
3 -6.276490 -1.314219
2 12.105571 7.421519
4 8.477405 -0.709827
5 -6.928420 -9.338694
1 -6.928420 -9.338694
7 9.678523 27.575111
9 -1.674207 2.726304
4 -6.928420 -9.338694
10 9.385040 9.934413
2 -6.928420 -9.338694
1 -7.216908 -6.532699
4 -6.928420 -9.338694
1 -6.928420 -9.338694
9 -1.674207 2.726304
2 0.901761 1.764651
6 -5.239953 -9.906125
9 -1.674207 2.726304
1 9.450765 4.021478
2 12.105571 7.421519
10 9.385040 9.934413
10 9.385040 9.934413
2 -6.928420 -9.338694
2 -1.917379 2.728239
8 -8.594978 -4.863145
8 -8.594978 -4.863145
2 12.105571 7.421519
10 9.385040 9.934413
3 3.985712 -3.856034
7 -12.790343 39.337237
3 -2.158972 6.523071
3 3.985712 -3.856034
2 -5.202578 4.274372
6 -6.928420 -9.338694
3 3.985712 -3.856034
1 4.413651 7.191433
10 9.385040 9.934413
9 -1.674207 2.726304
6 2.814441 7.494863
8 -8.594978 -4.863145
6 12.105571 7.421519
6 -6.928420 -9.338694
6 12.105571 7.421519
9 -1.674207 2.726304
7 6.450747 -0.821535
5 -6.928420 -9.338694
3 -2.588709 -7.116664
7 -10.289089 14.947523
5 -6.928420 -9.338694
6 -4.197471 7.163654
6 -6.928420 -9.338694
7 -10.289089 14.947523
6 12.105571 7.421519
1 -6.928420 -9.338694
9 -1.674207 2.726304
4 -6.928420 -9.338694
6 -1.316623 7.224021
1 -6.928420 -9.338694
2 -6.928420 -9.338694
4 -6.928420 -9.338694
8 -8.594978 -4.863145
5 -6.928420 -9.338694
9 -1.674207 2.726304
5 -6.928420 -9.338694
4 -6.928420 -9.338694
8 -8.594978 -4.863145
1 -6.928420 -9.338694
2 0.578135 -3.127496
1 -6.928420 -9.338694
5 -6.928420 -9.338694
