10 100
K -9.541548 7.019433 1.088033
K -0.348595 -9.271917 3.860768
Z 1 -9.541548 7.019433 -8.541786 6.997603
P 3.585657 -1.217186 7.507070 2.935716
K 1.653787 -1.220908 2.888664
Z 3 -9.851500 8.062384 -10.810065 7.777510
K -1.352072 1.836350 2.257830
P 4.518391 4.571496 7.480039 8.518880
P 5.864181 -6.591138 9.906833 -4.749008
Z 5 4.542450 -1.218840 4.541734 -0.218840
3 -9.5415 7.0194
6 -10.1615 9.1053
6 -4.3447 5.7443
5 -3.5105 -0.8489
4 -0.4062 -2.5493
9 -4.2388 3.6854
1 -9.5415 7.0194
10 -0.5389 -6.7447
8 7.4800 4.5715
2 -0.3486 -9.2719
10 7.4311 -1.2168
8 4.6683 -4.8939
9 9.9068 -4.7490
4 0.6468 9.4034
10 8.2659 5.6900
4 7.5071 -1.2172
4 -9.5797 0.1001
4 3.7772 -3.8575
7 -1.3521 1.8364
5 1.6538 -1.2209
3 -9.5415 7.0194
6 -10.1615 9.1053
1 -9.5415 7.0194
10 -5.7969 -6.2200
1 6.2877 -1.6379
2 -0.3486 -9.2719
4 7.5071 2.9357
9 5.8642 -6.5911
6 -9.5415 7.0194
1 -9.5415 7.0194
2 -7.1669 0.1599
6 -10.1615 9.1053
2 2.7526 -5.3832
6 3.1043 -3.6521
8 -4.0677 -2.2146
10 5.0181 -9.7110
4 3.5857 -1.2172
5 -2.4766 3.9987
2 -0.3486 -9.2719
8 7.4800 8.5189
3 -9.5415 7.0194
10 -3.0268 -5.6363
8 7.4800 8.5189
1 4.8667 4.2771
6 8.1711 1.6683
8 7.4800 4.5715
6 -9.5415 7.0194
2 1.1787 -5.1404
8 4.5184 4.5715
8 4.5184 8.5189
9 8.1966 0.1882
8 -4.5477 -9.8643
10 1.6538 -1.2209
10 7.4311 -1.2168
9 -0.5773 8.9774
4 3.2962 9.4886
7 -1.3521 1.8364
5 1.6538 -1.2209
4 3.5857 -1.2172
10 7.4311 -1.2168
5 1.6538 -1.2209
5 1.6538 -1.2209
10 -1.8176 2.5902
5 1.6538 -1.2209
5 1.6538 -1.2209
10 1.6538 -1.2209
7 -1.3521 1.8364
7 -1.3521 1.8364
2 6.0474 5.2557
4 7.5071 2.9357
1 -9.5415 7.0194
3 -9.5415 7.0194
1 -9.5415 7.0194
4 7.5071 2.9357
8 4.5184 8.5189
7 -1.3521 1.8364
6 -7.3505 -6.2299
2 -0.3486 -9.2719
6 -9.5415 7.0194
9 5.8642 -6.5911
5 -1.5587 9.6962
3 2.3573 -0.5470
8 3.5585 2.3503
7 -1.3521 1.8364
6 -9.5415 7.0194
10 1.6538 -1.2209
8 7.4800 8.5189
10 -0.3805 -3.3482
5 5.2800 0.1876
10 8.6676 -3.3472
9 7.9499 -9.7025
7 -1.3521 1.8364
4 7.5071 2.9357
3 -2.0933 5.3137
2 -0.3486 -9.2719
2 -0.3486 -9.2719
3 -9.5415 7.0194
4 3.5857 2.9357
7 -1.3521 1.8364
2 -0.3486 -9.2719
