10 100
P -7.802629 1.518855 -6.657483 6.115747
K -2.660650 -2.449633 2.780344
K 3.414711 -7.203450 3.108994
P -6.453337 -1.163596 -2.099300 2.645059
K -2.465238 -9.881369 3.044820
Z 5 -0.098465 -11.796914 0.530651 -11.019602
K 4.865325 4.169058 4.780498
K -7.650075 -6.834000 1.848379
Z 4 -2.099300 2.645059 -2.861504 3.292397
K 6.336131 -3.732033 3.109624
9 -4.9376 -1.6694
7 4.8653 4.1691
3 3.4147 -7.2035
3 3.4147 -7.2035
4 -2.6192 8.1442
10 6.3361 -3.7320
9 1.6591 3.2617
3 3.4147 -7.2035
9 1.7413 -3.0476
9 -8.5057 2.8143
2 7.6639 2.5227
8 -7.6501 -6.8340
6 2.7302 2.3989
9 -2.8043 6.9416
4 -6.4533 -1.1636
8 -7.6501 -6.8340
7 4.8653 4.1691
9 -1.0347 -0.9257
6 2.2683 -13.7125
8 -7.6501 -6.8340
9 -6.4533 2.6451
6 -1.5654 6.7074
6 -2.4105 3.1482
6 7.2893 -7.8288
9 -2.8043 6.9416
7 4.8653 4.1691
8 -9.7144 -9.6847
7 4.8653 4.1691
1 -6.6575 6.1157
10 8.3838 2.7031
8 7.7745 4.5745
10 6.3361 -3.7320
6 -3.1196 -1.5890
9 3.4127 7.0275
7 4.8653 4.1691
7 4.8653 4.1691
8 -7.6501 -6.8340
1 -7.8026 6.1157
6 2.2683 -13.7125
2 -2.6607 -2.4496
5 -2.4652 -9.8814
9 -6.4533 2.6451
4 -0.8337 6.5455
3 3.4147 -7.2035
4 -8.9597 -4.3252
5 -2.4652 -9.8814
7 -4.2113 -5.6918
7 8.7869 -4.3383
7 3.8610 -1.5001
6 -3.2057 -6.8573
4 4.2741 7.7905
2 -2.6607 -2.4496
5 -2.4652 -9.8814
4 -4.5142 -9.2314
2 -2.6607 -2.4496
7 4.7596 -5.4646
2 7.3308 -3.6622
7 4.8653 4.1691
1 -1.2989 -7.9877
3 3.4147 -7.2035
6 -2.4652 -9.8814
6 -2.4652 -9.8814
7 4.8653 4.1691
3 -5.5295 -0.6231
5 -2.4652 -9.8814
7 -6.5787 -5.9339
3 -4.9523 3.8680
7 4.8653 4.1691
4 8.6516 2.1338
3 3.4147 -7.2035
2 -2.6607 -2.4496
5 -2.4652 -9.8814
3 3.4147 -7.2035
4 0.9999 -1.5291
8 -7.6501 -6.8340
1 7.7092 9.5891
3 3.4147 -7.2035
1 -7.8026 6.1157
2 0.8699 -6.2787
3 3.4147 -7.2035
2 -2.6607 -2.4496
8 -7.6501 -6.8340
1 -0.4943 5.7009
10 6.3361 -3.7320
4 -4.3389 -6.1042
2 -2.6607 -2.4496
6 2.2683 -13.7125
6 2.2683 -13.7125
2 -2.6607 -2.4496
1 6.6104 3.1125
7 4.8653 4.1691
4 -2.0993 2.6451
6 2.2683 -13.7125
8 1.0749 9.6355
7 4.8653 4.1691
4 -6.4533 -1.1636
2 9.3813 -6.9089
4 -6.4533 2.6451
3 3.4147 -7.2035
4 -6.4533 2.6451
