10 100
P -8.795852 -4.601848 -6.317363 -2.759950
P 6.903848 -7.104616 9.442606 -2.697174
P -8.101136 4.336276 -4.282856 8.035200
K 1.572672 1.858732 3.196219
Z 3 -8.101136 4.336276 -8.835318 5.015228
Z 3 -4.282856 4.336276 -4.990104 5.043241
P 7.563372 -1.212105 9.619358 2.247615
K 4.853508 -6.867628 3.559304
P 3.315620 0.895241 4.414763 3.819753
P 6.573680 -1.530237 10.882989 3.004427
3 -8.1011 8.0352
3 -4.2829 4.3363
7 7.5634 -1.2121
10 10.8830 3.0044
9 3.3156 3.8198
7 7.5634 2.2476
10 10.8830 -1.5302
4 -7.5239 9.4293
1 -6.4760 -4.0958
3 6.3194 -6.5917
8 4.8535 -6.8676
5 -7.8031 0.5296
2 9.4426 -7.1046
10 -4.3191 -7.1740
10 10.8830 -1.5302
7 7.5634 2.2476
4 1.5727 1.8587
3 -9.2983 -9.5878
4 1.5727 1.8587
3 -4.2829 8.0352
1 -6.3174 -4.6018
5 -8.1011 8.0352
5 -8.1011 4.3363
7 9.6194 2.2476
2 7.8846 -2.0784
8 4.8535 -6.8676
5 -4.2829 4.3363
4 -9.7025 -0.0142
7 9.6194 2.2476
3 1.8726 5.3798
3 -4.2829 8.0352
6 -7.9833 8.1531
3 -8.1011 8.0352
10 6.5737 3.0044
5 -11.4908 0.2410
8 -1.4811 -7.7834
9 3.3156 0.8952
10 3.5797 9.7812
5 2.0807 -0.6234
7 7.5634 -1.2121
4 1.5727 1.8587
9 -3.7229 -5.4511
1 -6.8510 -0.8444
9 3.3156 0.8952
7 7.5634 -1.2121
6 -0.8654 2.7155
4 1.2270 3.0252
5 -11.7888 4.0476
7 7.5634 2.2476
2 -7.6206 -0.2009
4 1.5727 1.8587
8 2.1441 3.4124
2 6.2891 4.2423
5 -8.1011 4.3363
10 10.8830 -1.5302
2 6.9038 -7.1046
8 4.8535 -6.8676
4 1.7934 -0.8346
10 5.3980 2.4071
3 -8.7240 -8.6136
3 -8.1011 8.0352
9 -5.1844 -7.1619
9 4.4148 0.8952
10 6.5737 3.0044
4 1.5727 1.8587
5 -2.9525 -6.8511
3 -8.1011 8.0352
1 -8.7959 -2.7599
2 6.9038 -7.1046
1 -6.3174 -4.6018
8 4.8535 -6.8676
7 7.5634 -1.2121
1 -8.1628 0.9444
4 5.9927 2.1379
1 5.9385 7.3929
6 -7.9833 8.1531
3 -8.1011 4.3363
6 -4.2829 4.3363
3 -8.1011 4.3363
3 -8.1011 4.3363
3 -4.2829 4.3363
8 8.3498 6.1983
2 9.4426 -2.6972
7 -0.3064 -5.6892
6 -4.2829 4.3363
9 9.4563 -5.3354
8 4.8535 -6.8676
9 3.3156 0.8952
9 -2.8842 -2.0321
3 -8.1011 4.3363
3 -4.2829 4.3363
9 3.3156 0.8952
6 -4.2829 4.3363
8 4.8535 -6.8676
4 1.5727 1.8587
10 8.2992 -8.4748
9 2.3468 2.2988
10 10.8830 3.0044
3 -1.2091 -2.9659
8 -9.3134 2.6595
