10 100
P 4.617265 -3.590373 7.803665 0.751203
K -6.265842 9.661242 3.584395
Z 1 -1.184829 -9.798693 -7.804785 -6.410131
K -8.732906 -4.429304 2.613351
K 6.585335 -4.580040 3.546695
Z 3 -3.549010 -0.216876 -4.435305 -6.138783
K -7.153589 -4.567323 1.326238
K -2.230364 -4.343540 2.597413
P -5.797711 -0.300915 -2.602230 3.031361
P 3.628307 2.540924 4.827996 4.938610
9 -7.671835 -8.602211
1 7.803665 0.751203
3 -2.828108 -18.135788
3 -4.486671 -23.259419
8 -2.230364 -4.343540
9 -2.602230 -0.300915
10 3.628307 4.938610
9 -5.797711 3.031361
6 -2.777914 2.196611
10 4.827996 2.540924
10 -7.951839 6.796903
8 -2.230364 -4.343540
8 -2.230364 -4.343540
9 -5.797711 -0.300915
8 -2.230364 -4.343540
3 8.212038 -7.032429
2 -0.003976 -0.884689
2 -6.265842 9.661242
7 -7.153589 -4.567323
3 0.401206 4.558715
6 7.803665 0.751203
9 -8.946231 8.323097
6 -6.860171 -20.598261
5 6.585335 -4.580040
5 6.585335 -4.580040
8 4.334886 4.852508
8 5.334487 -3.644746
5 6.585335 -4.580040
6 -4.486671 -23.259419
9 -2.602230 -0.300915
6 7.803665 -3.590373
3 -4.486671 -23.259419
3 -2.828108 -18.135788
8 -2.230364 -4.343540
5 6.585335 -4.580040
8 -2.230364 -4.343540
4 -8.732906 -4.429304
5 6.585335 -4.580040
4 -8.732906 -4.429304
5 6.585335 -4.580040
9 2.772163 -1.481464
2 -0.151701 -5.348854
6 3.645164 2.827197
9 -2.602230 -0.300915
1 7.803665 -3.590373
5 -8.161692 -6.496635
2 -6.265842 9.661242
2 -6.265842 9.661242
7 -7.153589 -4.567323
8 -2.230364 -4.343540
7 -7.153589 -4.567323
9 6.012295 5.781501
7 -7.153589 -4.567323
2 -6.265842 9.661242
1 4.617265 0.751203
10 4.827996 4.938610
1 0.145828 -5.646324
4 -8.732906 -4.429304
9 6.754054 0.118627
10 4.827996 2.540924
1 2.694504 -3.817088
9 -5.797711 3.031361
9 -2.602230 -0.300915
2 -6.265842 9.661242
8 -2.230364 -4.343540
4 7.248627 8.242398
1 7.803665 0.751203
6 3.601564 -3.042413
3 -6.349987 -20.674617
10 3.628307 4.938610
10 3.628307 2.540924
5 6.499353 -9.825912
2 -0.922489 4.333867
9 -5.797711 3.031361
4 -3.804938 -5.341704
6 -0.964793 -20.720590
1 7.803665 -3.590373
4 -8.732906 -4.429304
8 -2.230364 -4.343540
2 -6.265842 9.661242
10 7.089860 -9.596517
3 4.617265 0.751203
7 -7.153589 -4.567323
4 -8.732906 -4.429304
1 8.938223 -3.971555
8 -2.230364 -4.343540
10 -5.246727 -2.297025
4 -8.732906 -4.429304
6 -6.349987 -20.674617
2 -6.265842 9.661242
8 -2.230364 -4.343540
5 6.585335 -4.580040
10 4.827996 2.540924
6 -9.398593 -22.524283
10 4.827996 2.540924
9 -8.301079 6.476530
4 -8.732906 -4.429304
7 -7.153589 -4.567323
8 -2.230364 -4.343540
1 4.617265 -3.590373
