10 100
P 8.717793 -3.851341 10.938391 1.006959
P 3.093044 0.892879 5.066273 2.575398
Z 2 5.066273 2.575398 5.799121 3.255791
P 7.808092 6.320943 11.241924 10.609987
Z 3 5.375778 1.503735 -1.094946 -6.347126
P -4.842420 0.692751 -1.135165 2.965876
K -1.699901 -3.935908 4.964697
Z 1 6.470658 -2.365245 2.992143 6.949846
P 8.080186 -8.495468 12.054846 -4.946910
P -7.380420 9.563442 -2.535438 11.184063
1 -8.8238 -4.4096
7 -5.7933 5.9172
1 -4.1168 -3.6602
1 3.6045 2.7611
8 0.8861 -2.7468
5 8.8524 0.7203
3 3.2421 0.7323
7 -1.6999 -3.9359
4 11.2419 10.6100
6 -4.8424 2.9659
2 -0.3115 -5.1403
6 -1.1352 0.6928
8 8.7178 -3.8513
9 -5.2752 -8.1092
10 -2.5354 9.5634
2 5.0663 0.8929
5 5.0663 0.8929
3 9.0700 -7.2093
10 -7.3804 11.1841
7 9.1110 4.3332
9 12.0548 -4.9469
7 -8.1849 2.6576
5 -9.7347 -7.6443
4 7.8081 10.6100
7 -7.7761 -4.5588
10 -7.3804 9.5634
1 8.7178 -3.8513
6 -1.8743 9.1809
4 11.2419 6.3209
6 -1.1352 2.9659
4 6.5540 -1.9199
10 5.7785 -1.0153
6 6.5387 -5.7727
3 3.0930 2.5754
3 3.3884 2.7001
7 -1.6999 -3.9359
10 -9.1860 9.3816
9 8.0802 -8.4955
7 1.7971 6.5563
4 -2.3600 4.5779
9 8.4918 -3.5246
5 -5.9483 8.0950
4 7.8081 6.3209
7 -1.6999 -3.9359
8 -7.2100 -1.9976
9 -8.9955 -3.0622
4 11.2419 6.3209
4 11.2419 6.3209
6 -1.1352 2.9659
7 -1.6999 -3.9359
9 8.0802 -8.4955
10 -2.5354 9.5634
10 4.1758 -3.7683
6 -4.8424 2.9659
3 3.3884 2.7001
10 -7.3804 11.1841
1 8.7178 1.0070
4 -9.3928 2.2523
4 11.2419 6.3209
10 -7.3804 9.5634
7 -1.6999 -3.9359
1 0.7579 -7.3544
1 5.5934 -5.5361
6 -1.1352 2.9659
6 1.7131 -9.0448
8 2.5632 -1.2913
9 12.0548 -8.4955
7 3.0857 4.4681
7 1.4167 -5.1392
7 -1.6999 -3.9359
7 -1.6999 -3.9359
5 3.0930 0.8929
9 8.0802 -8.4955
8 0.0317 -8.0694
1 8.6129 8.3940
3 3.3884 2.7001
8 1.5381 -6.2968
3 2.8875 9.0344
2 -9.3107 7.3802
6 -2.9889 9.7526
1 10.9384 -3.8513
9 8.0802 -8.4955
1 3.0740 1.9272
5 0.5279 1.5586
8 8.7178 1.0070
8 0.8861 -2.7468
8 2.5632 -1.2913
7 -1.6999 -3.9359
8 2.3496 1.2187
3 6.2799 -8.0425
9 12.0548 -4.9469
10 -7.3804 9.5634
3 5.0663 2.5754
1 10.9384 1.0070
8 8.7178 -3.8513
3 5.0663 0.8929
2 5.0663 0.8929
4 11.2419 6.3209
2 5.0663 2.5754
4 7.8081 6.3209
