10 100
K 6.520664 -8.328902 1.544081
Z 1 8.493537 3.864262 6.077108 -2.424154
Z 1 4.492147 -1.372834 9.311281 -1.864863
K 9.529753 -4.856824 2.265374
P 2.968315 8.107385 6.091275 9.743403
K -1.843625 7.486627 1.861621
Z 1 -8.099577 -6.711941 -3.282288 4.711496
Z 4 -1.599613 7.406905 -0.112294 -7.831239
Z 3 -4.984479 9.404423 9.659272 -3.147855
Z 7 3.943856 -3.595371 -5.994682 -9.901387
5 2.968315 9.743403
9 14.299494 0.746045
9 14.299494 0.746045
8 -6.673542 -5.251316
8 5.628827 -3.509958
7 -19.462849 2.628405
9 7.884570 5.029761
1 6.520664 -8.328902
7 -4.111997 -8.075417
9 6.520664 -8.328902
1 6.520664 -8.328902
10 -19.462849 2.628405
8 7.388928 -4.826377
2 -5.376895 -3.949979
3 -8.202742 2.948522
2 6.520664 -8.328902
2 9.405670 9.193499
9 14.299494 0.746045
6 -1.843625 7.486627
10 6.520664 -8.328902
6 -2.450615 -2.231265
10 0.758712 0.752169
2 -4.669570 -8.896398
3 -7.454729 -5.643947
7 6.520664 -8.328902
6 -1.843625 7.486627
7 -2.397966 7.848708
8 9.529753 -4.856824
8 9.529753 -4.856824
4 9.529753 -4.856824
1 6.520664 -8.328902
5 6.091275 8.107385
3 -5.784606 9.346539
9 3.895327 -0.610612
10 -1.364645 2.278443
8 9.529753 -4.856824
7 -9.462878 6.018753
4 9.529753 -4.856824
3 7.884570 5.029761
7 6.520664 -8.328902
9 6.520664 -8.328902
5 6.091275 9.743403
8 -10.147516 -6.777424
8 9.529753 -4.856824
10 6.520664 -8.328902
7 -19.462849 2.628405
9 7.884570 5.029761
7 -6.129356 -2.776736
4 9.529753 -4.856824
9 3.515842 -8.458182
2 4.834916 -5.409264
7 5.310664 6.308024
10 5.668190 3.456230
4 9.529753 -4.856824
7 -2.654212 1.368673
7 6.520664 -8.328902
3 6.520664 -8.328902
8 -1.889257 -0.989769
9 1.306458 -2.644403
1 6.520664 -8.328902
8 -10.147516 -6.777424
4 2.771657 4.613655
1 6.520664 -8.328902
8 9.529753 -4.856824
10 6.520664 -8.328902
9 1.306458 -2.644403
6 7.320667 -6.645161
2 6.520664 -8.328902
4 9.529753 -4.856824
8 -10.147516 -6.777424
9 6.520664 -8.328902
6 6.411391 -9.572052
5 2.968315 8.107385
5 2.968315 9.743403
4 9.529753 -4.856824
5 6.091275 8.107385
10 -0.394800 -27.423617
2 8.640376 9.019337
2 0.087753 9.726119
7 -19.462849 2.628405
3 6.520664 -8.328902
10 -1.549976 -1.861406
4 9.529753 -4.856824
8 -10.147516 -6.777424
3 2.079784 3.110647
9 5.724148 8.345566
8 9.529753 -4.856824
2 6.520664 -8.328902
6 -1.843625 7.486627
3 6.520664 -8.328902
2 6.520664 -8.328902
1 6.520664 -8.328902
10 3.198809 0.510815
8 9.529753 -4.856824
5 6.091275 8.107385
9 -9.591521 0.587586
3 7.884570 5.029761
4 8.978136 -1.516062
1 6.520664 -8.328902
8 9.529753 -4.856824
