10 100
K -0.657367 -0.428986 3.740013
P 8.823450 0.316450 11.700776 3.215373
Z 2 11.700776 3.215373 12.293988 2.410326
K 3.092096 -8.073890 3.288114
Z 3 12.553038 5.963583 11.955082 6.765112
Z 5 -3.564015 6.019553 9.956132 5.447047
Z 2 -6.969777 1.085444 -1.099232 4.404481
P -4.509718 -6.195591 -2.808478 -1.755848
P -6.853051 -5.690960 -3.961223 -4.278918
P 9.672203 9.670645 14.014262 12.982312
7 -3.8731 6.6303
4 3.0921 -8.0739
8 -4.5097 -6.1956
4 3.0921 -8.0739
6 -8.3654 -9.3384
7 2.6462 -7.7515
8 1.4154 -7.9634
7 0.4366 -1.2762
8 -4.5097 -1.7558
9 -9.4934 -9.1846
10 14.0143 9.6706
8 -4.4382 -9.6039
5 15.4302 5.9976
7 8.8234 3.2154
3 -0.8655 -5.0648
6 2.6310 -2.4317
2 8.8234 3.2154
7 8.8234 0.3164
2 8.8234 3.2154
7 11.7008 3.2154
5 8.8234 0.3164
9 -3.9612 -4.2789
1 -0.6574 -0.4290
8 -4.5097 -6.1956
5 11.7008 3.2154
6 15.3640 4.4357
9 -3.9612 -5.6910
10 8.8096 -3.0214
3 11.7008 3.2154
9 -6.8531 -5.6910
1 5.6959 2.5645
8 -8.1893 -9.7110
10 14.0143 12.9823
8 -2.8085 -1.7558
8 -4.5097 -6.1956
1 -0.6574 -0.4290
8 -4.5097 -6.1956
2 11.7008 3.2154
2 8.0190 -4.8076
6 8.8234 0.3164
5 18.2089 5.1717
8 -8.4260 2.6732
7 7.7057 9.9768
2 -7.0398 -8.1870
9 -6.8531 -5.6910
2 8.8234 0.3164
7 8.8234 3.2154
7 -2.6968 9.2802
7 1.9971 17.4798
10 9.6722 9.6706
1 -0.6574 -0.4290
8 -2.8085 -1.7558
8 -2.8085 -6.1956
3 5.3489 -0.3285
7 1.9971 17.4798
1 -0.6574 -0.4290
1 -8.5497 7.5669
9 -6.8531 -5.6910
5 12.5530 5.9636
8 -4.5097 -1.7558
4 3.0921 -8.0739
3 11.7008 3.2154
9 -6.8531 -5.6910
9 -6.8531 -5.6910
1 8.9891 -5.9286
4 3.0921 -8.0739
6 15.3316 5.3343
9 9.6925 -7.6799
9 -6.8531 -5.6910
7 -7.0864 5.2698
7 0.6350 -9.3446
7 11.7008 3.2154
8 1.2253 -3.7209
5 -8.4491 -1.5694
9 -6.8531 -5.6910
8 -4.5097 -6.1956
3 11.7008 0.3164
2 11.7008 3.2154
9 -9.2969 -0.2500
5 -4.5542 -0.9870
3 0.3529 -0.7309
6 6.9097 -8.0378
5 -7.7393 1.7738
9 -6.8531 -4.2789
7 2.9976 13.5198
6 9.5235 -3.0012
2 2.4488 -7.3517
5 15.4302 5.9976
8 -2.8085 -6.1956
3 0.0915 4.2003
3 -0.9410 8.0478
4 -2.2645 9.8466
6 -1.8426 2.7486
2 11.7008 3.2154
5 -3.8357 -9.1171
10 2.6205 7.9539
9 -6.8531 -4.2789
1 -0.6574 -0.4290
9 -3.9612 -5.6910
5 8.8234 3.2154
