10 100
P -9.816869 -1.271029 -5.674310 2.409610
P -0.406537 -7.295137 2.595101 -2.638186
Z 2 -1.207904 3.073886 -3.267544 0.373007
P -1.233017 -9.295658 0.693757 -7.973184
P -8.066371 3.567404 -6.936385 5.784119
Z 5 -6.936385 5.784119 -7.814755 6.262102
P 8.353989 -7.644812 11.485164 -3.845702
P -2.828238 1.991885 -1.773264 3.720779
Z 7 -6.922989 -0.077238 -4.299977 0.735368
P 5.914286 6.157610 10.357175 9.168504
1 0.085242 -6.590280
3 2.595101 -2.638186
2 2.595101 -2.638186
3 -7.722657 5.229945
2 4.175568 -2.413936
1 -5.674310 2.409610
10 10.357175 9.168504
3 -0.406537 -7.295137
2 -0.406537 -2.638186
6 -6.936385 3.567404
5 -8.066371 5.784119
9 7.461504 -4.120413
3 8.890306 5.449046
1 7.247262 0.422776
6 5.198737 8.091412
4 0.693757 -9.295658
5 -6.936385 5.784119
5 -8.066371 5.784119
8 -1.773264 1.991885
4 0.693757 -7.973184
9 1.400110 14.801614
3 2.595101 -7.295137
7 6.955747 -2.300871
2 -5.991860 -4.392769
1 -9.816869 -1.271029
7 8.353989 -3.845702
7 8.353989 -3.845702
8 -2.828238 1.991885
6 -7.550041 6.732957
4 0.693757 -9.295658
4 0.693757 -9.295658
2 2.595101 -2.638186
8 7.531595 2.182128
5 -7.398154 -6.229100
9 6.130672 13.438062
1 -5.674310 -1.271029
7 8.353989 -7.644812
2 -0.406537 -2.638186
8 -2.828238 1.991885
10 5.914286 9.168504
6 -8.819553 0.798630
8 -2.828238 1.991885
10 10.357175 9.168504
2 -0.406537 -7.295137
9 2.700963 -9.694998
10 5.914286 9.168504
4 0.693757 -7.973184
1 8.637310 -0.932787
6 -7.550041 6.732957
5 6.532049 -9.359157
10 5.914286 9.168504
4 -1.233017 -9.295658
1 -9.816869 2.409610
2 -8.253842 7.947469
10 10.357175 9.168504
9 6.130672 13.438062
3 -12.213630 3.997725
1 -9.816869 2.409610
3 -0.406537 -7.295137
10 5.914286 6.157610
10 -7.235334 -6.417026
3 -0.406537 -7.295137
10 6.912668 -0.213099
1 -5.674310 2.409610
5 -6.936385 3.567404
9 3.982887 16.571790
5 2.490997 -8.917246
8 -8.843401 3.044109
6 -8.066371 5.784119
7 11.485164 -7.644812
5 -6.936385 5.784119
5 -8.066371 5.784119
10 8.707425 1.036291
7 3.699420 -2.613759
9 6.130672 13.438062
8 -1.773264 3.720779
3 -6.928430 2.335289
8 -1.773264 1.991885
5 -8.066371 5.784119
9 -4.489656 6.585830
4 1.235200 3.684765
3 -7.722657 5.229945
10 -9.153800 -6.470743
2 -0.031664 -3.691783
1 -5.674310 -1.271029
6 -6.936385 5.784119
1 -9.816869 2.409610
7 -0.114613 9.244539
4 0.693757 -7.973184
7 7.948643 -3.424310
7 8.267458 6.873489
3 -11.419403 1.103070
6 -5.688685 7.936777
4 -1.233017 -7.973184
6 -6.936385 5.784119
6 -0.999365 9.949141
1 7.807720 3.044504
8 -8.276334 -7.574181
8 -2.828238 1.991885
1 -9.816869 2.409610
