10 100
P -8.585349 1.781026 -6.613781 2.965006
P 5.738394 1.304732 9.924285 5.622974
P -9.049930 -0.492997 -4.934937 0.938780
Z 2 9.924285 1.304732 9.427186 0.437039
P -7.538737 1.040564 -2.982056 2.157383
Z 5 -5.503214 -7.745467 2.398677 3.677318
Z 6 0.059722 8.270586 2.484212 3.913188
P 1.043359 -2.921336 5.487473 -1.318074
K 0.346527 7.835436 3.871024
Z 3 -4.934937 0.938780 -5.243949 1.889839
9 7.509898 -9.393481
8 1.043359 -1.318074
10 -9.049930 -0.492997
3 -4.934937 0.938780
2 8.244491 -4.531457
4 9.924285 1.304732
3 9.846388 -9.954662
5 -7.538737 2.157383
3 4.386314 0.228731
1 -6.613781 1.781026
1 -4.531608 1.386736
7 8.098686 1.200862
5 -2.982056 2.157383
5 4.284987 3.684360
2 5.738394 1.304732
6 2.874119 -1.893718
10 -1.605813 3.357478
2 5.738394 1.304732
5 -7.538737 1.040564
3 -9.049930 0.938780
9 4.516360 6.070416
3 -1.834843 9.326895
4 5.738394 5.622974
7 3.436142 -6.551481
7 -1.858414 -5.893588
10 -9.049930 -0.492997
2 5.738394 1.304732
1 -8.585349 1.781026
1 -6.613781 1.781026
2 9.924285 5.622974
3 4.824488 -1.709996
5 -7.538737 2.157383
2 -2.750852 7.198698
2 5.738394 5.622974
7 7.213036 0.520489
8 5.487473 -2.921336
8 -1.163352 5.719882
3 -4.934937 0.938780
8 7.025781 7.148218
6 -2.982056 1.040564
1 4.041076 -1.106842
8 1.043359 -1.318074
5 -7.538737 2.157383
7 0.456506 6.222826
3 -4.934937 -0.492997
1 -8.585349 1.781026
5 -7.538737 1.040564
6 2.874119 -1.893718
1 5.069046 8.936997
10 -4.093371 -0.219561
4 9.924285 1.304732
4 15.766618 -0.122170
9 0.346527 7.835436
4 9.924285 1.304732
4 13.649460 3.488831
1 -6.613781 2.965006
6 -2.982056 1.040564
7 6.207191 4.749733
1 -8.585349 2.965006
4 4.166971 6.849689
7 6.857990 7.632461
10 -9.049930 -0.492997
7 4.481197 -6.157594
8 5.487473 -1.318074
4 13.649460 3.488831
5 -7.538737 2.157383
4 -9.660970 4.154713
2 9.924285 1.304732
8 5.487473 -1.318074
5 -2.982056 2.157383
2 -7.068887 -7.542450
1 -6.613781 2.965006
4 13.649460 3.488831
2 9.924285 5.622974
1 -8.585349 1.781026
2 5.738394 5.622974
7 3.108012 2.316148
4 9.924285 5.622974
8 5.487473 -2.921336
4 9.924285 1.304732
3 -4.934937 0.938780
9 0.346527 7.835436
6 -8.185412 2.931486
4 9.924285 1.304732
1 -6.613781 1.781026
7 4.481197 -6.157594
5 -9.086910 0.574832
3 -9.049930 0.938780
1 -3.184713 -6.010450
3 5.154216 2.616170
4 9.716678 9.695192
10 -2.220384 -5.276915
2 -5.151239 -0.340079
1 -7.989723 -0.225918
10 9.868664 1.076405
1 6.188421 -9.855978
2 5.738394 5.622974
8 5.487473 -1.318074
6 -2.982056 2.157383
2 9.924285 5.622974
