10 100
K 0.536965 7.393312 3.302209
P 3.267888 3.056192 6.646991 6.071628
P -6.320210 -4.660868 -3.645647 -0.972409
Z 3 -5.195272 -5.038931 7.155609 9.579604
Z 1 0.536965 7.393312 1.383259 7.926029
P -2.957878 6.900548 -1.095544 10.019327
Z 2 9.833452 6.261619 -0.291629 -1.363009
Z 6 2.401283 -1.290442 -4.285462 6.703532
Z 7 3.267888 3.056192 2.904516 3.987836
K 2.600599 -7.505042 2.497444
5 0.5370 7.3933
9 7.8370 0.0041
10 2.6006 -7.5050
5 0.5370 7.3933
8 -5.0430 3.5986
3 -7.8106 -9.4128
5 -6.5598 -6.5747
10 2.6006 -7.5050
1 0.5370 7.3933
6 -2.9579 6.9005
7 8.1835 0.6110
9 8.8140 7.2559
9 6.6470 3.0562
7 6.6470 3.0562
9 0.7811 0.7683
7 -0.5996 -9.2906
1 0.5370 7.3933
1 0.5370 7.3933
5 8.2575 -1.4254
2 3.2679 3.0562
1 0.5370 7.3933
4 -6.3202 -0.9724
10 2.6006 -7.5050
6 1.4424 -8.2848
5 2.8618 1.3474
5 0.5370 7.3933
10 -0.9094 -1.9215
5 6.5945 -3.0717
2 6.6470 6.0716
3 -6.3202 -0.9724
3 0.5022 -2.8556
8 -2.0168 -9.2100
8 -2.9579 10.0193
8 -2.9579 10.0193
4 -3.6456 -0.9724
4 -3.6456 -4.6609
3 -3.6456 -0.9724
7 5.8725 4.0847
4 -1.6488 3.5695
3 -3.6456 -4.6609
10 2.6006 -7.5050
9 6.6470 3.0562
1 0.5370 7.3933
8 -5.0430 3.5986
9 -9.5445 7.1540
6 -2.9579 10.0193
6 -2.9579 6.9005
10 4.3804 4.3204
5 0.5370 7.3933
3 3.9011 -1.5434
8 -7.7837 5.9827
8 -2.9579 6.9005
6 -1.0955 6.9005
6 -1.0955 10.0193
10 6.6972 0.0566
7 4.8486 -8.9975
6 -2.9579 6.9005
9 6.6470 3.0562
10 -2.9105 -0.7178
1 -1.7463 -7.9003
1 0.5370 7.3933
3 -6.3202 -0.9724
5 4.7244 -3.5672
3 -3.6456 -0.9724
7 4.4969 -0.4042
4 9.5205 -6.1518
7 6.6470 3.0562
10 7.8913 7.1827
1 0.5370 7.3933
4 -1.4446 -2.8320
4 -4.6347 -6.0849
9 -8.4081 -9.9303
8 -1.0955 10.0193
2 3.2679 3.0562
3 -3.6456 -4.6609
9 7.8370 0.0041
6 -6.4933 3.3755
1 0.5370 7.3933
7 3.2679 3.0562
1 5.1843 -9.0287
1 -3.4307 -6.2982
1 0.5370 7.3933
10 2.6006 -7.5050
9 7.8370 0.0041
8 -4.3454 7.0133
5 0.5370 7.3933
3 -6.3202 -4.6609
10 2.6006 -7.5050
10 1.7038 4.2357
5 0.5370 7.3933
5 4.8232 2.8811
8 -2.9579 6.9005
8 -1.0955 6.9005
10 7.3362 -7.4722
3 -3.6456 -4.6609
6 -2.9579 6.9005
8 -4.7139 5.4316
2 3.2679 3.0562
1 0.5370 7.3933
9 4.9389 0.8371
