10 100
K -3.347284 4.733362 4.399310
K -2.900815 -6.647783 2.302164
K 8.300121 3.342858 2.355381
Z 2 -1.115844 -5.193879 -1.747382 -4.418534
Z 3 5.957440 3.098591 6.061146 2.103983
P -1.424762 -6.143348 0.476489 -3.865914
K 5.574852 -9.475875 1.623059
P 4.538096 -7.791236 6.588003 -5.466174
P -8.176564 -9.661536 -5.211564 -6.834058
P 5.316518 2.184784 8.791655 4.635770
6 -7.2010 -4.3944
8 4.5381 -7.7912
9 -5.2116 -9.6615
3 8.3001 3.3429
4 -2.9008 -6.6478
9 -6.4151 6.4571
2 -2.9008 -6.6478
6 -1.4248 -6.1433
9 1.9364 -8.4946
4 -5.8890 6.8550
8 6.5880 -5.4662
3 8.3001 3.3429
4 -2.9008 -6.6478
8 -3.5740 1.4992
5 8.3001 3.3429
7 4.7800 9.3725
8 -0.5324 -7.1805
8 7.5905 -2.9070
10 8.7917 2.1848
6 0.4765 -6.1433
9 4.0519 0.9220
3 -2.4113 4.7977
7 5.5749 -9.4759
1 8.4469 -1.8124
2 -2.9008 -6.6478
9 -8.1766 -9.6615
10 5.3165 2.1848
6 -1.4248 -6.1433
9 -6.3440 9.2657
6 -1.4248 -3.8659
3 8.3001 3.3429
7 4.9556 6.8368
2 -2.9008 -6.6478
5 3.6148 2.8543
5 3.6148 2.8543
5 3.6148 2.8543
7 -0.8229 -6.1095
4 -6.7258 1.8395
6 -1.4248 -6.1433
3 8.3001 3.3429
9 -8.1766 -6.8341
7 -3.2280 1.6299
5 3.6148 2.8543
7 5.5749 -9.4759
2 -2.9008 -6.6478
10 5.3165 4.6358
8 4.5381 -7.7912
10 9.4606 6.8869
2 -2.9008 -6.6478
2 -2.9008 -6.6478
2 -2.9008 -6.6478
2 -2.9008 -6.6478
4 -2.9008 -6.6478
10 5.3165 4.6358
2 -2.9008 -6.6478
3 8.3001 3.3429
7 5.5749 -9.4759
7 5.5749 -9.4759
5 8.3001 3.3429
2 -2.9008 -6.6478
5 -1.8320 3.4541
3 -5.0126 1.9237
7 5.5749 -9.4759
6 -1.4248 -3.8659
7 0.4358 -9.9270
10 8.7917 4.6358
2 2.8138 1.7226
2 -2.9008 -6.6478
3 8.3001 3.3429
1 -3.3473 4.7334
4 0.6691 -3.7400
7 3.8212 -2.7983
10 7.6815 -1.3919
2 9.0913 -7.4656
2 -2.9008 -6.6478
8 5.8431 0.2006
8 4.5381 -7.7912
6 0.4765 -3.8659
7 -8.5541 5.2447
5 9.1011 -2.9262
2 -2.9008 -6.6478
5 8.3001 3.3429
4 5.0746 6.3078
3 -6.5124 -2.8076
1 -3.3473 4.7334
8 7.4178 2.3196
1 -3.3473 4.7334
3 6.2357 5.0726
7 5.5749 -9.4759
6 4.2851 5.1063
1 -3.3473 4.7334
5 3.6148 2.8543
6 -1.4248 -6.1433
9 -5.2116 -6.8341
4 0.6691 -3.7400
8 -7.9961 8.5815
7 5.5749 -9.4759
10 7.9260 8.4211
3 8.3001 3.3429
9 -8.1766 -6.8341
