10 100
K 5.528842 -9.134636 2.341893
Z 1 9.889414 -5.686690 8.424865 2.067049
K -9.496388 3.474956 1.177320
K -3.076997 1.126162 1.833416
Z 3 8.576101 2.020288 3.965591 6.422193
P 6.063329 7.295157 10.142402 9.953720
Z 2 1.147639 -3.830465 7.816962 6.727632
Z 2 -1.498277 6.075584 3.079526 -2.017447
P -8.126019 2.247321 -5.042757 7.172187
Z 9 7.190044 0.173556 -5.072930 -7.330513
8 1.364472 -15.136669
10 -5.042757 7.172187
4 -3.076997 1.126162
7 -8.031014 7.372530
4 -3.076997 1.126162
5 6.286809 20.006117
4 -4.941869 -5.301225
5 6.286809 20.006117
1 -7.837533 3.788036
2 -8.930150 -2.639880
9 -8.126019 2.247321
8 15.207211 -7.306557
5 6.286809 20.006117
2 5.528842 -9.134636
1 -5.046332 4.737273
6 6.063329 9.953720
4 -3.076997 1.126162
10 -8.126019 2.247321
3 -9.496388 3.474956
8 5.738807 0.683473
3 -9.496388 3.474956
2 15.207211 -7.306557
5 -9.496388 3.474956
6 -8.862719 2.325130
7 6.029795 -2.840491
6 6.063329 9.953720
4 -3.076997 1.126162
3 -9.496388 3.474956
1 6.088935 9.996589
2 -1.937930 -6.840197
9 -5.042757 7.172187
8 5.528842 -9.134636
10 -5.042757 2.247321
10 7.854443 -13.904114
5 6.286809 20.006117
4 -3.076997 1.126162
8 15.207211 -7.306557
2 9.065479 6.445941
6 -8.038722 -3.362969
8 7.917565 -7.783460
6 10.142402 9.953720
4 -3.076997 1.126162
6 -5.230636 2.788658
8 5.528842 -9.134636
4 -9.805420 8.938006
5 6.286809 20.006117
4 -3.076997 1.126162
1 5.528842 -9.134636
5 6.286809 20.006117
1 5.528842 -9.134636
1 5.528842 -9.134636
5 6.286809 20.006117
2 5.528842 -9.134636
3 -9.496388 3.474956
2 15.207211 -7.306557
6 10.142402 7.295157
10 3.392681 9.310807
6 2.424862 7.778230
9 -9.191380 -5.854418
6 8.732361 0.742785
10 -8.126019 2.247321
3 4.191838 2.173395
7 -8.031014 7.372530
3 -9.496388 3.474956
4 -3.076997 1.126162
5 6.286809 20.006117
6 5.334827 3.341141
9 -5.042757 7.172187
7 5.528842 -9.134636
10 -8.126019 2.247321
6 6.063329 9.953720
10 2.065940 -14.408139
4 -3.076997 1.126162
6 6.063329 9.953720
8 1.364472 -15.136669
3 -9.496388 3.474956
1 -4.648229 5.748366
2 15.207211 -7.306557
10 -8.126019 2.247321
2 5.528842 -9.134636
8 15.207211 -7.306557
2 15.207211 -7.306557
7 -5.524247 -2.152638
6 1.755176 -9.724022
1 1.250901 3.391121
8 5.528842 -9.134636
3 -9.496388 3.474956
1 -5.491463 -1.556747
7 -2.541423 -2.994320
4 5.961655 -4.830466
5 -9.496388 3.474956
9 -8.739800 -9.302606
8 4.782219 6.114192
10 6.451189 -16.649544
10 0.479118 -2.835491
10 1.427922 0.848121
10 -3.638432 -9.591571
2 -6.479569 2.117239
5 2.645189 5.175724
2 15.207211 -7.306557
