10 100
K -1.662579 -4.676227 1.357571
K 9.714384 6.320773 2.303272
P -3.153958 1.572674 -0.298116 4.733993
K 6.993267 -0.588225 2.665719
P -3.363358 -6.650161 1.039053 -4.008693
K -7.817418 7.001131 3.317890
K -8.751211 -8.538981 2.891209
Z 4 7.875170 1.927387 6.931480 2.258218
K -6.555904 9.338405 2.537860
Z 7 -6.847242 8.623315 -3.014989 0.077752
5 -3.3634 -4.0087
3 -0.2981 4.7340
3 -3.1540 4.7340
7 -8.7512 -8.5390
9 -6.5559 9.3384
6 -7.8174 7.0011
4 6.9933 -0.5882
7 7.5439 -4.6600
2 9.7144 6.3208
7 -8.7512 -8.5390
5 -3.3634 -4.0087
7 2.6438 -1.0011
2 9.7144 6.3208
1 -1.6626 -4.6762
4 -0.2980 2.7394
2 9.7144 6.3208
6 -7.8174 7.0011
6 -7.8174 7.0011
9 0.9469 1.3853
10 -8.7512 -8.5390
5 -3.3634 -4.0087
5 1.0391 -4.0087
4 6.9933 -0.5882
3 -1.3158 -8.3079
7 -8.3760 6.3236
10 7.2347 -1.3701
5 1.9794 4.4421
10 7.2347 -1.3701
2 -5.8240 5.9081
3 2.8914 5.0107
8 6.9933 -0.5882
9 9.7927 -6.0079
3 -0.2981 1.5727
7 7.0708 -5.7669
7 -8.7512 -8.5390
4 6.9933 -0.5882
9 -6.5559 9.3384
3 -2.2763 -5.1796
7 -9.3534 -9.7270
7 -0.2660 3.8367
3 -8.8151 8.2465
3 -3.1540 1.5727
1 -1.6626 -4.6762
2 9.7144 6.3208
6 1.8958 -1.6337
3 -3.1540 4.7340
9 -6.5559 9.3384
4 6.9933 -0.5882
8 -0.0387 5.4202
2 9.7144 6.3208
9 -4.1647 -3.0865
9 9.3384 -9.7377
10 -8.7512 -8.5390
10 7.2347 -1.3701
7 -4.8498 8.1465
10 -8.7560 -4.2571
1 -1.6626 -4.6762
7 6.5647 -8.4161
9 -6.5559 9.3384
6 -7.8174 7.0011
2 9.7144 6.3208
8 -3.2434 3.2605
7 -8.7512 -8.5390
8 8.7571 4.4430
8 -4.2370 3.3762
7 -8.7512 -8.5390
2 9.7144 6.3208
5 -3.3634 -4.0087
6 -7.8174 7.0011
7 4.5475 -0.5740
7 -8.7512 -8.5390
3 -3.1540 4.7340
2 9.7144 6.3208
8 8.7571 4.4430
1 -3.7027 -8.8046
4 -6.2780 5.9155
6 -7.8174 7.0011
2 -3.8426 5.8904
4 6.9933 -0.5882
4 6.9933 -0.5882
7 -8.7512 -8.5390
4 2.6449 2.9309
1 -6.7574 2.6052
9 -6.5559 9.3384
2 9.7144 6.3208
4 6.9933 -0.5882
8 6.9933 -0.5882
9 -6.5559 9.3384
3 -3.1540 1.5727
3 8.9253 3.6771
6 -4.2398 -7.0265
9 -6.5559 9.3384
4 6.9933 -0.5882
3 8.9220 1.9571
9 -6.5559 9.3384
9 -6.5559 9.3384
10 7.2347 -1.3701
1 -1.6626 -4.6762
2 -6.4725 -4.8622
7 -3.1666 -3.8742
