10 100
K 3.219891 0.209029 2.679739
K -4.561200 0.756068 4.653162
K 5.484066 -5.530369 2.232929
Z 3 4.190925 -7.350742 5.006165 -7.929866
P -6.071417 -4.247864 -1.230817 0.129370
K 2.515688 4.988870 4.586654
Z 5 5.217441 7.965737 6.728808 2.130165
P -3.711039 3.380068 -1.748993 4.780914
Z 1 1.966512 -1.723287 8.801955 8.012586
Z 9 5.706500 1.207915 5.333745 2.135845
10 3.219891 0.209029
4 5.813002 -9.020942
1 3.219891 0.209029
7 14.658975 4.244699
7 -1.230817 0.129370
8 3.556466 -2.644082
3 9.491282 0.284342
8 -1.748993 3.380068
9 8.081499 2.731309
5 7.313830 -9.854464
8 -3.711039 4.780914
9 3.358246 0.111891
2 -8.083748 -5.445464
7 -6.071417 -4.247864
1 3.219891 0.209029
6 2.515688 4.988870
3 5.484066 -5.530369
9 -9.983006 -5.811325
10 8.193110 2.206802
8 -9.751995 7.069495
2 -0.354644 -3.920273
1 3.219891 0.209029
3 5.484066 -5.530369
10 3.219891 0.209029
3 5.484066 -5.530369
4 -5.591066 -8.636857
1 3.219891 0.209029
6 -3.583314 -0.644420
7 -1.505277 2.104509
9 -0.037019 -9.462565
2 -4.561200 0.756068
5 -6.071417 0.129370
4 5.484066 -5.530369
8 -3.711039 4.780914
1 3.219891 0.209029
1 3.219891 0.209029
4 2.897784 -9.171115
8 -7.584351 -0.416785
2 -4.561200 0.756068
2 -3.361183 -6.299840
1 -5.685175 1.935179
5 -1.230817 0.129370
3 5.484066 -5.530369
8 -3.711039 3.380068
6 2.515688 4.988870
9 2.180037 2.286681
10 8.160401 2.040946
5 -1.230817 0.129370
4 2.897784 -9.171115
10 8.193110 2.206802
9 3.219891 0.209029
10 7.859949 -5.346230
1 -2.683338 7.967019
7 -7.340447 2.422571
8 -3.711039 3.380068
6 2.515688 4.988870
5 -6.071417 -4.247864
6 2.515688 4.988870
6 8.433485 -8.101926
5 -6.071417 -4.247864
3 5.484066 -5.530369
3 6.536141 2.080070
7 0.863023 9.043248
10 -0.761753 5.081286
7 -1.439083 -5.474967
10 3.358246 0.111891
3 5.484066 -5.530369
1 3.219891 0.209029
6 2.515688 4.988870
5 7.137276 4.335958
9 3.219891 0.209029
2 -4.561200 0.756068
10 8.713813 1.312649
6 2.515688 4.988870
10 3.219891 0.209029
1 3.219891 0.209029
8 -1.748993 4.780914
8 -3.711039 4.780914
3 5.484066 -5.530369
2 8.410491 -4.091215
10 8.193110 2.206802
10 8.193110 2.206802
7 18.891011 6.594438
5 -1.230817 -4.247864
2 4.141074 4.612657
5 -6.071417 -4.247864
1 -6.255171 -5.800620
5 -6.071417 -4.247864
1 3.219891 0.209029
5 2.264034 -3.859802
5 -4.989337 -9.533647
5 -5.217932 4.908917
5 -1.230817 -4.247864
3 -8.504243 3.346121
9 3.358246 0.111891
9 4.239489 7.976683
4 -2.278497 -8.649491
2 -5.356471 6.132220
8 -3.711039 3.380068
1 0.505296 5.261101
