10 100
K 8.016940 5.291431 1.432338
Z 1 8.016940 5.291431 7.109541 4.871161
K -1.493441 -4.212305 3.217369
K 9.132934 6.220690 1.825644
K -3.364001 -7.255018 1.602119
Z 1 -0.963519 8.737883 -5.921640 3.878622
P 5.250704 -7.349121 6.322823 -3.223794
Z 6 8.016940 5.291431 7.755259 4.326277
P -0.160687 -4.568713 3.331755 -1.100184
Z 7 7.280911 -5.135839 -9.867583 9.980471
3 -1.493441 -4.212305
2 8.016940 5.291431
7 5.250704 -3.223794
5 -0.645543 7.984816
5 -3.364001 -7.255018
8 24.896526 9.889345
1 5.103668 0.121664
8 -4.228423 17.785924
6 -0.606827 -3.992042
6 -3.958434 6.029552
1 8.016940 5.291431
7 5.250704 -7.349121
5 -3.364001 -7.255018
2 8.016940 5.291431
2 0.035437 9.368454
6 9.185410 -0.237049
8 8.574776 4.809912
6 -4.228423 17.785924
10 2.427075 4.183547
4 9.132934 6.220690
4 9.132934 6.220690
5 -3.364001 -7.255018
2 8.016940 5.291431
9 -8.773269 3.738265
3 -1.493441 -4.212305
6 -4.228423 17.785924
6 -4.228423 17.785924
1 8.016940 5.291431
4 1.939996 -1.984152
7 5.250704 -3.223794
2 8.016940 5.291431
8 8.016940 5.291431
4 -3.619332 8.352201
9 3.331755 -1.100184
8 8.016940 5.291431
9 -6.786474 0.057429
3 -1.165853 8.108005
9 3.331755 -4.568713
1 8.016940 5.291431
3 -1.493441 -4.212305
10 0.198937 -5.521125
9 -0.160687 -4.568713
9 -0.160687 -1.100184
7 3.773477 -1.861625
4 -1.037764 7.560387
5 -3.364001 -7.255018
3 2.918931 1.002941
2 8.016940 5.291431
4 9.132934 6.220690
1 -9.651696 -7.395577
2 8.016940 5.291431
6 8.016940 5.291431
4 9.132934 6.220690
3 -1.493441 -4.212305
9 3.331755 -4.568713
1 8.016940 5.291431
8 8.016940 5.291431
2 2.588002 -3.780673
8 -7.778313 7.543066
6 8.016940 5.291431
6 -4.228423 17.785924
8 -4.228423 17.785924
2 8.016940 5.291431
7 5.250704 -3.223794
8 -3.865271 7.859159
1 8.016940 5.291431
4 9.132934 6.220690
8 8.016940 5.291431
8 -4.228423 17.785924
3 4.183025 9.569197
5 -3.364001 -7.255018
5 -7.855641 -7.561237
10 5.250704 -3.223794
4 9.132934 6.220690
3 -3.578370 7.870305
9 -0.160687 -1.100184
6 8.016940 5.291431
2 4.408639 -7.628680
1 8.016940 5.291431
9 3.331755 -1.100184
8 -7.665051 5.801015
8 0.564336 -5.333935
2 -0.916685 -7.789053
4 9.132934 6.220690
3 -2.658864 1.128696
5 2.766999 1.320954
3 8.062905 -2.670491
8 -4.161974 -6.183097
5 -0.660346 9.988220
9 -5.197123 -0.783415
6 -2.049179 3.442890
7 5.250704 -7.349121
7 6.322823 -3.223794
2 8.016940 5.291431
3 -1.493441 -4.212305
4 9.132934 6.220690
9 -9.815664 7.898042
3 -1.493441 -4.212305
10 1.395125 7.488334
10 5.250704 -7.349121
