10 100
K 7.136252 5.199820 4.618741
Z 1 1.909790 -2.911908 7.343371 9.189058
P 0.314370 -3.569391 2.338800 0.565827
P -1.546412 7.324501 2.419464 11.688727
P -4.595008 3.324957 -1.633776 7.634729
K 8.195573 -6.485685 4.208034
P -6.160039 9.669543 -3.152262 12.982659
Z 5 0.675964 -5.816587 0.914109 -3.993060
P 5.982640 7.501965 10.907341 10.504020
K 5.452429 7.648926 3.977116
10 5.452429 7.648926
1 7.136252 5.199820
9 10.907341 10.504020
5 -1.633776 3.324957
5 -4.595008 3.324957
6 3.054837 -8.740163
7 -3.152262 12.982659
4 7.830448 -2.199971
6 8.195573 -6.485685
4 -1.546412 7.324501
7 -3.152262 9.669543
10 5.452429 7.648926
4 2.419464 11.688727
4 5.945183 -6.130880
3 0.314370 0.565827
6 8.195573 -6.485685
7 -9.368284 2.924070
8 -4.595008 7.634729
7 -3.152262 12.982659
10 5.452429 7.648926
9 10.907341 7.501965
2 7.136252 5.199820
2 7.136252 5.199820
7 -6.160039 9.669543
3 0.314370 -3.569391
4 2.419464 7.324501
10 9.783565 -6.996397
8 -1.633776 3.324957
4 -1.546412 7.324501
3 2.338800 -3.569391
7 -8.659181 -1.574203
9 5.982640 10.504020
8 -4.595008 7.634729
2 4.499592 6.383734
1 7.136252 5.199820
6 8.195573 -6.485685
1 -9.495262 -0.903218
9 -1.099337 -9.688982
8 -4.595008 3.324957
8 -5.032030 9.538435
1 7.136252 5.199820
4 -1.546412 7.324501
3 2.338800 -3.569391
9 -7.618555 0.186500
3 0.314370 0.565827
8 9.224611 5.829944
9 5.982640 7.501965
5 -0.655283 8.399884
2 7.136252 5.199820
9 -3.950130 2.961342
6 8.195573 -6.485685
5 -1.633776 7.634729
9 -5.506683 -0.035070
9 5.982640 10.504020
1 7.136252 5.199820
4 1.047091 9.213384
5 -4.595008 3.324957
9 9.987001 -9.136785
6 4.107102 6.468151
7 9.786960 3.132589
9 5.982640 7.501965
3 5.839426 -7.244262
2 3.595200 3.167830
10 -8.845143 9.097047
3 2.338800 0.565827
7 1.814395 2.329172
10 5.452429 7.648926
5 -6.440389 -7.499751
4 2.419464 11.688727
2 4.499592 6.383734
1 7.136252 5.199820
8 -4.595008 7.634729
8 9.224611 5.829944
6 5.853394 6.470666
8 8.117812 1.664716
5 -4.595008 3.324957
8 9.224611 5.829944
9 -9.235643 -9.610939
3 0.314370 -3.569391
5 -4.595008 3.324957
7 -3.152262 12.982659
1 7.136252 5.199820
2 4.499592 6.383734
10 5.452429 7.648926
2 4.499592 6.383734
7 -6.160039 12.982659
7 -3.152262 12.982659
2 7.136252 5.199820
4 0.601335 5.842956
7 -3.152262 9.669543
9 5.982640 10.504020
4 2.419464 7.324501
3 2.338800 -3.569391
8 -4.595008 3.324957
8 5.255895 2.425195
4 -1.546412 7.324501
6 8.195573 -6.485685
5 -4.595008 3.324957
3 2.338800 0.565827
5 -4.595008 3.324957
