10 100
P -2.323498 -4.586717 1.054376 -3.466532
K -2.398483 3.898974 3.611661
P -8.300055 7.825524 -3.807018 10.353385
P 0.079103 4.360823 1.199718 7.066805
Z 2 -2.398483 3.898974 -1.618638 4.524946
K 8.102300 -7.623257 4.056130
Z 3 -3.807018 7.825524 -4.631609 8.391253
P 4.753695 -8.282435 9.733806 -4.485717
K -6.033157 7.686500 2.904566
P -0.288197 9.726868 2.650217 13.393902
7 -3.8070 7.8255
10 -7.8807 1.2299
1 1.0544 -3.4665
10 -0.2882 9.7269
10 0.6860 8.0399
6 8.1023 -7.6233
5 -2.3985 3.8990
6 8.1023 -7.6233
3 6.8887 8.6903
5 -2.3985 3.8990
3 -3.8070 10.3534
10 2.6502 9.7269
5 -2.3985 3.8990
4 5.1002 7.9721
10 1.5103 2.3726
5 -2.3985 3.8990
10 2.6502 13.3939
4 0.0791 7.0668
2 -2.3985 3.8990
10 8.2685 -3.8066
10 -1.3623 4.4539
8 4.7537 -8.2824
1 -2.3235 -4.5867
3 -3.8070 7.8255
9 -6.0332 7.6865
8 4.7537 -4.4857
6 -0.7960 7.6817
10 2.6502 9.7269
3 -3.8070 7.8255
5 -2.3985 3.8990
4 -9.8970 0.2905
8 4.7537 -8.2824
5 -2.3985 3.8990
9 -6.0332 7.6865
8 4.7537 -8.2824
3 -2.8284 -0.6644
5 -2.3985 3.8990
4 4.6065 -3.6815
10 -3.5766 -7.0173
7 -8.3001 10.3534
5 -2.3985 3.8990
5 -2.3985 3.8990
7 -5.4241 12.0175
4 1.1997 7.0668
10 -0.2882 9.7269
2 -2.3985 3.8990
2 3.5379 -5.5827
10 1.7074 0.7196
3 -8.3001 7.8255
5 -2.3985 3.8990
4 6.6983 -3.1055
10 -0.2882 13.3939
5 -2.3985 3.8990
10 2.6502 9.7269
2 -2.3985 3.8990
10 2.6502 13.3939
9 -2.6504 -8.4716
9 -6.0332 7.6865
2 6.7203 6.7522
6 8.1023 -7.6233
2 -2.3985 3.8990
3 7.9147 -5.3771
8 9.7338 -4.4857
4 0.0791 7.0668
5 -3.1667 0.6419
1 -2.3235 -3.4665
7 6.8917 9.4764
8 1.3269 6.5835
4 0.0791 7.0668
8 4.7537 -8.2824
7 1.6661 -2.8017
10 -5.9873 0.8168
5 -2.3985 3.8990
5 -2.3985 3.8990
7 -8.9352 -8.4313
10 1.0432 6.6091
8 -8.8904 7.5580
4 -9.7670 6.2808
7 3.9018 -9.8438
8 9.7338 -8.2824
10 0.3645 2.8802
1 1.0544 -3.4665
7 -8.3001 10.3534
10 -3.6835 -4.8504
4 0.0791 7.0668
7 -8.3001 10.3534
1 1.8350 -7.2095
4 -3.4725 -7.7197
3 -3.6443 -0.7016
6 8.1023 -7.6233
8 7.8010 5.7773
6 1.8148 2.4397
9 -6.0332 7.6865
6 8.1023 -7.6233
5 -2.3985 3.8990
5 -2.3985 3.8990
2 6.4891 0.6345
10 2.6502 13.3939
2 -2.3985 3.8990
9 -6.0332 7.6865
