10 100
K -3.523953 -3.213392 1.202924
K 1.051604 -4.933957 1.688834
K 6.916727 -7.397882 2.596341
P 4.816799 -6.485725 6.961192 -4.811406
Z 2 -0.629715 -4.774814 -0.723947 -5.770364
P -8.019693 -2.079806 -5.015049 0.362805
Z 4 8.547281 -1.822668 9.149290 -8.313642
Z 1 -3.523953 -3.213392 -3.210384 -2.263827
K -9.930296 -0.695896 1.568605
P -2.192483 -9.494008 0.010420 -5.372693
3 -1.997572 7.372404
7 10.963895 -6.114492
10 0.010420 -9.494008
9 -9.930296 -0.695896
9 -9.930296 -0.695896
10 -2.192483 -5.372693
5 -2.311033 -4.615671
3 6.916727 -7.397882
4 4.816799 -6.485725
1 -3.523953 -3.213392
8 -7.634943 9.802066
5 -4.805855 8.784816
4 3.725779 2.264934
1 -3.523953 -3.213392
4 4.816799 -6.485725
8 4.721123 3.065170
2 1.051604 -4.933957
2 1.051604 -4.933957
6 -8.019693 -2.079806
7 10.655973 -4.468732
5 9.102879 -2.087259
3 -4.543093 7.628712
4 4.371585 -6.001844
10 0.010420 -9.494008
7 6.961192 -6.485725
1 -3.523953 -3.213392
10 -2.192483 -9.494008
8 -3.523953 -3.213392
8 -4.545934 5.868901
6 -5.015049 0.362805
3 6.916727 -7.397882
1 -3.523953 -3.213392
1 3.304192 4.062412
4 -4.988584 -4.260829
2 1.051604 -4.933957
3 6.916727 -7.397882
7 -2.087558 -0.698924
10 0.010420 -9.494008
5 9.607923 -9.550602
6 -8.019693 -2.079806
7 12.763790 -4.074359
9 -9.930296 -0.695896
5 1.051604 -4.933957
7 4.816799 -6.485725
6 2.067255 -0.115815
9 -9.574813 -3.266983
1 -3.523953 -3.213392
8 -3.523953 -3.213392
3 6.916727 -7.397882
6 -8.019693 0.362805
10 0.010420 -9.494008
3 6.916727 -7.397882
10 -7.500737 1.303017
7 -7.288522 -2.280397
8 -3.523953 -3.213392
5 -2.986970 -5.756162
5 1.715015 -0.733298
6 0.427944 -8.090051
1 -3.523953 -3.213392
7 -2.054703 -5.247464
8 -3.523953 -3.213392
5 -0.533190 5.364542
10 4.420212 -1.235867
2 -1.297226 3.417753
2 1.051604 -4.933957
3 9.577794 1.299702
9 -9.930296 -0.695896
9 -1.709383 3.684543
6 3.642353 7.270672
3 -0.267045 7.054850
4 9.440838 1.079420
10 5.424527 2.950434
6 -9.269058 -0.637466
10 0.010420 -5.372693
10 0.010420 -9.494008
6 -8.019693 0.362805
1 -3.386490 7.364967
6 -5.015049 -2.079806
3 6.916727 -7.397882
10 -2.192483 -9.494008
5 -6.316266 4.472024
6 -5.015049 -2.079806
3 6.916727 -7.397882
8 -3.523953 -3.213392
5 -2.311033 -4.615671
4 6.961192 -4.811406
2 9.516424 0.244009
2 -1.895273 8.364563
6 -5.015049 -2.079806
5 -2.311033 -4.615671
3 6.916727 -7.397882
5 1.051604 -4.933957
9 -9.930296 -0.695896
2 1.051604 -4.933957
8 -3.523953 -3.213392
9 -9.930296 -0.695896
3 6.916727 -7.397882
8 2.946208 -5.456131
7 6.961192 -4.811406
8 -3.523953 -3.213392
