10 100
P -9.997959 -8.224056 -7.452028 -6.784202
Z 1 -9.997959 -6.784202 -10.806889 -7.372106
K -7.779700 -5.281830 4.463229
Z 2 -11.367471 -6.339664 -12.348593 -6.533052
K -9.806485 0.557164 1.556335
P -4.696052 -5.565563 0.118743 -3.651314
K -5.505051 -9.483047 4.398126
Z 5 -9.806485 0.557164 -10.762268 0.851238
Z 6 7.191827 7.663001 4.015337 -5.418398
Z 6 -4.696052 -3.651314 -5.635487 -3.994042
8 -9.8065 0.5572
9 -4.6961 -3.6513
10 -4.6961 -3.6513
10 -2.2450 0.9137
7 9.2625 1.1036
6 6.6971 -2.5709
3 -4.8774 -0.6760
5 -9.8065 0.5572
5 -9.8065 0.5572
4 -6.6631 2.3854
5 4.8042 8.7923
2 -8.7674 9.5550
8 -9.8065 0.5572
4 -9.9980 -6.7842
8 4.5340 3.8544
5 9.3041 4.2587
8 -9.8065 0.5572
2 -7.4520 -6.7842
5 -9.8065 0.5572
9 -4.6961 -3.6513
5 -9.8065 0.5572
2 -9.9980 -8.2241
6 0.1187 -3.6513
10 8.0463 4.4930
2 -9.2119 -4.3626
6 -8.1557 5.8676
6 0.1187 -3.6513
5 -9.8065 0.5572
5 6.8806 -6.4082
7 -5.5051 -9.4830
9 8.2884 -5.6351
1 -2.8398 -2.4606
9 8.2884 -5.6351
10 -4.6961 -5.5656
7 -5.5051 -9.4830
9 11.6891 -9.5443
3 -9.1943 -9.1943
4 2.7443 0.0003
8 6.4027 7.8126
6 -4.6961 -3.6513
8 4.5241 -9.4677
3 -7.7797 -5.2818
6 0.4274 2.9288
2 7.8240 -9.7714
8 -5.6683 0.4362
8 -9.8065 0.5572
7 -6.7790 9.8605
8 -9.8065 0.5572
1 -2.1387 -3.2588
9 -4.6961 -5.5656
8 -2.4121 9.4547
5 -9.8065 0.5572
9 11.6891 -9.5443
8 8.1766 3.9081
1 -7.4520 -8.2241
1 -7.4520 -8.2241
10 -1.2933 1.2313
8 -9.8065 0.5572
2 6.0431 -1.8965
3 4.6199 -6.4461
1 -9.9980 -6.7842
7 -5.5051 -9.4830
9 0.3588 7.2454
7 -5.5051 -9.4830
8 -3.2164 8.9767
7 -5.5051 -9.4830
9 8.2884 -5.6351
8 -9.8065 0.5572
7 -5.5051 -9.4830
6 5.8992 6.2397
8 -9.8065 0.5572
8 9.4386 -4.2748
5 -9.8065 0.5572
5 -9.8065 0.5572
1 -9.9980 -8.2241
3 -7.7797 -5.2818
6 -4.6961 -3.6513
5 -9.8065 0.5572
8 -9.8065 0.5572
2 4.2071 7.7781
5 -3.1525 3.1080
7 -5.5051 -9.4830
1 -9.9980 -8.2241
4 -4.0166 -9.5705
4 7.3614 2.8034
9 12.5670 -7.8432
7 -6.1831 -1.8003
9 0.1187 -3.6513
2 9.7202 -5.4920
2 -3.9880 5.4668
5 4.8884 9.1335
3 -7.7797 -5.2818
6 -1.5104 7.4013
9 2.9547 1.9093
5 -7.7816 -9.0570
7 8.2837 -8.0877
5 -9.8065 0.5572
5 0.1917 -9.0457
10 -4.6961 -5.5656
5 -9.8065 0.5572
