10 100
P -4.806021 -1.140622 -2.360120 0.924764
P -1.643522 -3.298998 0.183153 -1.603075
Z 1 -2.065150 -2.730476 -6.019418 -9.012384
K 6.387090 -6.537461 4.940253
P -5.700974 -1.742848 -1.401888 2.839025
Z 2 9.625610 -9.931852 3.438285 2.208979
Z 1 -4.806021 0.924764 -4.074598 1.606689
Z 6 10.881199 3.083969 11.335103 2.192918
K -7.165058 9.620141 4.692205
K 2.008096 -4.159264 2.314434
3 -4.806021 -1.140622
4 6.387090 -6.537461
4 6.387090 -6.537461
10 2.008096 -4.159264
7 5.196395 -5.473796
2 0.183153 -3.298998
2 0.183153 -3.298998
3 1.358219 -1.415816
7 -4.806021 0.924764
8 22.334223 7.984853
7 -4.634911 3.364672
8 -9.790006 -1.985264
4 6.387090 -6.537461
1 -2.360120 -1.140622
9 -7.165058 9.620141
4 6.387090 -6.537461
8 23.408200 9.462457
5 4.353537 -7.317670
5 -2.135408 5.278939
4 6.387090 -6.537461
4 8.093433 -9.706130
9 -9.827465 8.396694
10 2.008096 -4.159264
2 -1.643522 -3.298998
8 -1.643522 -3.298998
4 6.387090 -6.537461
2 -8.325249 -7.355070
6 9.509004 4.080580
7 1.189047 -3.531420
2 0.183153 -1.603075
1 -2.360120 0.924764
8 12.708479 4.779238
3 -2.360120 0.924764
5 -1.401888 -1.742848
6 9.807750 1.605981
4 6.387090 -6.537461
6 -3.716351 8.644258
7 4.422810 -7.837824
5 -5.700974 -1.742848
3 -1.711458 -8.827470
1 -2.360120 0.924764
6 6.326810 -1.733460
7 -4.806021 0.924764
3 1.358219 -1.415816
10 2.008096 -4.159264
9 8.306651 6.817975
6 -5.673439 -7.057272
1 -2.360120 0.924764
10 2.008096 -4.159264
3 -1.222522 -0.231602
8 8.435556 2.602592
2 9.985883 0.506736
2 8.254672 6.427189
5 -1.401888 2.839025
2 -1.458389 1.251355
5 5.971305 -6.060041
4 6.387090 -6.537461
8 20.962386 8.981955
1 -0.549112 -9.384390
7 -2.360120 -1.140622
1 4.627296 8.922697
1 -4.806021 0.924764
8 -1.643522 -1.603075
4 6.387090 -6.537461
1 -4.806021 0.924764
9 -7.165058 9.620141
7 -4.806021 0.924764
3 0.553598 -4.514338
5 -5.700974 -1.742848
10 2.008096 -4.159264
3 0.553598 -4.514338
8 0.183153 -1.603075
6 10.881199 3.083969
4 6.387090 -6.537461
3 -2.360120 0.924764
10 2.008096 -4.159264
10 4.766382 -7.056559
6 -1.643522 -3.298998
10 -5.129728 -5.186689
8 12.707873 3.083316
5 -5.700974 -1.742848
3 -2.360120 -1.140622
8 -1.643522 -3.298998
1 -4.705023 -6.502700
9 8.242055 -2.386401
2 -1.643522 -3.298998
5 -1.658798 5.875378
9 -7.165058 9.620141
3 -3.968264 -0.700464
9 -7.165058 9.620141
3 2.415893 -3.621209
10 2.008096 -4.159264
1 -2.360120 0.924764
4 6.387090 -6.537461
7 -8.099003 -2.329065
10 2.008096 -4.159264
3 0.553598 -4.514338
1 -2.360120 -1.140622
2 6.640166 4.962473
10 2.008096 -4.159264
