10 100
K 7.676564 -1.099076 2.445980
Z 1 7.676564 -1.099076 6.711947 -0.835420
P 2.442572 -2.596424 3.830803 -1.555514
K 3.965817 -1.447325 4.265559
Z 4 3.965817 -1.447325 4.911519 -1.772361
P -3.905432 -5.586388 -1.707216 -2.137011
P -0.635202 -3.119688 2.131439 1.588588
P 7.329459 -9.489649 10.273196 -6.405896
P -3.521173 0.893677 0.314865 5.385042
P 0.582267 -1.314325 3.399942 3.400205
4 3.9658 -1.4473
7 -0.6352 1.5886
10 0.5823 -1.3143
1 7.6766 -1.0991
4 3.9658 -1.4473
7 8.9418 -0.7051
9 -1.1174 -2.7544
7 -0.6352 -3.1197
6 5.8215 9.0066
5 3.9658 -1.4473
5 3.9658 -1.4473
1 7.6766 -1.0991
4 3.9658 -1.4473
6 4.1980 -9.1493
6 -7.7400 7.0405
6 -1.7072 -5.5864
2 7.6766 -1.0991
6 -1.7072 -5.5864
10 3.3999 -1.3143
10 2.8074 0.3850
9 0.3149 5.3850
7 -0.6352 1.5886
4 2.0559 -9.4628
7 5.2030 -4.3721
4 3.9658 -1.4473
1 5.4678 -3.9518
7 2.1314 -3.1197
3 3.8308 -1.5555
7 -0.6352 1.5886
8 1.7880 -2.4205
7 9.5449 8.3984
10 0.5823 -1.3143
3 2.4426 -2.5964
9 -3.5212 5.3850
5 -7.8846 -3.0521
1 7.6766 -1.0991
2 7.6766 -1.0991
4 -1.8294 4.3590
2 -6.8542 -4.2232
2 7.6766 -1.0991
5 3.9658 -1.4473
2 7.6766 -1.0991
3 2.4426 -2.5964
3 3.8308 -1.5555
5 3.9658 -1.4473
4 -1.7004 3.0847
7 -0.6352 1.5886
7 -0.6352 1.5886
6 -1.7072 -2.1370
8 7.3295 -6.4059
5 1.8179 -7.4035
5 3.9658 -1.4473
1 6.2962 9.9382
7 2.1314 -3.1197
9 -3.5212 5.3850
3 3.8308 -2.5964
6 -3.9054 -2.1370
10 -7.5339 1.6354
2 7.6766 -1.0991
7 2.1314 1.5886
4 3.9658 -1.4473
1 7.6766 -1.0991
4 3.9658 -1.4473
6 8.3987 -4.7919
9 0.3149 5.3850
3 8.2635 -3.5488
9 -3.5212 5.3850
4 3.9658 -1.4473
2 7.6766 -1.0991
9 -3.5212 5.3850
9 -4.1262 -5.0331
6 -6.5066 -2.8198
7 2.1314 -3.1197
6 -1.8556 -9.8759
10 3.3999 3.4002
4 7.5703 -9.1656
5 3.9658 -1.4473
7 -7.0620 8.4437
6 -3.9054 -2.1370
5 3.9658 -1.4473
8 7.3295 -9.4896
9 -3.5212 0.8937
9 -3.5212 0.8937
10 3.3999 3.4002
4 3.9658 -1.4473
6 -1.4116 4.4691
5 -2.2692 -4.4490
3 2.4426 -1.5555
1 7.6766 -1.0991
9 -3.5212 0.8937
8 -3.4568 8.5588
2 7.6766 -1.0991
5 3.9658 -1.4473
10 3.3999 -1.3143
8 7.3295 -9.4896
7 4.7102 -5.9161
2 7.6766 -1.0991
8 5.7268 2.4357
4 -4.1319 -5.8005
9 -3.5212 0.8937
