10 100
P -3.373270 -3.292969 0.392311 -1.692244
K 8.791811 -2.445439 2.756302
P 7.573012 1.484346 9.592471 4.834040
Z 2 8.791811 -2.445439 9.089443 -1.490758
Z 2 7.707478 -1.091516 0.571065 -4.977235
K 1.892988 8.349779 2.767574
Z 4 8.791811 -2.445439 9.682745 -2.899572
Z 4 8.791811 -2.445439 9.515777 -1.755603
P -7.292655 -8.229238 -6.111564 -4.788476
K 5.963789 -6.915788 4.723005
9 3.063336 5.497616
1 -3.373270 -3.292969
2 -9.973602 2.101551
5 -5.213876 7.808199
3 2.513205 9.795478
1 0.392311 -3.292969
6 1.892988 8.349779
10 5.009952 7.628333
4 8.791811 -2.445439
6 1.892988 8.349779
3 7.573012 1.484346
6 0.752241 3.904924
9 -6.111564 -8.229238
10 5.963789 -6.915788
7 8.791811 -2.445439
2 8.791811 -2.445439
9 -6.111564 -4.788476
10 5.963789 -6.915788
10 5.963789 -6.915788
2 8.791811 -2.445439
2 8.791811 -2.445439
3 9.592471 1.484346
7 -9.565384 -5.250491
2 8.791811 -2.445439
7 8.791811 -2.445439
7 8.791811 -2.445439
3 7.573012 1.484346
2 6.836086 -5.915116
2 8.791811 -2.445439
8 8.791811 -2.445439
4 8.791811 -2.445439
7 8.791811 -2.445439
9 -7.292655 -4.788476
9 -7.292655 -8.229238
8 8.791811 -2.445439
6 8.117027 4.345475
1 -6.012881 0.149403
6 -3.387912 -8.396154
10 4.711051 3.501962
4 8.791811 -2.445439
4 8.791811 -2.445439
5 7.158650 0.553984
3 7.573012 4.834040
1 -3.373270 -1.692244
9 -7.292655 -8.229238
7 0.701365 5.790105
6 -1.877944 -3.187081
4 8.791811 -2.445439
5 7.158650 0.553984
8 -8.468327 5.628432
4 8.791811 -2.445439
7 -1.080312 3.072533
9 8.769764 -2.207931
6 1.892988 8.349779
8 8.791811 -2.445439
4 8.791811 -2.445439
1 -3.373270 -1.692244
9 -7.292655 -4.788476
9 -7.292655 -8.229238
8 8.791811 -2.445439
9 -7.292655 -8.229238
7 8.791811 -2.445439
10 5.963789 -6.915788
4 8.791811 -2.445439
7 4.208680 -5.562079
5 7.158650 0.553984
1 0.392311 -1.692244
7 8.791811 -2.445439
1 0.392311 -1.692244
5 8.791811 -2.445439
2 5.997060 1.392468
7 8.791811 -2.445439
8 8.791811 -2.445439
2 8.791811 -2.445439
7 8.791811 -2.445439
10 5.963789 -6.915788
1 -3.373270 -3.292969
7 8.791811 -2.445439
4 8.791811 -2.445439
2 8.791811 -2.445439
8 8.791811 -2.445439
5 8.791811 -2.445439
3 7.573012 1.484346
1 0.392311 -3.292969
5 8.791811 -2.445439
10 0.940342 9.714564
3 1.917779 -6.936793
7 8.791811 -2.445439
4 4.905808 -6.721954
2 9.349905 7.302270
1 -3.373270 -3.292969
8 8.791811 -2.445439
10 5.963789 -6.915788
10 2.327800 -7.943803
6 1.892988 8.349779
1 5.747329 7.746001
2 4.804282 -1.051339
6 2.295747 7.254044
4 -2.994632 4.995319
10 5.963789 -6.915788
