10 100
K -9.023173 -8.014728 4.907418
Z 1 -9.023173 -8.014728 -8.227942 -8.621034
Z 1 8.107429 -8.212977 2.829560 -2.866151
K 0.954075 9.385136 3.906611
P -8.093994 6.552044 -5.157795 10.129811
Z 1 -5.885437 -5.701255 6.704846 -5.704890
P -9.413372 7.853598 -6.314301 11.698327
K -8.908453 -7.870514 3.848285
Z 1 3.220026 -2.692737 0.291724 2.120031
P -8.375488 -8.060346 -7.201677 -4.307648
2 -9.023173 -8.014728
4 8.122046 6.795068
6 8.085902 6.346698
10 -7.201677 -8.060346
7 -9.413372 7.853598
10 3.828959 -8.316280
4 0.954075 9.385136
1 -9.023173 -8.014728
6 -9.023173 -8.014728
9 -0.868551 0.933540
3 8.131551 8.918755
6 4.672210 -2.134447
10 -9.301046 -3.418433
10 -7.201677 -4.307648
7 8.002838 -0.214636
10 -7.201677 -8.060346
6 -9.021837 -3.385971
2 -9.023173 -8.014728
2 -9.023173 -8.014728
3 -9.023173 -8.014728
4 0.954075 9.385136
1 -9.023173 -8.014728
2 3.880402 8.548578
3 8.131551 8.918755
5 -5.157795 6.552044
4 0.954075 9.385136
4 0.878463 4.666797
4 0.954075 9.385136
5 -8.093994 10.129811
3 8.131551 8.918755
9 13.573941 5.734360
4 0.954075 9.385136
4 6.212706 0.008063
8 -8.908453 -7.870514
10 -8.375488 -4.307648
4 0.954075 9.385136
10 -7.201677 -8.060346
10 3.674188 2.424836
5 -5.157795 10.129811
10 -8.375488 -8.060346
9 -9.023173 -8.014728
6 -9.021837 -3.385971
10 -8.375488 -4.307648
3 8.131551 8.918755
1 -4.572455 1.670923
9 -9.023173 -8.014728
4 -7.243513 -8.717107
6 -9.023173 -8.014728
4 5.649555 -1.474640
9 -9.023173 -8.014728
1 -1.293410 5.765287
9 0.064374 -1.228413
9 -9.023173 -8.014728
5 -2.121158 -9.305098
8 -8.908453 -7.870514
2 -9.023173 -8.014728
5 -4.995547 9.659691
9 -9.023173 -8.014728
8 -8.908453 -7.870514
4 0.954075 9.385136
6 -4.759534 9.849724
2 -9.023173 -8.014728
3 -9.023173 -8.014728
7 -9.413372 11.698327
8 -8.908453 -7.870514
5 -6.566763 -3.144401
2 -5.161668 -9.295742
7 -8.894725 -5.053912
3 -9.023173 -8.014728
1 2.551666 8.983977
2 -9.023173 -8.014728
8 -8.908453 -7.870514
3 8.131551 8.918755
5 -6.885485 5.462035
2 8.287705 8.621012
4 0.954075 9.385136
5 -5.157795 6.552044
1 -9.023173 -8.014728
4 0.954075 9.385136
5 -8.093994 6.552044
1 -9.023173 -8.014728
9 7.167148 9.419443
7 -6.314301 7.853598
6 -4.447557 2.807272
2 -9.023173 -8.014728
9 -9.023173 -8.014728
8 -8.908453 -7.870514
9 13.573941 5.734360
4 -9.806684 -2.271910
10 -1.391658 6.595302
2 3.930672 -3.536626
8 -5.247716 1.482234
5 0.335118 -5.771446
5 -8.093994 6.552044
2 -9.023173 -8.014728
6 -9.023173 -8.014728
6 -9.021837 -3.385971
6 5.306710 4.110313
8 -8.908453 -7.870514
6 -9.021837 -3.385971
