10 100
P 6.277506 -6.562884 8.593628 -1.867097
K -5.637330 -5.591868 4.352238
Z 1 8.593628 -1.867097 8.115218 -2.745234
K -7.076978 6.714598 1.521148
K 9.637261 -6.505187 1.105522
K 1.877560 -2.369779 3.243441
K 1.757665 -8.044343 4.352274
Z 4 3.844593 0.559174 -2.365512 -5.407690
K -4.766848 -1.450166 2.007442
K -0.589616 0.213551 1.162628
9 -4.766848 -1.450166
10 -0.589616 0.213551
9 -4.766848 -1.450166
1 8.593628 -6.562884
6 1.877560 -2.369779
10 -0.589616 0.213551
3 9.048995 -6.404696
8 6.465612 9.476551
2 -5.637330 -5.591868
8 9.558951 -10.599503
10 -0.589616 0.213551
1 -3.374012 -3.739139
7 5.832183 5.071731
5 9.637261 -6.505187
9 -4.766848 -1.450166
9 -4.766848 -1.450166
2 -6.099581 -3.895156
8 9.558951 -10.599503
2 -5.637330 -5.591868
1 -0.460363 -7.564469
10 -5.248511 1.112386
4 8.847774 -7.259554
8 -7.932312 -2.512837
5 9.637261 -6.505187
9 -3.749685 -0.428575
1 6.277506 -1.867097
7 1.757665 -8.044343
6 8.796316 -3.954326
9 -4.766848 -1.450166
7 1.757665 -8.044343
2 -5.637330 -5.591868
2 -5.637330 -5.591868
8 -7.076978 6.714598
10 5.067655 -3.484634
7 1.757665 -8.044343
4 -9.970486 1.155610
8 -7.076978 6.714598
10 -0.589616 0.213551
2 -5.637330 -5.591868
7 1.757665 -8.044343
2 -5.637330 -5.591868
8 -7.076978 6.714598
4 -7.076978 6.714598
7 1.757665 -8.044343
7 4.154110 4.835015
4 3.122340 -6.948881
7 -2.649646 4.318815
6 1.877560 -2.369779
2 -5.637330 -5.591868
9 -4.766848 -1.450166
5 9.637261 -6.505187
7 1.757665 -8.044343
1 8.593628 -1.867097
10 -0.589616 0.213551
5 7.457583 -0.206236
10 -0.589616 0.213551
1 6.277506 -1.867097
9 -4.766848 -1.450166
4 -7.076978 6.714598
6 -4.522368 -5.690167
9 -4.766848 -1.450166
1 8.593628 -6.562884
5 9.637261 -6.505187
9 -4.766848 -1.450166
4 -4.410193 2.402615
5 9.637261 -6.505187
9 -4.066564 -0.631360
3 8.593628 -6.562884
1 -0.089647 7.808816
6 -9.271315 8.413537
4 -9.769509 4.240182
6 -2.027015 2.728365
9 -4.766848 -1.450166
7 1.757665 -8.044343
4 -7.076978 6.714598
6 1.877560 -2.369779
10 -0.589616 0.213551
2 -5.637330 -5.591868
3 8.593628 -1.867097
1 -5.030775 5.221881
2 -1.299010 -0.660597
3 8.593628 -6.562884
4 -7.076978 6.714598
8 -7.076978 6.714598
6 -7.046736 -0.277371
6 1.877560 -2.369779
9 -9.967329 -4.954228
1 8.593628 -6.562884
2 -5.637330 -5.591868
10 4.280799 1.580972
1 -6.414199 5.543888
2 -5.637330 -5.591868
6 1.877560 -2.369779
10 -0.589616 0.213551
3 9.849540 -3.813145
9 -4.766848 -1.450166
10 -0.589616 0.213551
5 9.637261 -6.505187
8 -7.076978 6.714598
3 6.277506 -6.562884
