10 100
P 0.903273 9.920784 5.445570 11.952685
P 2.593446 2.403614 6.544392 4.317812
P 1.329212 -7.120816 2.642805 -4.827620
K 9.003792 9.083484 2.340944
Z 1 0.903273 9.920784 1.591727 10.646063
K -1.081007 9.881896 3.338676
P 8.300161 -3.650276 11.187402 1.252119
P 9.340540 -2.724787 12.874452 -1.636549
K -5.425872 -7.602388 1.129368
K -3.488932 -9.111311 2.923399
3 1.329212 -7.120816
7 11.187402 1.252119
8 9.340540 -2.724787
2 2.593446 4.317812
2 0.213397 7.232813
1 5.445570 11.952685
9 -4.690461 5.399683
1 0.903273 9.920784
3 1.329212 -4.827620
4 1.555480 -2.745945
6 -1.081007 9.881896
3 2.642805 -7.120816
8 9.340540 -1.636549
9 -5.425872 -7.602388
7 -7.831742 6.879116
10 -3.488932 -9.111311
9 -5.425872 -7.602388
1 5.445570 11.952685
6 -1.081007 9.881896
4 9.815944 2.248107
8 12.874452 -1.636549
9 -5.425872 -7.602388
1 -7.420563 -0.404176
8 9.340540 -1.636549
10 -3.488932 -9.111311
3 1.329212 -7.120816
10 -3.488932 -9.111311
3 2.642805 -4.827620
3 2.642805 -4.827620
10 -3.488932 -9.111311
10 -3.790771 -0.810841
4 9.003792 9.083484
7 11.187402 -3.650276
6 -1.081007 9.881896
1 -7.829445 -7.289244
5 0.903273 9.920784
8 -2.657781 -0.250098
7 8.300161 1.252119
1 0.903273 11.952685
7 11.187402 -3.650276
6 -1.081007 9.881896
2 -4.167870 1.858027
3 0.844742 7.575725
1 5.445570 9.920784
8 12.874452 -2.724787
9 -5.425872 -7.602388
7 11.187402 -3.650276
7 -8.654362 -9.771965
6 -1.081007 9.881896
3 1.329212 -7.120816
8 12.874452 -1.636549
6 -6.911086 1.483622
10 -3.488932 -9.111311
3 2.642805 -4.827620
7 -8.009447 -8.168963
8 12.874452 -2.724787
10 -3.488932 -9.111311
6 -1.081007 9.881896
10 -3.488932 -9.111311
2 6.544392 4.317812
9 -5.425872 -7.602388
8 12.874452 -1.636549
9 9.239835 -0.678838
7 8.483203 -4.021838
6 -1.081007 9.881896
5 5.445570 9.920784
8 9.663532 3.861531
5 9.971844 -5.629998
5 0.903273 9.920784
5 -2.891553 7.592742
7 11.187402 1.252119
3 2.642805 -4.827620
1 7.614913 2.076128
7 11.187402 -3.650276
8 9.340540 -1.636549
6 1.882399 -0.212753
3 2.642805 -4.827620
1 5.445570 9.920784
9 9.189478 -0.780918
10 -3.488932 -9.111311
9 -5.425872 -7.602388
3 1.329212 -7.120816
7 11.187402 1.252119
1 5.445570 9.920784
7 11.187402 -3.650276
2 6.544392 2.403614
6 4.166201 6.324404
9 -5.425872 -7.602388
1 0.903273 9.920784
9 9.193846 -0.124984
5 5.445570 9.920784
9 -5.425872 -7.602388
7 8.300161 1.252119
4 9.003792 9.083484
1 0.903273 9.920784
8 9.340540 -1.636549
10 -3.488932 -9.111311
8 9.340540 -2.724787
4 9.003792 9.083484
2 -7.297842 2.515626
