10 100
K 5.125867 -3.196296 4.083446
P -3.805700 -6.420746 -1.022861 -4.089720
P -8.810662 3.645746 -6.977558 6.404659
P -7.431439 -7.157430 -5.884140 -3.354475
P -2.923522 -3.572178 -0.253152 -0.814721
Z 3 3.652901 -5.942976 -8.870697 -1.910164
Z 2 -3.805700 -6.420746 -3.247395 -7.250381
P 8.235405 -4.508316 10.912945 -1.560439
P 4.670548 7.068949 6.059079 8.133184
Z 9 0.511872 -5.369670 3.915271 -1.359211
8 10.912945 -1.560439
2 -1.022861 -4.089720
7 -7.013105 -8.120873
3 -8.810662 3.645746
2 -1.022861 -4.089720
6 -8.810662 3.645746
8 -1.595631 -3.719864
4 0.672530 1.983362
9 -2.266294 0.511917
1 5.646719 -8.074516
7 -1.022861 -6.420746
8 10.912945 -1.560439
8 10.912945 -1.560439
5 -2.923522 -3.572178
4 9.292363 -9.686077
1 5.125867 -3.196296
8 -8.021370 -0.854829
3 -3.035024 7.034203
8 5.279559 -6.514988
2 -3.805700 -6.420746
8 8.235405 -1.560439
6 -0.314124 -5.947460
10 12.108305 0.757039
7 2.874915 3.613825
8 8.235405 -4.508316
7 -5.965116 -5.542906
9 -3.109144 1.992305
8 8.235405 -4.508316
4 -7.431439 -7.157430
3 -2.844553 0.048118
1 5.125867 -3.196296
6 -0.748740 -7.006720
5 9.498849 -6.867223
9 6.059079 7.068949
4 -5.884140 -7.157430
9 4.670548 8.133184
7 -1.022861 -6.420746
4 -5.884140 -3.354475
7 -1.022861 -6.420746
2 -3.805700 -6.420746
5 -2.923522 -0.814721
7 -1.022861 -6.420746
3 3.952644 -7.615388
1 5.125867 -3.196296
8 8.235405 -1.560439
4 -0.519226 -7.212447
5 -0.253152 -3.572178
1 5.125867 -3.196296
10 1.985725 -7.226144
4 -2.770788 -6.287223
1 5.125867 -3.196296
7 -5.762505 -7.991978
10 6.059079 7.068949
8 4.013401 -5.402585
2 -3.805700 -6.420746
10 6.677221 -3.838740
7 -1.022861 -4.089720
1 -0.835776 -5.123923
3 -8.810662 6.404659
9 6.059079 8.133184
6 -12.185200 -9.767284
10 12.108305 0.757039
3 -6.977558 6.404659
4 2.591235 -3.677104
6 -8.810662 6.404659
3 -8.810662 3.645746
2 -3.805700 -6.420746
7 -7.013105 -8.120873
5 -2.923522 -0.814721
1 5.125867 -3.196296
1 -2.328580 9.676482
3 -6.977558 3.645746
10 6.059079 8.133184
6 -6.977558 6.404659
6 -10.575304 -7.526785
3 -8.810662 6.404659
3 -8.810662 6.404659
7 -3.805700 -4.089720
3 -8.810662 3.645746
9 -8.062696 7.218528
5 -2.923522 -3.572178
6 -4.213710 6.710886
1 5.125867 -3.196296
1 5.125867 -3.196296
7 -5.965116 -5.542906
4 9.746099 4.426495
6 -8.810662 6.404659
3 -8.810662 6.404659
6 -0.446469 9.336986
10 -6.496256 7.690183
8 10.912945 -1.560439
7 -1.022861 -4.089720
8 8.235405 -1.560439
5 -2.923522 -0.814721
4 -5.884140 -7.157430
2 -9.490261 -7.509390
3 -8.810662 6.404659
3 -6.977558 6.404659
2 -1.022861 -4.089720
7 -7.013105 -8.120873
