10 100
K -2.818963 -6.520215 4.921180
P 9.266861 -5.473148 11.982536 -2.563165
Z 2 -3.547331 0.631473 9.730726 3.320892
Z 1 -5.744361 -10.477494 -4.940229 -11.071945
Z 2 5.863771 0.500589 9.008336 7.634873
K 0.118731 2.876466 1.241494
Z 3 1.911764 -4.030795 -4.160672 -0.309249
K -4.740231 3.164112 1.039304
K 9.626075 -5.783182 4.972495
Z 5 6.223450 8.313731 -2.777709 -5.510706
3 1.106348 -6.649992
10 -6.731594 -0.325492
1 -2.818963 -6.520215
6 1.792216 6.381914
7 9.266861 -2.563165
3 11.982536 -5.473148
3 -6.401216 4.532261
8 8.652202 -2.895549
1 -2.818963 -6.520215
2 -1.856186 -8.765453
10 -5.767261 -6.521660
6 -4.296654 2.249554
9 9.626075 -5.783182
5 -2.651757 5.626536
10 7.009994 3.829110
9 -0.201075 -4.507973
2 9.266861 -5.473148
4 -2.818963 -6.520215
5 4.559642 -8.389502
8 -4.740231 3.164112
4 -8.669758 -14.434774
7 2.531482 -3.086316
10 9.266861 -5.473148
9 5.027836 -1.456567
1 -2.818963 -6.520215
4 -0.581778 -6.195395
5 6.274591 -1.417422
6 0.118731 2.876466
4 -2.818963 -6.520215
8 -4.740231 3.164112
2 11.982536 -5.473148
4 -2.818963 -6.520215
3 0.516293 8.404036
8 -0.304911 6.344627
2 -5.349888 -0.572958
3 4.443850 5.206737
9 9.626075 -5.783182
8 -4.740231 3.164112
2 9.266861 -2.563165
3 5.881413 11.241314
9 9.626075 -5.783182
6 0.118731 2.876466
7 11.982536 -5.473148
1 -2.818963 -6.520215
10 -0.525739 2.950084
10 4.048749 -0.028388
10 -4.954845 6.696658
10 11.982536 -2.563165
5 -0.525739 2.950084
7 4.025234 -5.132890
8 -4.740231 3.164112
4 -4.626413 5.200651
4 -2.818963 -6.520215
1 -2.818963 -6.520215
2 9.266861 -2.563165
7 9.266861 -2.563165
10 -7.255443 9.869033
9 9.626075 -5.783182
10 -4.954845 6.696658
1 -6.236236 -1.094666
1 -2.818963 -6.520215
1 -2.818963 -6.520215
2 9.266861 -2.563165
10 9.266861 -5.473148
5 11.982536 -2.563165
9 9.626075 -5.783182
4 -2.593395 -0.957429
9 9.626075 -5.783182
6 0.118731 2.876466
9 9.626075 -5.783182
7 7.013769 8.560685
1 4.900177 -4.208577
8 -4.740231 3.164112
7 -1.628334 -5.413301
6 1.350375 1.650148
7 -9.343912 2.954308
2 9.266861 -5.473148
8 -1.783013 -4.394015
6 0.118731 2.876466
3 9.515405 9.617431
4 -1.269982 -9.366654
6 0.118731 2.876466
5 1.306402 0.945552
3 2.667958 0.613572
6 0.118731 2.876466
1 4.554860 9.430461
3 -7.786362 8.943505
9 -0.583146 1.902801
9 9.626075 -5.783182
10 5.547486 9.048675
6 0.118731 2.876466
6 0.118731 2.876466
6 5.246442 7.978485
3 4.308922 -1.847065
9 9.626075 -5.783182
1 -2.818963 -6.520215
1 6.369126 -0.509839
2 11.982536 -5.473148
1 3.789135 1.799601
10 -8.946403 -3.141275
