10 100
P -8.538926 9.955410 -7.340795 13.685749
Z 1 -7.340795 13.685749 -7.961354 12.901589
Z 1 -7.340795 9.955410 -7.546704 10.933981
Z 2 -9.468081 -1.338646 0.496645 7.804310
Z 3 1.811352 -1.387604 2.806890 0.257568
K -1.382999 -9.906732 3.890458
P 2.175475 3.821594 4.838327 8.605577
P -0.248716 7.197348 4.332780 11.989419
P 0.104763 2.534903 2.546690 5.514969
K 5.052686 -8.908092 3.998369
3 -9.8321 0.5350
10 5.0527 -8.9081
3 -5.7519 -9.3260
5 -7.3408 9.9554
2 -7.3408 13.6857
10 2.7262 -6.5925
3 -7.3408 9.9554
5 -7.7476 13.8523
9 0.1048 2.5349
10 9.6299 -1.9631
6 -9.5305 5.9661
5 -8.5389 9.9554
4 -7.3408 13.6857
10 0.5026 9.7512
7 4.8383 3.8216
3 0.5234 -4.7462
3 -7.3408 9.9554
9 0.1048 5.5150
9 9.3283 -5.5050
9 2.5467 2.5349
1 -9.5862 -3.4564
8 0.7548 3.1143
9 0.1048 2.5349
9 2.5467 2.5349
5 -8.5389 13.6857
7 -9.1958 1.8118
4 5.5806 -1.7029
4 5.5806 -1.7029
3 -9.4823 7.6025
7 2.1755 8.6056
9 9.7314 -7.9125
8 -9.3314 7.8466
5 -4.1022 8.2282
2 -7.0654 12.5197
4 5.6835 -0.5091
10 -5.0148 8.8117
10 -6.8933 9.2514
7 2.1755 8.6056
8 -0.2487 7.1973
3 9.2934 4.0002
8 3.1737 -2.7878
8 -8.2882 -9.8556
5 16.6616 -5.2941
4 7.6582 -2.2693
10 5.0527 -8.9081
10 5.0527 -8.9081
7 8.0739 9.8303
5 -7.7476 13.8523
2 -7.3408 9.9554
5 19.7466 -2.7852
9 2.5467 2.5349
3 -6.0213 -2.6067
1 3.1594 3.7987
4 7.0975 -0.3138
2 -7.3408 13.6857
7 2.1755 8.6056
7 2.1755 8.6056
5 -8.8441 13.3694
6 -9.2818 -5.8600
3 -7.3408 9.9554
10 5.0527 -8.9081
10 0.0076 6.7346
5 16.6616 -5.2941
2 -7.3408 9.9554
1 -7.3408 9.9554
7 4.8383 8.6056
1 -5.9791 -4.8112
9 2.5467 2.5349
3 6.4015 1.5052
7 2.1755 3.8216
2 -8.5389 13.6857
3 -7.4996 8.7854
6 -1.3830 -9.9067
5 -2.3586 -5.9991
3 -1.0144 0.2255
6 -9.1584 -2.6868
7 5.2320 9.4679
7 5.2619 8.2246
3 -4.3314 -4.7159
1 -7.3408 9.9554
2 -4.9677 -5.9362
6 -1.3830 -9.9067
2 -7.0654 12.5197
7 2.1755 8.6056
1 -8.6323 2.7782
8 -0.2487 11.9894
5 -7.3408 13.6857
1 -8.5389 9.9554
3 -9.5713 6.2654
7 2.1755 8.6056
3 -8.5389 13.6857
10 5.0527 -8.9081
2 -7.3408 13.6857
6 1.7176 -8.9720
5 19.7466 -2.7852
8 -0.2487 11.9894
6 -1.3830 -9.9067
5 -1.8853 -4.7986
8 4.3328 7.1973
3 -7.3408 9.9554
