10 100
K 4.491522 -3.862828 2.221092
P -0.195270 0.657493 3.940325 4.752620
Z 1 -2.068367 1.747255 4.239196 5.407501
Z 3 4.671881 8.142130 -4.799458 -1.930543
P 6.908192 -8.391651 11.854279 -6.532623
K -6.196061 9.050119 2.209954
Z 2 -0.195270 4.752620 -0.147148 5.751462
K 9.536454 -9.533844 3.602331
Z 4 3.633072 -1.814337 2.710782 -2.200836
P -2.803273 -6.100889 -1.396074 -4.654142
8 -9.9046 6.7947
3 -0.6904 -4.4654
2 9.0820 8.7944
9 7.4240 -0.4476
9 6.5956 -6.4702
4 4.4915 -3.8628
4 -7.2993 7.2241
7 3.9403 0.6575
4 -3.6843 10.2263
10 2.1865 5.0470
10 2.4177 0.3077
8 9.5365 -9.5338
9 -8.4894 1.1106
8 0.3962 5.7646
5 -7.5912 4.5499
5 -7.6669 5.0010
6 -6.1961 9.0501
1 -8.5462 0.0050
2 3.9403 4.7526
4 -4.6063 3.9895
10 -1.3961 -6.1009
6 -6.1961 9.0501
5 11.8543 -8.3917
2 0.8334 6.7853
8 9.5365 -9.5338
8 9.5365 -9.5338
10 -1.3961 -6.1009
9 4.4915 -3.8628
9 2.4106 -15.9464
6 -4.8998 -9.8926
4 4.4915 -3.8628
10 -8.5134 -1.0905
6 -6.1961 9.0501
1 4.4915 -3.8628
2 -9.4019 7.3034
6 -6.1961 9.0501
10 -2.1780 9.8031
5 11.8543 -8.3917
9 -7.2993 7.2241
6 -6.1961 9.0501
7 -6.8281 -6.2474
4 4.4915 -3.8628
10 9.1390 -4.0885
10 -2.8033 -4.6541
9 6.5730 -1.1535
10 6.8777 0.5497
3 -3.6843 10.2263
5 2.1113 -9.3646
2 -0.1953 0.6575
2 3.9403 0.6575
10 -2.8033 -6.1009
6 1.3645 3.8183
2 3.9403 4.7526
10 -1.3961 -6.1009
4 -8.9360 3.8280
4 8.7015 0.6991
8 9.5365 -9.5338
5 4.4155 -0.6222
5 11.8543 -8.3917
6 -6.1961 9.0501
9 7.4240 -0.4476
1 -9.9456 1.7090
9 0.1471 4.7803
6 -6.1961 9.0501
6 -6.1961 9.0501
7 -0.1953 4.7526
5 6.9082 -8.3917
9 -3.6843 10.2263
2 3.9403 0.6575
7 -8.9333 -5.6383
7 -9.1988 2.9785
8 9.5365 -9.5338
7 -5.0581 6.8805
1 4.4915 -3.8628
7 -0.1953 4.7526
1 4.4915 -3.8628
8 6.5638 -3.7950
6 5.8140 -7.8457
7 7.7403 1.4872
2 -0.4176 -0.6188
9 4.4915 -3.8628
4 4.4915 -3.8628
8 9.5365 -9.5338
4 -3.6843 10.2263
8 9.5365 -9.5338
10 -1.3961 -4.6541
4 -1.4875 7.4493
4 5.1258 -6.6435
8 -1.9646 -0.1451
2 3.6511 3.9213
3 4.4915 -3.8628
4 -3.6843 10.2263
9 -6.9271 -3.3003
2 -0.1953 0.6575
7 -3.0368 -7.7104
1 4.4915 -3.8628
8 9.5365 -9.5338
4 4.4915 -3.8628
10 0.7098 -5.5225
5 11.8543 -6.5326
