10 100
P 6.179635 9.222237 8.840877 10.663583
Z 1 6.179635 9.222237 5.876510 8.269286
Z 1 6.179635 10.663583 7.179398 10.641808
P -7.272025 7.379174 -3.903580 11.648584
Z 2 -5.001672 6.214310 -4.984532 9.952024
K -3.506061 0.946846 3.779761
Z 6 -1.244618 3.975454 -2.045888 4.573757
Z 5 -6.152686 -1.526352 9.846037 -2.905116
P -8.035986 -9.974175 -4.190844 -8.853875
P 9.760896 -0.900124 13.915007 0.698621
4 -7.2720 7.3792
5 5.1688 4.2178
6 -3.5061 0.9468
2 8.8409 9.2222
2 4.0074 10.7597
9 -4.1908 -9.9742
2 8.8409 9.2222
4 -7.2720 7.3792
8 -18.8161 9.3491
1 8.8409 10.6636
10 9.7609 -0.9001
9 7.3277 -5.6636
3 6.1796 9.2222
6 -3.5061 0.9468
2 6.1796 9.2222
6 -3.5061 0.9468
9 -8.0360 -9.9742
8 -16.1417 10.7659
3 6.2424 12.1036
10 6.2605 8.5104
9 -4.1908 -9.9742
10 -9.6234 0.8434
7 1.0168 7.0041
10 3.8057 -7.5978
1 -1.6980 -9.1884
10 9.7609 0.6986
10 9.7609 0.6986
2 8.8409 10.6636
4 -3.9036 7.3792
7 -3.5061 0.9468
4 2.8329 1.5334
6 -3.5061 0.9468
2 8.8409 9.2222
5 -16.1549 9.3247
2 -4.4614 2.8863
7 -3.5061 0.9468
7 1.0168 7.0041
8 -16.1417 10.7659
3 2.9148 -4.8318
10 9.7609 -0.9001
7 -3.5061 0.9468
5 -3.9020 -7.4217
7 -3.5061 0.9468
1 3.9003 -8.0534
5 -16.1549 9.3247
8 7.0123 10.3987
6 -3.5061 0.9468
3 6.1796 9.2222
10 13.9150 0.6986
2 8.0845 3.3553
6 7.2915 2.6346
5 -7.7395 -3.5818
4 -3.9036 7.3792
8 6.4502 1.1121
3 6.2424 12.1036
1 8.8409 9.2222
9 -6.6401 3.1208
5 -13.9687 10.8421
8 -17.8639 -10.5061
7 -5.4064 -3.4574
4 -3.9036 7.3792
7 -3.5061 0.9468
1 6.1796 10.6636
6 -3.5061 0.9468
1 8.8409 10.6636
4 -7.2720 11.6486
6 -3.5061 0.9468
3 6.1796 10.6636
7 4.9628 5.5807
7 1.0168 7.0041
7 -3.5061 0.9468
8 8.8409 9.2222
8 6.5342 -16.1018
4 -7.2720 11.6486
3 4.3905 -8.7812
2 6.1796 9.2222
7 -6.5953 2.2486
1 -5.6596 -4.8140
3 -5.1361 1.5898
5 -3.9126 5.0157
8 -20.4900 -10.0749
7 -3.5061 0.9468
8 6.1796 9.2222
4 -7.2720 7.3792
4 -3.9036 11.6486
1 8.8409 10.6636
2 8.8409 10.6636
3 6.2424 12.1036
5 6.1796 10.6636
4 8.8664 9.3136
1 6.1796 9.2222
7 1.0168 7.0041
7 1.0168 7.0041
10 13.9150 -0.9001
9 -8.0360 -8.8539
3 3.9951 3.7776
2 8.8409 9.2222
9 -8.0360 -8.8539
5 7.0123 10.3987
5 7.0123 10.3987
