10 100
K 2.971311 3.259384 4.524691
K -1.037906 -2.296102 4.525922
K 4.802987 -7.012370 2.460475
Z 1 2.971311 3.259384 3.741724 2.621839
Z 3 4.802987 -7.012370 4.532135 -7.974992
K -9.638078 -7.187374 2.831005
Z 5 -4.635046 -7.781457 -7.801590 6.263518
P 2.185590 5.830381 4.561134 9.324994
Z 8 2.185590 5.830381 3.078856 5.380852
K -3.984451 -4.339320 2.608919
4 2.9713 3.2594
5 4.8030 -7.0124
7 -13.4900 -11.1367
4 2.9713 3.2594
2 -1.0379 -2.2961
2 -3.6398 -0.1637
8 2.1856 9.3250
9 3.6011 3.9226
10 -4.2504 -4.4914
6 -5.1549 1.1155
4 3.4106 0.6146
10 -2.5929 9.2286
6 6.9961 -9.5551
6 -9.6381 -7.1874
9 9.7333 -3.7169
3 4.8030 -7.0124
4 2.9713 3.2594
3 8.6592 6.6704
1 2.9713 3.2594
9 2.1856 5.8304
6 -9.6381 -7.1874
7 -13.4900 -11.1367
6 3.1976 5.5354
10 -3.9845 -4.3393
1 2.9713 3.2594
1 -1.8961 -6.0736
7 -13.4900 -11.1367
10 -3.9845 -4.3393
5 4.8030 -7.0124
9 2.1856 5.8304
9 1.5314 -8.0594
8 4.5611 5.8304
3 4.8030 -7.0124
1 2.9713 3.2594
10 -3.9845 -4.3393
1 2.9713 3.2594
2 -1.0379 -2.2961
6 -9.6381 -7.1874
5 4.8030 -7.0124
7 -13.4900 -11.1367
10 5.5120 -6.4973
9 2.1856 5.8304
9 4.5611 5.8304
8 2.1856 5.8304
6 -9.6381 -7.1874
6 -9.6381 -7.1874
3 4.8030 -7.0124
4 2.9713 3.2594
4 6.1338 -8.4957
9 2.1856 5.8304
4 -7.7638 -9.1978
5 4.8030 -7.0124
4 -4.6130 -4.3052
9 3.6011 3.9226
8 4.5611 5.8304
4 2.1185 2.8242
5 4.8030 -7.0124
2 -1.0379 -2.2961
9 4.5611 5.8304
2 6.6735 3.7636
7 -13.4900 -11.1367
9 9.7018 0.3311
6 -9.6381 -7.1874
3 -3.6325 -2.4554
10 -3.9845 -4.3393
9 4.5611 5.8304
9 4.5611 9.3250
3 4.8030 -7.0124
10 -1.0717 -7.5680
8 4.5611 9.3250
10 -3.9845 -4.3393
10 -3.9845 -4.3393
3 4.8030 -7.0124
6 -9.6381 -7.1874
1 2.9713 3.2594
8 3.2737 -1.3052
5 -0.1301 -2.6381
9 0.7945 1.8403
7 9.0109 -7.9259
7 -13.4900 -11.1367
2 -1.0379 -2.2961
10 -3.9845 -4.3393
2 8.4757 -3.3368
7 -13.4900 -11.1367
1 3.4637 3.3412
6 -9.6381 -7.1874
4 7.8948 -5.6891
9 4.5611 5.8304
5 4.8030 -7.0124
6 3.8582 1.0443
6 -9.6381 -7.1874
6 -9.6381 -7.1874
5 4.8030 -7.0124
2 -1.0379 -2.2961
5 4.2845 3.9945
9 3.5459 4.5377
3 1.1133 2.9568
3 4.8030 -7.0124
6 -9.6381 -7.1874
7 4.8030 -7.0124
