10 100
P 9.419976 0.057853 11.429779 3.840419
P -2.307094 6.214567 1.541443 9.433370
K 8.231360 2.699333 4.542171
Z 1 1.399588 3.577566 3.644476 -2.568941
K -9.814101 -2.907759 2.517746
P -2.219115 -2.357801 -0.649606 -0.654480
P 7.168955 -7.973514 11.674370 -5.138552
Z 7 1.610210 -7.638060 4.063741 5.243458
Z 1 9.419976 3.840419 8.591897 3.279809
K -7.356658 -6.710512 1.537584
1 9.419976 3.840419
4 11.429779 0.057853
6 -0.649606 -0.654480
7 11.674370 -7.973514
1 11.429779 0.057853
5 -9.814101 -2.907759
2 1.541443 9.433370
1 11.429779 0.057853
2 9.402134 -2.085153
1 11.429779 0.057853
9 9.419976 3.840419
5 9.836143 5.492539
5 -9.814101 -2.907759
4 -0.979108 -6.628084
9 11.429779 0.057853
7 7.168955 -5.138552
9 -0.306310 -9.412694
3 -5.847125 -1.448882
4 -0.939786 -5.572534
7 11.674370 -7.973514
5 -9.814101 -2.907759
1 -3.393841 6.387344
6 -8.451351 8.084172
7 7.168955 -5.138552
8 -2.640505 -3.270153
3 8.231360 2.699333
3 8.231360 2.699333
1 11.429779 3.840419
6 -0.649606 -0.654480
3 2.045743 2.016162
6 -2.219115 -0.654480
7 7.168955 -5.138552
8 -3.682643 -5.906621
5 -9.814101 -2.907759
7 7.168955 -7.973514
7 9.426849 -0.503929
6 -2.219115 -0.654480
7 11.674370 -7.973514
4 11.429779 0.057853
7 7.168955 -5.138552
6 3.370223 -9.435750
8 -6.830465 -1.613953
2 7.591117 3.059571
3 8.231360 2.699333
9 -2.026965 -8.962196
10 -1.739579 1.411500
3 -2.890265 -9.397507
5 2.902181 3.457211
6 -5.029679 5.586733
3 8.231360 2.699333
7 -6.607168 -5.193770
9 -5.287348 6.371271
7 11.674370 -5.138552
9 5.908014 5.245384
9 7.959513 -9.437028
5 -9.814101 -2.907759
4 -5.925544 -3.569550
6 -9.417040 3.283173
2 -4.303662 7.998759
7 8.042510 4.783180
6 2.539667 4.240323
4 1.583853 8.586892
2 1.541443 6.214567
9 -0.676188 -6.155056
7 11.674370 -7.973514
2 -2.307094 6.214567
7 11.674370 -7.973514
7 11.674370 -7.973514
2 1.541443 6.214567
6 8.550241 1.283700
3 -1.787976 1.954281
6 -0.649606 -0.654480
1 9.419976 3.840419
5 -0.136903 -6.836082
9 9.419976 3.840419
7 7.168955 -7.973514
7 11.674370 -5.138552
3 -9.019054 4.240986
6 -0.649606 -2.357801
5 -9.814101 -2.907759
8 -6.830465 -1.613953
2 -2.307094 6.214567
9 5.908014 5.245384
10 -7.356658 -6.710512
7 7.168955 -7.973514
4 11.429779 3.840419
2 9.523298 -8.630976
6 1.330740 6.946626
8 8.272543 -3.030518
7 11.674370 -7.973514
5 -9.814101 -2.907759
6 -0.649606 -0.654480
6 -2.219115 -0.654480
5 -9.807012 -4.176739
1 11.429779 3.840419
7 -4.135302 0.617762
9 11.429779 3.840419
7 7.168955 -5.138552
5 -9.814101 -2.907759
10 -7.356658 -6.710512
