10 100
K 6.712145 -9.824762 1.969670
P 8.148394 0.469744 10.887406 4.055836
K -3.545647 3.995953 2.329882
P 1.303583 3.340624 4.572305 7.584733
Z 3 4.984918 0.158944 -5.673208 -7.265687
K 8.320273 2.414628 4.726642
P 8.516419 -2.857105 10.275322 1.677501
Z 4 -1.157578 1.242993 9.201937 -6.354124
K 1.305396 -8.745854 2.480225
K -3.763566 0.426326 4.670420
5 5.627867 -9.172712
6 8.320273 2.414628
3 -3.545647 3.995953
1 4.238320 7.085317
2 8.148394 4.055836
3 -3.545647 3.995953
9 1.305396 -8.745854
8 -5.483911 -6.128037
3 8.607235 7.766609
2 10.887406 0.469744
5 8.518618 4.559896
9 0.304548 -4.877188
6 8.320273 2.414628
9 1.305396 -8.745854
5 -3.545647 3.995953
9 1.305396 -8.745854
5 -3.545647 3.995953
3 -3.545647 3.995953
2 -7.343061 5.604949
1 6.712145 -9.824762
5 -2.782447 4.028230
6 -8.621103 3.976730
9 1.305396 -8.745854
2 10.887406 0.469744
7 4.928226 5.470547
6 1.849083 2.009249
4 4.572305 7.584733
7 10.275322 1.677501
4 4.572305 7.584733
1 8.259666 6.673000
9 1.305396 -8.745854
8 1.303583 7.584733
8 1.626822 -4.516962
4 -4.414501 0.635518
7 10.275322 -2.857105
10 3.062963 -0.252403
6 -3.094896 0.107133
10 -3.763566 0.426326
7 8.516419 -2.857105
4 1.303583 3.340624
5 5.627867 -9.172712
9 1.305396 -8.745854
7 -0.430831 4.074447
10 -7.983946 -8.759158
7 3.036192 1.567081
9 1.305396 -8.745854
8 -6.466363 -3.010451
9 1.305396 -8.745854
9 1.305396 -8.745854
2 10.887406 0.469744
10 -5.670054 -5.636800
7 8.516419 1.677501
2 -6.923975 4.462911
4 4.572305 3.340624
3 -3.545647 3.995953
5 -2.145763 1.590386
1 -1.928525 -2.161568
5 5.627867 -9.172712
10 -3.763566 0.426326
1 6.712145 -9.824762
10 -3.763566 0.426326
5 -3.545647 3.995953
4 -6.050627 -4.178535
2 10.887406 0.469744
5 -1.757596 0.940202
5 -3.545647 3.995953
3 -3.545647 3.995953
7 -5.622622 9.295384
8 -4.078684 -1.220547
1 6.712145 -9.824762
2 10.887406 0.469744
9 1.305396 -8.745854
5 5.378149 1.461710
2 -7.642772 1.430102
7 -5.740952 0.215205
3 -3.545647 3.995953
9 1.305396 -8.745854
5 5.627867 -9.172712
5 6.922557 -9.320667
1 -9.555005 -8.844863
10 -3.763566 0.426326
7 -2.940092 0.409531
3 -3.545647 3.995953
5 5.627867 -9.172712
4 1.303583 7.584733
10 -3.763566 0.426326
6 8.320273 2.414628
4 4.572305 3.340624
8 -5.483911 -6.128037
7 10.275322 -2.857105
3 7.334988 4.247119
4 -5.969417 2.471951
2 1.643931 -2.776322
5 5.627867 -9.172712
5 5.627867 -9.172712
8 1.303583 7.584733
7 10.275322 -2.857105
1 6.712145 -9.824762
5 5.627867 -9.172712
6 8.320273 2.414628
