10 100
P -2.813584 -8.158149 -0.013336 -4.268901
Z 1 -0.013336 -4.268901 0.482740 -5.137181
K -2.789561 2.926682 2.906749
P 0.053881 -8.611096 3.289208 -4.063981
Z 4 6.187476 -4.356829 6.270631 -7.502576
Z 5 0.053881 -8.611096 -0.939655 -8.497577
P 6.877168 -6.334129 8.770844 -2.161593
K -1.571440 8.088180 2.124756
Z 4 -0.026784 -6.187127 8.123451 -7.615217
Z 8 2.308466 3.905355 -5.831920 3.365152
6 3.2892 -4.0640
8 9.4142 3.2613
5 -6.1153 -1.8434
1 -3.9916 -0.9146
3 -2.7896 2.9267
1 -2.8136 -8.1581
10 -3.2233 2.4506
6 9.0321 -10.8532
9 -0.6728 -8.2112
1 -2.8136 -4.2689
2 9.1067 9.1921
10 -1.5714 8.0882
3 -2.7896 2.9267
4 0.0539 -4.0640
5 0.0539 -4.0640
5 -0.7759 -4.7222
8 -9.8662 -5.6232
1 -0.0133 -4.2689
2 -2.8136 -4.2689
5 9.0662 -3.9113
4 -5.2453 9.0303
8 -1.5714 8.0882
2 2.8258 7.0786
10 -0.9847 -0.7535
9 -9.9098 3.6267
1 -2.8136 -4.2689
4 3.2892 -8.6111
4 3.2892 -8.6111
1 0.7386 -2.8493
8 -1.5714 8.0882
5 3.2892 -4.0640
8 -1.5714 8.0882
3 -2.7896 2.9267
5 6.6086 2.6365
3 -2.7896 2.9267
5 9.3065 -8.4520
10 7.2211 6.2584
10 -1.5714 8.0882
6 0.3090 9.4220
9 0.8732 -3.9350
7 2.6376 -4.8163
4 0.0539 -4.0640
5 3.2892 -4.0640
8 -1.5714 8.0882
4 3.2892 -8.6111
7 8.7708 -2.1616
2 1.4087 -1.8566
8 -1.5714 8.0882
3 -2.7896 2.9267
3 -2.7896 2.9267
10 -1.5714 8.0882
1 -1.9095 -5.1853
7 6.8772 -6.3341
2 -5.3210 4.2760
3 -2.7896 2.9267
7 -8.2599 -1.2138
10 -0.9847 -0.7535
9 4.4689 -8.8276
10 -0.9847 -0.7535
2 -2.8136 -8.1581
2 2.6709 -0.0949
7 6.8772 -6.3341
5 2.9114 9.6126
6 0.0539 -8.6111
10 -1.5714 8.0882
6 0.0539 -8.6111
7 8.7708 -6.3341
7 6.8772 -6.3341
5 -4.3276 0.2157
4 0.0539 -4.0640
3 -2.7896 2.9267
4 3.2892 -8.6111
2 -2.8136 -8.1581
9 3.9158 -5.0350
4 0.0539 -8.6111
1 -2.8136 -4.2689
8 -1.5714 8.0882
6 10.8828 -16.1180
9 0.8732 -3.9350
1 -0.0133 -4.2689
4 3.2892 -8.6111
10 -1.5714 8.0882
4 0.0539 -4.0640
9 8.6672 5.1063
5 0.0539 -8.6111
3 -2.7896 2.9267
2 -1.2958 5.6893
6 -0.9718 -13.0410
9 8.1300 -2.0695
3 -2.7896 2.9267
8 -4.7220 3.4225
6 0.0539 -8.6111
7 8.7708 -6.3341
7 8.7708 -2.1616
6 3.2192 2.5732
8 1.6861 -9.8473
4 5.9123 -3.5356
10 2.5467 0.4023
8 -1.5714 8.0882
2 1.4087 -1.8566
