10 100
K 7.648748 0.881988 1.737591
P -3.887587 -3.972881 -1.233316 -2.370480
K 9.638497 7.303436 1.094936
P 1.142401 -9.632784 2.178168 -6.483024
Z 4 1.214557 5.469793 3.809661 -8.506047
P -3.419776 9.654181 0.449015 10.864650
K -4.436640 4.355493 1.341483
P -2.988688 -2.287937 0.690092 -0.737788
P 9.635838 7.594326 11.004924 12.169557
P -0.192168 -7.943877 2.085998 -3.138942
6 0.449015 10.864650
10 2.085998 -7.943877
4 2.178168 -6.483024
4 2.178168 -9.632784
6 5.830564 -1.177970
3 9.638497 7.303436
3 9.638497 7.303436
2 -3.887587 -2.370480
4 -7.268009 -6.074344
5 5.572873 -5.660351
4 -2.880963 -7.659384
10 -0.192168 -3.138942
2 -1.233316 -2.370480
10 -0.995865 6.504441
9 11.004924 7.594326
5 2.178168 -9.632784
8 -2.988688 -0.737788
10 -5.882585 -2.248941
9 9.635838 7.594326
1 -5.293517 -0.134926
9 11.004924 7.594326
10 -9.139264 -1.361833
10 -9.730198 6.724191
5 5.572873 -5.660351
8 -2.277596 -2.720847
5 5.572873 -5.660351
10 -0.192168 -7.943877
2 -1.233316 -2.370480
1 7.648748 0.881988
4 7.612323 4.365198
3 9.638497 7.303436
4 -2.834282 -2.242566
8 -2.988688 -0.737788
8 -2.988688 -2.287937
8 -7.262318 3.695949
6 0.449015 9.654181
7 -4.436640 4.355493
4 1.142401 -6.483024
4 1.142401 -9.632784
9 11.004924 12.169557
6 0.449015 10.864650
4 1.142401 -6.483024
10 -0.192168 -3.138942
3 -2.678600 5.085802
1 -5.897670 4.447003
2 3.334880 0.503132
3 -9.559590 -3.046618
1 7.648748 0.881988
10 -1.730238 1.381721
2 -3.887587 -3.972881
7 -2.305298 0.607855
4 4.791989 -0.778234
9 11.004924 12.169557
3 9.916278 2.682640
3 9.638497 7.303436
1 7.648748 0.881988
5 3.698965 8.658568
10 8.285318 4.895191
3 -8.451334 8.157335
5 2.178168 -6.483024
3 9.638497 7.303436
6 0.449015 9.654181
2 -2.150298 2.943384
4 -3.264922 -6.854972
6 -0.184785 -8.329903
1 -4.805999 4.832826
4 1.142401 -9.632784
9 9.635838 7.594326
2 -1.233316 -3.972881
2 3.391399 -5.932962
4 0.842505 -9.878343
4 6.340119 -9.381530
5 5.736889 -8.971983
2 -3.887587 -2.370480
7 -4.436640 4.355493
2 -1.433523 8.222386
3 -0.233470 0.147710
9 9.635838 7.594326
5 -3.148475 -3.148399
2 0.460559 1.120251
2 7.688608 -4.966716
7 -4.436640 4.355493
5 1.142401 -6.483024
3 9.638497 7.303436
7 4.427972 1.045787
7 -4.436640 4.355493
6 0.449015 10.864650
1 -1.639018 1.886946
3 9.638497 7.303436
8 -2.988688 -2.287937
5 4.606149 -6.032184
10 2.085998 -3.138942
2 -3.887587 -2.370480
1 9.388816 9.710114
5 4.606149 -6.032184
4 1.471013 -0.876178
3 9.638497 7.303436
2 -3.887587 -3.972881
5 6.703613 -8.600151
9 11.004924 7.594326
