10 100
K -2.020677 1.584159 1.378631
Z 1 -2.020677 1.584159 -2.196672 2.568550
Z 1 -2.020677 1.584159 -1.174744 2.117449
P -7.869313 -1.811517 -6.206218 1.730661
P -5.229557 -1.431488 -3.380863 3.095516
P -8.933420 -9.299856 -5.672265 -5.126148
P 4.782360 -5.203250 7.843852 -3.218731
K 4.473292 9.381396 1.224448
K 1.726452 -2.716000 4.013576
K 3.441339 -4.595169 4.089985
10 3.4413 -4.5952
8 -9.5850 6.3007
1 -2.0207 1.5842
5 -3.3809 -1.4315
8 4.4733 9.3814
5 -4.9170 7.6486
3 -4.4673 0.2322
6 -5.6723 -5.1261
3 -2.0207 1.5842
10 3.4413 -4.5952
5 -8.6537 -6.1763
3 2.8891 -9.9623
1 -2.0207 1.5842
10 3.4413 -4.5952
7 0.7848 -6.0146
1 -2.0207 1.5842
3 -2.0207 1.5842
6 -6.6669 2.0422
2 -2.0207 1.5842
2 -2.0207 1.5842
2 -2.0207 1.5842
1 -2.0207 1.5842
6 -5.6723 -5.1261
7 4.7824 -3.2187
7 4.7824 -3.2187
2 -8.4352 0.3247
10 6.1954 -6.6188
4 -6.2062 1.7307
10 3.4413 -4.5952
4 -7.8693 1.7307
2 4.5687 3.3087
7 4.7824 -3.2187
10 9.0293 4.7959
2 -6.9998 -9.1381
5 -5.2296 3.0955
1 -2.0207 1.5842
8 0.4239 7.6525
4 -3.8509 -5.9514
5 0.0784 8.9595
7 4.7824 -3.2187
7 -2.3599 -0.8265
8 7.2576 -5.7665
10 -8.8011 -3.2620
8 4.4733 9.3814
10 3.4413 -4.5952
7 3.7287 9.5244
1 -2.0207 1.5842
5 -5.2296 3.0955
3 -4.7393 6.2562
4 -6.2062 -1.8115
1 -2.0207 1.5842
9 1.7265 -2.7160
2 -2.0207 1.5842
2 -2.0207 1.5842
6 7.7424 1.9087
9 -7.3424 8.4086
5 -1.5172 0.3906
4 -7.8693 1.7307
1 -2.0207 1.5842
5 -5.7741 -4.5400
1 -2.0207 1.5842
3 -2.0207 1.5842
8 4.4733 9.3814
1 -2.0207 1.5842
10 9.8998 1.6598
5 -4.0377 5.4391
5 -3.3809 -1.4315
6 -8.9334 -5.1261
5 -3.5961 -3.6092
1 -2.0207 1.5842
3 -2.0207 1.5842
5 7.6015 2.0195
6 -5.6723 -5.1261
4 -7.8693 -1.8115
7 7.8439 -5.2033
9 1.7265 -2.7160
5 -2.1130 -4.3435
4 -6.2062 1.7307
10 4.0783 -5.9458
1 -4.6509 -2.9949
2 -2.0207 1.5842
5 -5.2296 3.0955
7 7.8439 -5.2033
8 -5.3512 -5.7909
3 -2.0207 1.5842
1 -4.2247 -2.0741
10 -3.9018 5.7045
4 -6.2062 1.7307
10 3.4413 -4.5952
8 5.0081 0.1278
7 7.2352 4.8947
7 4.7824 -5.2033
9 1.7265 -2.7160
1 -2.0207 1.5842
5 -3.3809 3.0955
4 -6.2062 1.7307
5 -7.3114 2.3954
1 -2.0207 1.5842
2 -2.0207 1.5842
8 4.4733 9.3814
