10 100
P 9.564494 7.284650 11.046365 9.686566
Z 1 11.046365 7.284650 11.247800 6.305148
P -4.683750 -3.649502 -1.400775 1.027525
K 1.677135 4.464016 3.771056
Z 2 9.564494 9.686566 8.899628 8.939603
P 5.293678 -7.589049 8.462835 -4.410783
K 8.193637 7.263958 1.108848
P 3.431440 -1.169407 5.430725 1.118450
Z 7 9.207544 7.712886 8.802685 8.627265
K 7.915349 -1.757056 3.976460
3 -4.683750 -3.649502
6 -2.390026 -8.603246
8 5.430725 1.118450
4 1.677135 4.464016
3 -1.400775 1.027525
2 -3.188218 -5.170976
4 1.677135 4.464016
10 7.915349 -1.757056
6 8.462835 -7.589049
1 2.408055 4.131207
10 7.915349 -1.757056
2 -3.373822 -2.807832
2 11.046365 7.284650
8 3.431440 -1.169407
1 9.564494 7.284650
3 9.471626 -4.066045
5 9.731990 11.614633
1 9.564494 9.686566
1 11.046365 7.284650
10 7.915349 -1.757056
2 -0.500566 9.875922
9 10.221452 8.161815
1 11.046365 9.686566
5 12.407978 7.869415
2 3.109315 -3.893015
1 -2.261512 -5.693024
9 10.221452 8.161815
9 10.221452 8.161815
10 4.727159 9.900158
1 9.564494 9.686566
6 -7.766072 -6.759338
5 3.835853 8.612113
2 11.046365 7.284650
4 1.677135 4.464016
5 10.098539 9.491645
2 -4.107239 2.766593
3 -0.744878 -1.867314
6 8.462835 -7.589049
1 -3.538766 -8.314383
2 11.460152 10.076410
4 1.862496 4.982870
10 -1.572432 7.729183
10 7.915349 -1.757056
2 11.046365 7.284650
4 1.677135 4.464016
2 11.046365 7.284650
4 1.677135 4.464016
1 9.564494 7.284650
7 8.193637 7.263958
9 -7.109528 5.536817
2 11.046365 7.284650
7 8.193637 7.263958
8 5.430725 -1.169407
10 8.124634 -0.327453
9 10.221452 8.161815
7 2.035965 1.240220
1 9.564494 9.686566
9 8.193637 7.263958
5 -1.009643 4.120023
10 7.915349 -1.757056
9 8.193637 7.263958
8 5.430725 -1.169407
6 8.462835 -7.589049
5 9.308987 10.194418
2 11.046365 7.284650
1 9.564494 9.686566
7 8.193637 7.263958
1 -1.992863 -3.976570
2 -2.757164 -6.792412
1 11.046365 9.686566
1 -5.846266 1.848009
1 9.564494 7.284650
10 -2.477605 0.107851
10 7.915349 -1.757056
1 9.564494 9.686566
9 9.369490 -3.563206
10 6.750995 9.325430
8 3.431440 -1.169407
10 -3.178707 -2.941730
8 -5.434580 -4.455388
8 -3.263305 5.267020
1 -9.900676 -5.318997
7 4.767927 -2.738810
6 8.462835 -7.589049
1 0.794292 -9.234979
3 -1.400775 -3.649502
10 -1.696566 -7.533744
4 1.677135 4.464016
8 3.431440 -1.169407
2 2.438588 7.007472
9 7.457260 2.047285
4 1.677135 4.464016
4 1.677135 4.464016
7 8.193637 7.263958
5 -8.363911 -8.811678
6 -8.999422 0.446651
7 2.001361 -2.175866
9 8.193637 7.263958
8 5.430725 -1.169407
7 -4.869267 4.915676
