10 100
K -2.840440 1.574732 2.982340
K -2.092242 -1.304952 2.879419
P 7.887150 -1.098870 12.280017 0.270814
Z 3 5.343766 7.976184 -3.958458 -0.039271
Z 4 -5.527772 -0.514625 -5.805941 -9.590625
Z 2 -2.092242 -1.304952 -2.238178 -0.315658
K -9.920157 3.636330 2.615450
K 6.836954 8.415584 1.342896
K 2.937122 -3.603820 2.158108
P 5.724827 -9.301201 9.718240 -8.112077
9 -5.3722 -2.4118
6 -2.0922 -1.3050
2 -5.0230 -4.4366
10 9.7182 -8.1121
4 -2.6065 16.1775
1 8.8841 5.7138
6 -2.0922 -1.3050
3 7.8872 -1.0989
3 12.2800 0.2708
7 -9.9202 3.6363
6 8.4621 -5.9493
10 5.7248 -9.3012
8 3.1126 6.2164
4 -1.2519 15.9751
9 2.9371 -3.6038
8 2.5316 0.7726
5 7.8872 -1.0989
8 6.8370 8.4156
8 6.8370 8.4156
4 7.8872 -1.0989
10 5.7248 -8.1121
9 2.9371 -3.6038
4 7.8872 0.2708
3 12.2800 -1.0989
4 3.0920 1.9160
8 6.8370 8.4156
7 6.3058 9.4053
2 -2.0922 -1.3050
1 -2.8404 1.5747
4 7.8872 -1.0989
7 3.1121 -4.2847
2 -2.0922 -1.3050
1 -7.0975 5.5956
4 -4.8243 5.7102
7 -9.9202 3.6363
2 -2.0922 -1.3050
8 6.8370 8.4156
1 -2.8404 1.5747
9 2.9371 -3.6038
8 6.8370 8.4156
5 -7.0394 11.9488
1 9.2212 0.7263
6 7.2764 4.0025
3 12.2800 -1.0989
2 -2.0922 -1.3050
10 8.8876 8.2875
4 12.2800 0.2708
9 2.9371 -3.6038
3 12.2800 -1.0989
6 1.8345 7.3770
6 -6.6201 -1.5462
3 -2.5026 -7.7190
10 5.7248 -8.1121
3 7.8872 -1.0989
8 6.8370 8.4156
3 12.2800 0.2708
6 -2.0922 -1.3050
7 -3.8068 -4.1095
9 -7.6313 9.2321
2 -8.2441 5.0348
2 -3.3375 -5.5801
8 6.8370 8.4156
10 9.7182 -8.1121
6 9.9731 1.1680
3 7.8872 -1.0989
6 -7.7029 5.2571
3 12.2800 0.2708
7 -7.1449 -7.5936
4 -1.4735 -1.2741
10 5.7248 -9.3012
6 -2.0922 -1.3050
6 -2.0922 -1.3050
1 -2.8404 1.5747
5 -3.2557 11.8329
5 -3.2557 11.8329
3 7.8872 -1.0989
9 -4.3427 1.8906
8 6.8370 8.4156
4 -1.2519 15.9751
3 7.8872 -1.0989
7 -9.9202 3.6363
4 -1.9011 11.6304
3 12.2800 0.2708
1 -2.8404 1.5747
4 7.8872 0.2708
4 -1.9011 11.6304
4 -2.6065 16.1775
2 -2.0922 -1.3050
6 -2.0922 -1.3050
5 1.6232 -1.9709
5 -5.5585 -3.2270
5 7.8872 -1.0989
3 7.8872 -1.0989
2 -2.0922 -1.3050
1 -2.8404 1.5747
10 2.3656 6.8052
4 -2.6065 16.1775
7 -9.9202 3.6363
3 0.8480 -0.6504
7 -2.4994 8.9492
