10 100
K -0.686623 -8.021693 4.069642
K -6.794186 -8.568481 2.052476
P 9.504299 1.099451 11.633991 4.220592
Z 3 2.482952 8.151359 -0.868012 8.598460
Z 1 -2.798567 -11.500439 -1.943762 -12.019390
P 3.239915 8.677636 5.157038 12.046016
Z 2 -5.065764 -7.461586 -5.605062 -6.619470
Z 7 -6.794186 -8.568481 -6.765538 -9.568071
Z 8 -6.018879 -10.468892 -5.092968 -10.091150
K -9.580314 -9.635553 2.412182
5 4.549295 -8.417236
3 11.633991 1.099451
3 9.504299 1.099451
2 -6.794186 -8.568481
6 3.239915 12.046016
1 -0.686623 -8.021693
4 10.289257 10.103756
3 11.633991 4.220592
6 7.044782 6.521689
8 -3.337343 -6.354690
10 -9.580314 -9.635553
3 -7.359888 1.645698
4 9.504299 1.099451
5 -2.066722 -5.369800
7 3.265532 -8.837569
2 1.138050 -8.466673
3 9.504299 1.099451
7 -9.656914 2.208502
1 -0.428849 2.576499
8 -3.337343 -6.354690
7 -6.794186 -8.568481
8 -3.337343 -6.354690
4 -3.201071 -2.302111
2 3.251170 1.832521
7 -6.794186 -8.568481
6 5.157038 8.677636
2 -6.030090 1.399912
10 -9.580314 -9.635553
3 9.504299 4.220592
9 -6.392922 -16.310068
8 -6.794186 -8.568481
9 5.588476 0.942711
4 11.633991 4.220592
2 -6.794186 -8.568481
9 -5.243573 -12.369302
1 9.253337 -9.015233
3 9.504299 1.099451
6 0.547661 -3.291186
4 13.162754 12.557350
2 -6.794186 -8.568481
4 11.633991 4.220592
10 -9.580314 -9.635553
1 -0.686623 -8.021693
5 -7.087233 -5.862394
3 -8.631964 7.691901
8 -10.372144 -6.556305
8 -6.794186 -8.568481
6 1.262254 -5.901575
10 -9.580314 -9.635553
2 -6.794186 -8.568481
1 -0.686623 -8.021693
6 3.239915 8.677636
2 -5.158376 -5.370217
6 3.239915 8.677636
10 -9.580314 -9.635553
3 11.633991 4.220592
4 10.289257 10.103756
5 -8.997380 8.943513
2 -6.794186 -8.568481
4 11.633991 4.220592
6 -2.354851 6.848470
6 7.437870 -8.004598
2 -6.794186 -8.568481
7 -3.337343 -6.354690
10 -0.433919 -8.648227
5 -4.910510 -14.979185
9 -3.337343 -6.354690
10 5.580124 -2.546223
3 11.633991 4.220592
7 -3.337343 -6.354690
6 1.372177 8.076015
10 -9.580314 -9.635553
1 -0.686623 -8.021693
3 -1.540976 0.541385
1 3.673729 2.039485
6 5.684806 -0.157035
1 3.035896 1.014200
7 3.005947 -1.052604
5 3.771599 -0.041656
1 -0.686623 -8.021693
2 -5.812689 5.154624
10 -9.580314 -9.635553
8 -6.794186 -8.568481
9 -1.224665 -11.533228
9 -1.224665 -11.533228
10 -9.580314 -9.635553
2 -6.794186 -8.568481
7 -3.337343 -6.354690
7 -4.272681 -5.126324
3 9.504299 1.099451
6 3.239915 12.046016
5 9.467552 5.111257
5 4.090845 8.601097
10 -9.580314 -9.635553
10 -9.580314 -9.635553
9 -4.104772 8.550327
10 -8.282514 6.903417
10 -9.580314 -9.635553
4 13.162754 12.557350
9 -3.646596 3.979195
