10 100
P 1.426752 -5.692523 5.878573 -4.351071
K 3.699005 2.027521 1.811284
P -3.208959 -8.012423 -0.381308 -5.747546
P 0.691733 -3.389382 3.585463 -0.847579
P 5.654468 7.216331 10.469663 8.344029
K -5.457610 -2.455050 1.369839
Z 6 -5.457610 -2.455050 -6.412341 -2.752522
P -4.975001 7.595876 -0.342628 9.159798
K -4.805753 -0.916404 2.490806
K -4.774442 5.465905 3.158253
4 3.5855 -3.3894
9 -4.8058 -0.9164
10 -4.7744 5.4659
1 1.4268 -4.3511
6 0.0111 -0.3496
7 -5.4576 -2.4550
9 -4.8058 -0.9164
10 3.1989 1.2543
10 -4.7744 5.4659
5 5.7551 6.8678
2 3.6990 2.0275
2 3.6990 2.0275
9 -0.3167 4.5673
7 -5.4576 -2.4550
9 -4.8058 -0.9164
4 0.6917 -3.3894
2 -3.0677 7.7827
6 -5.4576 -2.4550
5 5.6545 8.3440
5 6.2614 -0.6682
8 -0.3426 9.1598
1 1.4268 -4.3511
6 -5.4576 -2.4550
10 1.3602 0.8308
9 -4.8058 -0.9164
1 5.8786 -4.3511
6 -4.3947 -4.9265
9 -4.8058 -0.9164
1 1.4268 -4.3511
8 4.2251 -4.8591
1 1.4268 -4.3511
10 -4.7744 5.4659
2 3.6990 2.0275
1 1.4268 -5.6925
5 5.6545 8.3440
10 2.4803 -1.0843
2 6.9472 4.4570
9 -4.8058 -0.9164
1 1.4268 -5.6925
8 -4.9750 7.5959
8 -0.3426 7.5959
7 -9.0416 -6.5799
9 2.5894 -6.8838
6 -5.4576 -2.4550
6 -5.4576 -2.4550
1 5.8786 -5.6925
1 5.8786 -4.3511
9 2.1525 0.7046
3 -0.3813 -5.7475
2 4.5742 -0.2237
8 8.9625 -2.5882
7 -6.8523 -3.4624
9 -4.8058 -0.9164
4 3.5855 -0.8476
10 -4.7744 5.4659
6 -5.4576 -2.4550
9 -4.8058 -0.9164
6 -5.4576 -2.4550
7 -5.4576 -2.4550
2 3.6990 2.0275
4 0.6917 -0.8476
6 -5.4576 -2.4550
7 5.3308 -9.0770
9 -4.8058 -0.9164
5 -8.7893 -5.9247
5 10.4697 7.2163
3 9.3742 4.4787
5 10.4697 7.2163
1 5.8786 -5.6925
9 -4.8058 -0.9164
8 -0.3426 7.5959
9 2.0038 5.2296
2 -8.6104 4.5225
6 8.3450 -3.8703
2 3.6990 2.0275
7 -5.4576 -2.4550
3 -2.8691 -1.0104
6 -5.4576 -2.4550
7 -5.4576 -2.4550
2 8.7037 7.0556
4 3.5855 -3.3894
1 -7.1269 9.4316
1 4.2215 4.0660
9 -4.8058 -0.9164
2 -2.6070 3.5025
4 2.9930 -1.5970
10 -4.7744 5.4659
4 0.6917 -0.8476
9 -4.8058 -0.9164
10 7.6019 5.7672
5 5.6545 7.2163
7 -5.4576 -2.4550
8 -1.0348 6.4736
1 -0.6767 -7.2081
10 -8.1329 5.2861
1 5.8786 -4.3511
10 -4.7744 5.4659
7 -7.7763 -2.7449
1 1.4268 -5.6925
3 -0.3813 -5.7475
