10 100
K 6.968426 7.682768 2.784415
Z 1 6.968426 7.682768 7.022376 6.684225
Z 2 3.622073 -2.860600 0.401609 -1.730782
P 2.075090 5.478224 4.692856 7.421993
K -9.616350 6.994371 2.003868
P -2.408647 -9.017343 -0.128095 -7.055886
Z 2 4.230770 8.190905 4.048277 7.207697
K -0.061066 -5.309729 4.632315
K -2.525416 4.837130 1.430989
P 4.857430 -5.462524 8.520707 -1.937790
3 -7.3760 -2.0710
1 -8.7677 -1.2743
5 -9.6163 6.9944
5 -9.6163 6.9944
5 8.3589 7.3254
7 1.4931 8.6990
6 -2.4086 -9.0173
6 -2.4086 -7.0559
5 4.0543 8.8643
3 6.9684 7.6828
10 4.8574 -5.4625
2 6.9684 7.6828
1 9.9860 3.8905
1 6.9684 7.6828
7 -9.7404 3.9060
5 -9.6163 6.9944
9 -5.0986 7.2373
3 -0.3521 -13.1837
9 9.9229 -4.3157
5 -4.1454 4.6354
5 -2.0778 -3.2805
4 -4.2989 -5.8475
10 4.8574 -1.9378
9 -2.5254 4.8371
10 4.8574 -1.9378
8 -0.0611 -5.3097
9 8.0178 -1.6366
7 1.4931 8.6990
6 -2.4086 -7.0559
9 -5.3546 2.1071
8 -0.0611 -5.3097
8 -0.0611 -5.3097
10 8.5207 -5.4625
5 -9.6163 6.9944
8 -0.0611 -5.3097
8 -5.9409 5.1246
10 4.8574 -5.4625
7 6.9684 7.6828
4 2.0751 5.4782
1 6.9684 7.6828
7 6.9684 7.6828
7 6.9684 7.6828
9 -2.5254 4.8371
3 6.9684 7.6828
3 -6.9316 9.7201
8 -0.0611 -5.3097
8 -0.0611 -5.3097
9 -2.5254 4.8371
6 -0.1281 -9.0173
1 6.9684 7.6828
8 -0.0611 -5.3097
9 6.9464 -6.1590
1 -3.8961 3.7714
4 4.6929 5.4782
8 -0.0611 -5.3097
9 -2.5254 4.8371
2 6.9684 7.6828
1 6.9684 7.6828
2 6.9684 7.6828
8 -0.0611 -5.3097
10 8.5207 -1.9378
3 -0.6434 -9.5477
3 2.1667 -6.2809
8 -0.0611 -5.3097
2 6.9684 7.6828
10 8.5207 -5.4625
8 -0.0611 -5.3097
10 4.8574 -5.4625
4 2.0751 7.4220
9 -2.5254 4.8371
8 -7.5137 -7.0934
1 -8.1474 4.8880
4 -4.6791 3.6174
3 6.8876 2.2519
5 -9.6163 6.9944
9 -3.2361 -1.4913
9 -2.5254 4.8371
2 6.9684 7.6828
2 6.9684 7.6828
6 -0.1281 -9.0173
3 -1.3241 -3.2119
2 6.9684 7.6828
1 -6.2806 -3.1358
10 -0.1757 -9.2635
5 -9.6163 6.9944
8 -0.0611 -5.3097
7 7.5337 -7.3329
8 -0.0611 -5.3097
3 6.9684 7.6828
1 6.9684 7.6828
3 6.9684 7.6828
7 -1.0264 5.0881
7 6.9684 7.6828
10 9.9919 4.8460
1 6.9684 7.6828
3 -0.3521 -13.1837
9 -2.5254 4.8371
10 -6.5826 6.5608
9 -2.5254 4.8371
7 -7.3934 9.2609
