10 100
P 3.102245 9.159630 7.971820 12.144285
P -6.384849 2.885845 -3.471756 6.803931
P -1.894498 1.102108 -0.723545 4.871863
K -1.716288 7.216447 4.307229
P -1.103652 -7.819166 3.168415 -5.791614
P -9.344077 -9.194377 -6.186753 -7.958091
K -4.936988 -2.995179 1.567283
P -1.540808 5.770538 0.041471 7.777120
P -6.489766 -2.194173 -1.567787 2.408434
P 7.417107 -2.403068 11.937127 0.682299
6 -3.806502 4.214326
2 -6.384849 2.885845
5 3.168415 -5.791614
7 -4.936988 -2.995179
8 1.672818 -5.948862
1 7.971820 9.159630
10 11.937127 0.682299
6 1.908084 -9.361596
10 -3.371759 -8.033256
4 -1.716288 7.216447
4 7.166913 -1.388408
7 -4.936988 -2.995179
5 3.168415 -7.819166
5 5.038697 0.164414
5 -1.103652 -7.819166
7 -4.936988 -2.995179
9 -1.567787 2.408434
5 3.168415 -7.819166
3 -1.894498 1.102108
6 -6.186753 -9.194377
7 -4.936988 -2.995179
7 -4.936988 -2.995179
9 -1.567787 2.408434
1 7.971820 9.159630
2 -6.384849 6.803931
3 -0.723545 4.871863
3 -1.894498 4.871863
9 -1.567787 2.408434
4 -1.716288 7.216447
3 -4.291405 -7.920288
2 -3.471756 2.885845
3 -0.723545 4.871863
7 -4.936988 -2.995179
2 -8.643414 -9.234735
1 7.971820 9.159630
6 -5.063698 0.977990
1 3.102245 9.159630
7 2.098857 4.630342
4 -4.543332 -6.549925
3 1.396673 -9.964845
6 -5.897839 1.490698
6 -5.564777 -9.601420
3 8.572815 -0.843788
6 -6.186753 -7.958091
1 7.971820 9.159630
3 -1.894498 4.871863
6 8.844511 4.525360
1 8.501144 7.637978
1 7.971820 9.159630
3 -1.894498 4.871863
5 -1.103652 -7.819166
7 -4.936988 -2.995179
10 11.937127 0.682299
2 -3.471756 6.803931
9 -6.489766 -2.194173
6 -0.953558 1.230405
9 -1.567787 -2.194173
7 -6.071795 -9.096866
3 -0.723545 1.102108
10 7.417107 -2.403068
9 -6.489766 -2.194173
7 8.010256 3.121221
8 0.128006 -4.088741
6 -7.883388 -9.821180
5 -1.103652 -7.819166
2 -3.471756 2.885845
2 -6.384849 6.803931
9 -1.567787 2.408434
7 5.428573 6.736326
8 0.041471 5.770538
1 4.903163 -9.492181
5 -1.103652 -5.791614
1 3.102245 9.159630
8 -1.540808 7.777120
5 -0.888836 5.104757
4 -3.883083 4.496587
1 -1.832891 4.000931
10 7.417107 -2.403068
8 -0.681012 -8.485238
7 -4.936988 -2.995179
2 5.892358 -1.865089
9 -4.237648 9.800800
8 -1.540808 7.777120
2 -6.306837 9.355103
8 0.041471 5.770538
2 -3.471756 6.803931
10 11.937127 0.682299
3 -0.303866 3.019111
4 -1.716288 7.216447
4 -1.716288 7.216447
7 -4.936988 -2.995179
8 0.041471 7.777120
9 -1.567787 2.408434
2 -3.471756 2.885845
9 -6.489766 -2.194173
8 1.601158 5.715323
3 -0.723545 4.871863
5 -1.103652 -5.791614
4 7.376431 1.315297
9 -1.567787 -2.194173
