10 100
P 7.698360 -1.197830 9.382575 1.838120
Z 1 9.382575 -1.197830 9.503040 -2.190548
P 1.847815 -9.312060 5.547079 -6.249311
Z 3 -3.701846 -5.519235 4.155854 3.297490
K -3.253819 6.599034 1.747492
K 4.098217 -5.303689 4.334835
Z 4 5.547079 -9.312060 6.410294 -8.807222
K 9.172420 1.484625 4.534246
Z 6 4.098217 -5.303689 4.981861 -5.771848
Z 4 4.757132 1.818313 5.657567 -8.427862
6 4.0982 -5.3037
1 9.3826 -1.1978
6 2.2006 8.0409
7 5.1720 6.8481
2 9.3826 -1.1978
7 9.5799 -27.7322
2 0.0918 4.9755
1 7.6984 1.8381
1 7.6984 -1.1978
8 9.1724 1.4846
2 -3.4229 -6.2510
3 -0.3074 7.5145
1 7.6984 -1.1978
2 -5.6003 7.2085
6 4.0982 -5.3037
4 -8.1059 -0.4410
1 9.3826 -1.1978
2 7.6984 -1.1978
10 -5.4875 3.5850
5 -3.2538 6.5990
7 3.1741 -6.6363
5 -0.9728 -1.1862
8 9.1724 1.4846
3 5.5471 -6.2493
7 -2.9874 5.7362
5 -3.2538 6.5990
6 4.0982 -5.3037
4 -5.4875 3.5850
9 5.0413 8.5851
2 11.0179 -0.7950
8 7.1037 -8.0384
6 7.2924 0.5238
5 7.3356 6.4176
3 0.5430 -4.0668
3 1.8478 -9.3121
9 -3.9824 -5.6045
9 4.0982 -5.3037
8 9.1724 1.4846
6 4.0982 -5.3037
5 -8.1747 -8.0018
10 1.6484 5.5187
3 5.5471 -9.3121
2 -8.8911 -6.9212
3 1.8478 -9.3121
9 4.0982 -5.3037
4 -8.5301 3.2339
6 4.0131 -8.9890
7 -9.5199 -0.9273
2 7.6984 -1.1978
1 -9.0333 -8.0525
3 7.1252 2.9651
8 9.1724 1.4846
5 8.9305 7.8257
8 9.1724 1.4846
6 4.0982 -5.3037
6 7.6450 -8.3856
10 -9.7016 8.2561
10 1.8478 -9.3121
4 -2.6966 -0.9197
7 6.4356 -9.2618
8 9.1724 1.4846
7 5.5471 -9.3121
5 -3.2538 6.5990
6 4.0982 -5.3037
9 4.0982 -5.3037
2 11.0179 -0.7950
1 9.3826 -1.1978
9 4.0982 -5.3037
1 7.6984 -1.1978
3 3.8911 1.3910
5 -3.2538 6.5990
6 3.8576 -0.2062
10 7.5279 -6.6307
5 -0.7584 -7.0832
4 -5.0634 -0.0899
9 -7.6753 -9.6875
5 -3.2538 6.5990
8 1.0797 1.8454
9 4.4036 3.0605
7 -9.6066 0.2688
10 2.9482 9.8404
1 7.6984 -1.1978
8 9.1724 1.4846
4 5.5471 -9.3121
8 9.1724 1.4846
5 -3.2538 6.5990
7 -8.5301 3.2339
2 8.6565 1.7500
2 9.3826 1.8381
4 -5.4875 3.5850
5 0.1255 -1.9649
7 6.5850 -25.5608
1 7.6984 1.8381
6 1.6155 4.4731
8 6.5906 5.7898
5 -4.6548 -4.3334
9 4.0982 -5.3037
4 5.5471 -6.2493
1 7.6984 -1.1978
3 5.5471 -9.3121
