10 100
K 9.879679 1.068556 4.995205
K 6.006228 8.070883 4.923037
Z 1 9.879679 1.068556 10.376528 0.200719
Z 2 4.621105 12.795047 3.661501 12.513691
P 7.293857 0.743885 8.587125 2.192161
Z 5 6.842348 4.823180 0.290979 0.437935
K -7.503675 -6.393553 3.119377
Z 1 7.308623 8.767290 -1.708301 9.399616
K 0.758969 6.648870 4.932353
Z 6 3.736078 7.991142 2.736276 8.011075
8 10.929003 16.031839
8 10.929003 16.031839
6 4.582061 6.243470
5 7.293857 2.192161
1 9.879679 1.068556
6 8.587125 2.192161
10 3.243122 6.795510
2 6.006228 8.070883
2 3.589211 9.437452
1 9.879679 1.068556
7 -7.503675 -6.393553
2 -8.564416 -2.003558
1 9.879679 1.068556
9 -8.066183 -8.536733
6 8.293770 6.895717
7 -7.503675 -6.393553
3 9.879679 1.068556
9 0.758969 6.648870
8 -2.788863 -0.615783
8 9.879679 1.068556
4 7.289289 5.284534
9 0.758969 6.648870
2 -1.915352 -5.823099
5 7.293857 2.192161
5 7.293857 2.192161
5 0.523436 9.702007
2 6.006228 8.070883
3 -9.943077 8.059880
8 7.968637 4.785991
5 -3.879939 -7.031508
5 7.293857 2.192161
7 -7.503675 -6.393553
4 -4.794964 -0.964029
6 7.192222 -9.189324
6 7.293857 2.192161
7 -7.503675 -6.393553
3 9.879679 1.068556
4 -0.770013 3.797380
2 8.491048 1.785190
6 3.736078 7.991142
6 7.219011 1.378374
3 7.244349 6.237616
6 3.243122 6.795510
3 -7.630080 -8.718092
5 7.293857 0.743885
1 9.879679 1.068556
4 -2.263116 4.126061
6 5.075016 7.439102
10 4.582061 6.243470
8 10.929003 16.031839
7 -7.503675 -6.393553
10 8.814401 13.592166
9 0.758969 6.648870
6 -1.525598 7.216309
2 7.144829 4.565609
2 6.006228 8.070883
6 4.582061 6.243470
10 -4.893408 9.948683
8 9.879679 1.068556
8 6.403661 -7.020436
8 9.879679 1.068556
8 -1.326049 -2.853281
7 -7.503675 -6.393553
8 -2.298007 -3.299012
2 6.006228 8.070883
8 9.879679 1.068556
9 -7.984840 -1.073453
3 9.879679 1.068556
4 -7.372946 1.686973
9 0.758969 6.648870
10 0.401719 -9.319571
7 -7.503675 -6.393553
7 8.067883 5.911795
2 4.823753 -2.223188
8 4.723326 2.515894
3 9.879679 1.068556
8 9.879679 1.068556
1 8.074580 -9.253428
4 6.006228 8.070883
2 -3.228434 6.912708
2 6.006228 8.070883
9 0.758969 6.648870
4 6.391712 -1.435889
5 8.587125 0.743885
1 9.879679 1.068556
4 3.235981 17.519211
5 8.587125 0.743885
4 -9.912763 -4.766631
4 -0.465182 8.619554
5 -0.271737 -8.438974
8 10.929003 16.031839
3 -0.644495 4.684260
8 9.153854 -5.370362
4 1.705116 -7.877488
10 -4.383164 -7.110883
2 6.006228 8.070883
6 -6.169924 9.486056
7 3.719173 -8.322444
5 7.293857 2.192161
5 8.587125 0.743885
