10 100
P -6.979547 1.117598 -3.553988 2.663778
K 0.682024 6.409031 1.138020
K 7.539566 0.512524 4.681051
K 8.449423 6.516401 4.581482
K 3.379087 -5.131611 3.879356
P -5.205032 -4.182141 -2.910393 -1.867203
Z 5 3.379087 -5.131611 3.650806 -4.169235
P 3.352919 -4.482619 5.892601 -3.059391
Z 7 3.379087 -5.131611 2.406285 -4.899972
Z 4 2.682846 0.481183 9.120328 7.783362
1 -6.979547 1.117598
7 3.379087 -5.131611
5 8.192469 3.938684
1 -5.067214 6.201686
8 3.352919 -3.059391
2 0.682024 6.409031
10 8.449423 6.516401
4 8.449423 6.516401
6 -2.910393 -4.182141
8 5.892601 -4.482619
6 -5.205032 -4.182141
4 8.449423 6.516401
2 0.682024 6.409031
9 2.573870 8.329675
8 -5.457028 -1.347336
9 -3.940760 3.862801
10 8.449423 6.516401
7 3.379087 -5.131611
10 7.947476 6.958909
2 0.682024 6.409031
2 5.858175 8.795124
8 5.892601 -3.059391
6 -2.910393 -4.182141
4 8.449423 6.516401
6 -2.910393 -1.867203
8 5.892601 -3.059391
4 8.449423 6.516401
7 3.379087 -5.131611
6 -2.910393 -1.867203
8 5.892601 -3.059391
10 -0.225467 -8.196178
9 3.379087 -5.131611
9 3.379087 -5.131611
7 3.379087 -5.131611
9 3.379087 -5.131611
4 0.501397 -7.917995
2 -4.235673 1.504738
1 -3.553988 2.663778
10 8.449423 6.516401
6 -9.433178 9.367548
7 3.379087 -5.131611
10 7.947476 6.958909
8 5.892601 -4.482619
7 -3.129068 -8.673461
7 1.042177 -5.773339
10 5.566047 -9.708555
5 -5.435801 3.280671
1 -3.553988 1.117598
2 0.682024 6.409031
3 7.539566 0.512524
2 3.696981 6.442127
10 -8.970072 2.738792
4 8.449423 6.516401
4 3.556084 -6.919109
8 3.352919 -4.482619
2 0.682024 6.409031
5 3.379087 -5.131611
6 -2.910393 -1.867203
2 0.682024 6.409031
4 8.449423 6.516401
3 -3.099995 3.203611
8 3.352919 -4.482619
9 3.379087 -5.131611
2 3.237578 -0.116268
10 8.449423 6.516401
10 8.449423 6.516401
8 -2.871569 0.643079
9 3.379087 -5.131611
10 7.947476 6.958909
1 -6.979547 2.663778
10 8.449423 6.516401
2 0.682024 6.409031
7 9.708645 3.806246
1 -3.553988 1.117598
1 -6.979547 1.117598
10 7.947476 6.958909
7 3.379087 -5.131611
7 3.379087 -5.131611
7 3.379087 -5.131611
4 -1.479483 -0.459411
5 -3.194015 1.469047
10 7.947476 6.958909
1 9.934138 -3.236725
4 8.449423 6.516401
8 -6.399112 4.349957
4 2.873710 5.935781
7 -8.886592 9.753534
3 7.539566 0.512524
8 3.352919 -3.059391
8 3.352919 -4.482619
10 9.875986 5.321514
10 6.503534 0.192399
4 9.695703 2.250316
9 3.379087 -5.131611
4 8.449423 6.516401
2 0.682024 6.409031
3 7.539566 0.512524
9 3.379087 -5.131611
3 7.539566 0.512524
6 -2.910393 -1.867203
