10 100
P 5.584139 -0.097398 9.992547 0.916757
K -7.549759 -5.062784 1.292783
P 0.796931 4.417748 2.454190 9.091980
P 8.866940 -4.533263 10.138510 -0.139559
K -9.317989 -3.705455 1.791963
K 5.915489 -6.330581 3.166171
Z 4 7.846334 6.121315 8.467002 -9.866624
P -1.599474 -3.075708 2.685219 -0.726648
Z 2 1.966150 6.471464 6.528480 -2.032428
P -8.846218 -7.705264 -7.128976 -3.124183
10 -8.8462 -3.1242
1 5.5841 -0.0974
9 16.8386 8.0215
4 10.1385 -4.5333
9 16.8386 8.0215
8 2.6852 -0.7266
6 5.9155 -6.3306
2 -7.5498 -5.0628
8 9.4124 1.9954
2 -7.5498 -5.0628
1 9.9925 -0.0974
2 -4.7538 -8.9058
2 -7.5498 -5.0628
8 -1.5995 -3.0757
10 -7.1290 -3.1242
1 -1.7017 -7.4000
10 -7.1290 -3.1242
8 4.0450 -6.7327
10 3.7312 -2.8963
7 8.8669 -0.1396
6 -3.1922 7.0199
10 -8.8462 -3.1242
5 -9.3180 -3.7055
10 -8.8462 -7.7053
1 9.9925 -0.0974
7 6.0464 -0.2984
8 -0.5270 -6.4935
1 9.9925 -0.0974
1 0.4727 -0.3535
8 2.6852 -3.0757
9 -6.4230 -9.2553
10 4.1146 -0.8655
1 9.9925 0.9168
1 9.9925 -0.0974
3 0.7969 4.4177
4 8.8669 -4.5333
10 -7.1290 -7.7053
1 5.5841 -0.0974
2 -7.5498 -5.0628
3 2.4542 9.0920
10 -8.8462 -7.7053
1 5.5841 0.9168
1 9.9925 0.9168
5 -9.3180 -3.7055
8 -1.5995 -3.0757
3 0.7969 9.0920
10 -8.8462 -7.7053
8 2.6852 -0.7266
7 -1.9924 -1.3699
9 16.8386 8.0215
6 5.9155 -6.3306
10 5.3508 9.4049
1 9.9925 -0.0974
5 -9.3180 -3.7055
7 -0.5235 -2.8616
4 8.8669 -4.5333
1 9.9925 0.9168
6 5.9155 -6.3306
8 -4.7397 -0.0347
5 -2.4268 5.8554
10 -7.1290 -3.1242
4 5.3102 -1.6344
2 -7.5498 -5.0628
4 0.3061 -6.8622
6 -9.3725 -4.6585
1 3.0077 -3.2716
4 8.8669 -4.5333
8 -1.5995 -3.0757
7 6.0464 -0.2984
7 7.3142 -0.1998
8 -1.5995 -3.0757
6 5.9155 -6.3306
6 5.9155 -6.3306
4 10.1385 -4.5333
2 4.4524 3.6815
3 0.7969 4.4177
1 -1.3824 2.7721
10 -0.4229 -7.6207
1 9.9925 -0.0974
10 -3.2411 1.0803
5 -9.3180 -3.7055
7 6.0464 -0.2984
6 5.9155 -6.3306
9 16.8386 8.0215
3 2.4542 9.0920
2 -7.5498 -5.0628
1 5.5841 -0.0974
1 -2.8869 4.9423
3 0.7969 4.4177
1 5.5841 -0.0974
7 -1.5484 -7.4692
1 5.5841 0.9168
10 8.4973 8.9213
1 9.1490 5.1298
5 -9.3180 -3.7055
10 -7.1290 -7.7053
3 4.1215 8.5120
2 -7.5498 -5.0628
3 2.4542 4.4177
10 -8.8462 -3.1242
