10 100
P -7.289508 -7.950973 -4.886320 -6.050920
P -4.449515 -2.624135 -2.647771 1.538399
K 7.030401 1.042551 3.211200
P 5.904891 -1.991058 7.954905 0.312361
P 8.940661 0.800741 12.170333 3.291329
P -2.122509 2.193114 -0.164909 5.978849
P 7.381536 -1.348910 12.329406 1.916386
Z 7 -9.210109 -6.332631 7.395252 -9.799518
P 3.105985 -0.023520 7.215006 3.899123
P 1.561808 -4.707359 3.181474 -1.248217
4 -9.903736 0.567347
6 -3.291535 -9.286886
2 -2.647771 -2.624135
3 7.030401 1.042551
4 -2.733631 3.016106
9 6.447498 1.892221
1 -7.289508 -7.950973
3 7.030401 1.042551
2 -2.647771 -2.624135
9 7.215006 -0.023520
1 -7.289508 -7.950973
8 7.229436 -22.510962
1 -7.289508 -7.950973
2 -4.449515 -2.624135
3 -8.210614 -4.942970
9 3.105985 3.899123
4 7.954905 0.312361
1 -8.271994 4.988712
2 -4.449515 -2.624135
5 8.940661 0.800741
1 -7.289508 -7.950973
6 -2.122509 2.193114
4 9.145077 1.400100
1 -4.886320 -6.050920
10 1.561808 -4.707359
8 7.381536 -1.348910
3 7.030401 1.042551
1 -4.886320 -6.050920
2 -2.647771 1.538399
3 2.678072 0.556400
4 7.954905 0.312361
4 7.954905 -1.991058
8 2.694899 -20.531213
7 7.381536 1.916386
3 -5.342203 5.101605
9 -7.490268 0.317715
4 8.283935 8.486610
5 8.940661 0.800741
4 7.954905 0.312361
8 12.329406 1.916386
5 8.940661 3.291329
3 7.030401 1.042551
5 12.170333 3.291329
1 -7.289508 -7.950973
7 7.381536 1.916386
4 5.904891 -1.991058
7 12.329406 1.916386
3 7.030401 1.042551
5 12.170333 0.800741
5 -6.449757 1.684035
10 1.561808 -4.707359
3 7.030401 1.042551
2 -0.857669 8.518095
6 -0.164909 2.193114
10 3.181474 -1.248217
3 7.030401 1.042551
4 7.954905 -1.991058
9 -6.729497 1.504963
9 -1.627113 7.082573
3 3.412332 4.259396
4 7.954905 0.312361
2 -4.449515 -2.624135
10 1.561808 -4.707359
4 5.904891 -1.991058
10 5.611248 -3.478673
3 7.030401 1.042551
2 -2.647771 -2.624135
4 -6.176420 -0.546826
8 7.381536 -1.348910
4 -4.601037 -3.852917
9 3.105985 -0.023520
3 8.138719 -0.656824
6 -0.164909 5.978849
8 4.001414 -17.538693
4 0.784262 4.530002
4 0.414639 2.848997
10 1.561808 -4.707359
9 7.215006 3.899123
8 -5.981316 -1.694881
10 3.181474 -4.707359
6 -0.164909 5.978849
6 -1.477037 -9.006790
3 7.030401 1.042551
5 12.170333 0.800741
1 -4.886320 -7.950973
1 1.083871 8.897701
1 -7.289508 -6.050920
10 1.561808 -1.248217
5 -8.752954 9.945547
2 -4.449515 1.538399
4 3.945438 -8.476549
5 0.016152 4.906030
2 3.977415 9.678811
6 7.333564 -2.221600
6 -2.122509 5.978849
9 7.215006 3.899123
1 -4.886320 -7.950973
7 0.983951 3.369043
6 -0.164909 2.193114
7 7.381536 -1.348910
