10 100
P 5.150660 8.287982 8.929380 11.137079
K -1.024022 -3.018419 2.827210
P -5.716067 -1.494782 -3.416252 3.031311
K 3.152517 -9.057519 2.731135
Z 4 2.738601 -11.757107 3.727050 -11.908662
Z 1 -2.418598 -0.099417 -9.531347 -8.425111
K 4.030390 5.834268 3.740465
Z 6 -9.428222 -8.714359 9.577318 -2.425859
K -2.791232 6.657111 3.067734
Z 5 2.324685 -14.456694 2.088525 -13.484980
6 8.9294 11.1371
1 8.9294 8.2880
6 7.4979 9.1318
9 -2.7912 6.6571
1 5.1507 11.1371
7 -4.0857 7.8525
2 -1.0240 -3.0184
7 -1.6654 6.6153
7 4.0304 5.8343
8 7.4035 8.1560
8 12.2778 -14.2642
5 3.1525 -9.0575
10 -9.2639 6.4927
3 -0.8168 -1.6846
10 -0.8888 -10.0397
7 -9.1147 9.5458
3 1.4621 -3.4176
9 -2.7912 6.6571
5 2.3247 -14.4567
3 -3.4163 -1.4948
2 -1.0240 -3.0184
5 3.1525 -9.0575
1 5.1507 11.1371
3 -3.4163 -1.4948
7 6.4243 -7.7582
9 8.2161 1.2079
9 3.7431 -2.9279
2 4.9957 -9.2063
5 -5.3271 -8.1221
2 -3.9027 5.9612
6 7.4979 9.1318
8 -0.4613 -8.2100
7 -1.5551 7.1777
4 3.1525 -9.0575
5 2.3247 -14.4567
2 -1.0240 -3.0184
3 -3.4163 3.0313
8 12.4146 -13.6656
4 3.1525 -9.0575
1 4.6765 5.9034
4 -5.5359 -3.8900
2 3.1044 -3.8831
7 4.0304 5.8343
2 2.7606 2.4333
3 -5.7161 3.0313
9 -2.5443 -0.8495
4 3.1525 -9.0575
8 4.6838 8.6868
5 2.3247 -14.4567
4 1.0579 -3.3016
8 4.6838 8.6868
2 1.0706 9.1017
1 8.9294 11.1371
1 -0.9005 -6.9100
9 2.4671 -4.8760
6 2.2195 9.0274
7 4.0304 5.8343
2 0.2374 -9.6946
8 8.9294 11.1371
4 3.1525 -9.0575
10 -4.7565 0.4902
8 -7.0476 -6.7178
8 9.4854 4.4358
10 2.3247 -14.4567
9 8.6612 3.2212
9 -2.7912 6.6571
5 2.3247 -14.4567
4 3.1525 -9.0575
3 -5.9207 6.1905
1 1.6438 -4.3381
2 -1.0240 -3.0184
7 4.0304 5.8343
9 -0.5642 -8.5308
9 -2.7912 6.6571
5 3.1525 -9.0575
6 -9.1818 -5.3366
6 4.0937 12.4192
8 12.4146 -13.6656
6 4.6838 8.6868
9 -4.3429 -3.0721
4 -8.0372 -1.0778
4 3.1525 -9.0575
4 3.1525 -9.0575
4 0.2732 6.7280
9 -2.7912 6.6571
5 -1.9606 -3.0643
3 -3.4163 -1.4948
3 7.1588 8.0402
3 -5.7161 3.0313
5 3.1525 -9.0575
2 -1.0240 -3.0184
7 4.0304 5.8343
8 17.1469 -13.6986
3 -3.4163 -1.4948
7 4.0304 5.8343
6 5.1507 11.1371
6 5.1507 8.2880
6 -6.2842 5.3485
2 5.5386 4.0867
8 3.4257 -4.1551
