10 100
K 7.397895 -1.446144 1.621889
K -8.446925 9.257388 3.155903
Z 1 7.397895 -1.446144 8.393581 -1.353355
Z 3 8.011744 0.055094 7.086133 0.433571
P -8.334448 5.814995 -6.057427 8.960252
K -6.823882 -8.919452 4.455861
P 8.207941 -3.084309 11.498672 -1.861574
P 3.003531 -5.360142 5.692308 -0.382276
P -3.003271 1.045022 -0.785407 5.233967
K 7.687192 2.906314 3.779918
10 7.6872 2.9063
3 7.3979 -1.4461
8 5.6923 -5.3601
10 7.6872 2.9063
5 2.3556 -8.4412
7 11.4987 -1.8616
10 7.6872 2.9063
1 7.3979 -1.4461
9 -0.7854 1.0450
7 8.2079 -1.8616
9 -0.7854 1.0450
1 7.3979 -1.4461
7 11.4987 -3.0843
1 7.3979 -1.4461
10 7.6872 2.9063
4 8.6256 1.5563
8 -7.7672 -8.2426
4 7.7421 -5.9968
3 8.9853 4.5602
9 -3.0033 1.0450
3 7.3979 -1.4461
10 8.2388 -9.8426
3 3.7003 -7.2753
2 -8.4469 9.2574
7 8.2079 -1.8616
3 7.3979 -1.4461
2 -8.4469 9.2574
9 -3.0033 5.2340
9 -3.0033 5.2340
5 -8.3344 5.8150
5 -6.0574 8.9603
9 -8.7992 7.8772
1 7.3979 -1.4461
5 -8.3344 8.9603
4 8.6256 1.5563
6 -6.8239 -8.9195
8 6.6105 5.7140
8 5.6923 -5.3601
6 -7.8199 3.9763
2 -8.4469 9.2574
10 7.6872 2.9063
6 -6.8239 -8.9195
1 7.3979 -1.4461
2 -8.4469 9.2574
2 -8.4469 9.2574
3 -9.7472 -7.9133
7 8.2079 -3.0843
9 -0.7854 5.2340
5 -7.3599 -3.1243
5 -8.3344 8.9603
7 -8.9931 -2.7276
1 7.3979 -1.4461
9 -0.7854 1.0450
2 -3.1098 5.7639
9 -3.0033 1.0450
7 11.4987 -3.0843
8 5.6923 -0.3823
10 7.6872 2.9063
10 7.6872 2.9063
1 7.3979 -1.4461
6 -6.8239 -8.9195
4 7.3979 -1.4461
3 7.3979 -1.4461
2 -8.4469 9.2574
9 -3.0033 5.2340
3 7.3889 -1.9363
4 9.2531 -8.1577
1 -6.9836 -8.0273
7 8.2079 -3.0843
5 3.4450 -8.6890
3 7.3979 -1.4461
8 -8.9748 -0.6849
10 7.6872 2.9063
1 -0.2619 0.9961
10 7.6872 2.9063
5 -6.0574 8.9603
3 7.3979 -1.4461
1 5.8009 3.4321
1 7.3979 -1.4461
5 -8.3344 5.8150
8 5.6923 -0.3823
5 -8.3344 8.9603
9 -3.0033 5.2340
5 1.3556 2.9933
1 7.3979 -1.4461
1 -6.0127 -2.0487
5 -6.0574 5.8150
8 3.0035 -0.3823
5 -8.3344 5.8150
8 3.0035 -0.3823
1 7.3979 -1.4461
7 2.9213 -1.5440
5 -8.3344 5.8150
7 9.0077 -3.8266
1 7.3979 -1.4461
2 -8.4469 9.2574
3 -9.1423 6.0683
3 7.3979 -1.4461
2 -8.4469 9.2574
1 7.3979 -1.4461
