10 100
P 2.591737 8.449527 5.169799 11.958290
K -9.719705 -3.750735 1.105109
Z 2 -9.719705 -3.750735 -8.780929 -4.095266
Z 1 3.421507 8.344086 -0.866612 1.114512
P -5.270053 1.534421 -0.652426 2.662172
Z 2 -9.719705 -3.750735 -10.312602 -4.556014
P 5.004516 -5.046254 8.700079 -3.587236
P -0.617564 -6.217543 0.725450 -4.293845
K -6.758330 1.555511 3.096432
Z 4 2.675733 9.928847 2.886729 10.906334
9 -6.7583 1.5555
1 5.1698 8.4495
3 -9.7197 -3.7507
7 8.7001 -3.5872
3 -9.7197 -3.7507
8 4.0958 -9.9142
5 -0.6524 1.5344
9 -0.1140 -7.9697
4 2.5917 8.4495
2 -7.7285 3.6485
9 -6.7583 1.5555
6 -9.7197 -3.7507
3 -9.7197 -3.7507
2 8.7708 -3.1991
2 -9.7197 -3.7507
9 -6.7583 1.5555
7 5.4992 -7.0204
10 3.9119 7.6665
1 -5.5757 2.2165
4 6.9910 9.3489
7 5.0045 -3.5872
2 -9.7197 -3.7507
2 -2.2724 -9.8894
1 -4.9653 -7.4898
7 2.7778 -2.8798
6 0.2879 -4.6602
8 0.7254 -4.2938
3 -9.7197 -3.7507
7 8.7001 -5.0463
3 -9.7197 -3.7507
10 5.1698 8.4495
4 5.1698 8.4495
2 -9.7197 -3.7507
10 0.8363 -2.1592
5 8.2258 7.5085
9 -2.0279 -7.7267
4 2.6757 9.9288
1 5.1698 11.9583
7 5.0045 -5.0463
4 6.9910 9.3489
9 -6.7583 1.5555
3 -0.6639 -1.2886
1 2.5917 8.4495
10 1.2409 12.8064
6 -9.7197 -3.7507
5 -5.2701 2.6622
3 -9.7197 -3.7507
7 0.2215 2.8695
10 3.5894 11.7429
2 -9.7197 -3.7507
5 -5.2701 2.6622
10 3.9119 7.6665
7 5.0045 -5.0463
7 8.7001 -3.5872
2 -9.7197 -3.7507
6 -4.3929 -5.3139
8 0.7254 -6.2175
4 3.9119 7.6665
4 6.9910 9.3489
8 -3.8253 -0.8680
2 -9.7197 -3.7507
9 -6.7583 1.5555
5 -0.6524 1.5344
6 -9.7197 -3.7507
9 4.3839 -4.2516
6 8.1603 3.3918
8 0.7254 -6.2175
5 -0.6524 1.5344
2 -9.7197 -3.7507
8 0.7254 -6.2175
9 -6.7583 1.5555
7 2.3857 3.9923
1 2.5917 11.9583
10 -0.2065 9.6100
3 -9.7197 -3.7507
6 -9.7197 -3.7507
3 -9.7197 -3.7507
2 -9.7197 -3.7507
3 -9.7197 -3.7507
1 5.1698 11.9583
6 -9.7197 -3.7507
5 -0.6524 2.6622
9 7.6160 6.0879
4 3.9119 7.6665
6 -9.7197 -3.7507
5 5.8162 -0.6867
7 5.0045 -5.0463
8 -4.9226 -9.0170
8 0.7254 -4.2938
10 -2.1419 3.3295
7 8.7001 -5.0463
1 2.5917 8.4495
6 -9.7197 -3.7507
10 -1.0249 -8.5675
4 5.1698 11.9583
1 -6.3962 -7.5219
4 6.9910 9.3489
8 0.7254 -6.2175
8 8.0863 -3.9737
1 -6.2212 7.6367
