10 100
K 0.159082 -2.499107 2.272005
Z 1 0.159082 -2.499107 0.598704 -3.397290
P 4.855735 -3.336781 8.285149 -0.349054
K -8.294478 7.140376 2.767339
Z 3 2.094685 0.722060 5.459727 -4.664375
Z 2 1.423862 -9.760022 0.777269 1.606249
P 8.617451 -3.789810 12.227159 -0.936185
K 9.817761 4.271558 3.872154
Z 3 -0.352180 -2.620258 -7.921109 4.678178
K 6.216191 -7.519981 3.100567
2 0.159082 -2.499107
9 8.285149 -3.336781
9 -2.959931 1.680484
2 0.159082 -2.499107
5 8.285149 -3.336781
10 -3.045478 -2.223255
5 8.285149 -0.349054
2 -2.314430 -1.930911
8 9.817761 4.271558
9 8.285149 -0.349054
10 6.216191 -7.519981
8 9.817761 4.271558
6 -0.266413 -6.201894
10 6.216191 -7.519981
2 -6.304356 2.555669
3 4.855735 -3.336781
3 8.285149 -3.336781
1 5.723789 -2.361910
10 6.216191 -7.519981
8 7.710259 -1.654374
4 8.702575 3.368103
8 -3.431996 -8.484190
2 0.159082 -2.499107
5 3.027504 -6.621365
9 -3.918338 6.579776
1 -7.189827 0.783093
4 0.989053 7.937634
8 9.817761 4.271558
6 -0.136541 4.679896
6 1.857043 -2.402515
8 2.339610 -2.890055
10 6.216191 -7.519981
10 6.216191 -7.519981
2 0.159082 -2.499107
4 -8.294478 7.140376
7 -2.026816 -2.634550
4 2.763721 -5.442411
9 -2.432441 -7.907343
7 12.227159 -3.789810
5 4.531499 -3.539340
6 9.267499 -8.275976
10 6.216191 -7.519981
3 4.855735 -3.336781
4 8.636399 -9.749399
8 9.817761 4.271558
9 0.678055 -11.225807
3 4.855735 -3.336781
7 8.617451 -3.789810
2 0.159082 -2.499107
4 -8.294478 7.140376
9 4.855735 -0.349054
10 5.176789 9.514848
8 9.817761 4.271558
10 7.302006 5.037446
5 -8.923484 1.508043
1 0.159082 -2.499107
3 8.285149 -0.349054
2 0.159082 -2.499107
3 8.170650 0.077925
4 1.008457 -1.263284
2 -3.190504 6.872273
3 -2.682716 -1.487883
6 1.857043 -2.402515
5 4.531499 -3.539340
2 0.159082 -2.499107
10 6.216191 -7.519981
8 9.817761 4.271558
4 -8.294478 7.140376
7 8.617451 -3.789810
10 7.475209 -1.754574
4 4.811990 6.030947
10 3.889362 -3.910979
4 -8.294478 7.140376
6 1.857043 -2.402515
8 9.817761 4.271558
8 -4.577234 -2.131515
4 -8.294478 7.140376
5 5.086941 4.206002
7 8.617451 -3.789810
1 0.159082 -2.499107
10 -2.276593 -0.286284
7 12.227159 -0.936185
7 12.227159 -0.936185
1 5.995226 -5.105117
5 0.342424 -5.311075
9 4.855735 -0.349054
8 9.817761 4.271558
1 0.159082 -2.499107
7 8.617451 -0.936185
10 6.216191 -7.519981
5 5.482649 4.961931
6 0.159082 -2.499107
6 1.857043 -2.402515
2 0.159082 -2.499107
5 1.846420 -2.229050
4 9.291814 -3.563324
5 1.846420 -2.229050
3 4.855735 -0.349054
7 8.617451 -3.789810
4 -8.294478 7.140376
