10 100
K 3.627194 9.613251 3.923857
K 9.621973 -4.917554 4.372709
Z 1 3.627194 9.613251 4.585766 9.328400
Z 1 -4.788838 -7.926613 3.616849 -7.050100
K 4.430950 -2.980556 4.386558
P 6.024366 -3.576693 8.021034 -2.574560
Z 4 4.685137 5.844444 4.567285 -1.063429
K -9.824421 8.959163 4.804310
Z 5 4.430950 -2.980556 5.358477 -2.606799
P -1.731563 3.918862 1.524702 6.486966
10 -2.081844 -2.443424
6 -7.444085 5.415157
5 4.430950 -2.980556
10 -1.731563 6.486966
6 1.804491 0.159406
6 6.024366 -2.574560
4 4.878447 3.229684
10 -1.731563 3.918862
7 7.064769 -23.352838
5 4.430950 -2.980556
8 7.472701 4.683714
6 8.021034 -2.574560
1 4.436559 1.895442
2 -0.988210 4.170083
9 4.430950 -2.980556
3 3.627194 9.613251
4 3.627194 9.613251
6 6.024366 -2.574560
6 -5.941892 7.712562
1 7.961841 7.992461
4 3.627194 9.613251
2 -1.092742 -7.113655
6 -8.491964 -4.332245
1 3.627194 9.613251
6 -6.014124 1.114043
3 -4.924144 -9.593348
9 -7.549330 8.069946
6 -4.294881 -8.608090
1 3.627194 9.613251
2 6.855497 8.400336
3 3.627194 9.613251
4 3.627194 9.613251
1 3.627194 9.613251
7 -8.560763 -7.608277
1 7.807085 3.293843
6 8.021034 -2.574560
1 3.627194 9.613251
8 9.816110 6.014239
9 4.430950 -2.980556
10 -1.731563 3.918862
8 -9.824421 8.959163
6 8.021034 -2.574560
3 3.627194 9.613251
7 8.373133 8.338339
10 -5.553911 5.802081
10 -2.749827 -6.965748
4 3.627194 9.613251
3 3.627194 9.613251
8 8.696720 1.833216
6 8.021034 -2.574560
8 -9.824421 8.959163
4 7.064769 -23.352838
9 3.420097 -2.482020
6 8.021034 -3.576693
7 5.871024 9.574970
6 8.021034 -2.574560
9 4.430950 -2.980556
5 4.430950 -2.980556
10 -1.731563 6.486966
2 9.621973 -4.917554
1 -6.048865 -1.826324
8 5.337369 2.827736
1 -3.348201 -3.497639
10 -1.731563 6.486966
5 2.244703 1.069239
6 8.021034 -3.576693
9 4.430950 -2.980556
1 3.627194 9.613251
7 -4.374385 2.630101
9 4.430950 -2.980556
3 0.347385 -2.404885
9 4.430950 -2.980556
2 9.621973 -4.917554
1 0.929938 -2.262709
5 4.430950 -2.980556
6 6.024366 -3.576693
8 -9.665460 -9.668753
7 5.871024 9.574970
3 3.627194 9.613251
2 -3.143095 -4.444974
2 9.621973 -4.917554
2 9.621973 -4.917554
3 8.082283 8.740927
9 4.430950 -2.980556
1 3.627194 9.613251
4 7.064769 -23.352838
4 7.064769 -23.352838
6 6.024366 -3.576693
10 1.524702 3.918862
3 3.627194 9.613251
7 -9.913847 -9.070853
9 -3.476957 -7.742062
9 4.430950 -2.980556
2 7.784073 -2.785718
5 4.430950 -2.980556
7 3.627194 9.613251
2 3.000068 5.690959
4 3.627194 9.613251
9 4.882531 8.006319
9 4.430950 -2.980556
