10 100
P 4.353117 -6.788539 5.563165 -2.147904
P 5.826879 -6.523081 8.069144 -3.766462
K -0.046987 -6.316882 4.393232
K -2.681724 -9.541014 4.172115
K -6.430378 -2.025092 3.897533
K -3.939713 4.678482 4.871819
P -8.016679 -0.855840 -6.891958 1.576384
Z 3 5.583465 -8.550783 7.375540 1.312976
K -7.797417 6.864548 3.629052
P 7.597499 5.205927 11.837681 8.658502
7 -8.016679 -0.855840
2 7.406975 1.976940
1 5.877506 7.978021
6 -3.939713 4.678482
6 -4.400218 -7.378574
6 6.397407 0.936292
7 -6.891958 -0.855840
1 7.229126 5.503245
9 -7.797417 6.864548
10 11.837681 8.658502
10 11.837681 5.205927
2 5.826879 -3.766462
2 5.826879 -3.766462
3 -9.350955 0.301008
9 6.671919 -4.834915
9 -7.797417 6.864548
8 0.400213 -6.538178
10 7.597499 8.658502
5 -6.430378 -2.025092
9 -2.490225 -8.656675
6 -3.939713 4.678482
10 7.597499 5.205927
7 -8.016679 1.576384
4 -2.681724 -9.541014
10 11.837681 8.658502
7 -6.891958 -0.855840
2 8.069144 -3.766462
3 -0.046987 -6.316882
10 11.837681 5.205927
3 0.361976 4.370037
9 -7.797417 6.864548
10 11.837681 5.205927
10 7.597499 8.658502
2 -4.062686 -6.397280
4 -2.681724 -9.541014
4 -2.681724 -9.541014
10 11.837681 8.658502
1 4.353117 -2.147904
6 -9.693183 5.247225
3 -0.046987 -6.316882
3 -0.046987 -6.316882
3 8.320910 -5.646097
3 -0.046987 -6.316882
6 -3.939713 4.678482
4 -2.681724 -9.541014
9 7.286368 -4.035126
9 -7.797417 6.864548
1 -7.827667 -6.429797
6 -7.221104 9.323575
3 -0.046987 -6.316882
10 5.909245 -3.466537
8 -0.046987 -6.316882
2 5.826879 -6.523081
10 11.837681 5.205927
3 1.661968 4.525423
8 7.723767 -1.979685
6 -3.939713 4.678482
2 5.379786 6.882884
8 -0.046987 -6.316882
1 4.353117 -2.147904
2 8.069144 -3.766462
9 5.161883 2.999170
6 -3.939713 4.678482
8 11.639872 -8.440184
7 -8.106232 -9.590652
6 -4.097082 -2.736748
5 -2.089989 7.816044
6 -3.939713 4.678482
10 6.662695 -8.098608
10 -1.062655 -1.621442
5 -6.430378 -2.025092
8 -2.178441 4.398845
8 -0.046987 -6.316882
3 -0.046987 -6.316882
2 -9.402514 -8.608515
8 -0.046987 -6.316882
2 9.874252 6.229426
5 -6.430378 -2.025092
8 -0.046987 -6.316882
2 8.069144 -6.523081
4 -2.681724 -9.541014
5 -6.430378 -2.025092
8 11.639872 -8.440184
9 -7.797417 6.864548
5 -6.430378 -2.025092
7 -0.386347 -1.451879
6 -7.291921 2.654645
8 11.639872 -8.440184
6 -3.939713 4.678482
1 3.358814 -8.524612
2 -5.205002 -7.285111
8 -0.908622 8.586123
9 -7.797417 6.864548
10 11.837681 8.658502
2 2.970134 -9.379300
6 -3.939713 4.678482
3 -4.579228 4.446705
5 -6.430378 -2.025092
1 -9.370283 5.163215
1 4.353117 -6.788539
