10 100
K -2.506768 7.180196 2.109068
K 2.646387 -4.498711 3.468061
P -5.612631 -1.928142 -3.293428 0.324223
P 6.865453 -5.811731 10.944854 -1.354054
Z 1 -4.613148 7.286660 -4.663627 6.287935
P 0.176888 4.829566 1.183481 6.781250
Z 3 -3.710052 -5.447413 -4.632763 -2.061711
Z 3 4.095564 9.738197 3.488667 -1.778779
P -2.559120 9.219897 2.288603 10.743442
K -9.393113 1.696881 2.972414
8 -5.6126 0.3242
10 -9.3931 1.6969
1 -2.5068 7.1802
1 -2.5068 7.1802
3 3.8693 -9.7890
9 -2.5591 9.2199
7 -5.8547 -2.6262
2 2.6464 -4.4987
5 -2.5068 7.1802
4 10.9449 -5.8117
4 6.8655 -5.8117
8 10.2175 -2.6401
10 -9.3931 1.6969
7 -3.2934 -1.9281
6 0.1769 6.7812
10 -9.3931 1.6969
8 -5.6126 -1.9281
3 -5.6126 0.3242
5 -2.5068 7.1802
1 -2.5068 7.1802
8 -5.6126 0.3242
4 10.9449 -5.8117
10 -9.3931 1.6969
1 9.9307 7.7443
4 10.9449 -5.8117
2 2.6464 -4.4987
10 -9.3931 1.6969
7 -7.1824 5.0083
9 2.2886 10.7434
4 -6.7370 7.2113
5 -6.7195 7.3931
8 -3.2934 -1.9281
9 -2.6160 -8.0668
9 -2.5591 10.7434
9 2.2886 10.7434
6 1.1835 6.7812
1 6.5714 9.9016
2 2.6464 -4.4987
7 -3.7889 -3.2724
8 -1.6183 -8.7347
1 -2.5068 7.1802
6 7.7844 -3.3635
2 0.9965 7.5406
5 -2.5068 7.1802
6 0.1769 4.8296
3 6.8822 -5.9839
2 2.6464 -4.4987
9 -2.3761 9.4742
4 6.8655 -5.8117
5 -0.5632 7.1386
7 -3.2934 0.3242
3 -1.1140 -0.6361
3 -3.2934 0.3242
5 -6.7195 7.3931
4 6.8655 -1.3541
6 1.1835 4.8296
6 0.1769 4.8296
9 -2.5591 10.7434
3 6.6033 2.4861
8 -3.2934 -1.9281
8 -3.2934 -1.9281
5 -0.2111 8.3407
5 -2.5068 7.1802
5 -1.3473 8.5310
3 -1.4170 -3.4579
2 2.6464 -4.4987
6 0.1769 4.8296
9 8.2678 -9.7201
2 -4.9260 7.6144
3 -5.6126 0.3242
9 -2.5591 9.2199
8 3.3110 -1.1402
10 -9.3931 1.6969
2 2.6464 -4.4987
3 -5.6126 -1.9281
2 3.2388 5.9804
8 12.5239 -2.8839
7 -6.9975 -0.6852
6 0.1769 4.8296
5 -2.0702 -5.1430
4 6.8655 -1.3541
7 -3.2934 -1.9281
1 4.7920 7.5300
10 -9.3931 1.6969
1 0.5458 5.4425
8 10.2175 -2.6401
9 2.2886 10.7434
4 10.9449 -1.3541
10 -9.3931 1.6969
5 -6.7195 7.3931
1 -8.5710 -1.6800
2 2.6464 -4.4987
9 8.6105 1.6948
10 5.6213 -4.3959
8 -5.6126 -1.9281
6 1.1835 4.8296
8 12.7606 -0.6440
6 9.5902 -0.8442
9 -2.5591 9.2199
8 -5.6126 -1.9281
