10 100
P 4.298138 -4.608604 8.233981 -2.913553
Z 1 8.233981 -2.913553 7.326761 -2.492897
P -6.991019 3.538388 -2.782191 8.254222
K -9.774618 7.843160 1.808893
Z 1 -6.327193 -9.807777 2.146063 -6.104475
P -7.119256 4.885054 -5.273240 8.123312
Z 6 -5.273240 4.885054 -5.594405 5.832078
K -6.287914 -5.081925 1.519088
K -2.495053 4.507790 3.783675
K 0.609102 -8.425091 2.707408
8 3.952512 -0.365616
7 -5.273240 4.885054
6 -7.119256 4.885054
4 -7.197984 4.560562
8 -6.287914 -5.081925
6 -7.119256 4.885054
1 8.233981 -2.913553
10 0.609102 -8.425091
8 -6.287914 -5.081925
5 4.298138 -2.913553
9 -2.495053 4.507790
9 -2.495053 4.507790
7 4.047091 -8.466572
5 4.705678 -5.541066
2 8.233981 -2.913553
4 6.762419 6.204463
6 -8.585572 7.924459
5 8.233981 -2.913553
3 -6.991019 3.538388
9 -2.495053 4.507790
1 8.233981 -4.608604
9 -2.495053 4.507790
4 -9.774618 7.843160
6 -5.273240 4.885054
1 8.233981 -2.913553
3 -6.991019 3.538388
10 0.609102 -8.425091
10 0.609102 -8.425091
6 2.433084 -2.667605
5 -7.663762 9.963177
6 -5.273240 8.123312
1 8.233981 -4.608604
9 -2.495053 4.507790
8 -6.287914 -5.081925
7 -5.273240 4.885054
5 7.379035 -2.652464
1 4.298138 -4.608604
1 8.233981 -4.608604
10 0.609102 -8.425091
4 -9.774618 7.843160
10 0.609102 -8.425091
4 -9.774618 7.843160
5 4.298138 -2.913553
7 -3.808046 6.007989
3 -6.991019 8.254222
1 4.298138 -2.913553
5 4.705678 -5.541066
6 -2.877072 -4.992552
5 -9.366675 -9.471788
2 8.233981 -4.608604
3 -5.365657 -2.399999
4 5.665960 1.917763
8 -6.287914 -5.081925
3 -6.991019 8.254222
5 8.233981 -2.913553
1 4.298138 -2.913553
4 -9.774618 7.843160
9 -2.495053 4.507790
9 -2.495053 4.507790
5 4.705678 -5.541066
1 8.768196 -6.654134
7 -5.777883 8.578213
1 8.233981 -2.913553
2 8.233981 -2.913553
6 5.437916 9.357841
4 -4.858625 9.236025
2 4.298138 -2.913553
5 8.623070 -3.803800
4 -9.774618 7.843160
8 -6.287914 -5.081925
4 -9.774618 7.843160
7 8.007621 -9.136111
2 9.527738 -1.818386
1 -8.535294 -2.713474
3 -2.782191 3.538388
5 4.705678 -5.541066
1 8.233981 -4.608604
10 -2.785884 -7.140362
9 4.003997 8.739471
2 4.298138 -2.913553
10 0.609102 -8.425091
1 8.233981 -2.913553
9 -2.495053 4.507790
10 0.609102 -8.425091
7 -5.273240 4.885054
10 8.442434 -3.105966
4 5.295811 7.479600
7 -5.273240 4.885054
4 -5.978380 6.354452
3 -2.782191 3.538388
2 -5.064015 -4.026689
6 6.939848 -0.918213
7 -7.119256 4.885054
1 0.093923 5.482192
5 -2.629237 0.186620
1 -3.214546 6.080779
5 1.661175 -5.384754
6 -7.385647 1.972013
6 -7.119256 8.123312
7 -5.901296 -4.706023
