10 100
K -9.371238 0.538666 1.873173
Z 1 3.207446 -2.240849 7.444715 -5.049121
P -7.026478 7.138819 -3.881984 9.011214
Z 2 -4.253304 8.260874 -4.258176 7.260886
K -4.429726 3.329118 2.631175
Z 1 -10.008351 2.300161 -10.948731 1.960036
P 1.075650 -1.978238 2.301554 1.594670
K 2.696187 -4.524789 2.179481
K 6.499836 8.224532 3.052762
P -5.892682 -1.948060 -2.982039 2.676501
10 -5.8927 -1.9481
7 1.0757 1.5947
1 -9.3712 0.5387
7 -7.3404 -1.5850
5 -6.2363 -4.0130
5 -4.4297 3.3291
2 -4.2533 8.2609
4 -4.2533 8.2609
7 2.3016 -1.9782
8 2.6962 -4.5248
5 -7.2806 1.9515
2 -4.2533 8.2609
8 2.6962 -4.5248
2 -9.3712 0.5387
1 5.6325 -0.5528
9 6.4998 8.2245
6 -10.6455 4.0617
8 1.6387 -1.2635
5 -4.4297 3.3291
7 5.7777 -8.2887
10 5.8645 -4.1668
5 -4.4297 3.3291
7 2.3016 1.5947
9 3.7273 -5.3421
6 6.8149 -3.5664
8 2.6962 -4.5248
2 -9.3712 0.5387
2 -4.2533 8.2609
9 -3.5909 -1.2230
7 -1.9317 -6.8998
6 -9.3712 0.5387
8 2.6962 -4.5248
7 1.0757 -1.9782
8 2.6962 -4.5248
10 -2.9820 2.6765
5 -5.7716 5.8538
1 6.4115 -3.5603
4 0.7891 0.4892
9 8.2227 -2.3855
9 6.4998 8.2245
5 5.6897 2.2606
10 -2.9820 -1.9481
7 1.0757 -1.9782
1 6.7172 -3.8181
4 -4.2533 8.2609
8 2.8596 -6.2021
10 -5.8927 -1.9481
4 -4.0255 5.8497
7 2.3016 -1.9782
2 -4.2533 8.2609
3 -3.8820 9.0112
6 1.7520 -3.5163
10 -2.9820 -1.9481
10 1.6087 -9.6476
2 5.8070 2.8266
10 -5.8927 -1.9481
8 2.6962 -4.5248
1 -9.3712 0.5387
2 -4.2533 8.2609
2 -1.6884 -6.6755
2 -4.2533 8.2609
8 0.6562 -2.7310
2 -9.3712 0.5387
9 3.6428 8.9191
2 -7.5582 0.5256
10 -5.8927 2.6765
4 -6.0467 -0.9005
8 2.6962 -4.5248
8 2.6962 -4.5248
3 -3.8820 9.0112
6 -9.3712 0.5387
1 -4.4752 -8.8810
3 9.5761 -6.3687
2 -9.3712 0.5387
6 -9.3712 0.5387
10 2.7683 -2.7122
6 -10.6455 4.0617
6 -9.3712 0.5387
8 3.8810 -6.1131
6 -10.6455 4.0617
8 0.8701 -5.2369
7 1.0757 1.5947
2 -4.2533 8.2609
9 0.2120 9.8135
6 -9.3712 0.5387
7 1.0757 1.5947
1 -9.3712 0.5387
8 2.6962 -4.5248
9 6.4998 8.2245
9 6.4998 8.2245
6 -10.6455 4.0617
7 0.0200 -9.3860
8 -9.2595 7.3714
9 6.4998 8.2245
5 -4.4297 3.3291
1 5.3550 8.4877
8 2.6962 -4.5248
1 -9.3712 0.5387
10 -5.6593 5.1247
2 -9.3712 0.5387
