10 100
P 1.362659 2.031185 2.770579 6.569002
P 6.922289 2.929773 11.190688 6.027868
Z 2 11.190688 6.027868 12.178955 5.875127
Z 1 9.090155 -0.162757 -8.807031 -6.483697
K -6.531288 -3.188649 1.948977
K 4.149039 9.338498 3.468025
K 9.825034 -5.062159 4.176213
Z 2 1.562469 -6.629778 -2.070868 -2.722494
Z 3 6.303952 5.551476 -7.247532 4.739644
K -9.082337 -3.870377 4.112298
2 6.9223 6.0279
8 6.9223 2.9298
7 9.8250 -5.0622
6 4.1490 9.3385
2 11.1907 6.0279
10 -0.8041 0.9389
10 5.0360 7.0213
5 -6.5313 -3.1886
4 4.1528 0.2861
1 2.7706 2.0312
8 -5.2129 9.1099
10 -9.0823 -3.8704
2 11.1907 2.9298
3 -6.8322 -0.5316
4 7.0525 -4.1841
8 -11.4507 -11.0570
1 1.3627 6.5690
2 11.1907 2.9298
2 11.1907 2.9298
10 -9.0823 -3.8704
7 9.8250 -5.0622
3 11.1907 6.0279
9 6.9223 2.9298
5 -6.5313 -3.1886
9 12.4938 2.8411
10 -9.0823 -3.8704
10 -9.0823 -3.8704
10 -9.0823 -3.8704
5 -6.5313 -3.1886
8 -8.6705 -15.5389
1 2.7706 6.5690
4 1.3627 2.0312
10 -9.0823 -3.8704
2 11.1907 6.0279
7 9.8250 -5.0622
8 -3.6091 -6.2415
4 5.5501 -5.8389
4 1.3627 2.0312
9 12.1260 8.9814
2 5.9081 9.6509
3 6.9223 2.9298
4 4.4545 -6.7231
7 9.8250 -5.0622
8 11.1907 2.9298
10 -5.6309 5.0539
8 -11.4507 -11.0570
1 2.7706 6.5690
6 4.1490 9.3385
2 -6.3275 -9.8803
10 -9.0823 -3.8704
2 3.0781 -7.2207
5 4.6641 -6.5510
8 -8.3608 -11.2818
3 11.1907 6.0279
4 5.5501 -5.8389
9 7.3263 3.8967
1 2.7706 2.0312
2 6.9223 2.9298
5 2.7876 -3.2196
9 7.1215 7.3165
2 -5.5816 0.0486
1 1.3627 6.5690
6 4.1490 9.3385
4 4.4545 -6.7231
4 4.4545 -6.7231
10 -9.0823 -3.8704
2 6.9223 2.9298
6 4.1490 9.3385
6 4.1490 9.3385
8 2.0701 2.6349
6 4.1490 9.3385
4 2.7706 2.0312
1 2.7706 6.5690
1 -0.9298 -8.5086
5 -6.5313 -3.1886
4 5.5501 -5.8389
3 6.9223 6.0279
2 11.1907 2.9298
2 6.9223 2.9298
9 8.0568 10.2700
10 -9.0823 -3.8704
3 11.1907 2.9298
10 -9.0823 -3.8704
4 -2.4707 5.8571
6 4.1490 9.3385
7 9.8250 -5.0622
6 6.8744 4.3069
10 -9.0823 -3.8704
10 -9.0823 -3.8704
4 4.4545 -6.7231
10 -9.0823 -3.8704
5 8.7238 -2.2097
10 -8.3540 1.4517
8 -8.3608 -11.2818
3 12.1260 8.9814
8 11.1907 2.9298
4 1.3627 2.0312
9 8.6075 1.0759
8 6.9223 2.9298
7 9.8250 -5.0622
