10 100
K 4.354965 -0.309570 1.516678
P 2.545203 -5.154089 7.261265 -1.042468
P 3.552766 -0.928688 8.327809 2.753355
K 8.881353 -3.439865 1.984638
Z 1 4.896790 1.107023 3.962780 1.464268
K -5.831529 8.546890 2.915382
Z 4 9.852800 -5.170495 10.724813 -4.681012
P 0.937159 -5.922115 2.279484 -1.052015
Z 3 0.001831 4.586488 -2.900117 -5.995621
Z 2 -4.789608 7.584077 -8.785335 -8.211938
10 4.751848 -2.172098
1 4.354965 -0.309570
5 5.438616 2.523617
10 7.261265 -5.154089
8 2.220082 2.162363
5 5.438616 2.523617
10 7.261265 -5.154089
5 6.936466 1.572170
1 4.354965 -0.309570
4 8.881353 -3.439865
7 -9.562562 -2.743634
8 2.279484 -1.052015
10 2.545203 -1.042468
10 -15.344033 3.482757
3 8.327809 2.753355
4 8.881353 -3.439865
2 2.545203 -1.042468
5 5.438616 2.523617
6 2.695897 5.740611
1 -3.678718 -2.765647
9 -8.094544 7.256882
1 4.354965 -0.309570
6 4.384824 5.614345
7 10.824247 -6.901125
10 2.545203 -5.154089
10 7.261265 -5.154089
2 4.062899 -3.989362
7 10.824247 -6.901125
2 7.261265 -1.042468
5 4.354965 -0.309570
1 -4.737498 1.134971
8 2.279484 -1.052015
5 5.438616 2.523617
8 0.937159 -5.922115
6 -5.831529 8.546890
8 -2.838401 2.500886
6 -5.831529 8.546890
5 4.354965 -0.309570
7 8.881353 -3.439865
4 8.881353 -3.439865
10 -8.919059 -8.220847
8 -7.941784 -2.359625
10 -15.344033 3.482757
4 8.881353 -3.439865
6 -5.738596 -6.731052
3 9.475134 5.686564
10 9.527272 -8.137390
4 8.881353 -3.439865
2 -6.818557 0.864374
10 7.261265 -1.042468
5 5.438616 2.523617
6 -5.831529 8.546890
5 4.354965 -0.309570
1 4.354965 -0.309570
9 0.707559 6.117212
8 0.937159 -5.922115
6 -5.831529 8.546890
6 -5.831529 8.546890
5 4.354965 -0.309570
6 -5.831529 8.546890
6 -5.831529 8.546890
1 4.354965 -0.309570
1 4.354965 -0.309570
3 8.327809 2.753355
4 8.881353 -3.439865
3 -0.084265 -8.284642
3 -5.677249 0.890659
6 -5.831529 8.546890
10 -0.418681 -8.633939
6 -0.538969 4.282510
4 -7.881263 0.093415
2 -3.937171 5.119271
10 -21.447888 2.108119
3 3.552766 -0.928688
2 7.261265 -1.042468
5 2.818236 -5.256668
9 3.552766 2.753355
8 -1.020491 -8.408765
2 -7.448374 0.670467
4 8.881353 -3.439865
5 -4.901580 -5.192749
5 -1.882265 5.171718
9 3.552766 -0.928688
1 4.354965 -0.309570
10 6.081450 5.933119
1 4.354965 -0.309570
1 4.354965 -0.309570
4 8.881353 -3.439865
5 5.438616 2.523617
9 -9.972762 4.089905
3 8.327809 -0.928688
2 7.261265 -1.042468
9 8.327809 -0.928688
2 7.261265 -5.154089
3 3.552766 2.753355
10 7.261265 -5.154089
9 -8.094544 7.256882
9 0.132946 -4.343989
7 8.881353 -3.439865
5 4.354965 -0.309570
