10 100
P 6.718782 -1.901309 11.549386 0.244659
P -2.770959 7.470979 0.478468 11.277066
Z 2 1.217563 4.097014 -7.046136 1.224930
P -2.773604 -6.991747 0.989004 -5.126247
K 0.698798 2.684662 3.593074
P -2.206639 0.400315 1.869016 4.793481
P -6.768946 -7.388062 -5.217502 -4.473183
K 4.443676 9.395165 1.166430
K 6.606161 -1.206744 3.112462
P 5.560101 -6.699595 7.132442 -5.130253
8 -1.7821 -9.3976
10 -4.0092 8.5629
9 2.9505 6.1791
1 11.5494 0.2447
7 -5.2175 -4.4732
5 0.6988 2.6847
4 0.9890 -6.9917
2 -2.3718 -7.0422
7 9.8255 -4.5795
6 -2.2066 4.7935
7 -6.7689 -7.3881
1 11.5494 0.2447
3 8.5504 -8.3088
10 5.5601 -5.1303
6 4.8375 -4.8752
10 6.7898 1.7399
1 11.5494 0.2447
1 0.4091 2.6976
4 7.3490 8.2597
10 5.7676 -3.4889
10 7.1324 -5.1303
10 -9.3770 9.6553
10 5.0956 -7.2276
10 5.5601 -5.1303
10 7.1324 -5.1303
10 7.1324 -5.1303
10 7.1324 -6.6996
4 0.9890 -6.9917
1 6.7188 -1.9013
9 6.6062 -1.2067
9 6.6062 -1.2067
2 0.4785 7.4710
6 -2.2066 4.7935
3 5.0908 -1.9938
5 0.6988 2.6847
2 0.4785 11.2771
7 -5.2175 -7.3881
10 7.1324 -6.6996
8 4.4437 9.3952
3 2.8731 -8.0439
10 8.6561 6.7762
2 0.4785 11.2771
10 5.5601 -5.1303
8 4.4437 9.3952
5 0.6988 2.6847
3 -5.1674 2.9400
10 5.5601 -6.6996
10 5.5601 -5.1303
6 -2.2066 0.4003
6 -2.2066 4.7935
3 -2.7710 7.4710
2 -2.7710 11.2771
5 0.6988 2.6847
1 11.5494 -1.9013
6 -2.2066 0.4003
8 4.4437 9.3952
4 0.9890 -5.1262
7 -6.7689 -4.4732
2 -1.4885 8.1461
4 -2.7736 -6.9917
10 7.1324 -5.1303
5 0.6988 2.6847
3 9.5821 5.4550
2 -2.7710 11.2771
8 4.4437 9.3952
9 6.6062 -1.2067
10 5.5601 -5.1303
2 -2.7710 7.4710
1 6.7188 0.2447
10 5.5601 -6.6996
2 5.5309 7.8423
2 -6.8220 -8.8042
4 0.9890 -6.9917
10 5.5601 -5.1303
6 1.8690 4.7935
7 7.9186 6.9292
9 6.6062 -1.2067
6 6.9647 4.0723
5 0.6988 2.6847
10 -4.4485 3.2055
9 6.6062 -1.2067
9 8.1609 -8.7116
5 0.6988 2.6847
2 0.4785 11.2771
6 -5.1686 -4.7807
5 -0.0461 2.4446
7 -6.7689 -4.4732
9 6.6062 -1.2067
4 -2.7736 -6.9917
7 -6.7689 -7.3881
10 5.5601 -5.1303
10 7.1324 -6.6996
9 6.6062 -1.2067
7 -6.7689 -7.3881
7 1.5629 9.3876
3 2.5418 -4.0090
4 -2.7736 -5.1262
9 6.6062 -1.2067
3 2.7303 0.9919
5 0.6988 2.6847
