10 100
P -1.420501 -5.518336 0.032953 -3.820713
Z 1 0.032953 -5.518336 -0.523489 -4.687450
P 4.320632 -7.205667 7.664517 -3.795848
P 4.764084 7.073194 7.096535 10.964437
Z 4 -4.573824 8.451092 6.132613 3.474802
P 6.795536 -1.470208 11.712437 2.178046
P -5.817949 3.384390 -2.648420 4.805110
K 0.283938 3.873155 4.737363
P -3.288165 -8.307196 0.898988 -5.070299
P 2.269948 -0.821822 5.488791 0.950968
7 -2.648420 4.805110
5 1.028645 -2.090564
6 6.795536 -1.470208
8 4.994669 1.037371
10 2.269948 0.950968
3 4.320632 -3.795848
3 -1.408090 0.729589
10 9.124674 -4.738536
6 3.169492 6.473082
4 7.096535 10.964437
9 0.898988 -5.070299
6 11.712437 2.178046
3 7.664517 -3.795848
1 -6.060070 6.157387
1 -1.420501 -3.820713
1 -1.420501 -5.518336
4 7.096535 10.964437
3 4.320632 -7.205667
6 8.404269 1.946585
2 -8.591808 1.327457
2 -1.420501 -3.820713
8 0.283938 3.873155
2 0.586349 -4.174357
7 -2.648420 3.384390
5 -0.475065 -0.307539
8 0.283938 3.873155
9 1.166095 6.573983
3 -1.879217 8.670573
1 0.032953 -3.820713
2 -7.825976 -8.773688
5 4.764084 10.964437
3 7.664517 -7.205667
5 4.003279 0.418085
3 4.320632 -3.795848
9 -3.288165 -8.307196
8 8.646710 -3.110443
2 6.355029 -3.651958
2 6.844990 -6.893496
3 0.164476 6.078972
3 4.320632 -7.205667
1 -1.942152 6.707314
6 11.712437 -1.470208
9 -3.288165 -8.307196
1 0.032953 -5.518336
6 -8.200969 -4.101394
6 6.795536 -1.470208
2 -5.459068 -6.276295
9 -3.512153 -1.085428
9 0.898988 -8.307196
9 2.491942 2.184092
3 7.664517 -3.795848
3 7.664517 -7.205667
7 9.609323 7.432851
10 5.488791 0.950968
4 -8.599669 2.051322
5 1.028645 -2.090564
5 -3.716999 4.394570
2 0.032953 -3.820713
6 11.712437 2.178046
7 6.363729 6.003342
2 5.943132 8.333396
10 5.488791 0.950968
9 -3.288165 -5.070299
4 7.096535 10.964437
5 4.003279 0.418085
5 -1.600417 -3.448908
3 4.320632 -3.795848
3 7.664517 -3.795848
4 4.764084 7.073194
3 7.838190 5.092574
3 4.320632 -3.795848
7 -5.817949 3.384390
3 7.664517 -7.205667
2 0.032953 -5.518336
2 0.032953 -5.518336
8 0.283938 3.873155
6 -0.696828 -6.401916
8 0.283938 3.873155
1 1.516171 -6.590494
3 6.716486 -9.421806
9 0.898988 -5.070299
2 2.225238 4.673782
5 -4.767187 -9.158091
2 6.001323 7.837027
6 6.795536 2.178046
4 2.637606 -0.588440
10 5.488791 0.950968
2 -4.304359 9.074592
2 -1.311205 -3.279292
6 11.712437 2.178046
8 5.600356 6.040950
9 0.898988 -8.307196
2 0.586349 -4.174357
6 11.712437 2.178046
3 7.550979 1.227460
2 -0.983409 -3.527995
9 -3.288165 -8.307196
10 5.488791 0.950968
10 5.488791 0.950968
2 8.425196 -2.122756
