10 100
K -4.201114 -2.844389 1.273547
P 7.818627 8.409403 11.978246 12.137108
Z 2 -1.229478 2.035289 5.605194 3.147468
K -1.296637 -4.635919 3.566539
P -1.546552 -5.529087 1.043144 -2.299546
K -3.428794 9.605808 4.805285
Z 6 1.363068 9.964729 1.288375 10.961936
K 0.654314 9.165818 4.090250
K -9.220090 -1.393974 4.387475
K 2.786585 -3.907520 1.257180
5 2.768306 -0.109192
5 1.043144 -5.529087
9 -9.220090 -1.393974
4 -1.296637 -4.635919
10 9.769585 8.857297
6 3.573799 4.156976
10 2.786585 -3.907520
4 -1.296637 -4.635919
8 0.654314 9.165818
10 2.786585 -3.907520
10 1.850693 4.828666
6 -3.428794 9.605808
3 6.365697 8.887145
7 3.543566 -4.086745
4 -3.203723 8.517195
6 9.314571 8.539571
4 -1.296637 -4.635919
7 6.154930 10.323651
7 -3.428794 9.605808
4 6.534290 -6.657080
1 -0.437234 -5.477453
3 10.554652 -4.676583
4 7.240583 -5.414731
1 -4.201114 -2.844389
1 -4.201114 -2.844389
1 4.259231 5.967253
2 11.978246 12.137108
10 2.786585 -3.907520
2 7.818627 8.409403
10 5.065870 0.811470
7 6.041002 7.734156
1 -4.201114 -2.844389
5 -1.546552 -5.529087
9 -9.220090 -1.393974
2 -7.010679 1.860810
4 -1.296637 -4.635919
5 1.043144 -2.299546
7 -9.577340 3.155858
9 -9.220090 -1.393974
4 -1.296637 -4.635919
7 -3.428794 9.605808
5 -1.546552 -2.299546
6 -3.428794 9.605808
7 6.154930 10.323651
2 -7.173529 -2.839868
9 -1.574085 4.605908
4 1.085972 3.879265
4 0.284912 5.971405
7 -3.428794 9.605808
8 0.928417 0.053731
7 6.154930 10.323651
6 -3.428794 9.605808
2 -1.396162 -9.779592
4 -1.296637 -4.635919
10 2.786585 -3.907520
7 -3.428794 9.605808
9 -5.795746 -2.924763
6 -3.428794 9.605808
3 10.554652 -4.676583
4 -1.296637 -4.635919
4 -4.731877 1.186498
8 0.654314 9.165818
9 -9.220090 -1.393974
3 7.818627 12.137108
7 7.755070 -3.633182
6 -3.428794 9.605808
4 -1.296637 -4.635919
3 -6.416463 -6.820498
2 11.978246 12.137108
10 7.682482 6.766793
7 6.154930 10.323651
2 7.818627 12.137108
9 4.113089 2.268195
3 6.831795 -8.050483
7 8.973714 1.302566
1 -4.201114 -2.844389
7 -3.428794 9.605808
5 1.043144 -2.299546
2 -6.314002 5.660416
4 -1.296637 -4.635919
5 -6.711016 6.136380
1 -4.201114 -2.844389
7 -9.645078 5.300976
6 -3.428794 9.605808
9 -9.220090 -1.393974
3 14.499663 -3.357749
5 3.291438 5.641217
4 -1.296637 -4.635919
1 -5.808050 2.374248
9 -9.220090 -1.393974
10 -6.501409 3.516557
3 11.978246 8.409403
8 8.681240 1.848105
9 -9.220090 -1.393974
2 7.818627 12.137108
6 -3.428794 9.605808
2 11.978246 12.137108
9 -9.220090 -1.393974
4 -1.296637 -4.635919
4 -1.296637 -4.635919
