10 100
P 6.710479 -5.333521 8.290975 -2.983422
P 3.166980 -1.885941 6.405340 -0.009211
Z 1 9.389915 -5.516494 -5.551290 -5.622722
P -5.113875 -0.720789 -3.631139 1.862398
K 3.278727 -3.479201 3.330119
Z 5 6.588721 -3.844763 6.698495 -2.850806
K -6.166378 -6.869029 4.751787
K -7.665368 5.861564 1.476794
K 2.591050 4.579675 2.014790
K 6.401341 -4.721795 1.978387
7 -9.2388 -0.8371
1 6.7105 -5.3335
4 -5.1139 1.8624
2 6.4053 -1.8859
9 2.5910 4.5797
10 6.4013 -4.7218
7 -6.1664 -6.8690
6 9.8987 -4.2103
5 3.2787 -3.4792
8 3.4774 -9.3550
7 -6.1664 -6.8690
9 2.5910 4.5797
1 8.2910 -2.9834
4 -3.6311 1.8624
5 3.2787 -3.4792
7 -6.1664 -6.8690
7 -6.1664 -6.8690
10 6.4013 -4.7218
6 7.8651 9.5194
6 3.2787 -3.4792
2 -5.2887 -3.3364
4 -5.1139 1.8624
7 -6.1664 -6.8690
2 7.5021 -6.8029
1 8.2910 -2.9834
2 3.4485 2.6998
7 -6.1664 -6.8690
5 3.2787 -3.4792
1 -7.0822 2.3272
10 6.4013 -4.7218
7 -6.1664 -6.8690
6 9.8987 -4.2103
3 9.7258 0.3992
10 6.4013 -4.7218
5 3.2787 -3.4792
4 -5.1139 -0.7208
10 6.4013 -4.7218
9 -6.5838 -1.3584
8 -2.8909 7.9587
4 7.7272 -1.4206
4 -5.1139 1.8624
1 6.7105 -2.9834
2 6.4053 -1.8859
5 3.2787 -3.4792
7 -6.1664 -6.8690
4 1.3345 4.7239
4 -3.6311 1.8624
9 2.5910 4.5797
6 -1.4931 -5.7311
6 9.8987 -4.2103
7 -6.1664 -6.8690
7 -6.1664 -6.8690
6 3.2787 -3.4792
1 6.7105 -2.9834
2 6.4053 -1.8859
4 -3.6311 1.8624
10 6.4013 -4.7218
5 3.2787 -3.4792
9 2.5910 4.5797
2 6.4053 -1.8859
8 -7.6654 5.8616
6 3.2787 -3.4792
7 2.7902 -8.8016
2 3.1670 -1.8859
5 1.7425 -5.9068
10 6.4013 -4.7218
1 -3.2394 -4.7989
2 3.1670 -1.8859
1 8.2910 -5.3335
6 3.2787 -3.4792
10 2.3040 -0.7466
3 -1.1576 7.6114
7 -6.1664 -6.8690
4 -5.1139 1.8624
5 3.2787 -3.4792
5 -8.7113 7.8874
1 8.2910 -5.3335
10 2.5605 -9.0867
4 -2.5973 2.7928
5 3.2787 -3.4792
10 6.4013 -4.7218
2 6.4053 -1.8859
1 8.2910 -5.3335
6 9.8987 -4.2103
6 3.2787 -3.4792
10 6.4013 -4.7218
5 3.2787 -3.4792
10 6.4013 -4.7218
5 3.2787 -3.4792
9 2.5910 4.5797
9 2.5910 4.5797
2 -0.3219 2.2798
7 -6.1664 -6.8690
4 -3.6311 -0.7208
9 2.5910 4.5797
7 -6.1664 -6.8690
3 8.6036 -0.7957
10 8.7699 -2.9290
8 8.1410 3.2243
9 2.5910 4.5797
