10 100
P 8.596483 5.472959 13.060740 10.171146
P -3.318726 -2.432857 -0.869169 2.383769
P 4.224149 -3.582772 6.805103 1.135764
P -4.919109 -7.020150 -2.041976 -2.684686
K 6.220853 -2.937815 3.909136
P 4.619901 3.995764 7.165650 5.630849
P -0.197896 0.989574 3.796718 4.096117
P 2.509265 3.602832 4.831688 6.285784
P -2.515113 -1.722097 1.130431 0.360536
P 4.134786 3.770279 5.933590 6.413889
5 6.2209 -2.9378
7 -0.9912 7.3469
8 4.8317 6.2858
5 6.2209 -2.9378
8 2.5093 6.2858
5 -6.6324 -8.0738
10 5.9336 6.4139
1 8.5965 10.1711
3 6.8051 -3.5828
9 -5.8182 -6.3121
8 2.5093 6.2858
2 -0.8692 2.3838
9 -1.0356 -0.0260
3 4.2241 -3.5828
6 4.6199 5.6308
1 8.5965 10.1711
3 4.2858 -5.1371
7 -4.0495 -6.8438
9 1.1304 0.3605
1 13.0607 5.4730
8 2.5093 6.2858
6 7.1656 5.6308
2 -6.0437 -9.6224
8 -2.8636 8.6956
4 -4.9191 -7.0201
9 1.1304 0.3605
1 8.5965 10.1711
7 -8.7045 3.7150
5 9.3707 2.6232
10 4.1348 3.7703
3 4.2241 -3.5828
8 3.7538 0.6038
8 8.2544 1.7904
6 8.2616 -2.1178
5 -6.1756 -2.0618
10 6.2886 0.1430
6 1.7739 -7.8074
1 13.0607 10.1711
8 -7.4537 -5.2421
8 4.8317 3.6028
7 3.7967 0.9896
7 -1.8873 4.0133
1 13.0607 5.4730
5 -9.1959 4.2919
9 -2.5151 0.3605
2 -3.3187 2.3838
5 6.2209 -2.9378
1 8.5965 10.1711
7 -0.1979 0.9896
8 -5.4153 4.6753
8 -6.3525 -8.3629
1 -5.6118 -1.4387
9 1.1304 0.3605
9 1.1304 0.3605
1 13.0607 5.4730
7 3.7967 0.9896
5 6.2209 -2.9378
5 6.2209 -2.9378
6 -8.8983 1.3921
9 -6.0847 4.0858
7 -4.7147 5.2097
1 2.1425 3.5337
3 6.8051 -3.5828
9 -0.0292 -3.9913
8 2.5093 6.2858
5 6.2209 -2.9378
1 8.5965 10.1711
1 -0.5399 4.1709
1 -6.7647 9.4440
2 -3.3187 2.3838
5 6.2209 -2.9378
7 3.7967 4.0961
1 8.5965 10.1711
5 6.2209 -2.9378
4 -4.9191 -2.6847
4 -2.0420 -7.0201
5 6.2209 -2.9378
9 1.1304 -1.7221
1 13.0607 5.4730
5 6.2209 -2.9378
2 -6.9398 -5.6143
6 7.1656 3.9958
8 9.5703 -9.8793
4 -5.8280 1.4010
8 -7.7902 0.5025
4 -4.9191 -7.0201
9 1.1304 0.3605
6 -8.8867 3.1968
9 -6.1705 7.4034
6 -2.8538 -3.4673
10 4.1348 6.4139
8 9.1394 -5.0236
9 -2.5151 -1.7221
9 2.2189 3.3824
10 4.1348 6.4139
1 8.5965 5.4730
9 1.1304 -1.7221
7 -2.8505 -6.1157
4 -2.0420 -2.6847
8 2.5093 6.2858
