10 100
P 7.717022 -4.318899 9.985169 -2.606477
K 7.294520 -4.310980 2.946130
P -8.623048 -5.452659 -5.188746 -2.925059
Z 1 3.766314 -6.682168 1.025954 -3.124256
K 0.949445 4.999307 4.780923
Z 4 9.985169 -4.318899 10.897355 -3.909123
K 5.535166 6.820312 4.556974
K -3.112269 -4.582519 2.852945
P 9.353456 5.966849 13.625584 8.398590
K -6.271369 9.094323 1.789542
7 5.5352 6.8203
5 7.7746 -8.9431
10 0.6531 6.9613
8 -3.1123 -4.5825
5 0.9494 4.9993
10 -6.2714 9.0943
2 7.2945 -4.3110
6 -3.3008 -8.2289
2 6.5389 -5.1160
7 5.5352 6.8203
10 -6.2714 9.0943
8 -3.1123 -4.5825
9 13.6256 8.3986
10 7.5015 -0.3426
9 9.3535 8.3986
6 0.4727 -9.8986
9 2.9838 -6.7415
5 -0.1529 -3.0301
1 7.7170 -4.3189
1 9.9852 -2.6065
5 0.9494 4.9993
8 -3.1123 -4.5825
5 0.9494 4.9993
10 -6.2714 9.0943
3 -8.6230 -5.4527
4 9.9852 -4.3189
6 -3.3008 -8.2289
9 13.6256 8.3986
6 7.7170 -2.6065
3 -8.6230 -2.9251
6 -1.7620 -11.6544
8 -3.1123 -4.5825
10 9.0016 9.1382
2 8.4796 -3.5730
3 -5.1887 -5.4527
7 4.8128 -8.6901
9 13.6256 8.3986
3 -5.1887 -5.4527
7 5.5352 6.8203
1 7.7170 -2.6065
2 2.2262 1.0595
10 -6.2714 9.0943
5 0.9494 4.9993
8 3.1822 1.6490
9 9.3535 8.3986
10 -6.6059 9.1178
2 8.6560 -6.3061
2 7.2945 -4.3110
10 -6.2714 9.0943
8 -3.1123 -4.5825
2 5.2097 8.6343
3 -5.1887 -2.9251
1 9.9852 -4.3189
9 6.9355 -3.0940
8 -3.1123 -4.5825
5 -8.5248 1.6149
4 9.9852 -4.3189
8 0.2339 -4.1222
8 5.9329 -7.1620
4 2.5541 -4.0009
7 5.5352 6.8203
9 9.3535 5.9668
4 -1.1830 -9.4614
1 9.9852 -4.3189
4 7.7170 -2.6065
5 -8.0688 1.0491
7 5.5352 6.8203
3 -5.1887 -5.4527
3 4.7158 -0.0219
10 -6.2714 9.0943
6 1.9441 -7.1188
10 -8.2398 -3.4987
3 -8.6230 -5.4527
9 9.3535 5.9668
5 0.9494 4.9993
6 -2.5472 9.9333
7 5.5352 6.8203
10 -6.2714 9.0943
4 7.7170 -4.3189
4 -1.1830 -9.4614
9 13.6256 8.3986
7 8.8402 -7.5467
2 -6.2887 -8.7391
1 9.9852 -4.3189
4 -2.8692 -4.6592
5 7.7334 -8.4190
3 -8.6230 -2.9251
7 5.5352 6.8203
8 -3.1123 -4.5825
5 0.9494 4.9993
6 9.9852 -2.6065
8 -3.1123 -4.5825
5 0.9494 4.9993
7 5.5352 6.8203
4 -1.1830 -9.4614
5 0.9494 4.9993
4 8.7413 -4.6050
4 9.9852 -2.6065
7 -8.4557 -1.4598
7 5.5352 6.8203
