10 100
P 2.750906 9.996406 4.227900 11.117479
P 5.682214 2.158958 9.397274 6.615490
K -4.904700 1.427765 3.469295
P -6.617479 -6.208333 -3.147541 -2.987655
K -0.302171 9.714376 4.937523
Z 2 -9.787891 7.291214 -0.405662 -1.757873
K 6.192263 -5.954545 2.121823
K -4.661779 -5.895972 2.464223
P 8.573485 -4.834053 11.880170 -2.580666
K -4.947190 1.680904 2.000429
7 6.192263 -5.954545
7 6.192263 -5.954545
10 6.382541 6.191935
6 6.061592 2.250909
5 -0.302171 9.714376
4 -3.147541 -2.987655
1 2.750906 11.117479
2 9.397274 6.615490
7 6.192263 -5.954545
1 2.750906 11.117479
8 -4.661779 -5.895972
4 -2.262493 -3.483793
1 2.750906 11.117479
4 -6.617479 -6.208333
1 2.750906 11.117479
1 4.227900 11.117479
9 11.880170 -2.580666
1 5.452704 -7.616278
2 9.397274 2.158958
4 -7.205882 4.006405
8 -4.661779 -5.895972
7 0.095549 2.965611
10 6.585472 -9.619638
3 -4.904700 1.427765
4 -6.617479 -6.208333
6 9.397274 6.615490
1 2.750906 9.996406
5 -0.302171 9.714376
8 -4.661779 -5.895972
2 9.397274 6.615490
2 9.397274 2.158958
2 9.397274 6.615490
8 -4.184683 -0.780588
3 6.173913 -2.613874
8 -4.661779 -5.895972
9 4.371195 -5.469054
7 6.192263 -5.954545
3 -4.904700 1.427765
4 7.594207 -7.343854
4 -3.147541 -6.208333
6 -4.099932 -7.983318
8 6.198383 -3.284406
9 11.880170 -2.580666
6 9.397274 6.615490
5 9.921143 -7.727698
3 -4.904700 1.427765
1 4.227900 9.996406
4 -3.147541 -2.987655
6 -5.543148 -2.605506
7 6.192263 -5.954545
1 0.368386 -6.047253
9 8.573485 -2.580666
7 -2.268503 2.336373
2 5.682214 2.158958
2 9.397274 6.615490
9 8.573485 -2.580666
3 -4.904700 1.427765
2 9.397274 2.158958
1 4.227900 9.996406
7 1.624436 8.971157
8 -4.661779 -5.895972
1 4.227900 9.996406
8 -4.661779 -5.895972
1 2.750906 11.117479
8 -4.661779 -5.895972
3 -4.904700 1.427765
7 -8.856072 -6.458687
8 -4.661779 -5.895972
4 -3.147541 -2.987655
4 9.902207 2.014667
8 -4.661779 -5.895972
4 -6.617479 -2.987655
9 8.573485 -2.580666
4 -3.147541 -2.987655
3 8.628630 -0.473816
6 9.908732 -3.425524
2 9.397274 6.615490
8 9.809797 4.418793
8 -1.655504 -4.426453
5 -5.320340 1.414228
1 4.227900 9.996406
10 -4.947190 1.680904
3 -4.904700 1.427765
9 11.880170 -2.580666
6 8.377422 9.647894
9 8.573485 -4.834053
10 -4.947190 1.680904
5 -0.302171 9.714376
2 9.397274 6.615490
5 -0.302171 9.714376
2 5.682214 6.615490
8 -4.661779 -5.895972
4 -3.147541 -2.987655
6 4.583750 -2.119162
1 4.227900 9.996406
9 8.573485 -4.834053
4 -3.147541 -2.987655
4 -8.728778 -8.963600
3 -6.579372 -0.017465
3 -4.904700 1.427765
