10 100
P 9.199383 5.176536 10.975859 8.914994
K -0.322427 8.731847 1.127075
P 3.730504 9.577355 8.273787 11.223177
P -2.567483 3.701366 0.651174 7.260928
P 1.079370 1.518776 3.713924 4.250992
Z 4 4.944878 3.303795 -8.706683 -9.766448
K 4.770091 5.045309 1.771044
K 7.262506 7.695612 2.121891
Z 6 -0.603180 8.534219 6.091574 -6.022196
P -0.694134 -8.775482 1.152157 -5.353783
6 5.772596 -1.677503
7 -0.903293 3.397754
10 -3.065481 5.408757
2 -0.462003 4.944751
2 -0.322427 8.731847
10 -0.694134 -5.353783
6 1.017253 6.279393
2 -0.322427 8.731847
4 0.651174 7.260928
10 1.152157 -5.353783
7 -0.816665 7.518968
10 -0.694134 -8.775482
5 3.713924 4.250992
4 -2.567483 7.260928
6 -2.567483 3.701366
1 -3.679072 -4.628704
6 9.624042 0.030817
6 8.711542 -1.157937
7 4.770091 5.045309
5 3.713924 4.250992
3 8.273787 9.577355
2 -0.322427 8.731847
9 0.701233 0.413834
7 4.770091 5.045309
2 -0.322427 8.731847
8 7.262506 7.695612
7 4.770091 5.045309
1 9.199383 5.176536
6 8.571568 -4.373548
7 4.770091 5.045309
8 2.355438 -9.640272
8 7.262506 7.695612
8 7.262506 7.695612
7 -0.661815 9.470975
2 -0.322427 8.731847
9 -1.146826 4.169385
4 6.678678 -8.752932
6 0.651174 7.260928
10 -0.694134 -5.353783
3 8.273787 11.223177
7 0.596995 9.358638
4 -2.567483 7.260928
9 1.641944 9.196918
6 -2.567483 3.701366
2 -7.296233 1.448717
10 6.909055 -5.459420
8 1.470888 8.093260
5 3.713924 4.250992
8 7.262506 7.695612
7 4.770091 5.045309
9 0.651174 7.260928
10 7.266815 5.736546
3 3.730504 9.577355
5 5.688192 0.853395
2 -0.322427 8.731847
8 7.262506 7.695612
5 1.079370 1.518776
5 1.079370 1.518776
5 1.079370 4.250992
3 3.730504 11.223177
5 3.713924 4.250992
10 -0.694134 -8.775482
2 -0.322427 8.731847
7 4.770091 5.045309
7 4.770091 5.045309
1 9.904924 -0.640145
2 -0.322427 8.731847
5 8.191669 7.290109
3 8.273787 11.223177
9 -8.386107 -1.798751
9 -2.567483 3.701366
6 0.651174 3.701366
2 -0.322427 8.731847
6 0.651174 7.260928
8 7.262506 7.695612
8 7.262506 7.695612
1 9.199383 5.176536
7 4.770091 5.045309
8 0.129868 1.592880
6 5.155348 -1.003137
10 5.967799 2.513048
1 4.582572 1.170955
8 7.262506 7.695612
1 9.199383 8.914994
10 -0.694134 -5.353783
2 -0.322427 8.731847
5 3.713924 4.250992
9 -9.330012 0.742790
5 3.713924 4.250992
4 0.075967 8.513946
3 8.273787 11.223177
6 -2.567483 7.260928
2 -0.322427 8.731847
8 7.262506 7.695612
4 0.651174 3.701366
5 3.713924 1.518776
4 8.843455 -6.676746
9 1.280222 0.600825
6 5.155348 -1.003137
8 7.262506 7.695612
