10 100
K -3.095629 8.355159 1.888255
P 7.396402 3.222104 10.146298 7.772115
Z 1 -1.224280 8.103049 -1.090765 9.094096
P 6.001029 3.225521 8.525669 4.782939
K 5.388022 -2.229197 1.922534
K 5.667454 9.290284 1.554374
K -3.656059 4.803065 3.889935
P 4.695675 -7.211061 8.146816 -5.349421
Z 3 1.772974 6.335074 2.575760 6.931341
Z 5 -4.152401 -4.613569 -1.280795 8.348156
2 3.0404 1.0524
5 9.1805 -9.1104
7 -3.6561 4.8031
1 -6.3295 -9.4815
2 7.3964 3.2221
1 -3.0956 8.3552
9 -3.0956 8.3552
6 -8.2732 -1.1210
1 -3.0956 8.3552
6 5.6675 9.2903
8 2.7312 -5.2733
3 0.6471 7.8509
6 5.6675 9.2903
8 4.6957 -7.2111
2 10.1463 7.7721
6 0.3378 -5.0965
7 -0.6129 -2.8349
6 -0.9220 3.4639
10 -3.9862 -4.4526
9 9.0105 -6.3910
4 8.5257 4.7829
5 5.3880 -2.2292
4 -2.4768 2.9742
5 5.3880 -2.2292
2 10.1463 3.2221
1 4.5425 -1.0959
6 5.6675 9.2903
5 5.3880 -2.2292
5 5.3880 -2.2292
4 5.1840 -0.8679
10 -0.9271 -9.8825
2 -4.0297 1.8988
8 8.1468 -7.2111
4 8.5257 3.2255
1 -3.0956 8.3552
4 8.5257 4.7829
5 -1.1775 -2.3962
1 -9.5205 6.4194
3 2.6639 7.7438
8 8.1468 -5.3494
4 -6.7428 -2.1730
9 -3.0956 8.3552
8 8.1468 -7.2111
5 -2.0708 4.7437
1 -3.0956 8.3552
8 8.1468 -5.3494
9 0.6471 7.8509
6 5.6675 9.2903
5 3.9178 -1.8195
10 5.3880 -2.2292
3 0.6471 7.8509
1 -3.0956 8.3552
6 7.8857 -6.5404
1 -3.0956 8.3552
6 5.6675 9.2903
3 -3.0956 8.3552
1 -3.0956 8.3552
2 7.3964 3.2221
3 -5.9092 3.4713
1 -3.0956 8.3552
8 4.6957 -7.2111
2 -2.7760 0.1605
9 0.6471 7.8509
9 2.8989 4.8192
1 -8.2842 2.3146
4 8.5257 4.7829
4 6.0010 4.7829
1 -3.0956 8.3552
7 -3.6561 4.8031
3 -3.0956 8.3552
6 5.6675 9.2903
6 5.6675 9.2903
7 -3.6561 4.8031
1 -3.0956 8.3552
1 2.5924 6.7649
1 -8.8729 5.3590
10 5.3880 -2.2292
7 7.4888 6.8728
3 8.6811 -2.1075
6 5.6675 9.2903
1 8.6447 1.1234
3 -5.7037 3.4691
3 -1.9305 -8.2946
8 4.6957 -5.3494
2 -0.1866 4.7074
7 -4.6014 -0.7658
2 -6.7299 -2.5126
9 3.0671 -3.7984
6 5.6675 9.2903
8 4.6957 -5.3494
3 -0.4892 -7.1307
8 4.6957 -5.3494
2 10.1463 7.7721
3 9.6646 4.4900
9 -3.0956 8.3552
3 -3.0956 8.3552
9 0.6471 7.8509
2 3.3041 2.3330
3 4.9146 6.3388
10 5.3880 -2.2292
