10 100
P -1.909970 8.198345 3.003720 11.268926
P 2.084830 0.216412 7.068740 2.394541
P -2.791997 9.496293 1.086056 13.256579
Z 1 3.003720 11.268926 2.335366 10.525083
P -6.007134 -8.869212 -1.198599 -4.425306
Z 4 9.285885 -7.571331 8.517862 -3.653663
Z 5 -6.007134 -8.869212 -5.333949 -8.129738
K -4.138737 -9.719813 1.289729
K -6.095905 4.602755 4.726511
Z 4 -1.909970 8.198345 -1.707005 7.219159
1 3.003720 11.268926
2 2.084830 0.216412
8 -8.044637 -2.568929
1 3.003720 8.198345
1 -1.909970 8.198345
10 0.474459 6.055899
1 -2.373868 -4.413154
3 -8.680529 -3.075955
2 2.084830 2.394541
3 1.086056 13.256579
9 -6.095905 4.602755
2 2.084830 2.394541
7 -1.198599 -8.869212
9 -6.095905 4.602755
10 -2.571777 -6.199596
4 3.003720 11.268926
2 -1.744289 -4.072457
6 4.301199 -5.244750
4 7.185866 -4.749996
10 2.527365 -9.105117
7 -1.582755 -8.453070
9 -3.359887 -5.725073
7 -6.457421 -4.081807
8 -4.138737 -9.719813
5 8.364484 -6.006647
9 -6.095905 4.602755
2 -6.690445 -1.956452
5 -6.007134 -4.425306
9 -6.095905 4.602755
3 -2.791997 9.496293
2 2.084830 0.216412
9 -6.095905 4.602755
6 3.003720 11.268926
10 -4.707669 9.976017
7 -1.198599 -4.425306
3 4.660327 8.416049
7 -2.033042 -3.665665
5 -6.007134 -4.425306
4 -0.049363 10.941588
10 -6.418823 6.245246
9 -6.095905 4.602755
9 -6.095905 4.602755
5 -6.007134 -8.869212
7 -2.033042 -3.665665
5 2.973007 -1.257678
1 9.090063 -0.179487
8 -4.138737 -9.719813
5 -6.007134 -4.425306
4 3.003720 11.268926
3 -2.791997 9.496293
8 2.651269 -1.384762
6 3.003720 11.268926
7 -6.007134 -8.869212
3 -2.791997 9.496293
9 -6.095905 4.602755
2 2.084830 2.394541
9 -6.095905 4.602755
1 3.003720 8.198345
10 3.527542 6.383237
10 -6.841763 0.635519
4 7.479659 -4.537200
2 7.068740 2.394541
9 -6.095905 4.602755
1 3.003720 8.198345
7 -1.198599 -4.425306
2 2.084830 0.216412
2 7.068740 2.394541
8 -8.783908 7.548659
3 -2.791997 9.496293
8 -4.138737 -9.719813
3 -2.791997 9.496293
1 3.003720 11.268926
10 3.527542 6.383237
10 3.003720 11.268926
7 -6.007134 -8.869212
8 -4.138737 -9.719813
1 -1.909970 8.198345
5 6.666840 1.979342
3 -2.791997 13.256579
8 2.674371 4.446724
1 -1.909970 11.268926
3 -2.791997 13.256579
1 -1.909970 11.268926
1 -1.909970 8.198345
3 -2.791997 13.256579
2 2.084830 0.216412
2 -6.046615 3.449778
8 -4.138737 -9.719813
2 2.084830 2.394541
3 1.086056 13.256579
2 6.966203 -6.279955
1 -1.909970 11.268926
2 2.084830 0.216412
6 3.003720 8.198345
1 -4.048644 -4.911498
5 -6.007134 -4.425306
5 -6.007134 -8.869212
3 1.086056 13.256579
5 -8.937911 7.145318
6 3.003720 11.268926
