10 100
K 5.057233 1.571884 1.646643
K -3.459600 -5.525916 1.661707
Z 1 -7.088528 7.269281 -9.479800 -1.662109
P -7.099569 7.655549 -3.877454 8.666467
K -9.186708 -6.153658 4.744879
P 9.091884 0.290189 12.456503 1.848378
P -0.236431 6.708500 2.172866 10.019509
P 0.261662 -9.641135 2.182636 -5.260396
Z 6 9.091884 0.290189 8.363441 0.975296
K 9.250026 -4.905031 2.076072
6 12.4565 1.8484
8 0.5732 -8.6530
6 -0.7962 -0.7027
3 -0.1401 -1.5087
7 -2.2538 -3.7518
3 -20.4562 8.4028
2 -6.6123 4.5939
7 2.1729 10.0195
1 5.0572 1.5719
9 9.0919 0.2902
4 -7.0996 7.6555
3 -7.7282 4.5264
4 -7.0996 7.6555
5 4.9653 -2.0286
6 9.0919 1.8484
6 12.4565 1.8484
1 5.0572 1.5719
7 2.1729 6.7085
3 -20.4562 8.4028
9 9.0919 0.2902
7 -0.2364 6.7085
1 5.0572 1.5719
7 -0.2364 10.0195
6 9.0919 0.2902
4 -3.8775 8.6665
6 12.4565 0.2902
10 9.2500 -4.9050
8 2.1826 -9.6411
4 -7.0996 8.6665
4 -7.0996 8.6665
7 -3.6231 -6.0596
8 3.1394 0.8556
7 -0.2364 6.7085
1 2.8308 3.1569
1 3.7716 -1.9448
8 -3.3318 -6.3333
5 -7.1094 -5.8884
3 5.0572 1.5719
5 -9.1867 -6.1537
5 6.0129 5.0147
10 -4.0427 -9.6873
10 9.5016 4.4973
3 -20.4562 8.4028
8 -2.5758 -4.6701
1 5.0572 1.5719
6 12.4565 1.8484
2 -3.4596 -5.5259
8 -9.0872 4.2675
10 9.2500 -4.9050
4 -6.1941 -8.9340
9 9.0919 0.2902
9 -9.3078 -8.3209
1 5.0572 1.5719
1 -6.4374 9.1974
10 9.2500 -4.9050
3 -20.4562 8.4028
1 5.0572 1.5719
7 -1.7449 -7.4015
3 -20.4562 8.4028
10 9.2500 -4.9050
3 5.0572 1.5719
4 -9.6601 -1.5514
10 9.2500 -4.9050
9 -9.7377 8.7379
1 5.0572 1.5719
3 -6.9061 -8.7776
10 9.2500 -4.9050
10 9.2500 -4.9050
2 0.9570 7.2024
10 -9.9553 -6.3548
3 9.2650 4.9905
10 1.5320 6.8787
1 5.0572 1.5719
3 5.0572 1.5719
4 -3.8775 8.6665
8 7.7834 -6.5002
4 -7.0996 8.6665
7 -0.2364 6.7085
9 4.9111 5.8243
8 2.1826 -5.2604
10 9.2500 -4.9050
7 -0.2364 6.7085
9 9.0919 1.8484
2 9.8848 -5.2863
7 -4.5546 -6.6797
8 8.5941 -5.6694
4 -9.0857 8.4457
3 5.0572 1.5719
2 -3.4596 -5.5259
10 9.2500 -4.9050
4 7.1741 -3.3897
10 9.2500 -4.9050
8 0.2617 -5.2604
8 -9.7180 -7.9001
3 -5.6420 4.2075
8 5.0603 -8.2626
10 9.2500 -4.9050
6 -0.2169 -0.4884
2 -3.4596 -5.5259
6 9.0919 1.8484
