10 100
K 9.130914 9.586087 2.386324
P 8.415718 9.544334 12.963817 11.602470
Z 2 -0.986575 -3.616081 8.348800 4.454369
K -8.952351 -3.949793 2.542907
Z 2 6.982088 -9.993373 -2.855400 1.987196
P -4.853294 8.708114 -3.149047 13.109145
Z 2 12.963817 11.602470 12.704322 10.636726
P 6.287238 1.746027 10.476950 5.061351
P -8.159458 -8.301766 -4.894603 -6.140148
P -2.522045 7.537328 2.263918 10.584556
4 1.6764 -3.7347
7 12.9638 11.6025
4 -5.1570 0.9873
8 10.4770 5.0614
1 -4.5120 1.7856
5 -9.4238 -2.7081
4 -6.1059 7.1148
5 -3.2217 6.7731
9 -8.1595 -6.1401
2 -5.7978 -3.1740
7 8.4157 9.5443
6 8.9392 6.1845
5 -1.0035 -7.8000
5 -12.4612 -7.5981
10 9.0513 -0.0816
7 8.4157 9.5443
9 -8.1595 -6.1401
1 9.1309 9.5861
10 5.2937 5.5138
4 -8.9524 -3.9498
2 3.0288 -7.6222
5 -4.8913 -0.1799
10 -2.5220 7.5373
4 -8.9524 -3.9498
5 -15.3649 -11.6588
3 13.3950 3.7847
3 8.4157 11.6025
2 -0.1382 -5.9798
2 8.9304 2.1290
7 12.9638 11.6025
8 10.4770 1.7460
2 12.9638 11.6025
10 -2.5220 10.5846
7 8.4157 11.6025
3 13.3950 3.7847
1 9.1309 9.5861
5 -13.3461 -12.0593
3 8.4157 11.6025
8 6.2872 1.7460
6 -3.1490 8.7081
2 8.4157 11.6025
2 12.9638 11.6025
7 11.9323 9.8215
3 8.2975 6.2291
10 2.2639 7.5373
5 4.1503 -8.1165
9 -8.2167 6.8651
1 -1.3311 -6.0653
1 5.5942 3.0960
3 -2.4113 7.8130
1 9.1309 9.5861
2 -0.4607 -9.7486
7 -4.7384 -2.7941
9 -4.8946 -8.3018
4 -8.9524 -3.9498
8 7.3389 -2.7475
5 6.2130 7.7911
6 -3.1490 8.7081
9 -4.8946 -6.1401
10 8.6022 3.2298
1 9.1309 9.5861
4 -2.1311 -5.6348
1 9.1309 9.5861
8 10.4770 5.0614
2 0.6003 2.2819
5 -13.3461 -12.0593
3 16.0890 7.9874
3 4.9863 2.1532
7 11.9323 9.8215
3 12.9638 11.6025
4 -8.9524 -3.9498
3 13.3950 3.7847
1 8.4934 -0.0084
8 10.4770 1.7460
3 13.3950 3.7847
3 4.2152 -9.2622
10 2.2639 7.5373
7 9.5700 -7.1538
4 -8.9524 -3.9498
4 -8.9524 -3.9498
3 9.8905 -2.8293
2 8.4157 9.5443
9 -4.8946 -6.1401
4 -8.9524 -3.9498
3 3.7132 -1.0567
10 2.2639 10.5846
3 14.0525 8.2850
10 2.2639 10.5846
2 8.5702 -2.6721
7 0.4662 4.3505
8 -8.6139 -2.1375
2 12.9638 11.6025
5 -13.3461 -12.0593
7 5.0570 -2.2551
9 1.4051 8.4109
4 -8.9524 -3.9498
4 -8.9524 -3.9498
1 9.1309 9.5861
9 -8.1595 -6.1401
10 -2.5220 7.5373
