10 100
K -1.874296 7.332306 1.787169
K -2.566594 5.102849 2.491415
K -4.540882 -0.036736 2.114198
P -7.026116 -3.600375 -2.213091 -2.491024
Z 1 -1.427566 9.062740 -2.395820 9.312706
P -8.665393 2.413039 -4.262561 7.257931
K -1.042308 8.088714 1.871019
P -0.166687 -8.228229 2.445998 -3.980255
Z 6 7.120094 2.462695 1.788898 9.754175
Z 3 -6.629812 0.289153 -6.783955 -0.698896
8 2.445998 -8.228229
7 -3.679886 -1.566978
4 9.913432 9.059199
9 -4.262561 7.257931
5 -4.272332 -8.110714
1 -1.874296 7.332306
5 -1.874296 7.332306
1 -1.874296 7.332306
6 -8.665393 7.257931
3 -4.540882 -0.036736
8 1.343816 -0.066361
9 7.444347 1.544973
7 -2.922474 -5.252940
10 -8.718742 0.615042
10 -5.584706 -7.816526
7 8.574873 -8.569902
3 -4.540882 -0.036736
2 -2.566594 5.102849
3 -2.202510 -8.338004
2 -1.350739 -1.287265
5 4.621322 0.511273
7 -1.042308 8.088714
8 2.445998 -8.228229
7 -9.200123 7.193299
7 -9.281281 -5.495744
5 -0.980835 10.793175
4 -7.026116 -2.491024
7 -1.042308 8.088714
3 1.347122 0.132663
2 -2.566594 5.102849
8 -0.166687 -8.228229
2 -2.566594 5.102849
1 4.666007 5.166912
5 -1.874296 7.332306
3 9.540085 3.229238
2 4.262463 -8.632471
7 -3.870474 1.815064
2 -2.566594 5.102849
2 -0.859245 -5.815214
9 11.954878 17.489635
7 -1.042308 8.088714
5 -0.980835 10.793175
2 -2.566594 5.102849
7 -1.042308 8.088714
1 -0.543775 -9.673032
3 -4.540882 -0.036736
10 5.702259 4.649923
9 -5.536896 -9.573246
10 -8.718742 0.615042
10 -8.718742 0.615042
7 -1.042308 8.088714
9 -4.590430 4.681564
8 -0.166687 -3.980255
1 -1.874296 7.332306
1 -1.874296 7.332306
2 1.698503 2.418959
6 -4.262561 2.413039
5 -3.991889 6.093763
8 -0.166687 -8.228229
2 6.747585 9.210062
5 -1.874296 7.332306
4 -2.213091 -3.600375
7 -1.042308 8.088714
1 6.319152 7.916243
4 -7.026116 -2.491024
1 -1.874296 7.332306
3 1.906818 -2.290118
4 -2.213091 -3.600375
8 -0.166687 -3.980255
2 -2.566594 5.102849
4 -7.026116 -3.600375
3 -6.515807 -4.818877
7 -6.697779 -5.019373
8 -0.166687 -3.980255
3 -6.582061 8.225910
3 -4.445996 -9.891456
2 -2.566594 5.102849
9 10.619575 13.294174
2 -2.566594 5.102849
6 8.695435 3.977601
5 -1.874296 7.332306
5 -1.874296 7.332306
8 -0.873519 1.617055
10 6.909348 -8.320899
2 -2.566594 5.102849
3 -4.540882 -0.036736
9 10.619575 13.294174
6 -4.262561 7.257931
5 -1.874296 7.332306
9 -2.581511 -5.995430
5 -0.980835 10.793175
9 -7.773866 -5.204911
1 -4.939468 -0.015607
7 -1.042308 8.088714
1 -1.874296 7.332306
9 -7.419842 6.859829
5 -1.874296 7.332306
8 -0.166687 -8.228229
4 -7.026116 -2.491024
4 -7.026116 -3.600375
