10 100
P 9.052540 -6.029824 12.281616 -4.019736
K 0.833705 -3.655851 1.282233
K -9.890758 9.339059 4.670525
K 1.591779 -3.112630 1.944036
Z 3 -7.623818 3.431575 -7.745462 1.394955
P -0.427294 5.372859 3.710255 6.678630
P 7.260197 -9.387235 11.487032 -4.715309
K 5.467556 -4.898321 2.886291
K 0.465357 -7.792806 3.380953
K 6.282130 -4.416377 3.058191
4 1.591779 -3.112630
3 6.618128 3.223556
4 1.591779 -3.112630
3 -9.890758 9.339059
7 7.260197 -9.387235
2 0.833705 -3.655851
8 5.467556 -4.898321
7 7.260197 -9.387235
7 2.116947 -8.597897
1 9.052540 -4.019736
10 6.282130 -4.416377
2 0.833705 -3.655851
10 6.282130 -4.416377
1 9.052540 -6.029824
8 5.467556 -4.898321
1 -4.518496 5.522479
3 -9.890758 9.339059
3 -9.890758 9.339059
7 11.487032 -9.387235
1 12.281616 -6.029824
6 -2.351806 3.480983
2 0.833705 -3.655851
9 -3.260571 8.246003
1 12.281616 -4.019736
10 6.282130 -4.416377
3 -9.890758 9.339059
10 6.282130 -4.416377
7 7.260197 -4.715309
2 0.833705 -3.655851
10 6.282130 -4.416377
9 0.465357 -7.792806
3 -9.890758 9.339059
5 -9.890758 9.339059
9 0.465357 -7.792806
10 6.282130 -4.416377
8 -7.553263 6.579355
9 0.465357 -7.792806
10 6.282130 -4.416377
10 6.282130 -4.416377
5 -9.890758 9.339059
10 6.282130 -4.416377
6 5.006311 3.389953
5 -4.669814 9.027221
1 9.217235 -8.442549
8 5.467556 -4.898321
6 -4.344776 -3.649717
8 5.467556 -4.898321
2 0.833705 -3.655851
7 1.337024 -4.413221
2 0.833705 -3.655851
4 1.591779 -3.112630
10 6.282130 -4.416377
10 -4.242753 4.975357
5 2.755749 0.580038
8 5.467556 -4.898321
2 0.833705 -3.655851
7 -6.395440 1.672443
6 -0.427294 6.678630
6 -0.427294 6.678630
4 1.591779 -3.112630
8 5.467556 -4.898321
9 9.352640 9.649840
5 -4.669814 9.027221
1 12.281616 -6.029824
6 3.710255 6.678630
2 2.435374 9.765046
9 0.465357 -7.792806
7 -1.997410 -7.758963
1 12.281616 -6.029824
10 8.102888 -6.506658
4 6.952787 -2.077095
6 4.629813 -4.941290
8 5.467556 -4.898321
8 5.467556 -4.898321
2 0.833705 -3.655851
1 9.052540 -4.019736
2 0.833705 -3.655851
3 -8.109673 -0.839692
5 4.636653 5.958662
6 3.710255 6.678630
9 0.465357 -7.792806
9 0.465357 -7.792806
5 -9.890758 9.339059
5 -8.902151 8.579628
6 -0.427294 5.372859
6 -4.360770 0.363017
5 -4.669814 9.027221
4 1.591779 -3.112630
4 1.591779 -3.112630
9 4.449384 0.485110
5 -9.890758 9.339059
10 6.282130 -4.416377
1 9.052540 -6.029824
7 -5.341607 -6.395254
4 1.591779 -3.112630
9 0.020333 8.738829
7 11.487032 -4.715309
6 5.393612 -0.267788
9 0.465357 -7.792806
4 1.591779 -3.112630
