10 100
P -6.702152 5.070840 -4.020417 7.005891
Z 1 -6.702152 5.070840 -7.114774 5.981742
P 9.324229 1.548799 11.393577 3.206496
K -2.629549 -8.865903 2.088658
P -4.045582 9.484049 -1.960833 12.619680
K 7.626536 0.518472 4.254505
Z 5 0.875766 8.619155 5.886416 6.941350
Z 3 5.983049 -3.475100 -5.537492 -6.085880
Z 3 9.324229 1.548799 8.371826 1.853643
K 8.376760 -0.575174 4.808624
5 -1.960833 12.619680
7 -4.045582 9.484049
10 6.740350 2.629462
8 9.324229 3.206496
4 -2.629549 -8.865903
9 7.654455 7.830958
3 11.393577 1.548799
1 -6.702152 5.070840
9 9.324229 1.548799
1 -4.020417 5.070840
3 6.073890 -5.903606
1 -4.020417 7.005891
6 7.626536 0.518472
6 7.626536 0.518472
9 8.361657 0.199200
9 9.324229 3.206496
8 -7.091022 0.738322
3 11.393577 1.548799
3 -0.400620 -8.374709
7 -5.694395 -6.551308
1 -6.702152 5.070840
8 -1.499430 -1.831465
5 -4.045582 9.484049
1 -4.020417 5.070840
5 -4.045582 12.619680
3 9.324229 1.548799
2 -8.470715 3.054932
4 4.144825 -3.150602
10 8.376760 -0.575174
3 0.832979 -8.899737
4 -2.629549 -8.865903
6 7.626536 0.518472
4 -2.629549 -8.865903
10 8.376760 -0.575174
8 13.745425 -7.171459
6 -0.173109 -0.136678
1 -6.702152 7.005891
3 11.393577 1.548799
3 11.393577 1.548799
6 0.622140 -4.695993
3 11.393577 1.548799
10 8.376760 -0.575174
9 11.393577 1.548799
5 -1.960833 12.619680
2 -4.020417 7.005891
2 -2.351163 -2.972694
6 6.664488 -5.852303
7 -1.325873 7.478965
2 -8.156764 6.346977
7 -4.045582 9.484049
10 -3.070306 -2.679796
3 -2.169375 -6.278457
5 -4.045582 9.484049
1 -6.702152 5.070840
5 -2.392411 -8.872093
6 7.626536 0.518472
9 9.324229 1.548799
2 -6.702152 5.070840
8 1.596873 0.580054
4 -1.480716 2.195836
8 13.745425 -7.171459
3 11.393577 1.548799
3 9.324229 1.548799
6 7.626536 0.518472
10 6.627870 2.386847
9 9.324229 1.548799
1 -4.020417 5.070840
3 -8.133486 -5.786467
2 2.466402 6.543778
8 11.393577 1.548799
9 11.393577 1.548799
3 11.393577 1.548799
5 2.200508 -8.476269
8 4.147898 -1.536948
10 8.376760 -0.575174
8 11.878243 -8.063554
9 -5.653216 3.628867
6 7.626536 0.518472
4 -5.832651 3.013241
4 -2.629549 -8.865903
7 -7.378626 -6.425506
5 -1.960833 12.619680
8 11.393577 1.548799
2 7.074855 7.066414
1 -2.671804 2.275652
10 8.376760 -0.575174
10 -4.414046 -9.779962
2 -9.925327 4.331069
9 9.324229 1.548799
5 -1.960833 9.484049
9 11.008969 0.347195
10 8.376760 -0.575174
6 7.626536 0.518472
2 -1.893521 -1.257114
4 -2.629549 -8.865903
4 2.635907 -2.559250
7 0.901703 -0.959749
6 7.626536 0.518472
2 -6.702152 7.005891
4 -5.250754 7.387984
