10 100
P -1.277508 -6.418502 3.616667 -3.260992
K -3.011881 5.317620 3.178492
P -9.188856 -7.902075 -6.227884 -3.620678
P -7.792674 3.567430 -3.052524 8.154061
K -0.378875 2.486719 1.254336
Z 4 -0.812968 1.168325 9.330455 -9.344004
K -1.695563 -2.464283 1.184855
K -7.345359 -8.310113 1.777863
Z 8 -8.077869 -9.930059 -7.166693 -10.342076
Z 1 9.896050 -0.787236 -3.259272 -6.568010
6 -3.1306 3.4921
9 -8.8104 -11.5500
7 -1.6956 -2.4643
9 -8.8104 -11.5500
9 -7.3454 -8.3101
9 -8.8104 -11.5500
5 -0.3789 2.4867
3 -6.2279 -3.6207
9 -8.8104 -11.5500
1 1.4550 -8.9888
4 -3.0525 3.5674
3 -7.7398 0.2026
9 -8.8104 -11.5500
2 -3.0119 5.3176
6 -7.7143 3.6559
2 -4.8329 6.8107
4 -3.0525 3.5674
2 -3.0119 5.3176
2 -3.0119 5.3176
8 -7.3454 -8.3101
4 -7.7927 8.1541
3 -9.1889 -7.9021
9 -7.3454 -8.3101
3 7.1770 -7.5596
3 -2.7953 7.4244
10 -8.4099 2.5742
2 -3.0119 5.3176
4 -7.7927 8.1541
8 4.8246 -4.3936
10 -1.8088 -5.2093
1 -1.2775 -3.2610
7 -1.6956 -2.4643
1 -5.9206 -0.7088
6 -7.5450 8.3930
7 -1.6956 -2.4643
3 -9.1889 -3.6207
3 7.1255 -3.5150
1 -1.2775 -6.4185
7 -1.6956 -2.4643
9 -7.3454 -8.3101
3 -9.1889 -3.6207
8 -9.2894 3.0444
9 7.1561 -7.2346
10 -1.2177 5.6834
5 -2.5510 -2.8333
3 -9.1889 -3.6207
10 6.8673 6.4657
7 -4.9304 8.0775
10 4.2817 -7.2940
3 -6.2279 -7.9021
5 -9.9012 6.3531
5 1.4052 -5.5930
10 -9.9337 3.4706
2 -3.0119 5.3176
10 6.8754 3.5441
10 1.0611 9.2085
1 -9.9024 -4.8459
1 3.6167 -6.4185
2 -3.0119 5.3176
7 -1.6956 -2.4643
4 -7.7927 3.5674
2 -3.0119 5.3176
3 -9.1889 -7.9021
4 -7.7927 8.1541
3 9.7461 7.4107
4 -3.0525 8.1541
1 -1.2775 -6.4185
4 -7.7927 8.1541
3 -6.2279 -3.6207
7 8.9225 -8.1992
9 -7.3454 -8.3101
3 -9.1889 -3.6207
6 -3.1306 3.4921
9 8.3678 -7.7971
4 -3.0525 3.5674
7 -1.6956 -2.4643
6 -7.5450 8.3930
1 3.6167 -3.2610
9 -5.5432 0.6087
7 -9.4506 -2.8593
6 -7.7927 8.1541
3 -4.1698 8.9000
4 0.4109 -8.6319
2 -3.0119 5.3176
8 -7.3454 -8.3101
2 -3.0119 5.3176
2 -3.0119 5.3176
2 -3.0119 5.3176
1 3.6167 -6.4185
8 -7.3454 -8.3101
10 -1.8088 -5.2093
10 -1.2775 -6.4185
4 -3.0525 3.5674
10 -1.2775 -6.4185
5 -0.3789 2.4867
10 -1.2775 -6.4185
9 -2.3455 8.7415
7 -2.6138 9.9986
8 -7.3454 -8.3101
8 -7.3454 -8.3101
