10 100
P 2.705414 7.653034 6.379356 11.554831
P -4.223934 8.422719 -2.604448 11.975182
K 9.885382 -7.497803 3.652473
K 1.705613 0.461372 4.964544
P -4.344955 -2.658754 -0.406060 1.347274
Z 2 9.256055 9.762325 -4.095708 2.681805
P 8.321965 -1.057567 10.763911 2.051900
K 1.284532 -6.803522 2.205564
P 6.421981 -3.957701 10.773839 -0.793417
K -0.601787 -7.402715 2.518004
7 10.7639 -1.0576
1 2.7054 7.6530
4 1.7056 0.4614
1 6.3794 11.5548
3 9.8854 -7.4978
2 -2.6044 8.4227
7 8.3220 2.0519
10 -1.4268 -5.3809
8 1.2845 -6.8035
10 -4.5104 -4.5683
10 -0.6018 -7.4027
6 -1.0502 8.3292
5 -1.0765 8.1715
7 8.3220 2.0519
1 2.7054 7.6530
5 -0.4061 -2.6588
9 3.4049 -6.7595
2 -2.6044 8.4227
5 -0.4061 -2.6588
7 8.3220 2.0519
7 8.3220 2.0519
3 9.8854 -7.4978
1 2.7054 11.5548
6 3.5255 -2.6380
9 6.4220 -3.9577
1 6.3794 7.6530
7 8.3220 2.0519
6 3.5255 -2.6380
10 -0.6018 -7.4027
4 1.7056 0.4614
7 10.7639 -1.0576
10 -0.6018 -7.4027
6 -8.7186 9.2743
6 3.6247 -9.4096
7 -3.9270 4.7904
6 0.5301 7.7026
9 6.4220 -3.9577
5 4.3960 -3.7527
2 -2.6044 11.9752
7 -9.7512 -7.0773
3 9.8854 -7.4978
8 1.0402 8.8122
8 1.2845 -6.8035
10 -0.6018 -7.4027
2 -2.6044 8.4227
3 -1.4080 2.4162
7 8.3220 -1.0576
1 2.7054 7.6530
10 -0.6018 -7.4027
5 -0.4061 1.3473
1 6.3794 7.6530
7 10.7639 2.0519
1 2.7054 7.6530
3 9.8854 -7.4978
1 -4.2326 -4.3899
4 1.7056 0.4614
8 1.2845 -6.8035
8 1.2845 -6.8035
9 10.7738 -0.7934
5 -0.4061 1.3473
9 6.4220 -3.9577
5 -4.5276 9.4793
10 -0.6018 -7.4027
10 -4.6205 9.2016
4 1.7056 0.4614
6 -2.6044 8.4227
4 0.7883 2.1407
7 10.7639 2.0519
9 6.4220 -0.7934
10 -0.6018 -7.4027
6 -2.0355 0.0038
10 -4.6178 -3.8776
5 -7.7226 8.5095
7 10.7639 2.0519
7 10.7639 2.0519
5 9.7197 -2.7157
8 1.2845 -6.8035
3 9.8854 -7.4978
8 1.2845 -6.8035
8 -4.5687 6.0832
6 -2.6044 11.9752
2 -2.6044 8.4227
6 4.1816 -2.2197
8 1.2845 -6.8035
5 -0.4061 -2.6588
10 -0.6018 -7.4027
10 -6.6466 -1.1853
1 2.7054 7.6530
6 4.4341 -1.2974
4 1.7056 0.4614
6 4.4341 -1.2974
4 1.7056 0.4614
9 10.7738 -0.7934
4 -7.9467 6.7229
9 6.4220 -0.7934
9 9.9999 -6.5086
10 -0.6018 -7.4027
1 6.3794 7.6530
9 6.4220 -3.9577
6 -2.6044 8.4227
