10 100
K 8.654412 1.451648 4.739209
K -6.644447 6.367540 2.513074
K 1.213563 0.084249 2.385844
Z 3 1.213563 0.084249 0.273164 0.424322
P 3.775157 9.402324 7.230128 12.454128
Z 4 3.248485 -1.161281 3.770535 -0.308366
K 3.101975 9.105254 4.186345
K 9.066084 1.262931 1.504900
P 0.290697 2.249696 4.798241 4.769370
P 1.823908 -8.918561 5.972366 -3.954702
1 0.272423 8.004959
10 7.095060 -9.279374
10 4.068609 -1.964358
9 0.290697 2.249696
6 1.213563 0.084249
4 1.213563 0.084249
7 3.101975 9.105254
6 5.283408 -2.406811
3 -1.476259 -8.801196
2 -6.644447 6.367540
8 9.066084 1.262931
8 9.066084 1.262931
5 3.775157 9.402324
2 -6.644447 6.367540
10 1.823908 -3.954702
10 5.972366 -3.954702
2 6.766479 0.250108
2 -0.793547 6.253448
9 0.290697 2.249696
5 7.230128 9.402324
10 1.823908 -3.954702
3 1.213563 0.084249
6 -8.430729 3.414482
5 -4.420860 2.765945
3 1.213563 0.084249
5 7.230128 12.454128
2 -1.393804 0.842959
1 8.654412 1.451648
4 1.213563 0.084249
4 4.824063 -0.455138
2 -6.644447 6.367540
2 -7.948540 4.485050
8 9.066084 1.262931
5 1.166735 -7.147461
4 -4.199898 -0.627699
3 1.213563 0.084249
4 1.213563 0.084249
4 0.845050 -0.609029
8 9.066084 1.262931
2 -9.975372 -0.856943
4 1.213563 0.084249
6 7.866454 -3.988038
8 9.066084 1.262931
9 2.105845 -4.844418
2 5.119695 -0.122082
8 9.066084 1.262931
3 1.213563 0.084249
7 3.101975 9.105254
1 8.654412 1.451648
7 3.101975 9.105254
7 3.101975 9.105254
4 1.213563 0.084249
5 7.354322 -1.530910
2 -3.349353 -6.181647
7 -0.790395 8.362732
8 9.066084 1.262931
10 1.823908 -8.918561
9 1.796577 7.195329
5 3.775157 9.402324
7 3.101975 9.105254
10 5.972366 -3.954702
1 8.654412 1.451648
2 8.621903 6.183505
9 4.798241 2.249696
8 9.066084 1.262931
3 9.925203 0.028327
8 9.066084 1.262931
5 -4.764820 1.066990
1 5.434635 -5.763540
2 -6.644447 6.367540
10 8.538124 -1.798121
10 1.823908 -3.954702
4 3.066805 -9.003403
1 8.654412 1.451648
7 3.101975 9.105254
10 1.823908 -8.918561
1 8.654412 1.451648
8 9.066084 1.262931
1 8.654412 1.451648
9 -4.514166 -2.593400
9 0.290697 2.249696
2 0.315557 -9.435076
7 3.101975 9.105254
9 0.290697 4.769370
9 0.290697 2.249696
2 -3.405879 -0.370906
1 -6.795073 6.173729
8 9.066084 1.262931
9 4.798241 2.249696
4 1.213563 0.084249
7 3.101975 9.105254
1 9.862776 -2.178790
4 6.941909 -7.323605
5 -3.090808 -7.398201
4 -1.595946 9.514818
10 6.966001 2.608531
4 6.108034 -4.317827
1 8.654412 1.451648
10 1.823908 -3.954702
4 1.713600 4.373196
