10 100
P -0.367369 6.688713 1.734056 10.298432
K 4.605753 3.918361 3.373861
P -9.345560 2.244075 -6.446120 7.030100
Z 2 1.933555 1.858677 2.544038 1.066647
P 7.414578 -5.452721 8.629641 -3.673541
Z 1 5.728088 9.419747 -0.841162 6.249891
P -9.558336 -6.778606 -6.826969 -4.888083
Z 3 -6.446120 7.030100 -5.488078 6.743472
K 9.942782 -0.316305 2.678123
Z 9 1.067316 -5.629265 7.396682 -8.745603
9 9.9428 -0.3163
2 -4.5762 -6.0632
10 9.9428 -0.3163
2 4.6058 3.9184
2 -4.5770 1.9964
5 -0.5413 0.4611
7 7.5208 -2.3488
4 4.6058 3.9184
4 4.6058 3.9184
10 9.9428 -0.3163
4 -0.7386 -0.2010
10 9.9428 -0.3163
10 4.8119 5.8484
9 7.3277 5.5953
1 -0.3674 6.6887
7 -9.5583 -6.7786
3 -6.4461 7.0301
8 -6.2407 12.6221
1 1.7341 6.6887
6 -0.2028 6.3477
4 3.0885 -4.3854
2 4.6058 3.9184
10 -6.6533 9.5841
5 7.4146 -5.4527
1 -8.5176 -9.2758
8 9.6625 -4.6889
7 -6.8270 -6.7786
4 4.3240 -6.3771
1 0.4024 4.6605
10 2.2683 -15.9035
4 2.4437 7.8462
6 2.6229 4.1015
2 4.6058 3.9184
6 -6.0790 -1.3053
10 7.6397 -2.1598
1 1.7341 6.6887
6 -3.4238 -9.8475
3 -6.1855 -3.1907
5 7.4146 -3.6735
3 -9.3456 7.0301
9 9.9428 -0.3163
5 -7.2481 -5.3003
1 1.7341 10.2984
9 9.9428 -0.3163
6 -0.2028 6.3477
2 4.7780 -8.1120
6 1.7341 6.6887
9 9.9428 -0.3163
4 -0.7386 -0.2010
9 9.9428 -0.3163
8 -6.4461 7.0301
6 -0.2028 6.3477
2 3.6307 -9.9572
3 -1.0097 -3.8310
5 -0.8485 1.8523
9 1.3853 -9.0404
8 -7.2308 9.0610
8 -6.4461 7.0301
4 4.6058 3.9184
4 4.6058 3.9184
4 -8.4578 -2.6508
2 -4.6895 -9.0008
8 -6.4461 7.0301
9 9.9428 -0.3163
3 7.0180 -0.0285
2 4.6058 3.9184
1 1.7341 6.6887
9 9.9428 -0.3163
5 -2.6266 2.9433
7 -9.5583 -4.8881
7 -6.8270 -4.8881
2 -6.7793 9.3466
8 -4.5075 1.5439
4 -0.7386 -0.2010
6 1.7341 6.6887
4 -6.9939 -5.0989
8 4.9402 0.4095
10 9.9428 -0.3163
2 -1.5957 0.1637
1 -8.9196 -5.2502
5 8.6296 -3.6735
7 6.0296 -1.5861
1 4.7544 1.8161
10 2.2683 -15.9035
7 1.3031 2.3101
6 2.6229 4.1015
8 -9.3456 2.2441
6 1.7341 6.6887
6 2.0133 8.0773
9 9.9428 -0.3163
9 9.9428 -0.3163
7 -6.8270 -4.8881
3 -6.4461 7.0301
2 4.6058 3.9184
10 -0.9983 -9.7015
9 -9.1209 0.0829
3 -6.4461 2.2441
7 -9.5583 -6.7786
3 -8.0599 -4.2492
1 1.7341 10.2984
