10 100
P -1.350151 -2.383691 1.793962 2.297287
K -4.923549 3.013778 2.542379
P 3.797687 0.205231 5.715226 3.021839
Z 2 5.266120 2.488653 2.230755 -9.699082
K 4.933570 -8.250533 3.133932
Z 2 9.101369 -3.592576 5.234303 9.715699
K 6.445539 0.940057 1.049033
P 2.385795 -2.139966 4.638325 1.028649
P -9.749214 9.264428 -8.445174 12.535834
P -9.348545 3.659361 -5.210041 7.917443
4 14.5118 -1.8266
7 6.4455 0.9401
6 17.4019 9.5010
10 -5.2100 3.6594
5 8.4025 9.0154
3 5.7152 0.2052
8 2.3858 -2.1400
3 3.7977 0.2052
1 -8.6391 -4.5188
2 -4.9235 3.0138
3 5.7152 0.2052
3 3.7977 3.0218
10 6.6292 -3.5877
10 -5.2100 7.9174
9 -8.4452 12.5358
7 -8.6499 -4.5358
3 3.7977 0.2052
3 0.4723 -1.0781
3 5.7152 0.2052
9 -9.5664 -1.0234
3 3.7977 3.0218
3 4.4732 1.4951
1 1.7940 2.2973
3 5.7152 3.0218
5 4.9336 -8.2505
1 1.7940 2.2973
8 -7.5326 -1.6647
5 4.9336 -8.2505
4 -7.0805 7.1909
4 14.5118 -1.8266
4 -1.4325 -7.9759
6 6.5640 -4.6988
3 5.7152 3.0218
10 -5.2100 7.9174
10 -5.2100 3.6594
8 4.6383 1.0286
7 6.4455 0.9401
7 6.4455 0.9401
1 1.7940 2.2973
5 4.9336 -8.2505
1 1.7940 -2.3837
3 5.7152 3.0218
4 14.5118 -1.8266
6 17.4019 9.5010
2 -4.9235 3.0138
7 6.4455 0.9401
6 -6.0619 8.1315
3 5.7152 0.2052
10 -5.2100 3.6594
9 -8.4452 9.2644
2 -4.9235 3.0138
7 6.4455 0.9401
2 -4.9235 3.0138
3 5.7152 3.0218
2 -4.9235 3.0138
4 -4.9235 3.0138
6 17.4019 9.5010
4 -4.9235 3.0138
8 4.6383 -2.1400
4 -8.0627 9.9053
6 17.4019 9.5010
1 1.7940 2.2973
2 -4.9235 3.0138
8 9.5930 -8.9637
6 4.1239 6.6751
1 1.7940 -2.3837
4 14.5118 -1.8266
1 -1.3502 2.2973
5 4.9336 -8.2505
5 -1.0322 -2.9498
1 1.8465 -8.1098
4 14.5118 -1.8266
4 -4.9235 3.0138
4 -4.9235 3.0138
3 5.7152 3.0218
7 -6.5226 2.1805
8 2.3858 1.0286
8 2.3858 -2.1400
6 17.4019 9.5010
3 5.7152 3.0218
7 4.9238 3.8188
3 5.5443 -3.3294
5 4.9336 -8.2505
10 7.4202 7.9971
6 6.1002 7.4123
1 1.7940 -2.3837
4 -2.8461 3.8650
2 -4.9235 3.0138
1 -1.3502 2.2973
9 -9.7492 12.5358
7 1.0230 -3.2410
7 -9.9717 -6.8771
6 17.4019 9.5010
1 -3.6691 -6.8276
5 4.9336 -8.2505
1 1.7940 2.2973
3 3.7977 3.0218
1 5.0183 -9.7630
7 4.2538 -1.2332
6 8.8420 -5.1508
