10 100
K 5.824638 -5.699822 1.070768
Z 1 5.824638 -5.699822 6.761721 -5.350716
Z 1 5.592619 -4.654493 4.616377 -4.871177
Z 1 5.824638 -5.699822 4.917417 -5.279167
K 8.952546 0.276495 4.884654
Z 5 4.145227 1.142244 3.967988 0.158076
P -4.893032 -3.303415 -0.789589 -1.474472
P 3.678884 3.795410 5.848047 7.739651
Z 2 6.372253 -4.779680 5.512923 -4.268257
K 6.644122 -9.352235 3.455898
4 5.824638 -5.699822
10 6.644122 -9.352235
8 5.848047 7.739651
2 5.824638 -5.699822
8 9.349550 -0.966831
1 5.824638 -5.699822
9 7.679516 -0.141112
5 8.952546 0.276495
8 7.816348 8.571471
7 -4.893032 -1.474472
1 5.824638 -5.699822
5 8.952546 0.276495
1 1.803521 -0.618475
1 5.824638 -5.699822
6 -9.985278 -1.020998
1 5.824638 -5.699822
3 5.824638 -5.699822
8 5.848047 7.739651
5 8.952546 0.276495
6 8.952546 0.276495
2 5.824638 -5.699822
6 -0.662093 2.007993
7 5.564579 -8.018928
9 6.606475 3.063865
6 8.952546 0.276495
10 -0.301629 -1.908047
3 5.360601 -3.609165
5 8.952546 0.276495
2 5.824638 -5.699822
8 5.848047 3.795410
4 2.422576 2.955850
9 6.919868 -3.859537
3 5.360601 -3.609165
8 3.363068 2.038331
1 5.824638 -5.699822
1 5.824638 -5.699822
2 5.824638 -5.699822
6 -2.021645 1.087817
10 6.644122 -9.352235
4 4.854349 -7.835601
5 8.952546 0.276495
10 6.644122 -9.352235
8 5.848047 7.739651
10 6.644122 -9.352235
4 5.824638 -5.699822
1 5.824638 -5.699822
6 4.116919 -3.802143
6 -0.662093 2.007993
5 8.952546 0.276495
9 -5.650133 0.557958
10 6.644122 -9.352235
8 8.514651 -1.422614
1 5.824638 -5.699822
4 5.824638 -5.699822
3 5.824638 -5.699822
8 5.848047 3.795410
9 -5.213060 7.031375
5 7.487311 1.980875
8 5.848047 3.795410
7 -0.789589 -3.303415
1 -2.673869 -3.812111
5 8.952546 0.276495
3 5.585536 -7.333386
6 -0.662093 2.007993
4 5.824638 -5.699822
4 5.824638 -5.699822
8 1.111903 1.203050
7 -4.893032 -3.303415
6 -3.697427 -7.467289
6 8.952546 0.276495
6 8.952546 0.276495
7 -0.789589 -3.303415
9 6.919868 -3.859537
1 5.824638 -5.699822
8 -5.100247 -3.013875
4 -0.330675 0.413168
4 5.824638 -5.699822
3 3.311957 7.442227
3 8.336443 -6.894824
4 5.824638 -5.699822
8 3.678884 3.795410
7 -4.893032 -1.474472
7 -4.182212 -4.064492
7 -0.789589 -1.474472
6 -7.108900 -0.525786
6 -0.662093 2.007993
10 6.644122 -9.352235
6 -2.505643 5.827427
3 7.747235 6.422152
9 -0.963149 -7.320353
10 6.644122 -9.352235
3 5.769916 7.234938
9 -3.585893 -4.199971
4 5.824638 -5.699822
5 8.952546 0.276495
2 5.824638 -5.699822
10 6.644122 -9.352235
2 5.824638 -5.699822
6 8.952546 0.276495
1 5.824638 -5.699822
