10 100
P -4.424850 -6.767390 -1.065022 -5.567825
Z 1 -4.739876 -5.141107 -0.407083 -4.598646
Z 1 -1.065022 -5.567825 -0.652725 -6.478875
K 2.085060 -4.768878 2.886713
Z 1 2.068772 -2.250039 -9.976337 -1.897217
K -7.880709 -5.227812 1.008850
Z 4 2.085060 -4.768878 1.341987 -5.438088
Z 6 2.598431 -7.594792 -5.925481 9.266591
K -4.621321 -3.125641 2.398320
Z 8 -8.941593 9.477174 -7.604817 -1.513348
9 -4.621321 -3.125641
4 6.194829 -5.645877
4 2.085060 -4.768878
1 -1.065022 -5.567825
9 -7.722097 0.950260
6 -7.880709 -5.227812
7 2.085060 -4.768878
4 2.085060 -4.768878
5 -4.424850 -6.767390
1 -4.424850 -6.767390
3 5.376964 2.051290
1 -1.065022 -6.767390
3 -4.424850 -6.767390
5 -7.472533 -7.224176
9 -4.621321 -3.125641
8 -2.172940 2.821051
2 9.350101 7.354251
7 2.085060 -4.768878
3 -1.065022 -5.567825
10 6.905633 2.247107
7 2.085060 -4.768878
2 -4.424850 -6.767390
4 2.085060 -4.768878
9 -4.621321 -3.125641
7 6.381671 -9.342465
10 2.259729 0.361550
2 -1.579382 -2.659046
2 4.543815 -9.940021
6 -7.880709 -5.227812
2 3.399951 9.235570
3 -1.065022 -6.767390
7 -6.340146 -9.609837
7 2.085060 -4.768878
6 0.582264 -3.199984
4 2.085060 -4.768878
6 -0.443969 -1.339940
6 1.938460 4.793363
8 -7.880709 -5.227812
4 2.085060 -4.768878
6 -2.632077 -3.139113
4 2.085060 -4.768878
1 -4.424850 -5.567825
3 -4.504989 -1.030651
2 -4.424850 -6.767390
2 -7.815941 -1.721766
8 -7.880709 -5.227812
2 -4.539774 -4.649895
1 -4.424850 -5.567825
9 -4.621321 -3.125641
10 2.433016 0.549748
8 -4.726404 -8.502771
8 -7.880709 -5.227812
2 -4.424850 -6.767390
4 -1.854603 9.889142
2 0.874226 5.531639
6 -7.880709 -5.227812
9 3.236072 4.924665
6 -2.434317 -9.332392
8 -7.880709 -5.227812
6 -7.880709 -5.227812
3 -1.065022 -5.567825
10 -6.446561 -5.053377
9 -4.621321 -3.125641
2 -4.424850 -5.567825
9 -4.621321 -3.125641
9 -4.621321 -3.125641
6 -7.880709 -5.227812
6 -7.880709 -5.227812
8 -7.880709 -5.227812
8 6.905633 2.247107
7 1.763851 3.442555
4 0.582258 9.273817
3 -4.424850 -5.567825
2 -1.283649 -3.821585
6 -7.880709 -5.227812
3 -4.424850 -5.567825
2 -4.047592 5.203617
2 -0.517673 -4.762365
3 6.638684 -7.716745
7 2.085060 -4.768878
10 5.172900 4.579635
2 4.375851 -8.132917
2 9.243337 1.926160
3 3.817740 -8.607645
7 -7.340248 -9.015608
3 -2.882126 4.909181
2 -4.539774 -4.649895
1 -4.424850 -6.767390
9 -4.621321 -3.125641
5 -4.424850 -6.767390
1 -1.065022 -5.567825
1 -1.065022 -6.767390
1 -1.065022 -5.567825
4 0.878849 9.845397
6 -7.880709 -5.227812
6 -7.880709 -5.227812
2 -1.579382 -2.659046
9 -7.391965 5.796757
8 -7.880709 -5.227812
10 6.905633 2.247107
