10 100
K -8.966844 -7.431426 1.942292
Z 1 7.158874 -2.438626 6.929285 9.952147
P 6.469601 -1.957446 9.160759 2.713116
K -3.220821 5.382311 1.664542
P -6.681067 -8.236277 -3.128702 -3.445423
K -2.690996 4.500810 1.654514
P -0.081471 4.186019 4.792614 8.980644
Z 3 5.738968 -4.592593 1.931544 7.402667
K -4.755243 -0.233875 4.806288
Z 5 -0.180446 -9.581969 -5.253566 7.096664
10 -0.4104 8.9205
10 5.6527 -1.7633
7 4.7926 4.1860
4 -7.7757 -0.5866
3 9.1608 2.7131
6 -2.6910 4.5008
1 -8.9668 -7.4314
6 2.9473 -9.5350
2 -2.9601 -0.5253
9 -4.7552 -0.2339
5 -3.1287 -3.4454
5 -6.6811 -3.4454
10 1.8022 -0.8651
4 -3.2208 5.3823
1 -8.9668 -7.4314
4 -3.2208 5.3823
7 -0.0815 4.1860
10 -3.1287 -8.2363
7 4.7926 8.9806
4 7.9832 -0.5527
3 9.1608 -1.9574
8 -1.2698 -0.5976
5 -5.1228 6.5764
5 -9.2732 -0.6853
8 -7.1852 4.6587
8 6.4696 2.7131
5 3.5798 2.6231
4 6.0594 3.2164
2 5.3888 1.4354
9 -4.7552 -0.2339
7 -0.0815 4.1860
7 1.0814 -7.0716
7 4.7926 8.9806
10 -6.6811 -8.2363
3 9.1608 2.7131
1 -8.9668 -7.4314
1 -8.9668 -7.4314
5 -3.1287 -3.4454
7 -8.2939 -2.0146
2 23.4585 -6.8306
9 -4.7552 -0.2339
2 23.4585 -6.8306
8 1.4238 -4.4132
1 3.6208 -3.0142
7 -8.3646 -0.9193
4 -7.0789 8.1389
6 -2.6910 4.5008
6 -2.6910 4.5008
4 -3.2208 5.3823
10 8.8667 5.6893
5 -3.1287 -3.4454
7 3.4842 0.5084
5 -9.8879 -3.1903
4 -3.2208 5.3823
2 -9.1557 8.7386
9 -4.3433 -0.7326
6 -4.0673 3.2434
10 1.5192 -6.8225
4 -3.2208 5.3823
1 3.6180 5.4669
8 3.6223 -2.8612
8 3.6223 -2.8612
5 -3.1287 -8.2363
4 -3.2208 5.3823
3 6.4696 2.7131
6 -2.6910 4.5008
7 6.8210 3.9692
9 -4.7552 -0.2339
7 -0.0815 4.1860
4 -1.9105 4.0700
3 6.4696 2.7131
9 -4.7552 -0.2339
7 4.7926 4.1860
5 -3.1287 -3.4454
7 -0.0815 4.1860
2 -8.9668 -7.4314
1 2.3210 -2.5854
1 -8.9888 9.7094
6 -2.6910 4.5008
4 1.5506 -9.7715
10 -3.1287 -3.4454
1 -8.9668 -7.4314
5 -3.1287 -8.2363
10 4.4699 -4.8445
6 -2.6910 4.5008
7 -7.5080 -5.4891
6 8.4234 -3.2861
8 3.6223 -2.8612
5 -4.6530 4.4126
10 -6.6811 -8.2363
3 9.1608 -1.9574
7 4.7926 4.1860
1 -8.9668 -7.4314
1 -8.9668 -7.4314
8 0.9288 0.9544
3 9.1608 2.7131
1 -2.4248 -3.1676
3 6.4696 2.7131
1 5.6835 5.9049
4 -3.2208 5.3823
