10 100
P -9.308547 6.972779 -4.991690 10.287858
Z 1 4.620008 3.884496 9.115003 2.329164
K 6.999738 4.184550 1.753031
P 8.073345 5.268297 10.035870 7.144254
P 1.625739 5.088785 4.363504 6.105883
P -2.185619 2.831185 2.260277 7.506080
K 5.218929 -6.972278 4.295832
Z 4 -0.048958 -3.109012 7.820033 -3.611531
K -0.302959 -2.414321 1.335815
P -9.299348 -7.764546 -7.846721 -6.176710
7 5.2189 -6.9723
8 6.7031 -14.3122
6 -7.0288 -8.5441
9 -8.3455 -1.3035
6 -2.1856 7.5061
1 -4.9917 6.9728
6 -2.1856 2.8312
1 -9.3085 10.2879
5 1.0912 3.9142
5 4.3635 6.1059
1 -9.3085 10.2879
10 -1.5285 -1.1213
9 -0.3030 -2.4143
8 8.8883 -12.7011
4 -8.8457 2.5397
7 -7.2122 5.8125
6 -1.8660 -3.1411
5 -8.2523 5.8017
9 -0.3030 -2.4143
10 -7.8467 -6.1767
3 3.0047 -0.1582
7 7.9761 5.8066
1 -4.9917 10.2879
6 -2.1856 7.5061
2 -4.9917 10.2879
3 6.7167 -0.1263
4 10.0359 7.1443
7 6.9934 4.4162
1 -9.3085 10.2879
7 8.7047 0.4434
1 -4.9917 10.2879
5 4.3635 5.0888
8 8.8883 -12.7011
6 1.9747 -6.0513
4 3.1516 -0.6685
3 6.9997 4.1845
1 -9.3085 6.9728
3 6.9997 4.1845
6 -6.0474 5.1851
7 5.2189 -6.9723
10 -0.8501 5.3152
10 -4.0700 4.5218
6 -2.1856 7.5061
9 5.6274 -5.5000
2 -10.2874 7.4588
5 1.7433 5.8569
6 2.2603 7.5061
2 -4.9917 6.9728
9 -1.7420 4.3183
9 9.6768 -0.6993
4 8.0733 5.2683
7 5.2189 -6.9723
2 -4.9917 10.2879
9 -0.3030 -2.4143
6 -2.1856 2.8312
6 8.2891 -4.5776
1 -9.3085 6.9728
5 1.6257 5.0888
3 6.9997 4.1845
10 -7.8467 -7.7645
1 -4.9917 6.9728
7 -3.8766 -9.6994
2 -2.2790 -0.1953
5 -6.9408 -5.2883
2 -8.2386 10.0650
8 -1.5814 -0.6588
1 -6.3849 3.9031
10 -4.1022 4.4048
1 -9.3085 6.9728
4 3.8202 8.6136
5 4.3635 6.1059
3 -6.5578 0.6794
4 10.0359 7.1443
3 6.9997 4.1845
2 -6.7620 6.6176
2 -4.9917 6.9728
2 -7.9874 -8.0597
7 5.2189 -6.9723
5 1.6257 5.0888
9 -0.3030 -2.4143
10 -7.8467 -6.1767
10 -7.8467 -7.7645
6 -2.2909 5.9159
9 -0.3030 -2.4143
5 4.1082 -9.0964
6 -2.1856 2.8312
3 6.9997 4.1845
4 -0.0874 -6.3974
9 2.7645 4.9765
3 6.9997 4.1845
5 1.6257 6.1059
4 0.5380 -8.9386
3 6.9997 4.1845
1 -4.9917 6.9728
1 -9.3085 10.2879
2 -9.3085 6.9728
3 6.9997 4.1845
4 10.0359 5.2683
3 6.9997 4.1845
2 -6.8937 4.7908
