10 100
K -0.213539 -1.162112 2.171457
P 4.637453 -4.176812 6.959318 0.134098
Z 1 1.241823 0.449455 0.499663 1.119679
P -3.112871 3.678976 0.787684 5.486285
Z 4 9.817095 5.496987 -2.178897 8.550307
Z 4 2.123711 1.253046 -1.261434 1.740454
Z 6 -6.286191 -9.614645 6.724797 -0.494715
Z 5 -8.121862 -0.364540 7.520474 5.278878
K 0.986997 -4.423811 3.465992
K -9.637370 5.918920 4.087496
1 -0.2135 -1.1621
1 -0.1925 -5.4889
9 -5.1396 1.9778
4 -3.1129 3.6790
5 -0.6703 13.2754
3 -0.2135 -1.1621
6 -0.3523 -2.4313
9 0.9870 -4.4238
5 0.1155 -1.5146
9 -9.4236 4.3088
4 -3.1129 3.6790
7 -3.5846 0.4030
7 -0.3523 -2.4313
3 -0.2135 -1.1621
3 -0.2135 -1.1621
5 -9.1334 -7.7274
3 2.6972 2.0610
2 -8.0583 0.6676
5 -3.1129 5.4863
3 6.6395 -6.3758
3 -0.2135 -1.1621
1 -0.2135 -1.1621
1 1.3687 6.9260
1 -0.2135 -1.1621
3 -0.2135 -1.1621
3 -0.2135 -1.1621
6 -0.3523 -2.4313
1 -0.2135 -1.1621
10 -2.5378 6.1819
9 0.9870 -4.4238
3 2.6972 2.0610
7 0.8727 -3.9005
4 -3.1129 5.4863
8 0.7877 5.4863
2 4.6375 -4.1768
8 -1.6850 -0.2787
9 0.9870 -4.4238
5 -3.8785 3.9410
4 0.7877 5.4863
10 9.7405 -5.7677
9 0.9870 -4.4238
5 1.8916 9.8232
9 0.9870 -4.4238
10 -9.6374 5.9189
6 -3.1129 3.6790
10 -9.6374 5.9189
10 -9.6374 5.9189
2 0.3711 -9.2437
4 5.2960 -5.3472
9 -7.5314 6.3569
8 0.7877 3.6790
5 -3.1129 5.4863
3 -0.2135 -1.1621
3 6.7326 7.0832
5 0.7877 5.4863
7 7.2926 -11.1660
8 -3.0195 5.6141
5 0.7877 3.6790
2 6.9593 0.1341
4 -3.1129 5.4863
5 -1.5344 11.6880
6 -3.5846 0.4030
8 2.4709 0.8207
9 -5.0848 -6.5047
7 4.2942 -6.5990
8 -7.5035 1.1762
8 4.6433 -5.4351
1 -0.2135 -1.1621
3 -0.2135 -1.1621
5 0.7877 3.6790
10 -9.6374 5.9189
5 2.7556 11.4106
1 -0.2135 -1.1621
10 -9.6374 5.9189
1 -0.2135 -1.1621
3 4.4696 5.8171
8 -1.6850 -0.2787
9 0.9870 -4.4238
5 7.3154 2.3026
5 -8.4934 5.6441
5 -9.2468 7.4105
9 0.9870 -4.4238
2 4.6375 0.1341
2 -0.0431 6.2501
2 6.9593 -4.1768
1 3.3152 7.3315
1 6.5003 -2.7455
8 -1.5344 11.6880
8 1.3171 2.2117
1 2.0156 -0.0334
7 8.9915 -11.7825
1 -0.2135 -1.1621
8 1.8916 9.8232
1 -0.2135 -1.1621
5 1.8916 9.8232
3 -0.2135 -1.1621
4 -3.1129 5.4863
5 1.8916 9.8232
2 4.6375 -4.1768
2 6.9593 0.1341
