10 100
P -0.547614 -1.669206 4.450690 2.823423
K -9.268225 5.717195 1.171785
K -2.723988 8.170052 4.782634
K -2.818701 -0.343008 4.011675
K 9.392032 1.895495 3.599646
P 1.353875 3.033219 4.607562 5.596267
P 1.629984 -8.776812 3.302368 -7.375861
Z 7 2.890372 6.583466 -6.873322 9.181793
P 1.104051 -7.790379 5.533152 -6.581534
P -4.773347 -5.264222 -2.117111 -1.221699
4 -6.9084 -5.0053
3 -2.7240 8.1701
6 4.6076 5.5963
10 6.5870 -7.0664
8 3.3024 -8.7768
8 1.6300 -8.7768
6 -5.8424 -3.2833
2 -4.8130 -1.5166
8 3.3024 -7.3759
2 -1.2764 -2.8747
2 -9.2682 5.7172
9 5.5332 -6.5815
4 -2.8187 -0.3430
7 1.6300 -7.3759
1 -8.3345 8.3601
5 9.3920 1.8955
1 -0.5476 2.8234
4 -2.8187 -0.3430
8 3.3024 -7.3759
10 -9.2715 -3.4771
1 -0.5476 2.8234
9 -1.0900 -4.2605
6 4.6076 5.5963
10 -4.7733 -1.2217
4 -0.9014 -9.4998
8 -0.0027 -3.1576
9 1.1041 -7.7904
3 -2.7240 8.1701
3 -2.7240 8.1701
5 9.3920 1.8955
9 5.2407 -6.6794
10 -4.7733 -1.2217
2 -5.8869 -3.3937
6 1.3539 3.0332
10 -4.7733 -1.2217
1 6.3581 -2.7272
7 -2.3240 7.7145
6 4.6076 3.0332
8 10.8826 19.7072
10 -4.7733 -5.2642
6 1.3539 3.0332
4 -2.8187 -0.3430
8 5.7428 -0.3317
10 -4.7733 -5.2642
7 1.6300 -8.7768
4 -2.8187 -0.3430
5 9.3920 1.8955
8 -0.2293 -3.7473
8 9.1275 9.9483
9 5.5332 -6.5815
7 1.6300 -8.7768
6 -4.5460 -6.2087
6 4.6076 3.0332
5 9.3920 1.8955
10 1.5760 -0.5016
9 5.5332 -7.7904
2 -9.2682 5.7172
3 -2.7240 8.1701
7 -8.2975 -7.8153
5 9.3920 1.8955
10 -9.7394 7.5088
6 4.6076 3.0332
10 -4.7733 -5.2642
6 1.3539 5.5963
5 -6.3726 2.8557
3 -3.5442 1.4908
9 5.5332 -7.7904
3 -1.3645 -4.5680
6 1.3539 5.5963
3 -2.7240 8.1701
6 1.3539 3.0332
3 -2.7240 8.1701
4 9.0882 -9.4615
6 4.6076 3.0332
5 1.7294 0.4255
9 0.1473 3.3516
6 7.4505 7.7358
9 1.1041 -7.7904
6 1.3539 5.5963
6 4.6076 5.5963
6 4.6076 5.5963
5 -8.4182 2.2726
8 10.1862 18.4916
3 -2.7240 8.1701
6 4.6076 5.5963
4 -2.8187 -0.3430
8 3.3024 -7.3759
1 -0.5476 -1.6692
5 9.3920 1.8955
5 -3.5607 -1.3630
7 3.3024 -7.3759
1 4.4507 -1.6692
1 -0.5476 2.8234
7 6.3478 1.5496
4 -2.8187 -0.3430
1 7.3932 -5.0009
9 5.5332 -6.5815
7 3.3024 -8.7768
6 1.3539 5.5963
4 -2.8187 -0.3430
