10 100
K -8.896935 -8.241241 3.475893
Z 1 -7.494483 -5.060839 -8.409472 -4.657359
P -6.165758 6.472553 -3.203410 9.579566
K -8.490130 5.602896 2.224515
P -3.675658 -5.981338 1.318354 -4.027526
P -7.859273 6.341143 -4.398941 11.067667
K 2.896136 9.822919 4.256825
Z 1 -9.268410 -4.785256 -10.262683 -4.892128
Z 1 -8.261607 -4.823905 -9.244760 -4.641124
K -5.046867 5.435928 4.418619
10 -5.046867 5.435928
8 -8.896935 -8.241241
3 -6.165758 9.579566
5 8.315582 -8.238639
9 -7.626278 -1.406569
3 -3.203410 9.579566
6 -4.398941 11.067667
10 -5.046867 5.435928
6 -4.398941 11.067667
8 -4.782670 7.889996
3 -9.207803 -3.610640
7 2.896136 9.822919
6 -0.523029 -3.632583
4 -9.138351 -9.820578
3 -3.203410 6.472553
4 -8.490130 5.602896
8 -9.639885 -1.329270
10 -5.046867 5.435928
1 -8.896935 -8.241241
5 -0.271409 9.416639
9 9.419458 6.537492
2 -8.896935 -8.241241
10 -5.046867 5.435928
7 2.896136 9.822919
5 1.318354 -4.027526
9 -8.896935 -8.241241
9 -8.896935 -8.241241
6 -4.148056 8.782875
4 -9.540101 -4.683439
7 2.896136 9.822919
9 9.205211 8.412413
5 -0.524521 -1.877206
6 -7.859273 6.341143
3 -3.203410 6.472553
2 -6.657085 6.355224
8 -8.896935 -8.241241
7 -7.965037 8.950182
1 -8.896935 -8.241241
7 2.896136 9.822919
3 -6.165758 9.579566
10 -5.046867 5.435928
7 2.896136 9.822919
5 -8.351034 5.075551
8 0.628392 -1.620798
8 -9.639885 -1.329270
10 1.339675 3.486236
2 -5.454977 3.720251
2 -1.369543 6.726764
3 -3.203410 9.579566
2 -8.896935 -8.241241
4 -8.490130 5.602896
8 -8.896935 -8.241241
3 -6.165758 6.472553
1 1.912155 -8.351698
4 -8.490130 5.602896
4 -8.490130 5.602896
9 -7.626278 -1.406569
4 -8.490130 5.602896
2 -6.092032 -1.880437
3 4.510645 -8.351977
10 -5.046867 5.435928
9 -8.896935 -8.241241
6 -4.398941 11.067667
1 6.614223 -1.043699
4 -8.490130 5.602896
1 -8.007244 -2.101297
9 -7.626278 -1.406569
8 8.414218 -6.613686
1 -8.896935 -8.241241
10 -5.046867 5.435928
2 -6.092032 -1.880437
4 -8.490130 5.602896
4 1.676030 3.663816
3 -3.203410 6.472553
1 -8.896935 -8.241241
4 -8.490130 5.602896
2 -6.092032 -1.880437
10 -5.046867 5.435928
9 -7.626278 -1.406569
2 -6.092032 -1.880437
3 -4.169935 7.214076
9 7.506940 -2.675822
4 -0.664529 -5.529522
10 -5.046867 5.435928
10 -5.046867 5.435928
5 -3.675658 -5.981338
1 -8.896935 -8.241241
5 1.318354 -5.981338
6 -4.398941 6.341143
7 2.896136 9.822919
1 7.924536 -1.639869
2 8.176227 4.856616
10 -2.128982 1.894769
5 -3.675658 -4.027526
8 -8.896935 -8.241241
8 -8.896935 -8.241241
6 -5.740517 -7.161493
2 -8.896935 -8.241241
4 -8.490130 5.602896
10 -5.046867 5.435928
