10 100
P 4.945811 6.920007 6.110716 10.568980
P 3.073765 2.184300 4.838570 6.653233
Z 1 0.927219 -4.807467 -4.948350 -2.088818
P 4.136490 4.663061 8.856002 8.490178
K 0.775258 4.228883 2.574641
Z 4 -2.848148 -0.884957 -8.725456 0.528126
P 9.106913 1.190411 11.110748 3.448138
K -4.710978 9.770743 4.129410
Z 7 11.110748 1.190411 11.538328 0.286433
K 0.668407 -9.853375 4.104600
1 6.1107 10.5690
3 -7.4377 -18.7119
4 4.1365 8.4902
3 -4.6563 -16.3498
2 4.8386 2.1843
6 -0.8887 -12.4105
6 4.1365 4.6631
7 11.1107 1.1904
6 0.8511 -9.0017
7 9.1069 3.4481
10 0.6684 -9.8534
8 -4.7110 9.7707
2 -5.3496 5.6074
10 -7.6613 -6.1535
10 0.6684 -9.8534
3 6.1107 10.5690
8 -3.9612 5.0508
4 4.1365 4.6631
1 4.9458 10.5690
5 0.7753 4.2289
1 -9.2521 3.3457
7 9.1069 3.4481
10 -2.7208 2.5735
8 1.7846 7.5721
2 3.0738 2.1843
3 -8.1917 -17.8240
9 11.1107 3.4481
10 4.4740 -2.8515
9 11.1107 1.1904
5 -6.3255 0.0607
10 0.6684 -9.8534
5 0.7753 4.2289
6 8.8560 8.4902
3 4.9458 6.9200
9 9.1069 1.1904
4 4.1365 8.4902
1 7.7115 -0.1204
8 -4.7110 9.7707
7 11.1107 1.1904
10 0.6684 -9.8534
7 9.1069 1.1904
2 4.4773 -0.9423
5 0.7753 4.2289
8 -4.7110 9.7707
6 -0.8887 -12.4105
9 11.1107 1.1904
5 0.7753 4.2289
7 9.1069 3.4481
6 8.8560 8.4902
4 4.1365 4.6631
7 7.6538 9.6805
10 0.6684 -9.8534
8 -4.7110 9.7707
2 3.0738 2.1843
1 4.9458 6.9200
5 7.1579 -3.9540
3 6.1107 6.9200
6 -1.4235 -2.0263
10 0.6684 -9.8534
7 5.5831 7.2132
2 3.0738 6.6532
8 4.6434 0.7998
4 8.8560 4.6631
8 -4.7110 9.7707
8 -4.7110 9.7707
10 0.6684 -9.8534
10 0.6684 -9.8534
4 8.8560 8.4902
1 4.9458 6.9200
5 0.7753 4.2289
2 4.8386 6.6532
3 6.1107 10.5690
4 4.1365 4.6631
8 -4.7110 9.7707
8 -6.9650 1.4625
7 9.1069 1.1904
4 8.8560 8.4902
2 4.8386 6.6532
2 3.0738 2.1843
7 11.1107 3.4481
6 3.3150 -14.5559
10 -1.0750 4.5765
8 -4.7110 9.7707
9 9.1069 3.4481
3 -7.4377 -18.7119
9 9.3654 2.6226
8 -4.7110 9.7707
10 0.6684 -9.8534
8 -4.7110 9.7707
10 0.6684 -9.8534
9 11.1107 1.1904
9 -1.5253 3.7146
1 6.1107 10.5690
2 -0.9309 4.5243
10 0.6684 -9.8534
10 0.6684 -9.8534
3 -4.6563 -16.3498
2 4.8386 2.1843
5 0.7753 4.2289
6 5.0548 -11.1471
