10 100
K -8.652547 -3.982741 2.653083
Z 1 -0.296650 2.311477 -1.548278 -5.139301
K -1.814249 2.507131 2.541829
K 2.972074 -4.607308 1.711101
K -6.518253 5.144515 2.229110
P -1.713793 -5.168580 -0.422751 -2.339403
P 8.355132 4.350744 9.809184 6.380978
K 4.406212 -3.135558 3.917878
K -0.359583 -0.768042 1.732927
K 6.602640 9.567315 4.890547
9 -0.359583 -0.768042
9 -0.359583 -0.768042
3 2.052258 -6.491723
2 -2.708058 6.256493
8 4.406212 -3.135558
10 6.602640 9.567315
6 9.146876 -8.069731
6 -1.713793 -5.168580
9 -0.359583 -0.768042
3 -1.814249 2.507131
5 -6.518253 5.144515
4 2.972074 -4.607308
8 4.406212 -3.135558
2 -8.523407 7.810320
4 2.972074 -4.607308
8 0.855834 5.775736
8 5.851223 6.868655
2 5.543946 -6.367557
8 -8.148838 -3.987156
2 5.543946 -6.367557
7 9.809184 4.350744
10 6.602640 9.567315
6 -0.422751 -2.339403
10 4.927080 4.253238
1 -8.652547 -3.982741
10 5.562525 2.842727
9 -0.359583 -0.768042
5 -8.457627 0.506024
8 4.406212 -3.135558
5 -6.518253 5.144515
8 4.406212 -3.135558
9 -0.359583 -0.768042
9 -0.359583 -0.768042
3 0.355001 1.521981
8 4.406212 -3.135558
9 -0.359583 -0.768042
8 4.406212 -3.135558
8 -4.112420 -5.426917
5 -6.518253 5.144515
5 -6.518253 5.144515
8 4.406212 -3.135558
8 4.406212 -3.135558
2 9.852924 4.549443
5 -6.518253 5.144515
1 -8.652547 -3.982741
1 -8.652547 -3.982741
10 -1.425969 -9.165047
6 -0.422751 -5.168580
8 4.406212 -3.135558
6 -1.713793 -2.339403
1 6.563084 8.532629
10 0.134102 6.040625
6 -1.713793 -5.168580
1 -8.652547 -3.982741
9 -0.359583 -0.768042
7 9.809184 4.350744
2 5.543946 -6.367557
10 6.602640 9.567315
9 -0.359583 -0.768042
5 -3.218239 5.851731
3 -1.814249 2.507131
4 1.037566 5.717189
5 2.092351 2.030701
9 -0.359583 -0.768042
6 -3.075209 3.847226
4 2.972074 -4.607308
9 -0.359583 -0.768042
10 6.602640 9.567315
2 5.543946 -6.367557
5 -6.518253 5.144515
5 -6.518253 5.144515
8 4.406212 -3.135558
8 4.406212 -3.135558
4 2.972074 -4.607308
2 5.543946 -6.367557
8 4.406212 -3.135558
6 -1.713793 -5.168580
1 -8.652547 -3.982741
1 -8.652547 -3.982741
2 -5.956941 5.718066
3 -1.814249 2.507131
9 -0.359583 -0.768042
7 9.809184 6.380978
10 -0.411636 9.471130
7 1.985067 -4.096188
8 9.252414 0.610067
9 -0.359583 -0.768042
2 6.768825 1.493323
6 -0.422751 -2.339403
6 -0.422751 -2.339403
9 -2.875956 -0.747904
1 -6.810549 2.387863
9 -0.359583 -0.768042
10 6.602640 9.567315
5 -6.518253 5.144515
6 -1.713793 -5.168580
8 4.406212 -3.135558
2 5.543946 -6.367557
1 -8.652547 -3.982741
7 8.355132 6.380978
