10 100
K 7.001252 -0.254232 2.100010
Z 1 5.303223 0.981380 4.714839 0.172799
P -9.327548 -0.527591 -6.402487 4.160941
K -8.964852 7.367462 2.424150
P 8.754155 8.948784 13.340617 12.548804
K 3.145973 3.247271 2.167054
Z 3 -7.594190 2.283205 6.017369 2.182681
Z 6 1.206326 4.213650 0.760384 3.318588
Z 3 8.400997 -4.687934 -4.586048 3.132287
Z 5 -7.421123 -0.424988 -5.973179 7.814551
3 -9.3275 -0.5276
6 3.1460 3.2473
3 -6.4025 4.1609
9 -2.2010 6.4498
3 0.0433 -5.3177
6 3.1460 3.2473
5 8.7542 12.5488
1 7.0013 -0.2542
9 -6.4025 4.1609
1 7.0013 -0.2542
5 8.7542 8.9488
1 -2.2060 -6.4686
5 8.7542 12.5488
4 3.1857 2.2644
10 -22.5158 18.8499
3 -9.3275 -0.5276
10 13.3406 8.9488
9 -6.3449 4.2565
4 0.5194 1.9961
6 3.1460 3.2473
3 -9.3275 4.1609
1 7.0013 -0.2542
10 -23.7431 15.4656
5 13.3406 12.5488
2 3.6052 2.2170
10 -18.2041 17.2862
4 3.3726 -5.1371
9 -9.6875 -6.8077
5 8.7542 8.9488
8 -7.7656 9.3889
9 -6.4025 -0.5276
9 -6.3449 4.2565
5 1.6115 -0.6396
8 3.1460 3.2473
2 3.6052 2.2170
9 -6.3449 4.2565
9 -6.4025 -0.5276
6 3.1460 3.2473
9 -2.2010 6.4498
2 7.0013 -0.2542
2 -1.1849 9.8739
10 4.6731 8.3023
3 -6.4025 -0.5276
9 -4.6662 -4.5893
9 -7.7132 6.8418
9 -2.2010 6.4498
8 -0.7333 5.1800
9 -6.4025 -0.5276
6 3.1460 3.2473
5 -6.9114 2.7724
3 -7.6987 -3.7724
4 -8.9649 7.3675
4 -8.9649 7.3675
6 3.1460 3.2473
9 -7.7132 6.8418
4 3.4961 9.6686
2 3.6052 2.2170
8 -0.7333 5.1800
4 8.6075 2.1140
3 -9.3275 -0.5276
2 1.3675 -4.5617
1 7.6956 -4.2408
5 4.8844 8.5216
8 -6.8195 -2.1804
9 -6.4025 4.1609
8 -2.4840 7.8474
9 4.6856 9.5729
6 3.1460 3.2473
7 4.4746 -1.7234
1 4.5023 -6.9922
1 7.0013 -0.2542
7 6.4721 1.0461
8 3.1460 3.2473
6 3.1460 3.2473
3 -6.4025 -0.5276
3 -9.3275 -0.5276
4 6.6070 2.0959
4 -8.9649 7.3675
10 6.3652 5.2840
4 -8.9649 7.3675
5 6.6750 -8.0393
6 6.6777 6.6738
2 5.4889 -0.7522
10 -22.5158 18.8499
10 8.7542 8.9488
8 -0.7333 5.1800
9 -6.4025 4.1609
1 -9.3211 -0.7417
7 1.5111 -5.4824
8 -7.1993 -9.5363
9 -7.7132 6.8418
9 -7.7132 6.8418
8 -0.7333 5.1800
4 -8.9649 7.3675
10 -19.4315 13.9019
9 -7.7132 6.8418
7 1.1554 -9.5649
8 -0.7333 5.1800
8 3.1460 3.2473
5 8.7542 12.5488
