10 100
K 0.372451 1.840849 4.492057
K 1.748554 6.710876 3.469034
Z 2 1.748554 6.710876 1.166383 7.523942
Z 2 0.305521 3.556221 1.214897 3.140245
Z 2 9.358895 7.250352 -8.769516 9.810830
K -1.504448 -9.557679 2.452450
P 4.187420 1.779040 9.176967 6.694352
P -1.418581 -7.258650 0.987328 -3.833531
K -7.093643 -6.004273 4.501409
K 8.223678 -7.846297 4.569380
3 -9.0332 1.1227
10 -2.5797 -8.0754
3 1.7486 6.7109
10 8.2237 -7.8463
9 3.3289 -5.5935
2 1.7486 6.7109
1 0.3725 1.8408
3 1.7486 6.7109
1 7.2099 -6.5129
8 0.9873 -7.2587
10 -0.0940 5.5514
7 9.1770 6.6944
10 8.2237 -7.8463
2 1.1958 1.3925
5 2.1957 9.8765
8 -1.1067 -1.3739
10 8.2814 8.3382
9 -7.0936 -6.0043
6 -1.5044 -9.5577
1 0.3725 1.8408
4 1.7486 6.7109
4 1.9325 6.2898
3 1.7486 6.7109
10 8.2237 -7.8463
7 4.1874 6.6944
9 9.2418 -7.4632
6 -1.5044 -9.5577
6 8.4911 -2.0009
3 1.1181 2.6016
6 -1.5044 -9.5577
7 9.1770 1.7790
10 8.2237 -7.8463
6 -1.5044 -9.5577
7 4.1874 1.7790
6 -1.5044 -9.5577
9 -7.0936 -6.0043
6 -1.5044 -9.5577
10 8.2237 -7.8463
1 0.3725 1.8408
3 1.7486 6.7109
7 4.1874 1.7790
8 -7.2945 3.9016
6 6.7710 7.0208
4 -0.5479 8.8576
6 -1.5044 -9.5577
7 2.8895 9.7983
1 4.4078 2.9572
10 8.2237 -7.8463
10 -9.8449 -6.7294
10 8.2237 -7.8463
5 1.7486 6.7109
4 -1.1375 0.4016
7 3.7575 -8.8850
6 -1.5044 -9.5577
6 -1.5044 -9.5577
3 1.7486 6.7109
9 -7.0936 -6.0043
8 0.9873 -7.2587
9 -7.0936 -6.0043
8 0.9873 -3.8335
3 1.7486 6.7109
8 -1.4186 -3.8335
5 2.1957 9.8765
5 2.1957 9.8765
5 2.1957 9.8765
3 1.7486 6.7109
4 -1.1375 0.4016
10 0.2101 3.8511
7 4.1874 1.7790
4 2.0830 -9.4960
2 9.1983 1.6502
1 -5.2508 3.5555
6 -1.5044 -9.5577
10 8.2237 -7.8463
6 -1.5044 -9.5577
8 -7.3471 -4.9414
2 1.7486 6.7109
7 4.1874 1.7790
5 2.1957 9.8765
2 -1.9389 6.0085
4 -1.1375 0.4016
9 -0.0326 0.3366
5 1.7486 6.7109
8 -1.4186 -3.8335
9 2.1078 -6.9995
2 1.7486 6.7109
4 -1.1375 0.4016
8 -9.5760 1.8712
5 1.7486 6.7109
2 -3.6094 2.3627
9 -7.0936 -6.0043
8 0.9873 -3.8335
3 1.7486 6.7109
10 8.2237 -7.8463
4 1.7486 6.7109
7 4.0040 -0.5565
9 5.9906 -2.7873
9 -7.0936 -6.0043
8 -1.4186 -3.8335
7 -2.5660 3.8234
