10 100
P 0.953911 -2.551679 3.796226 1.143906
P -5.694044 -7.392987 -3.140040 -5.244795
P 1.109882 2.528772 5.051706 4.866972
Z 3 3.549989 -3.240745 9.902664 -2.579295
Z 4 5.051706 2.528772 5.237026 1.546094
K -7.915982 1.656954 2.952169
K -7.788102 5.943610 1.883619
Z 1 3.796226 -2.551679 4.144142 -1.614153
P 1.129371 -0.007022 3.788047 4.767831
Z 9 1.129371 4.767831 0.184706 4.439793
9 1.129371 -0.007022
10 1.129371 4.767831
1 0.953911 -2.551679
3 5.051706 4.866972
7 3.103009 9.634352
8 5.950442 -4.405893
9 4.133454 6.465700
7 5.848049 7.388796
10 1.129371 4.767831
9 -5.996800 -0.192447
4 -4.295682 9.824459
10 -1.829948 8.515050
3 5.051706 4.866972
5 2.832488 -11.677236
7 -7.788102 5.943610
7 -8.940165 3.394488
5 -6.014991 -6.050185
2 -5.694044 -5.244795
8 3.796226 -2.551679
8 5.950442 -4.405893
4 -9.170062 -9.216486
10 3.788047 -0.007022
7 -7.788102 5.943610
6 -7.915982 1.656954
10 3.310574 -3.640568
5 5.051706 2.528772
5 7.871158 6.142060
1 3.796226 1.143906
4 2.348485 -6.064379
3 5.051706 4.866972
6 -7.915982 1.656954
7 -7.788102 5.943610
6 -7.915982 1.656954
7 0.281864 -4.780719
2 -3.140040 -7.392987
1 0.953911 -2.551679
4 2.832488 -11.677236
1 3.796226 1.143906
2 -3.140040 -7.392987
6 7.860807 6.619700
1 0.953911 1.143906
10 7.904555 8.970625
10 3.788047 4.767831
2 -5.694044 -7.392987
9 1.129371 4.767831
7 -4.885914 -5.539227
3 -4.299277 -9.104278
4 5.051706 2.528772
6 -7.915982 1.656954
4 2.238424 -3.061709
9 4.881508 -9.331562
4 6.208069 -8.577137
7 -3.163049 9.056266
9 1.129371 4.767831
9 3.788047 -0.007022
10 0.256533 10.162823
1 0.953911 1.143906
4 2.458325 3.097389
8 1.680017 -0.269498
5 8.830367 -5.387627
6 -7.915982 1.656954
2 -5.694044 -7.392987
2 -2.522319 2.612444
2 -3.140040 -5.244795
9 -6.378912 -6.838781
2 0.950583 -3.905474
10 1.129371 -0.007022
6 -7.915982 1.656954
5 4.200086 4.706368
8 3.796226 -2.551679
8 5.950442 -4.405893
4 1.109882 2.528772
8 3.796226 1.143906
4 1.109882 2.528772
1 0.953911 1.143906
2 7.154477 -2.237835
1 8.425340 -0.679083
7 -9.553107 4.211601
5 7.871158 6.142060
10 1.129371 4.767831
7 -7.788102 5.943610
3 1.109882 2.528772
2 -3.140040 -7.392987
4 1.109882 4.866972
3 -9.127495 -7.541714
2 -3.140040 -7.392987
5 11.907862 -7.586853
9 1.129371 -0.007022
2 -3.140040 -7.392987
8 3.796226 1.143906
1 3.796226 -2.551679
2 -3.140040 -5.244795
10 3.788047 -0.007022
2 -8.654420 4.042046
6 -7.915982 1.656954
5 11.907862 -7.586853
7 9.517840 0.663217
6 -7.915982 1.656954
1 0.953911 1.143906
10 -8.288274 9.361747
