10 100
P 5.554758 -7.261108 8.427509 -2.272055
K 5.344070 -8.648945 2.713176
Z 1 8.427509 -2.272055 8.449914 -3.271804
K -0.001826 -6.521238 3.568301
P 5.150300 4.930594 7.723951 7.352968
Z 5 -0.556644 -8.179322 4.336979 -5.858126
K 5.536909 -1.105001 3.847412
Z 7 8.307634 6.773678 6.684920 -1.796063
K -7.378845 -0.534008 1.052179
Z 7 8.566187 -3.380121 3.011314 7.887233
2 5.344070 -8.648945
2 3.599824 9.355301
3 1.768245 2.234478
1 2.507258 4.894024
5 5.150300 4.930594
1 8.427509 -7.261108
10 -6.685299 6.586248
5 5.150300 7.352968
7 -3.023957 0.506164
8 8.006109 -1.572554
3 8.427509 -2.272055
9 -3.414914 6.208013
7 5.536909 -1.105001
8 7.038588 -1.428544
9 -7.378845 -0.534008
10 5.536909 -1.105001
7 0.535475 5.012027
1 6.664167 8.322179
1 -3.293162 6.898448
10 -6.744025 0.284986
1 5.554758 -2.272055
6 5.150300 7.352968
10 5.536909 -1.105001
9 -7.378845 -0.534008
5 8.572360 4.649075
10 5.536909 -1.105001
1 5.554758 -2.272055
10 8.606171 0.408163
7 -2.520689 -6.605926
2 1.928808 2.773596
3 11.297375 -2.143356
10 5.536909 -1.105001
5 -3.173462 5.394434
4 -0.001826 -6.521238
9 -7.378845 -0.534008
6 -9.615595 -7.959474
5 7.723951 4.930594
8 2.956803 -8.596988
1 8.427509 -2.272055
6 5.150300 4.930594
10 8.606171 0.408163
2 5.344070 -8.648945
10 5.536909 -1.105001
8 8.006109 -1.572554
4 -0.001826 -6.521238
8 5.536909 -1.105001
8 -8.024953 2.638938
10 1.336732 4.834098
10 8.606171 0.408163
8 -6.966791 -0.667928
1 5.554758 -2.272055
3 5.554758 -7.261108
1 -4.565551 -7.971023
10 8.606171 0.408163
6 7.723951 4.930594
4 -0.001826 -6.521238
3 5.554758 -7.261108
10 5.536909 -1.105001
2 5.344070 -8.648945
10 8.606171 0.408163
4 -0.001826 -6.521238
4 -0.001826 -6.521238
4 -0.001826 -6.521238
2 5.344070 -8.648945
9 7.164792 4.883507
5 5.150300 4.930594
7 5.536909 -1.105001
2 5.344070 -8.648945
9 2.492374 9.988210
3 3.848018 9.683520
5 5.150300 4.930594
3 11.297375 -2.143356
7 5.289626 -2.975690
7 5.536909 -1.105001
10 5.536909 -1.105001
9 -7.378845 -0.534008
1 3.527547 3.367259
9 -7.378845 -0.534008
9 -7.378845 -0.534008
8 5.536909 -1.105001
6 -5.467648 -3.167809
7 2.066257 5.096162
7 5.536909 -1.105001
8 8.006109 -1.572554
6 1.797486 -0.082601
2 5.344070 -8.648945
2 -2.910603 9.476291
5 7.723951 4.930594
10 8.606171 0.408163
8 2.400594 -4.744502
8 8.006109 -1.572554
1 -4.807239 -8.483623
4 -0.001826 -6.521238
1 -0.697487 4.995359
1 9.331197 -2.588749
9 -7.378845 -0.534008
6 13.206586 -12.053933
7 6.567487 -9.606359
9 -8.651662 -3.731669
9 -7.378845 -0.534008
