10 100
K -8.805266 9.110842 1.810194
Z 1 -8.805266 9.110842 -9.802102 9.031352
P -0.277286 6.222272 4.341923 7.659491
P 8.463346 9.226897 13.239370 12.256001
Z 2 -8.832723 -5.114479 3.964790 3.937394
P 8.477346 -2.914109 10.986555 1.204909
K -2.250807 8.443350 3.352881
K 3.365251 2.578245 4.096645
K -9.712248 -6.192931 3.372347
P 9.044342 3.742135 11.087636 7.597036
4 8.463346 12.256001
8 3.365251 2.578245
6 8.477346 1.204909
9 -9.712248 -6.192931
3 -0.277286 6.222272
4 13.239370 9.226897
5 1.589804 9.175151
10 9.044342 3.742135
4 8.463346 12.256001
2 -8.805266 9.110842
4 0.505791 6.953024
1 -8.805266 9.110842
9 -9.712248 -6.192931
9 0.695424 -7.326382
6 8.477346 -2.914109
5 -3.455776 -9.474536
7 -2.250807 8.443350
4 -1.040855 -2.904095
9 -9.712248 -6.192931
9 -9.712248 -6.192931
6 -0.537503 8.397100
9 -2.103106 5.704896
9 -9.712248 -6.192931
3 -0.277286 7.659491
7 -2.250807 8.443350
4 8.463346 9.226897
9 5.784211 4.333500
8 1.258680 -6.468845
8 3.365251 2.578245
8 2.491541 8.300252
8 3.365251 2.578245
10 9.044342 7.597036
3 7.935992 4.475748
1 -8.805266 9.110842
6 10.986555 1.204909
8 3.365251 2.578245
2 -8.805266 9.110842
5 4.101298 -7.401720
2 -9.437830 8.890587
9 -9.712248 -6.192931
9 -9.712248 -6.192931
6 10.986555 -2.914109
10 9.044342 3.742135
5 -8.805266 9.110842
10 9.044342 7.597036
1 -8.805266 9.110842
6 9.318181 8.013400
3 -0.277286 7.659491
9 -4.427040 5.715380
8 3.365251 2.578245
7 8.055122 -2.118122
1 -8.805266 9.110842
2 -8.805266 9.110842
2 5.383105 3.581204
5 7.967749 -2.486636
9 0.914208 1.077788
10 11.087636 3.742135
4 13.239370 12.256001
7 -5.907727 0.731860
8 -0.221110 -7.149887
10 -5.080912 2.192273
5 4.589500 -9.826640
7 -2.250807 8.443350
7 -2.250807 8.443350
4 13.239370 9.226897
10 9.044342 3.742135
8 3.365251 2.578245
1 -8.805266 9.110842
9 -9.712248 -6.192931
8 3.365251 2.578245
2 -8.087353 4.338344
5 2.248246 -0.582232
4 8.463346 9.226897
3 -0.277286 7.659491
7 -3.182026 6.427870
10 9.044342 7.597036
2 -8.805266 9.110842
1 9.058988 8.681058
1 -8.805266 9.110842
10 -6.332789 -2.173334
5 4.589500 -9.826640
4 13.239370 9.226897
5 -8.805266 9.110842
2 -0.800620 -8.989276
10 -7.260499 9.584529
3 4.341923 6.222272
7 0.413041 -9.207064
3 -0.277286 7.659491
10 3.896509 -6.651680
1 -8.805266 9.110842
7 3.330920 -3.193550
1 -8.805266 9.110842
2 -7.983179 -7.905748
10 5.175245 9.232241
2 -8.805266 9.110842
2 -7.675751 -7.673769
9 -9.712248 -6.192931
10 -0.399368 6.289340
7 2.611681 9.761360
6 -9.355915 1.586827
