10 100
P -0.944344 -2.019797 3.164957 -0.198834
P -6.635152 -7.437925 -4.691545 -6.075443
P 4.540436 -0.582902 8.080731 4.248642
P -1.825050 8.080203 2.202048 11.288416
P 7.520041 -9.553194 9.285121 -5.669150
Z 4 -4.433157 -5.427101 9.102575 -5.172953
K -7.835560 -2.545543 2.340905
K 3.239657 1.428228 1.181662
Z 2 -4.691545 -7.437925 -5.294131 -8.235979
K 9.570657 -7.563743 2.326780
10 4.965624 -1.648021
10 9.570657 -7.563743
10 9.570657 -7.563743
5 9.285121 -9.553194
3 8.080731 -0.582902
6 -1.319839 -18.826979
10 4.823508 -9.528424
9 -4.159421 -9.307269
9 -8.100018 -4.112660
4 2.202048 11.288416
7 -7.835560 -2.545543
1 -0.944344 -2.019797
9 -4.159421 -9.307269
2 -4.691545 -7.437925
3 4.540436 4.248642
3 8.080731 4.248642
7 6.925853 4.681691
10 9.440189 6.226176
2 1.448592 -7.275323
7 -7.835560 -2.545543
9 -4.691545 -6.075443
3 4.540436 -0.582902
6 -8.616527 3.847540
2 -5.534418 -0.778900
10 9.570657 -7.563743
8 -8.068581 -6.318267
6 -5.806664 -5.663640
8 3.239657 1.428228
3 8.080731 -0.582902
5 9.285121 -5.669150
5 7.520041 -9.553194
6 3.487812 -0.930200
8 3.239657 1.428228
2 -6.635152 -7.437925
10 9.570657 -7.563743
4 -1.825050 11.288416
6 2.202048 8.080203
2 9.932423 2.327014
9 -6.635152 -7.437925
10 9.570657 -7.563743
2 1.528681 -1.048019
10 -5.702708 -3.811642
7 -5.053142 -3.177768
7 -7.835560 -2.545543
3 4.540436 -0.582902
10 9.570657 -7.563743
3 -5.294718 5.402002
2 9.061515 0.874004
1 1.901248 0.419783
1 8.929061 1.319330
8 3.239657 1.428228
3 8.080731 4.248642
10 9.570657 -7.563743
9 5.589395 -5.044484
8 -6.388668 -9.204315
2 -6.826556 -9.436288
3 4.540436 4.248642
2 2.562255 -1.992137
6 2.202048 8.080203
5 7.520041 -5.669150
10 9.238007 -8.000884
5 7.520041 -9.553194
2 -6.635152 -7.437925
4 -3.112328 -8.529593
4 -1.825050 8.080203
1 -2.613785 -7.704430
6 8.580893 8.466994
4 -1.825050 8.080203
1 3.164957 -2.019797
3 9.825576 1.868990
3 2.814679 0.105019
2 -6.635152 -7.437925
4 2.202048 8.080203
1 3.164957 -2.019797
1 -0.944344 -0.198834
2 -6.635152 -6.075443
2 -4.691545 -7.437925
4 5.198174 5.473149
7 -7.835560 -2.545543
8 3.239657 1.428228
6 5.072787 -0.344244
5 9.285121 -9.553194
6 -1.825050 11.288416
5 0.990138 -6.842352
3 4.397621 -2.048435
9 -4.691545 -7.437925
4 2.202048 8.080203
4 -1.825050 8.080203
10 9.570657 -7.563743
9 -6.635152 -7.437925
4 4.060654 -1.470660
7 -7.835560 -2.545543
2 -4.691545 -7.437925
10 9.570657 -7.563743
1 -4.436837 0.435683
7 -7.835560 -2.545543
2 -6.635152 -6.075443
2 -6.635152 -7.437925
4 -1.825050 11.288416
1 -4.590432 8.505174
