10 100
P -9.287614 -0.591585 -8.270897 1.155856
P -3.167786 2.930545 -0.282042 4.424994
K -1.168203 5.575909 3.644601
P 9.694783 4.510904 14.202669 9.339991
P 3.403075 4.333182 7.403507 9.282273
P 5.140398 0.465190 8.706705 3.382058
P -4.784529 6.819894 -2.103977 8.791383
K 7.521099 -8.984180 4.683381
Z 1 -9.537446 2.289196 -8.742674 5.983579
K -1.948193 9.518843 2.989599
2 3.6992 0.9714
1 -8.2709 1.1559
1 -4.9618 -0.3161
4 14.2027 9.3400
6 5.1404 0.4652
7 -4.7845 8.7914
1 -9.2876 1.1559
7 -4.9517 -9.6279
2 4.8846 1.9408
6 4.0125 -3.4210
1 -8.2709 1.1559
1 -5.5771 1.3146
8 -3.4740 6.5969
3 7.6886 2.3129
8 7.5211 -8.9842
6 5.1404 0.4652
5 3.4031 4.3332
3 -2.5387 3.3376
4 9.6948 4.5109
8 7.5211 -8.9842
2 -0.2820 2.9305
5 3.4031 4.3332
9 -11.8766 0.1841
10 -1.9482 9.5188
5 7.4035 4.3332
7 -2.1040 6.8199
7 -4.7845 8.7914
10 -1.9482 9.5188
1 -8.2709 -0.5916
8 7.5211 -8.9842
1 4.3609 -3.8231
9 -2.4030 -1.5232
5 3.4031 4.3332
1 -8.2709 1.1559
3 -1.1682 5.5759
5 7.4035 4.3332
6 8.7067 3.3821
10 6.9800 6.5495
8 7.5211 -8.9842
8 7.5211 -8.9842
4 7.9594 -0.8903
3 -1.1682 5.5759
10 -1.9482 9.5188
1 -9.2876 1.1559
9 -9.2876 -0.5916
3 -5.2949 -8.5554
1 1.5993 -7.9902
6 9.1359 -2.1951
7 -2.1040 6.8199
4 9.6948 9.3400
4 9.6948 9.3400
10 2.1754 -9.7003
10 6.4225 -2.8054
2 -4.4154 -5.0527
6 8.7067 3.3821
6 6.5347 3.0718
5 -1.9899 8.0318
10 -4.1663 1.8202
7 -4.7845 6.8199
5 -1.4337 6.0562
8 7.5211 -8.9842
9 -9.2876 -0.5916
6 8.7067 0.4652
5 7.4035 9.2823
4 14.2027 9.3400
3 5.3020 -4.1655
6 -1.6565 -9.8619
6 5.1404 3.3821
7 -2.1040 8.7914
7 -2.1040 8.7914
4 14.2027 9.3400
4 14.2027 9.3400
4 9.6948 4.5109
10 -1.9482 9.5188
8 6.4968 2.4516
3 -1.1682 5.5759
2 -7.0971 4.7738
8 -3.4050 5.7159
7 3.0719 -7.6471
1 -9.2876 1.1559
9 4.1830 6.2868
4 -3.4727 3.2581
5 7.4035 9.2823
4 9.6948 4.5109
9 -0.3469 9.2176
10 2.8144 5.2589
3 -1.1682 5.5759
6 8.7067 0.4652
10 -1.9482 9.5188
7 -2.1040 6.8199
3 -1.1682 5.5759
9 -9.7963 -9.5342
6 8.7067 3.3821
1 -9.2876 -0.5916
8 7.5211 -8.9842
8 7.5211 -8.9842
10 -1.9482 9.5188
10 -5.3070 2.4342
5 -4.5144 -6.9055
2 -3.1678 2.9305
