10 100
P -0.739132 8.580520 0.268805 10.943407
Z 1 -0.739132 10.943407 -0.964854 11.917598
K -7.965966 -8.769618 2.325289
K 8.562900 -9.772086 4.300010
P 1.528544 -0.202673 3.924471 2.444604
K 0.506114 -1.809886 2.104179
K 0.572598 5.570279 2.328191
P -5.711907 -0.785186 -3.524780 3.517173
K -0.212916 -4.965601 3.683619
Z 8 -3.524780 -0.785186 -3.760283 0.186688
3 8.1597 3.2202
9 -0.2129 -4.9656
1 0.2688 10.9434
5 3.9245 -0.2027
5 -9.2438 -1.5897
1 -0.7391 10.9434
9 -0.2129 -4.9656
7 0.5726 5.5703
7 0.1978 6.3139
10 -4.9588 -1.6078
8 8.6381 -3.1954
1 4.4127 -0.2845
1 -0.7391 10.9434
2 0.9703 8.9628
8 -3.5248 3.5172
5 3.9245 -0.2027
9 -5.3763 -1.2026
4 8.5629 -9.7721
3 -7.9660 -8.7696
8 -3.5248 -0.7852
9 -8.3846 -5.6520
8 -5.7119 -0.7852
8 -3.5248 -0.7852
2 0.2688 8.5805
9 -0.2129 -4.9656
10 9.0324 2.7569
4 8.5629 -9.7721
10 8.7946 -0.5419
8 5.5774 -4.8484
10 -5.4942 3.0399
10 -5.4942 3.0399
7 0.5726 5.5703
1 0.2688 10.9434
9 -0.2129 -4.9656
8 -3.5248 -0.7852
5 1.5285 -0.2027
5 7.6244 -0.7730
3 -7.9660 -8.7696
9 7.4702 0.2866
3 -7.9660 -8.7696
5 4.8581 7.5521
6 0.5061 -1.8099
6 9.5766 7.6528
8 -3.5248 3.5172
9 -0.2129 -4.9656
3 -7.9660 -8.7696
9 -0.2129 -4.9656
10 -3.5248 3.5172
3 -7.9660 -8.7696
2 -0.6052 8.3780
10 7.1588 6.3151
9 -0.3907 2.6873
4 -7.0334 -1.3252
6 0.3608 -8.8514
2 -0.6052 8.3780
3 -7.9660 -8.7696
1 -0.7391 10.9434
4 8.5629 -9.7721
5 2.7326 3.1479
4 8.5629 -9.7721
3 -7.9660 -8.7696
10 -5.4942 3.0399
2 0.2688 8.5805
5 1.5285 -0.2027
3 -7.9660 -8.7696
8 -3.5248 -0.7852
8 -7.4381 0.3522
8 -3.5248 -0.7852
4 8.5629 -9.7721
3 -3.6144 2.3705
2 -7.5106 -2.9728
5 3.9245 2.4446
3 -1.5393 -5.4108
10 4.0305 9.0815
5 -1.2177 -1.1744
4 9.4671 7.9791
4 8.5629 -9.7721
9 -0.2129 -4.9656
2 -5.7837 2.6987
1 -0.7391 10.9434
3 -5.1937 5.4334
8 5.0807 7.9245
10 -5.7119 -0.7852
3 -7.9660 -8.7696
5 6.1251 3.3583
10 5.3762 4.4942
7 -0.6777 -4.7827
6 -4.3724 0.9589
9 -0.2129 -4.9656
3 -7.9660 -8.7696
10 -5.4942 3.0399
7 8.7986 4.3595
1 -0.7391 10.9434
10 -0.1069 5.2029
6 0.5061 -1.8099
5 5.5708 -7.3636
2 -0.7391 10.9434
3 -7.9660 -8.7696
10 9.8843 5.9583
4 8.5629 -9.7721
