10 100
P -2.749156 -4.095718 0.107324 -1.635102
Z 1 -2.749156 -4.095718 -3.692748 -4.426828
P 0.879555 9.821034 4.708445 12.810433
Z 3 0.879555 12.810433 0.361594 11.955028
Z 4 7.385701 -4.734164 -9.641741 4.658865
Z 4 -7.043002 4.476237 4.528358 -8.781207
K -7.623394 0.720466 1.877045
K 4.999274 8.725750 2.405233
Z 3 -3.897500 7.383338 0.841611 -8.621601
P 8.641906 -7.114935 13.470315 -3.671974
9 0.8796 9.8210
5 4.3541 -5.4917
8 -7.2081 -7.8064
5 9.9218 -7.5152
9 0.8796 12.8104
2 -1.2116 -6.0168
9 2.8724 7.8023
2 -2.7492 -4.0957
10 13.4703 -3.6720
1 0.1073 -1.6351
9 4.7084 12.8104
4 -3.5439 14.8179
9 -4.4088 -7.2504
4 -6.2455 -4.6131
5 0.8796 12.8104
4 -5.6507 6.8131
8 4.9993 8.7258
8 4.7237 -1.5396
10 9.0966 -4.6623
6 -13.4098 -2.6510
10 13.4703 -3.6720
4 4.7084 9.8210
1 -2.7492 -4.0957
10 8.6419 -7.1149
2 -1.2116 -6.0168
7 -7.6234 0.7205
3 3.0190 -4.9736
7 -7.6234 0.7205
8 4.9993 8.7258
3 4.5908 -5.2957
1 0.1073 -4.0957
9 4.7084 9.8210
1 6.2089 -7.0944
3 0.8796 9.8210
9 4.3642 5.3877
3 9.7028 9.5751
8 5.7522 0.5208
9 4.7084 9.8210
3 -8.5887 -5.8799
1 -1.8086 -7.5021
7 -7.6234 0.7205
1 0.1073 -4.0957
9 1.8398 1.3191
4 0.8796 12.8104
2 -0.5190 -2.3108
9 -9.2317 6.8271
4 0.8796 12.8104
9 4.7084 12.8104
4 4.7084 9.8210
9 4.7084 9.8210
7 -7.6234 0.7205
10 8.6419 -7.1149
5 0.8796 12.8104
10 -1.6739 -3.2334
7 -7.6234 0.7205
10 3.4859 -1.4981
7 3.5469 5.4375
8 0.6938 6.2663
10 8.6419 -7.1149
8 4.9993 8.7258
4 -1.7694 11.4250
2 -3.5607 2.3712
4 0.8796 12.8104
5 5.1236 -4.6493
6 -4.4972 -5.1031
4 -0.8949 16.2033
6 -0.8949 16.2033
7 -7.6234 0.7205
8 4.9993 8.7258
5 0.8796 12.8104
6 -1.7694 11.4250
5 0.8796 9.8210
7 7.7615 1.0950
9 -12.4433 4.7424
9 -12.4433 4.7424
10 0.1377 -1.7262
5 2.3122 8.6045
2 -2.7492 -4.0957
7 -7.6234 0.7205
1 0.1073 -4.0957
5 0.8796 9.8210
2 5.0099 -1.5410
1 -7.0715 0.1927
7 -7.8364 -3.0360
2 4.8404 -2.6079
9 0.8796 9.8210
7 -7.6234 0.7205
2 -6.5703 9.5487
5 -7.4291 7.2871
10 -1.7999 2.7595
7 -7.6234 0.7205
8 4.9993 8.7258
3 0.8796 12.8104
2 0.1073 -1.6351
3 0.8796 12.8104
5 -7.0333 6.0136
1 0.1073 -4.0957
9 0.8796 9.8210
8 4.9993 8.7258
9 4.7084 12.8104
