10 100
K 9.672762 6.635462 1.418527
P -2.804648 -2.314647 -1.129713 1.624154
Z 2 -1.129713 -2.314647 -2.128377 -2.366308
K 0.807481 -6.472664 2.408485
Z 3 4.295255 7.215209 -6.048122 -4.613831
K -7.327327 -1.973602 1.583366
P 2.742337 -0.616788 6.192899 3.742574
K 6.587748 5.215557 2.875570
K 6.297469 0.814116 3.589904
Z 3 9.353680 -6.262959 -3.566434 7.051786
1 9.6728 6.6355
6 -7.3273 -1.9736
7 6.1929 -0.6168
1 9.6728 6.6355
10 -2.3893 -6.4053
10 9.6262 3.8104
4 0.8075 -6.4727
10 1.7855 4.4529
7 -4.4091 -5.6388
8 6.5877 5.2156
2 -6.6401 -7.5644
7 6.1929 -0.6168
7 6.1929 3.7426
8 -2.5303 -0.7640
2 -2.8046 1.6242
6 -7.3273 -1.9736
10 -1.1297 -2.3146
1 3.5822 4.5516
4 8.8949 0.5516
2 -4.4969 4.0591
7 2.7423 3.7426
5 8.3845 -9.5813
6 9.9865 3.0730
5 -1.1297 1.6242
9 6.2975 0.8141
7 -7.9380 -0.1828
5 0.1672 0.0343
3 -1.1297 -2.3146
6 -7.3273 -1.9736
6 -7.3273 -1.9736
6 -7.3273 -1.9736
4 0.8075 -6.4727
8 6.5877 5.2156
8 6.5877 5.2156
9 6.2975 0.8141
7 2.7423 -0.6168
3 -0.7233 -6.2324
3 -0.7233 -6.2324
10 1.7855 4.4529
9 1.6719 -6.1115
7 2.7423 -0.6168
10 -1.1297 -2.3146
9 6.2975 0.8141
6 -7.3273 -1.9736
7 0.5939 -5.3566
9 6.2975 0.8141
3 -1.1297 1.6242
8 2.8750 6.6002
10 -1.1297 -2.3146
5 -0.7233 -6.2324
3 -1.1297 -2.3146
9 6.2975 0.8141
8 6.5877 5.2156
6 1.7391 3.4619
6 -7.3273 -1.9736
10 8.4945 -1.6442
5 -0.2986 -0.5671
1 9.6728 6.6355
8 6.5877 5.2156
10 -1.1297 -2.3146
2 -2.8046 -2.3146
4 -5.5383 -8.3712
4 0.8075 -6.4727
1 9.6728 6.6355
8 8.1150 -7.0437
7 2.2462 -8.5677
5 8.7658 -5.9517
6 -7.3273 -1.9736
5 -8.3117 -1.2267
4 0.8075 -6.4727
9 3.8251 4.2738
1 9.6728 6.6355
6 -7.3273 -1.9736
4 0.4173 1.0606
10 -0.7233 -6.2324
6 7.3291 -1.2392
2 -2.8046 1.6242
3 8.0942 -8.1137
7 6.1929 -0.6168
6 -7.3273 -1.9736
9 6.2975 0.8141
6 6.1322 -7.2824
2 -1.1297 1.6242
4 0.8075 -6.4727
6 -2.6071 -7.0015
7 9.9354 2.5531
1 9.6728 6.6355
7 6.1929 -0.6168
5 -0.7989 -6.9706
9 -9.4994 -3.4341
1 9.6728 6.6355
7 -7.6424 -2.6512
2 -1.1297 -2.3146
10 5.7225 4.3344
3 4.3406 -1.3762
9 6.2975 0.8141
8 -4.4070 1.8155
3 -1.1297 -2.3146
4 0.8075 -6.4727
4 0.8075 -6.4727
