10 100
P -0.886399 4.036049 1.186557 8.570120
Z 1 9.452086 -3.362135 -9.359008 -2.728880
K 8.542080 -3.198647 1.787698
K 0.852741 -1.892928 4.037093
Z 3 8.542080 -3.198647 8.907183 -4.129614
Z 3 7.422044 -4.591983 8.201446 -5.218507
P -7.547749 -5.867294 -2.563264 -3.699545
P -2.219680 2.685854 2.752681 4.953683
P -6.942849 -7.445672 -3.282026 -5.931045
P 4.628363 -8.776965 9.348249 -7.670136
1 1.186557 4.036049
5 7.314810 6.200544
10 0.744933 -9.245826
2 1.186557 4.036049
10 4.628363 -7.670136
4 0.700165 -8.937897
1 1.186557 8.570120
10 9.348249 -8.776965
1 -0.886399 8.570120
2 1.186557 8.570120
6 8.542080 -3.198647
4 -4.244993 5.178443
6 -2.079244 -9.039760
2 1.186557 4.036049
8 -2.219680 4.953683
6 8.542080 -3.198647
9 -3.282026 -7.445672
9 -3.282026 -5.931045
1 -5.563354 9.388947
8 2.752681 4.953683
6 6.302008 -5.985318
7 -2.731925 -0.313438
2 0.707730 -10.187700
6 8.542080 -3.198647
7 -7.547749 -5.867294
6 6.302008 -5.985318
8 2.752681 2.685854
2 -1.360533 -10.048291
9 -6.942849 -5.931045
5 -5.057747 -7.049486
3 8.542080 -3.198647
7 -7.547749 -3.699545
7 -9.122008 4.242116
10 5.602435 5.577166
3 -7.592055 1.253234
2 -1.665456 -14.572097
6 -4.785000 7.730894
10 9.348249 -8.776965
4 7.741758 6.707987
5 8.542080 -3.198647
9 -6.942849 -5.931045
6 9.890321 0.539890
8 -2.219680 2.685854
2 -0.886399 8.570120
9 -3.282026 -5.931045
7 -7.547749 -5.867294
8 -2.219680 2.685854
10 6.734743 -6.658970
2 2.565782 -4.414086
8 3.720412 -6.944115
3 8.542080 -3.198647
10 9.348249 -7.670136
3 8.542080 -3.198647
1 1.186557 4.036049
9 -6.942849 -7.445672
7 -7.547749 -5.867294
10 9.348249 -8.776965
3 -0.095761 -3.231955
6 3.740909 2.923103
2 1.186557 8.570120
1 1.186557 8.570120
6 6.302008 -5.985318
1 6.462451 5.262667
8 2.752681 4.953683
2 -1.360533 -10.048291
7 -7.547749 -3.699545
9 -6.377421 3.362779
6 6.302008 -5.985318
3 8.542080 -3.198647
2 2.041238 4.588574
5 8.542080 -3.198647
2 -7.279542 -1.976921
4 0.852741 -1.892928
3 8.542080 -3.198647
5 -1.153474 -5.280078
6 4.609253 -8.878833
2 -0.886399 4.036049
8 2.752681 2.685854
7 -2.563264 -5.867294
6 8.542080 -3.198647
3 9.421797 4.688876
7 -3.959629 -5.013063
2 -2.927808 9.809476
3 8.542080 -3.198647
4 0.852741 -1.892928
6 8.542080 -3.198647
2 1.464484 1.947660
4 0.852741 -1.892928
3 -7.568882 -9.861257
4 5.702404 6.419974
9 -3.282026 -5.931045
6 3.823096 -4.676043
8 -2.219680 2.685854
3 -9.659891 0.926377
1 2.075536 2.915078
5 8.542080 -3.198647
10 9.348249 -8.776965
7 8.407556 -4.768810
3 9.557776 -4.039247
8 -2.219680 2.685854
