10 100
K 1.329798 3.799602 4.741536
K -0.905363 4.060656 2.434173
K 1.825306 7.086358 2.780149
P 1.604274 5.674765 4.695975 8.294478
K -7.417321 -8.373459 2.012394
P -0.124485 3.302737 4.841088 4.690322
Z 6 1.623799 -6.941363 -5.424737 2.264451
P -7.452833 -7.163031 -4.500982 -2.247663
P -3.205622 0.166516 -0.319782 3.615302
P -9.643687 -9.882071 -5.564558 -6.342090
9 -5.642214 1.628192
5 7.437652 -1.645859
8 -4.500982 -7.163031
1 1.329798 3.799602
7 -0.124485 3.302737
2 -7.910059 4.251069
2 -5.251248 -4.802294
3 1.825306 7.086358
5 4.974006 9.757233
3 1.825306 7.086358
6 3.471821 4.987840
8 -2.166542 8.165830
5 -7.417321 -8.373459
8 -7.452833 -7.163031
9 -0.319782 3.615302
2 -0.905363 4.060656
3 6.196538 7.240052
6 6.748581 -5.404997
3 1.825306 7.086358
1 1.329798 3.799602
6 4.841088 4.690322
2 -0.905363 4.060656
4 -6.746575 -2.370467
9 -0.319782 0.166516
5 1.986569 3.201520
7 4.841088 4.690322
9 -3.205622 0.166516
9 -0.319782 0.166516
6 6.097742 0.041439
9 -0.319782 0.166516
10 -5.564558 -6.342090
7 -9.149172 -2.219533
10 -9.643687 -6.342090
1 1.329798 3.799602
6 -0.124485 3.302737
6 -0.124485 3.302737
5 -7.417321 -8.373459
8 -4.500982 -2.247663
9 -3.205622 0.166516
3 -3.307306 3.371573
1 4.163752 -1.643957
3 4.476966 -8.784522
5 -7.417321 -8.373459
3 1.825306 7.086358
9 -4.814257 -0.926833
5 -7.417321 -8.373459
5 -7.381960 4.198060
6 -8.432858 4.122304
5 -3.539896 7.434611
7 -10.444419 -7.013200
7 -0.124485 4.690322
5 -7.417321 -8.373459
3 5.680506 -2.078557
4 4.695975 5.674765
10 -5.564558 -6.342090
2 -0.905363 4.060656
4 1.604274 8.294478
7 -0.124485 3.302737
1 1.329798 3.799602
9 -7.137904 -6.425711
9 -0.319782 0.166516
7 7.600020 8.397281
5 -6.945952 9.673235
8 -4.500982 -7.163031
1 1.329798 3.799602
4 4.695975 5.674765
7 -0.124485 3.302737
9 -0.319782 0.166516
1 1.698473 -0.783775
9 -0.319782 3.615302
6 4.841088 3.302737
6 4.841088 3.302737
3 1.825306 7.086358
1 1.329798 3.799602
3 1.825306 7.086358
2 -0.905363 4.060656
2 -0.905363 4.060656
2 -0.905363 4.060656
5 -7.417321 -8.373459
5 -7.417321 -8.373459
8 -4.500982 -7.163031
4 7.086676 3.384279
3 1.825306 7.086358
6 -0.124485 4.690322
8 -7.452833 -7.163031
6 -0.124485 4.690322
8 -4.500982 -7.163031
2 -0.905363 4.060656
6 -7.690380 -5.888278
10 3.718930 7.219635
7 -9.104871 -7.375146
3 1.825306 7.086358
9 -9.965263 -8.424610
1 1.329798 3.799602
6 3.828948 -0.649373
9 -1.171318 -9.187930
4 1.604274 5.674765
6 -0.124485 3.302737
2 8.408999 -8.093708
9 -1.061421 4.869997
