10 100
P -1.651586 2.944501 3.032099 5.400291
Z 1 3.753703 -4.047656 4.597593 1.049079
P -1.931670 7.529734 -0.505258 11.444758
Z 3 -0.505258 7.529734 0.226905 6.848604
K 2.770251 -2.627571 4.785693
Z 4 1.671630 -5.533896 -2.942070 7.730211
K 0.583519 6.619955 4.221208
K 6.185205 -6.445724 4.616575
Z 1 -1.651586 5.400291 -1.422523 6.373703
P 5.156133 -8.156785 10.119259 -3.931523
1 7.154926 1.730967
4 1.006290 8.893042
9 -6.720012 1.635121
3 0.231776 5.994600
1 9.674054 -5.967167
9 -5.843767 7.488956
8 6.185205 -6.445724
1 -1.651586 2.944501
7 0.583519 6.619955
8 1.947556 0.248616
6 -3.609952 6.945971
10 10.119259 -8.156785
7 0.583519 6.619955
8 3.128369 7.627220
2 3.032099 2.944501
10 5.156133 -8.156785
10 5.156133 -8.156785
10 5.156133 -3.931523
8 6.185205 -6.445724
6 -7.158060 9.130691
8 6.185205 -6.445724
6 -1.931670 7.529734
5 2.770251 -2.627571
8 6.185205 -6.445724
7 0.583519 6.619955
4 -0.608139 8.952431
3 5.073685 8.723375
6 -0.505258 7.529734
2 9.250929 3.348870
6 -4.728459 6.060763
5 6.904042 5.347459
4 -4.512967 8.670058
3 2.402840 -4.168327
6 4.591065 0.225117
10 10.119259 -3.931523
9 -1.651586 5.400291
2 -1.651586 2.944501
8 8.176095 6.444804
6 3.758097 -4.087458
9 -1.651586 5.400291
1 -3.854131 -4.651920
6 0.857490 3.980612
4 -0.608139 8.952431
1 -2.152209 6.468255
2 3.032099 2.944501
8 6.185205 -6.445724
10 5.156133 -8.156785
8 4.560768 4.039815
9 -6.938914 5.290876
5 2.770251 -2.627571
7 0.583519 6.619955
10 5.491824 4.582892
8 6.185205 -6.445724
6 -1.491290 8.262616
1 -1.651586 5.400291
3 -1.931670 7.529734
3 -1.931670 11.444758
3 -8.325610 -4.038413
7 0.583519 6.619955
4 -0.505258 7.529734
7 -8.901868 3.884622
6 -4.728459 6.060763
1 -1.651586 5.400291
2 11.915724 3.153890
4 -0.505258 7.529734
4 2.654020 5.807628
8 6.185205 -6.445724
3 -0.505258 7.529734
6 -4.410087 7.247361
10 5.156133 -3.931523
2 3.032099 2.944501
2 6.690460 2.338770
1 -1.651586 2.944501
7 0.583519 6.619955
8 6.185205 -6.445724
10 -1.253707 4.361700
5 2.770251 -2.627571
7 -0.679468 7.754691
1 -1.651586 2.944501
5 2.770251 -2.627571
4 -2.534313 -1.522009
2 7.068726 -7.556762
1 -1.651586 5.400291
2 -1.651586 5.400291
6 7.634840 0.543031
2 -3.973747 -6.229813
4 -4.512967 8.670058
5 2.770251 -2.627571
4 -1.931670 11.444758
10 7.076334 -4.262807
9 -1.651586 5.400291
2 7.481993 4.663502
9 -5.843767 7.488956
9 -1.651586 5.400291
6 -0.505258 7.529734
2 -1.651586 2.944501
8 -9.073666 6.775527
1 -1.651586 2.944501
4 3.802109 6.972100
2 3.251037 -0.212252
