10 100
K -1.097700 -9.288710 3.041275
P 2.045276 0.604473 5.584908 5.326700
Z 1 7.934422 5.925387 -7.538798 0.317950
P 6.244718 -8.647316 7.769355 -5.326351
Z 3 3.775231 -3.351500 0.580468 6.166281
K 2.619523 -7.613476 1.357723
K -5.511693 4.717200 3.746470
Z 7 -5.511693 4.717200 -5.251043 5.682633
K 4.101685 -2.466170 3.141727
Z 4 7.769355 -5.326351 8.093587 -4.380373
9 4.101685 -2.466170
5 -8.747688 11.820742
2 2.045276 0.604473
4 6.244718 -8.647316
2 5.584908 0.604473
7 -5.511693 4.717200
4 6.244718 -5.326351
2 -3.914598 -3.918307
5 -8.747688 11.820742
1 -1.097700 -9.288710
8 -5.511693 4.717200
5 6.088650 -9.497729
9 -3.980881 -8.690674
3 -8.747688 11.820742
10 -0.057380 7.127000
9 4.101685 -2.466170
7 -5.511693 4.717200
3 0.462529 6.371181
4 7.769355 -8.647316
1 -1.097700 -9.288710
6 2.619523 -7.613476
3 -1.097700 -9.288710
8 -5.511693 4.717200
5 11.243487 -5.146236
1 -1.097700 -9.288710
6 -1.960884 -8.243152
1 -1.097700 -9.288710
5 8.872830 1.609740
8 7.472984 9.935104
9 4.101685 -2.466170
8 -5.511693 4.717200
3 -8.747688 11.820742
8 -5.511693 4.717200
3 -8.747688 11.820742
3 -8.747688 11.820742
8 -5.511693 4.717200
5 11.243487 -5.146236
5 4.607880 16.303707
3 -8.747688 11.820742
2 2.045276 5.326700
7 -5.511693 4.717200
1 -0.465220 3.967308
6 2.619523 -7.613476
10 7.769355 -8.647316
7 2.216633 0.401726
2 5.380985 8.372621
1 -1.097700 -9.288710
5 -8.747688 11.820742
2 5.584908 5.326700
5 5.537264 -1.785670
7 -5.511693 4.717200
9 4.101685 -2.466170
5 11.243487 -5.146236
9 4.101685 -2.466170
10 6.244718 -8.647316
6 -9.917904 6.623801
10 6.936249 -8.884336
7 -5.511693 4.717200
2 -4.258615 -5.390139
8 -5.511693 4.717200
7 4.511879 -7.897767
8 -5.511693 4.717200
4 7.986825 -6.130642
9 -2.165516 7.455269
7 3.860368 7.373038
9 4.101685 -2.466170
10 7.769355 -5.326351
2 2.045276 5.326700
7 -5.511693 4.717200
9 4.101685 -2.466170
10 6.936249 -8.884336
7 1.518666 5.989229
9 -4.781847 5.456438
4 -3.745120 -2.272662
6 2.619523 -7.613476
5 -7.918521 6.909197
2 5.584908 0.604473
2 5.584908 5.326700
1 8.626614 5.875565
9 -6.449625 2.526248
3 -3.541932 1.420135
3 -8.747688 11.820742
6 2.619523 -7.613476
1 -1.097700 -9.288710
4 6.244718 -8.647316
3 -7.048684 3.024785
10 6.244718 -8.647316
7 -0.484222 7.191356
9 4.101685 -2.466170
3 -3.114549 -2.653556
4 -4.419782 8.189154
6 2.619523 -7.613476
3 -8.747688 11.820742
10 5.732171 -7.949076
6 2.619523 -7.613476
3 -8.747688 11.820742
8 -5.511693 4.717200
3 5.104844 9.133638
2 9.655934 -9.082999
6 2.619523 -7.613476
