10 100
P 5.914212 8.871790 7.120109 10.811114
P 2.339937 -5.841013 7.232572 -1.440490
K 8.624207 -5.100145 3.550155
P 9.011758 -4.799751 11.562262 -2.639159
Z 3 8.624207 -5.100145 7.630602 -5.213065
P 4.097421 3.295327 8.349988 4.688886
K 5.962649 8.607692 1.497101
P 5.627389 5.699766 7.837266 10.366596
K -1.948018 -7.669505 1.541265
K 0.069340 5.960631 3.589754
3 -4.0804 -8.7816
7 5.9626 8.6077
8 -2.2743 8.4193
8 5.6274 10.3666
5 -7.9021 0.5040
6 4.0974 3.2953
2 7.2326 -1.4405
7 5.9626 8.6077
4 9.0118 -4.7998
5 8.6242 -5.1001
7 5.9626 8.6077
7 5.9626 8.6077
9 4.9212 1.1373
10 0.0693 5.9606
3 8.6242 -5.1001
4 9.0118 -4.7998
3 8.6242 -5.1001
10 4.6383 5.6979
3 8.6242 -5.1001
10 -9.6341 1.5997
4 11.5623 -2.6392
10 5.6774 7.6123
10 0.0693 5.9606
9 -1.9480 -7.6695
8 9.4495 1.3797
9 6.8991 -5.8163
9 -2.8836 2.5492
4 7.3707 -9.5217
8 7.8373 5.6998
10 0.0693 5.9606
8 7.8373 10.3666
8 7.8373 10.3666
10 -2.9148 -9.0673
2 -5.2615 -9.2988
10 1.0349 8.5601
3 8.6242 -5.1001
6 4.0974 4.6889
8 8.0267 3.5855
9 -1.9480 -7.6695
6 8.3500 4.6889
9 -1.9480 -7.6695
3 8.6242 -5.1001
10 0.0693 5.9606
8 7.8373 10.3666
1 5.9142 8.8718
9 -1.9480 -7.6695
2 -3.7349 -1.2202
2 2.3399 -1.4405
4 11.5623 -4.7998
1 -0.1478 -5.3536
8 5.6274 5.6998
8 7.8373 5.6998
9 -1.9480 -7.6695
3 8.6242 -5.1001
2 2.3399 -5.8410
9 -1.9480 -7.6695
3 8.6242 -5.1001
7 9.9361 8.6429
8 7.8373 10.3666
1 5.9142 10.8111
9 -1.9480 -7.6695
1 5.9142 10.8111
9 -1.9480 -7.6695
1 5.9142 10.8111
5 2.4843 0.9735
3 -6.6974 5.3539
8 5.6274 10.3666
2 2.3399 -1.4405
7 8.3895 -2.6976
3 8.6242 -5.1001
9 -1.9480 -7.6695
9 -1.9480 -7.6695
8 7.8373 10.3666
9 -1.9480 -7.6695
9 -7.6199 2.8762
1 7.1201 8.8718
9 -1.9480 -7.6695
9 -1.9480 -7.6695
10 9.3989 7.7377
1 5.9142 8.8718
7 5.9626 8.6077
9 -1.9480 -7.6695
1 7.1201 8.8718
2 2.3399 -1.4405
7 -4.5088 9.5464
5 8.6242 -5.1001
2 2.3399 -5.8410
3 4.7442 -0.8794
7 5.9626 8.6077
9 -1.9480 -7.6695
1 5.9142 8.8718
3 8.6242 -5.1001
2 7.2326 -5.8410
8 7.8373 10.3666
1 7.1201 10.8111
5 8.6242 -5.1001
7 5.9626 8.6077
1 5.9142 8.8718
8 5.1083 0.8392
10 0.0693 5.9606
