10 100
K 0.926128 3.855061 2.297333
K -8.055771 -8.103200 2.404441
K -1.755391 5.107178 1.802272
K -3.159681 -2.426752 1.174658
Z 2 -8.055771 -8.103200 -8.425436 -9.032365
Z 3 -1.755391 5.107178 -1.431569 4.161060
Z 1 -2.983336 7.308380 0.093909 7.033910
K -1.127244 -9.731298 4.792692
K -2.700862 5.265039 3.400353
Z 6 -1.755391 5.107178 -2.727799 5.340467
1 0.926128 3.855061
4 -3.159681 -2.426752
2 3.351967 -6.852774
10 -1.755391 5.107178
4 -3.159681 -2.426752
1 0.926128 3.855061
4 -3.159681 -2.426752
5 -8.055771 -8.103200
10 -1.755391 5.107178
1 -6.020465 -1.902220
5 -8.055771 -8.103200
1 0.525683 4.098588
6 -1.755391 5.107178
4 6.118758 9.469700
3 -1.755391 5.107178
1 0.926128 3.855061
9 -2.700862 5.265039
6 0.946884 3.422770
6 -1.755391 5.107178
3 3.794151 -2.558053
5 -3.544402 -5.656849
4 -7.555059 6.192709
1 0.926128 3.855061
5 -8.055771 -8.103200
4 -3.159681 -2.426752
10 5.406342 0.220993
4 -8.177902 -8.540640
5 -8.055771 -8.103200
3 -1.755391 5.107178
4 -9.095257 -8.285304
1 0.926128 3.855061
6 -1.755391 5.107178
5 -6.782749 8.764332
9 6.799785 2.618655
6 -1.755391 5.107178
8 -4.909062 -6.212458
9 -8.494649 9.479598
8 -1.127244 -9.731298
4 -3.159681 -2.426752
8 -1.127244 -9.731298
2 -8.055771 -8.103200
1 -8.713582 5.598093
3 -1.755391 5.107178
7 1.475580 10.015296
4 -3.159681 -2.426752
1 1.813872 4.250009
5 -5.167021 -0.507593
8 -1.127244 -9.731298
9 3.688312 -8.053255
10 -1.755391 5.107178
10 -1.755391 5.107178
1 0.926128 3.855061
5 7.993187 -5.707801
7 4.932320 1.885575
8 -1.127244 -9.731298
6 4.352309 -1.188365
4 -3.159681 -2.426752
5 -8.055771 -8.103200
6 -1.755391 5.107178
4 -3.159681 -2.426752
5 -3.759499 -4.143014
8 -9.579400 7.617439
7 1.475580 10.015296
2 -8.055771 -8.103200
3 -1.755391 5.107178
5 9.347913 5.279472
1 0.926128 3.855061
5 -8.055771 -8.103200
9 -2.700862 5.265039
6 -2.242939 -4.781685
1 -7.491547 -6.487928
9 -2.700862 5.265039
9 -2.700862 5.265039
8 -1.127244 -9.731298
8 -1.127244 -9.731298
3 -1.755391 5.107178
2 -8.055771 -8.103200
6 -1.755391 5.107178
6 -9.037145 -1.119933
7 0.926128 3.855061
2 -8.055771 -8.103200
9 -2.700862 5.265039
7 1.475580 10.015296
3 -1.755391 5.107178
7 1.475580 10.015296
7 -8.871918 9.966061
3 -1.755391 5.107178
5 -8.055771 -8.103200
5 -8.055771 -8.103200
7 1.475580 10.015296
9 -4.641869 7.009449
1 0.926128 3.855061
2 -4.440620 -0.632757
2 -8.055771 -8.103200
6 -1.755391 5.107178
4 -3.159681 -2.426752
8 -1.127244 -9.731298
10 -1.755391 5.107178
9 -2.700862 5.265039
10 -1.755391 5.107178
