10 100
P 5.921457 -1.758505 8.466046 2.372376
P -0.509587 -4.029417 2.528265 -0.161263
K -1.937532 -4.434447 4.464567
P -5.121142 -4.039271 -3.520283 -2.472927
Z 2 -4.968992 -9.609122 9.170995 9.453827
P -3.142465 -3.111136 1.283442 0.523532
K -1.601835 -9.120806 1.645920
Z 6 -3.142465 -3.111136 -2.144656 -3.177288
K 2.622838 4.539630 3.666599
Z 1 6.559747 1.494772 1.908593 -1.940783
4 -3.520283 -4.039271
8 8.340034 -4.044331
6 1.283442 -3.111136
8 3.312142 6.562683
5 -1.804731 -0.815407
8 0.764875 -7.298278
7 -1.601835 -9.120806
7 -1.601835 -9.120806
2 2.528265 -0.161263
4 -5.121142 -2.472927
1 8.466046 -1.758505
2 -5.183858 -8.720190
3 -1.937532 -4.434447
2 -0.509587 -4.029417
6 6.717731 2.622717
2 9.050802 -9.778882
1 5.921457 2.372376
10 8.466046 2.372376
5 -0.509587 -4.029417
1 0.954247 1.596897
6 -6.014329 -1.039132
9 2.622838 4.539630
9 9.075216 7.748974
10 8.466046 -1.758505
4 5.347466 9.298259
6 -3.142465 -3.111136
3 -5.875991 -5.677431
1 7.088550 -2.715946
4 -9.863552 7.052856
3 -1.937532 -4.434447
1 8.466046 -1.758505
1 8.466046 2.372376
2 2.528265 -4.029417
5 1.897009 0.306973
7 0.068577 2.512158
7 -1.601835 -9.120806
7 -3.172748 8.416131
6 1.283442 -3.111136
10 3.892781 -3.125394
2 -0.509587 -4.029417
3 -1.937532 -4.434447
8 -4.992585 -7.627654
2 -0.509587 -4.029417
3 -1.745274 2.156349
10 3.262590 1.841147
5 2.778469 -2.600186
6 1.283442 -3.111136
7 -1.601835 -9.120806
3 -1.937532 -4.434447
10 7.210911 0.626676
2 2.528265 -4.029417
5 2.528265 -4.029417
3 1.586839 9.314795
10 8.466046 -1.758505
2 -0.509587 -0.161263
10 5.921457 2.372376
9 2.622838 4.539630
3 -1.937532 -4.434447
5 2.073080 3.256503
2 1.779423 4.830062
7 3.327962 9.330090
6 -4.511348 -1.560422
4 -8.635090 1.383092
3 -5.453712 -1.120188
1 8.466046 2.372376
7 -1.601835 -9.120806
7 -1.601835 -9.120806
4 -3.520283 -4.039271
10 8.466046 -1.758505
1 -0.710836 5.364498
7 -1.601835 -9.120806
4 -5.121142 -4.039271
8 -3.142465 -3.111136
1 8.466046 -1.758505
7 0.376158 3.630226
7 3.152051 -2.516864
9 2.622838 4.539630
4 2.245835 -2.713347
9 -9.700267 -4.193485
6 1.283442 0.523532
4 -0.110412 -5.380448
5 1.897009 0.306973
4 -3.520283 -4.039271
7 3.569938 -0.755955
1 8.466046 -1.758505
1 5.921457 2.372376
8 0.764875 -7.298278
7 -1.601835 -9.120806
7 -1.601835 -9.120806
7 -1.601835 -9.120806
4 8.326532 -6.263399
3 -1.937532 -4.434447
7 -1.601835 -9.120806
5 -8.364703 -1.083869
3 -1.937532 -4.434447
9 2.622838 4.539630
7 -1.601835 -9.120806
4 -3.520283 -4.039271
10 4.010694 4.273280
1 -2.113869 -9.477836
