10 100
K 1.424475 9.186973 4.958682
K 5.890491 -2.096688 2.898839
K -8.105859 -6.924885 2.916587
Z 3 -8.105859 -6.924885 -7.428475 -7.660514
P 7.118727 5.813479 10.125250 7.316961
P -3.388614 9.604374 0.817776 13.767160
K -3.574801 -1.399260 2.725775
P -5.551508 0.160012 -0.860416 2.632789
P -0.673464 0.244916 0.619733 3.818130
K 3.678928 0.592632 4.974815
2 5.890491 -2.096688
1 1.424475 9.186973
5 10.125250 5.813479
1 -7.922606 9.404543
9 -6.531501 -4.080224
4 -8.105859 -6.924885
3 -8.105859 -6.924885
1 0.406533 5.099200
1 -9.433409 -3.818479
1 1.424475 9.186973
3 6.360031 -6.688039
4 -2.675245 5.276236
4 -8.105859 -6.924885
6 0.817776 13.767160
9 9.603460 6.949280
9 -0.673464 3.818130
4 -2.924852 2.230041
5 7.118727 5.813479
3 -6.663333 -6.945081
8 -9.369235 -3.500723
3 -8.105859 -6.924885
6 -3.388614 9.604374
4 -8.105859 -6.924885
1 1.424475 9.186973
5 10.125250 7.316961
4 -8.105859 -6.924885
5 7.118727 7.316961
3 -8.105859 -6.924885
8 4.755808 9.386036
10 -1.509397 2.483152
9 -0.673464 3.818130
7 -3.574801 -1.399260
1 1.424475 9.186973
6 0.817776 13.767160
4 -8.105859 -6.924885
1 1.424475 9.186973
6 -3.388614 9.604374
1 1.424475 9.186973
7 -3.574801 -1.399260
1 1.424475 9.186973
4 -8.105859 -6.924885
4 -8.105859 -6.924885
10 2.284022 -7.088713
8 -5.551508 2.632789
1 1.424475 9.186973
4 -8.105859 -6.924885
5 10.125250 5.813479
8 -0.860416 0.160012
8 -0.219851 6.447683
8 -6.812632 -2.773855
5 -0.496806 -2.646737
8 -5.551508 2.632789
1 4.515658 8.026853
5 10.125250 5.813479
7 -3.574801 -1.399260
4 -8.105859 -6.924885
9 -0.673464 3.818130
5 -5.622408 -6.542377
5 -6.651901 -6.112290
1 -2.259350 2.039390
7 -3.574801 -1.399260
2 5.890491 -2.096688
1 1.424475 9.186973
2 5.890491 -2.096688
10 1.335296 7.143974
6 -9.590949 -1.856921
10 -4.218250 9.127953
7 -3.574801 -1.399260
9 -0.539154 2.779579
7 -3.574801 -1.399260
5 -5.628149 -9.430875
7 -3.574801 -1.399260
6 -3.388614 13.767160
4 -8.105859 -6.924885
3 3.336603 -6.731586
10 1.175978 -1.543661
1 1.424475 9.186973
5 5.625341 -0.836881
9 0.619733 3.818130
2 5.890491 -2.096688
7 -3.574801 -1.399260
8 -0.860416 0.160012
1 9.430781 -8.962868
9 0.619733 3.818130
10 2.424606 7.850029
4 -4.228543 6.047146
5 8.884302 5.300267
3 -6.514526 -8.029034
10 3.678928 0.592632
9 0.619733 0.244916
8 -5.551508 2.632789
1 1.424475 9.186973
9 0.619733 0.244916
4 -3.066428 -3.478920
9 0.619733 3.818130
2 5.890491 -2.096688
10 3.678928 0.592632
1 9.844978 9.832816
5 10.125250 5.813479
8 -0.860416 2.632789
