10 100
P 1.755924 -1.846613 4.765462 2.032651
Z 1 1.755924 2.032651 2.325514 1.210721
Z 2 -1.596708 0.617426 -8.275437 9.266470
Z 2 0.699168 -0.785254 0.240823 -1.674028
Z 2 1.755924 2.032651 2.170079 2.942857
K 3.204811 9.585815 3.152518
Z 6 7.487848 -2.342812 8.816236 -3.950910
K 4.318593 -2.156377 3.246541
Z 5 -0.221199 4.301638 0.722645 4.632031
Z 6 3.204811 9.585815 3.017638 8.603488
4 2.382250 1.709652
5 -3.087528 1.228303
10 3.204811 9.585815
7 -0.885628 2.043185
3 -0.605373 -8.575728
6 -6.857233 5.632481
10 -6.108190 -7.533457
2 0.699168 -0.785254
10 5.329269 -6.077298
6 3.204811 9.585815
8 4.318593 -2.156377
6 3.204811 9.585815
5 -3.087528 1.228303
4 5.388174 0.670502
7 -1.214831 3.922260
7 -3.417656 4.115248
8 4.318593 -2.156377
7 3.204811 9.585815
4 5.016724 3.669044
7 -3.417656 4.115248
3 1.755924 -1.846613
7 8.630282 -0.276914
3 -0.421058 -5.817229
7 -3.417656 4.115248
4 4.765462 -1.846613
6 3.204811 9.585815
7 -6.697058 0.846605
7 -3.417656 4.115248
2 4.765462 2.032651
5 1.755924 2.032651
6 3.204811 9.585815
8 4.318593 -2.156377
10 3.204811 9.585815
5 -1.168777 -0.515840
3 -5.143055 -7.729405
2 4.765462 2.032651
3 -3.813842 -2.268283
1 4.765462 -1.846613
8 4.318593 -2.156377
7 3.204811 9.585815
7 -3.417656 4.115248
10 3.204811 9.585815
10 7.481920 -6.357935
9 6.756614 -9.940887
1 4.765462 2.032651
9 -1.657258 3.876254
5 1.755924 2.032651
10 3.204811 9.585815
2 4.765462 -1.846613
6 3.204811 9.585815
10 0.185687 6.266514
7 3.204811 9.585815
1 4.765462 2.032651
4 -0.778304 -0.539701
9 -4.378527 4.916338
3 -4.128661 8.151723
5 -1.112253 -8.855713
2 -7.415381 -2.771951
8 4.318593 -2.156377
8 4.318593 -2.156377
4 4.765462 -1.846613
1 4.765462 -1.846613
1 1.755924 -1.846613
3 -8.343299 -0.651175
7 3.204811 9.585815
9 -0.221199 4.301638
5 4.331417 -2.147402
5 5.388174 0.670502
7 -7.548054 7.327281
2 5.736037 0.287032
1 -4.694668 -8.957795
9 -3.145900 1.753148
2 5.388174 0.670502
5 1.755924 2.032651
7 3.204811 9.585815
10 3.204811 9.585815
9 -3.351614 -0.559440
3 -0.421058 -5.817229
1 1.755924 2.032651
8 -2.051395 2.597671
6 3.204811 9.585815
4 -0.833658 3.879127
4 -0.778304 -0.539701
1 4.765462 -1.846613
9 -2.510251 10.340698
5 4.331417 -2.147402
3 3.327200 -6.227990
8 4.318593 -2.156377
10 3.235387 -6.275768
5 3.737643 5.978966
3 0.296517 -8.086513
10 9.867999 3.777547
2 0.699168 -0.785254
8 4.318593 -2.156377
9 -3.145900 1.753148
6 3.204811 9.585815
9 4.765462 2.032651
6 3.204811 9.585815
3 -2.494671 -1.944765
8 4.318593 -2.156377
