10 100
K 6.260160 8.716092 4.339856
K -5.437878 -0.075706 3.225185
P -4.368278 -1.253988 -1.202776 3.072544
Z 2 4.686932 -4.708665 -7.926677 3.141254
K 6.033572 -5.950663 3.469319
Z 3 6.595666 6.338215 -4.766676 -5.539433
K 3.255381 -5.728816 4.214954
P -2.544328 -4.880620 -0.677291 -2.938540
P 1.740610 -2.939860 6.418626 0.138993
Z 4 -5.437878 -0.075706 -5.315216 0.916742
10 -3.941287 2.329085
7 3.255381 -5.728816
2 -5.437878 -0.075706
3 -1.202776 3.072544
9 6.418626 -2.939860
3 -1.202776 3.072544
1 4.514596 1.505381
10 -6.425505 -8.500184
10 7.874219 -8.916890
10 5.057079 1.397730
4 -5.888412 -2.212446
2 -5.437878 -0.075706
3 -4.368278 3.072544
6 2.172175 6.443441
9 1.740610 -2.939860
1 -1.590747 -9.138193
3 -2.461339 -9.259903
7 3.255381 -5.728816
8 5.885240 -8.324085
9 1.740610 0.138993
9 -7.528249 -9.966441
5 6.033572 -5.950663
8 -0.677291 -2.938540
5 6.033572 -5.950663
1 2.135201 -1.611542
8 -2.544328 -2.938540
5 6.033572 -5.950663
3 -1.202776 3.072544
3 4.115993 -2.233546
10 -3.941287 2.329085
2 -5.437878 -0.075706
3 -1.202776 3.072544
5 -9.767296 -6.495071
8 -0.677291 -4.880620
6 9.362883 2.144925
10 -3.941287 2.329085
9 1.740610 -2.939860
3 -1.202776 -1.253988
2 -5.437878 -0.075706
2 -5.437878 -0.075706
7 0.666840 -8.452886
2 -5.437878 -0.075706
3 -3.149286 1.706175
10 -6.303935 2.621098
7 4.629636 9.717763
9 -9.527986 -2.608624
3 -1.202776 3.072544
6 3.819178 -4.759704
5 6.033572 -5.950663
4 -3.941287 2.329085
5 6.033572 -5.950663
5 2.814610 2.914097
9 1.740610 -2.939860
5 6.033572 -5.950663
10 -9.387945 -5.255169
7 3.255381 -5.728816
7 -3.669203 -6.485385
7 3.255381 -5.728816
10 -5.437878 -0.075706
9 1.740610 0.138993
7 3.255381 -5.728816
6 -4.368278 3.072544
9 1.740610 0.138993
8 -7.425419 9.782082
9 6.418626 0.138993
9 6.418626 -2.939860
5 -7.650438 6.692426
5 6.033572 -5.950663
9 1.740610 0.138993
10 3.179104 -8.622294
9 1.740610 -2.939860
6 3.678868 -1.597313
4 -5.437878 -0.075706
6 -4.368278 -1.253988
5 6.033572 -5.950663
1 8.921820 -6.834217
3 -1.202776 -1.253988
5 6.033572 -5.950663
1 -2.938711 4.793568
7 0.052368 -4.896124
7 3.255381 -5.728816
2 5.296994 -2.160122
5 -5.245649 -4.404187
9 1.740610 0.138993
7 3.255381 -5.728816
5 6.033572 -5.950663
7 3.255381 -5.728816
8 -2.544328 -2.938540
1 6.260160 8.716092
4 -3.941287 2.329085
10 6.431828 5.859511
6 -4.368278 3.072544
3 -1.202776 3.072544
5 6.033572 -5.950663
3 -1.202776 -1.253988
7 3.255381 -5.728816
10 8.464560 -2.904364
6 3.678868 -1.597313
7 3.255381 -5.728816
5 6.033572 -5.950663
