10 100
P 6.834187 3.908317 10.945652 6.352220
K -5.086709 2.081949 2.979356
K 0.587459 -9.707777 3.702179
Z 3 -2.316597 -7.411565 -2.936829 -8.195983
K -9.469542 2.611279 3.250775
P 1.246217 -1.097318 4.959719 3.833127
Z 6 -5.226071 -7.901665 2.462218 -8.448115
Z 3 -1.579200 -6.705825 -2.390061 -7.291064
K -8.982823 -5.800363 3.105808
Z 2 4.760062 0.100301 2.111695 -4.288481
5 -9.469542 2.611279
4 0.587459 -9.707777
6 4.959719 -1.097318
7 9.956538 5.725163
8 -5.953514 -4.015369
7 5.548894 0.230278
3 0.587459 -9.707777
2 -5.086709 2.081949
4 0.587459 -9.707777
9 -8.982823 -5.800363
2 -5.086709 2.081949
6 1.680318 4.825889
9 -8.982823 -5.800363
2 -5.086709 2.081949
6 4.959719 -1.097318
4 -5.220653 -5.115354
9 2.486146 0.111114
8 0.915558 -1.820596
5 3.425924 -0.470512
5 -9.469542 2.611279
9 -8.982823 -5.800363
4 0.587459 -9.707777
3 0.587459 -9.707777
4 5.349044 -0.850415
1 6.834187 6.352220
7 -1.542751 1.895127
7 0.218769 -15.553029
8 -3.745859 -3.703873
7 3.894939 -16.078255
2 9.437115 0.865933
6 4.959719 3.833127
9 -8.566442 4.910428
2 -5.086709 2.081949
1 6.147917 4.471226
2 -1.077432 -1.955353
1 6.834187 3.908317
10 11.103091 -7.687625
4 0.587459 -9.707777
3 -7.359069 3.105815
8 0.587459 -9.707777
6 9.517187 -1.724781
4 -5.243231 -7.768202
7 1.246217 3.833127
1 6.834187 6.352220
7 -0.478577 -20.433910
5 -9.469542 2.611279
5 1.084447 6.367756
2 -5.086709 2.081949
10 11.103091 -7.687625
9 -8.982823 -5.800363
9 0.490046 -9.049969
3 0.587459 -9.707777
3 3.504774 -4.878397
1 6.834187 3.908317
8 0.587459 -9.707777
3 0.587459 -9.707777
7 1.246217 -1.097318
8 9.484503 4.856654
6 1.246217 3.833127
7 9.885530 -1.382075
6 4.959719 3.833127
7 3.894939 -16.078255
5 -0.840419 -5.808518
8 0.587459 -9.707777
9 -8.982823 -5.800363
5 1.511962 9.992884
6 4.959719 -1.097318
2 0.964999 4.881882
9 -8.982823 -5.800363
10 11.103091 -7.687625
5 -9.469542 2.611279
9 -8.982823 -5.800363
5 -9.469542 2.611279
2 -5.086709 2.081949
4 0.587459 -9.707777
5 -1.473268 5.151558
1 6.834187 6.352220
3 4.508810 -6.034717
9 -2.972259 -7.649486
8 0.587459 -9.707777
5 -9.469542 2.611279
7 0.218769 -15.553029
5 0.716610 5.469557
2 -5.086709 2.081949
4 -8.705250 -0.649367
6 4.959719 -1.097318
2 -5.086709 2.081949
7 1.246217 3.833127
4 -5.643259 -2.476318
8 0.587459 -9.707777
9 -8.982823 -5.800363
4 -5.220653 -5.115354
1 6.834187 6.352220
1 10.945652 6.352220
1 7.520085 -4.425484
6 4.959719 -1.097318
3 0.587459 -9.707777
1 6.834187 3.908317
2 -5.323464 -4.473993
2 6.055972 -1.136208
