10 100
K 6.471671 -4.451379 2.593684
K -7.924289 0.236194 1.815830
K -7.766225 -0.112884 1.376935
P -2.422013 9.752821 -0.415912 11.621519
K 4.724207 -7.129511 3.736925
P 9.076047 4.938510 12.521180 9.371739
Z 4 5.335092 4.588065 6.267259 -1.701565
Z 6 0.063817 5.365523 9.639033 -9.751779
K 3.029060 8.249701 3.992779
P 0.953339 -1.859104 4.187596 1.638901
9 3.029060 8.249701
8 12.521180 9.371739
1 6.471671 -4.451379
9 -0.450318 9.642726
2 -4.848016 5.649749
5 4.724207 -7.129511
5 4.724207 -7.129511
10 0.953339 -1.859104
2 -7.924289 0.236194
8 -4.720781 5.906416
6 9.076047 9.371739
1 6.471671 -4.451379
7 -2.422013 9.752821
5 -4.704510 3.748225
5 4.724207 -7.129511
10 4.187596 -1.859104
8 -8.979716 8.953099
5 4.314357 4.620748
5 4.724207 -7.129511
5 4.724207 -7.129511
5 4.724207 -7.129511
6 -6.301502 9.934159
8 -4.873902 -6.079440
1 6.471671 -4.451379
4 7.378506 5.003241
8 12.521180 9.371739
3 9.308051 -3.071753
5 4.724207 -7.129511
3 -7.766225 -0.112884
9 3.029060 8.249701
3 0.273690 4.276982
7 -4.092144 5.026896
6 12.521180 9.371739
4 -1.959874 -4.269562
2 -7.924289 0.236194
7 4.267444 4.401959
9 9.713620 -1.058501
9 3.029060 8.249701
10 4.187596 -1.859104
5 4.724207 -7.129511
5 4.724207 -7.129511
5 3.970098 0.808768
10 0.953339 1.638901
10 9.006694 -4.189160
9 3.029060 8.249701
9 4.795292 -3.754403
7 8.798876 12.987215
5 4.724207 -7.129511
10 4.187596 -1.859104
3 -4.767982 4.266761
9 3.029060 8.249701
2 -7.924289 0.236194
9 3.029060 8.249701
10 0.953339 -1.859104
2 -7.924289 0.236194
5 -1.995502 6.962983
7 10.718741 13.569071
8 12.521180 4.938510
3 -7.766225 -0.112884
6 6.294433 -7.148914
8 9.076047 4.938510
1 -7.658079 -3.693603
6 12.521180 9.371739
1 6.471671 -4.451379
2 -4.124013 0.766581
9 -0.171277 -4.131222
4 3.372454 -6.442030
3 -6.190005 -8.190015
3 -7.766225 -0.112884
5 4.724207 -7.129511
4 -2.422013 11.621519
6 9.076047 9.371739
9 3.029060 8.249701
5 4.724207 -7.129511
8 -8.881904 -4.184857
7 10.718741 13.569071
5 4.724207 -7.129511
8 -3.401592 -2.964758
2 -7.924289 0.236194
7 11.260744 11.780701
8 12.521180 9.371739
7 -1.360626 -5.615081
2 -7.924289 0.236194
9 3.029060 8.249701
7 3.752689 9.908674
6 7.127372 2.041726
9 3.029060 8.249701
5 4.724207 -7.129511
5 4.724207 -7.129511
9 -2.994271 -7.345843
6 1.285240 4.045485
2 -7.924289 0.236194
6 9.498659 -8.725093
7 11.260744 11.780701
6 -4.520360 -8.423532
3 -9.207144 -5.781832
8 -0.206812 -3.468261
8 -4.599654 -5.085045
7 -2.422013 11.621519
3 -8.978052 -9.295183
