10 100
P 6.410958 2.977802 7.946950 4.914960
P -2.758961 5.402795 1.343605 7.213622
P -1.531380 -4.591184 2.319558 -0.717399
P -8.955613 -2.662058 -5.444778 -0.192382
Z 3 4.146579 -3.409383 -7.710445 2.756244
P 4.473848 -3.578549 9.114748 -1.559117
K -0.681804 -1.344226 3.392430
P -2.840148 -2.199179 -1.644697 0.527039
Z 5 2.319558 -0.717399 2.177297 0.272431
K -1.320125 8.521288 4.325796
10 -1.320125 8.521288
2 -2.758961 7.213622
9 2.319558 -0.717399
10 3.195624 2.685281
3 -1.531380 -0.717399
4 -5.444778 -0.192382
2 -1.501317 -7.023266
3 9.091906 -6.185316
9 5.694452 0.700633
2 3.285012 -7.563829
7 -0.681804 -1.344226
1 6.410958 2.977802
1 7.946950 4.914960
6 -7.168921 3.053743
10 -1.320125 8.521288
1 6.410958 2.977802
10 2.334171 2.802993
5 2.319558 -4.591184
5 -1.531380 -0.717399
5 2.064873 -9.695197
7 -0.681804 -1.344226
3 -1.531380 -4.591184
6 -7.984522 6.678171
4 -5.444778 -2.662058
10 -1.553029 1.858705
10 2.996068 -9.716251
1 -7.721891 -1.658740
4 -8.955613 -0.192382
2 1.343605 5.402795
2 -2.758961 5.402795
8 3.467530 6.997431
7 -0.681804 -1.344226
5 9.398900 -5.278687
8 -1.644697 0.527039
1 -8.374186 -8.123384
4 -8.955613 -2.662058
1 2.950067 5.229654
9 2.319558 -0.717399
3 -8.246075 1.058545
8 -1.644697 0.527039
2 -1.863759 9.797719
4 -8.955613 -2.662058
10 -1.320125 8.521288
4 0.746401 7.373080
6 -3.437162 -7.246262
5 -1.531380 -4.591184
5 2.319558 -0.717399
6 -6.875471 -1.899679
10 -1.320125 8.521288
5 0.248872 1.842526
1 7.946950 4.914960
7 -0.681804 -1.344226
6 4.473848 -3.578549
8 -2.840148 0.527039
7 -0.681804 -1.344226
9 -2.848358 -5.279217
8 -2.840148 0.527039
2 8.659010 -8.386883
2 -7.301598 4.894411
2 9.886573 5.815466
5 4.064769 -1.234995
2 1.343605 7.213622
7 -0.681804 -1.344226
6 4.473848 -3.578549
8 0.473538 1.729725
3 -1.531380 -0.717399
9 0.893541 -3.459748
9 5.694452 0.700633
6 9.114748 -3.578549
10 -1.320125 8.521288
2 -7.693289 4.034946
6 4.473848 -3.578549
7 -0.681804 -1.344226
9 -8.375702 -4.101125
1 7.946950 2.977802
5 -1.318091 -0.307225
7 -0.681804 -1.344226
2 4.727425 0.661479
10 -1.320125 8.521288
6 4.473848 -1.559117
3 -1.531380 -0.717399
1 6.410958 4.914960
2 4.326778 -1.344972
4 1.965529 -9.150395
9 2.025033 1.942234
3 -1.531380 -4.591184
1 6.410958 4.914960
5 4.064769 -1.234995
2 1.343605 5.402795
8 -1.644697 0.527039
5 -1.318091 -0.307225
3 -1.531380 -4.591184
4 -9.170047 -3.899481
2 -2.758961 7.213622
3 2.319558 -0.717399
6 4.473848 -3.578549
10 -1.320125 8.521288
2 1.343605 7.213622
9 5.694452 0.700633
3 -7.579624 3.967545
