10 100
P 3.414718 6.175476 8.153844 9.014372
P -8.306027 -9.721744 -4.664307 -6.633327
K 6.514186 -6.921181 2.512437
K -5.837609 0.839592 2.818049
P 8.874898 1.826743 11.492364 4.566741
K 9.608024 9.189639 3.851695
K -0.368822 -7.875004 1.086502
Z 1 9.601183 1.330980 5.000684 -1.400113
Z 6 9.608024 9.189639 9.017928 8.382306
Z 5 8.874898 1.826743 9.645768 2.463736
7 -0.368822 -7.875004
2 -4.664307 -6.633327
6 9.608024 9.189639
3 6.514186 -6.921181
1 3.414718 9.014372
4 -5.837609 0.839592
8 13.161182 -2.259331
6 9.608024 9.189639
8 8.153844 6.175476
1 8.153844 9.014372
6 9.608024 9.189639
6 -9.278727 0.550904
2 -4.389594 0.712737
2 -5.662616 7.582343
3 7.148452 -1.553385
9 9.608024 9.189639
8 10.891955 -6.419852
10 -8.256144 -1.220602
9 -7.652054 3.683723
2 -4.664307 -6.633327
1 2.392173 -4.060919
4 -5.837609 0.839592
8 -8.767842 -3.236795
8 15.653473 -3.618675
8 -7.009109 -2.722594
3 6.514186 -6.921181
2 -4.664307 -9.721744
2 -8.306027 -6.633327
1 8.153844 6.175476
4 4.039857 4.680583
5 -8.805912 6.488039
7 -0.368822 -7.875004
2 -5.222845 -0.278207
2 9.919307 -2.168811
8 8.153844 6.175476
4 -5.837609 0.839592
9 6.456846 2.773554
8 8.153844 6.175476
2 -4.664307 -6.633327
3 6.514186 -6.921181
9 9.608024 9.189639
9 3.160215 -6.034502
8 10.891955 -6.419852
3 6.514186 -6.921181
9 9.608024 9.189639
7 2.356777 -5.551566
9 6.762289 -9.851664
4 -5.837609 0.839592
6 -2.032609 8.158865
1 3.414718 9.014372
10 7.566047 -1.879738
10 8.874898 1.826743
9 9.608024 9.189639
7 -0.368822 -7.875004
1 -3.945244 -7.967951
8 -8.924543 -4.252565
1 3.414718 9.014372
4 -5.837609 0.839592
2 -9.625707 -1.271364
8 -5.603014 1.636596
6 5.709917 5.230654
9 5.515128 4.366916
8 8.153844 6.175476
3 -2.041726 -4.295815
2 -8.306027 -6.633327
7 -0.368822 -7.875004
9 9.608024 9.189639
2 4.380262 1.528152
2 -8.306027 -9.721744
3 6.514186 -6.921181
6 -8.207950 9.690565
6 9.608024 9.189639
1 -3.061787 -0.795057
2 -4.664307 -6.633327
5 11.492364 1.826743
9 9.608024 9.189639
2 -4.664307 -6.633327
5 8.874898 1.826743
5 5.017097 -7.917898
8 3.414718 6.175476
7 -6.761093 9.126132
5 11.492364 1.826743
10 8.874898 4.566741
9 -9.971633 -2.972550
8 8.153844 6.175476
7 0.407080 2.431260
6 -9.643155 -3.476284
5 -1.215588 9.987806
10 -6.640597 2.431434
7 -0.368822 -7.875004
7 -0.368822 -7.875004
9 9.608024 9.189639
2 0.445451 2.986972
6 9.608024 9.189639
1 3.414718 6.175476
5 8.874898 1.826743
8 8.153844 6.175476
7 -4.481758 -2.749523
1 8.153844 9.014372
8 4.981152 -0.095454
