10 100
P -4.321048 3.194239 -3.197620 5.746317
P 5.391084 -7.692782 9.169735 -6.629897
Z 2 3.578158 -8.599638 -0.488329 -7.636164
K -5.015974 4.817507 1.287405
Z 3 -2.054793 -2.349203 7.060572 6.912285
Z 4 -7.948472 5.910787 -9.833172 4.093386
Z 6 -8.934445 8.881083 -7.943270 9.013643
P 4.840301 3.596948 8.099623 5.233183
P 9.786148 -9.194102 12.222032 -8.006702
P 0.787924 -9.109756 5.785279 -6.697933
6 7.4138 -6.0625
9 9.7861 -8.0067
8 4.8403 3.5969
5 7.6916 -12.8688
9 9.7861 -8.0067
9 -8.7548 6.1464
8 5.2776 -5.8946
4 -5.0160 4.8175
3 9.1697 -7.6928
1 -3.1976 5.7463
10 9.7119 8.2563
1 -9.9206 3.9263
8 4.8403 3.5969
3 9.1697 -6.6299
4 -5.0160 4.8175
8 8.0996 3.5969
7 -7.1918 4.1091
1 -6.0522 3.2605
2 9.1697 -7.6928
6 5.1738 6.2955
1 -3.1976 5.7463
9 12.2220 -9.1941
5 4.7915 -10.2235
4 -5.0160 4.8175
4 9.7780 6.3308
10 0.7879 -6.6979
5 -6.5134 8.8058
7 -6.2215 13.8315
4 -5.0160 4.8175
4 -5.0160 4.8175
2 5.3911 -6.6299
2 5.3911 -7.6928
5 5.3911 -6.6299
3 8.1684 -11.9189
8 -3.8783 -3.0385
4 -6.5458 -9.3908
9 9.7861 -9.1941
1 -2.9313 -8.8296
3 -6.5322 5.0836
9 9.7861 -9.1941
1 -4.3210 3.1942
7 -5.0160 4.8175
10 8.0477 -0.0454
9 12.2220 -8.0067
1 -4.3210 3.1942
10 -8.4898 -8.3137
4 7.2158 -1.2069
4 -5.0160 4.8175
1 -5.1506 -3.1393
6 -0.5359 -0.7679
5 7.6916 -12.8688
2 -7.9275 0.1775
6 -8.9344 8.8811
9 12.2220 -9.1941
10 5.7853 -9.1098
10 0.7879 -9.1098
3 8.1684 -11.9189
5 9.1697 -7.6928
4 -5.0160 4.8175
1 5.9835 7.5679
9 12.2220 -8.0067
4 -5.0160 4.8175
1 -4.3210 5.7463
5 -6.4533 5.0277
1 -4.3210 5.7463
5 -3.1914 1.6799
2 9.1697 -6.6299
10 0.4880 -5.7756
5 -10.9792 3.8791
8 -9.1683 -5.0619
2 9.1697 -7.6928
4 -5.0160 4.8175
1 -9.7178 9.7390
3 5.3911 -6.6299
3 6.4986 0.7961
4 -5.0160 4.8175
9 12.2220 -9.1941
3 -0.3838 6.8936
7 8.2977 9.2010
10 5.7853 -6.6979
4 -5.0160 4.8175
4 -5.0160 4.8175
7 -8.9344 8.8811
4 -5.0160 4.8175
3 4.7915 -10.2235
5 4.3146 -11.1734
3 8.1684 -11.9189
8 8.0996 3.5969
2 2.2271 9.7588
5 -9.5866 -3.8714
8 4.8403 5.2332
8 8.0996 5.2332
5 -4.6051 -3.2380
6 4.5300 0.3436
3 5.3911 -6.6299
4 -5.0160 4.8175
5 3.0963 -8.8454
3 4.3146 -11.1734
9 4.0086 2.7046
6 -5.0160 4.8175
