10 100
P 4.477336 -2.760997 5.765374 0.558278
K -6.410853 -0.256239 4.993190
P -4.363807 -4.213459 -2.562004 -2.009259
P 8.917646 8.510166 13.537262 12.990227
P 3.747801 -6.099568 6.010251 -4.474969
K 5.456045 6.627541 2.504680
K -0.495632 -7.554745 1.076884
K 6.626456 0.909261 1.376825
K -6.900212 -1.434216 3.178890
Z 6 3.477869 4.965545 -8.122507 -6.308457
4 8.917646 12.990227
7 -7.843599 2.499803
2 -6.410853 -0.256239
1 5.325327 -1.745728
6 4.002271 -8.984372
1 4.477336 -2.760997
5 3.747801 -6.099568
3 -2.562004 -2.009259
10 4.048219 -6.531277
9 -6.900212 -1.434216
4 8.917646 8.510166
10 5.195627 6.895498
5 -1.605251 -9.982509
8 0.946956 8.113870
5 -1.523159 1.284928
3 7.857712 7.523083
7 -0.495632 -7.554745
2 -6.410853 -0.256239
9 -6.900212 -1.434216
8 4.008513 -1.849532
1 5.765374 0.558278
10 9.237176 -3.959289
10 5.195627 6.895498
9 -5.682977 -7.084168
10 6.379053 0.895205
6 5.456045 6.627541
6 5.456045 6.627541
6 5.456045 6.627541
4 8.917646 12.990227
1 4.477336 0.558278
7 -0.495632 -7.554745
7 -0.495632 -7.554745
4 8.917646 8.510166
4 8.917646 12.990227
10 5.456045 6.627541
7 -0.495632 -7.554745
4 -5.091657 1.825268
1 4.184700 -3.317945
4 13.537262 12.990227
1 5.765374 -2.760997
4 13.537262 12.990227
3 -4.363807 -4.213459
6 5.456045 6.627541
6 7.332764 6.142783
4 13.537262 12.990227
6 5.456045 6.627541
7 -0.495632 -7.554745
6 5.456045 6.627541
4 -9.373264 -1.674197
6 -4.266667 2.264711
5 6.010251 -4.474969
3 -2.562004 -4.213459
4 -1.485681 -7.772245
9 9.752084 -4.462139
6 2.512500 3.422669
9 -6.900212 -1.434216
10 5.195627 6.895498
2 -6.410853 -0.256239
5 6.010251 -4.474969
5 6.010251 -4.474969
1 5.999978 6.250540
3 -4.363807 -4.213459
4 13.537262 8.510166
4 -1.203036 6.660979
7 -0.495632 -7.554745
5 3.747801 -6.099568
8 6.626456 0.909261
6 5.456045 6.627541
9 -0.214793 -9.196784
6 5.456045 6.627541
3 1.024423 9.311272
4 8.917646 8.510166
3 -4.363807 -2.009259
3 -4.363807 -2.009259
6 5.456045 6.627541
1 4.477336 0.558278
3 7.159749 -7.787102
8 3.905342 5.586178
3 -4.363807 -2.009259
1 -5.948244 7.733684
2 8.508346 -7.056829
10 5.195627 6.895498
10 9.759921 -6.000534
10 2.293048 4.301604
5 6.010251 -6.099568
9 -6.900212 -1.434216
7 -0.495632 -7.554745
1 4.477336 -2.760997
2 -6.410853 -0.256239
9 -6.900212 -1.434216
9 7.224287 8.835910
10 -2.451668 8.276778
5 3.747801 -4.474969
10 5.456045 6.627541
7 -0.495632 -7.554745
3 -4.363807 -2.009259
1 5.765374 0.558278
4 6.532056 -7.035475
9 -6.900212 -1.434216
1 4.477336 -2.760997
