10 100
P -3.652073 6.055347 1.066826 9.329653
Z 1 -6.924545 -1.431863 0.955944 -0.420662
K 2.510059 -5.530799 3.640915
P -8.931959 -5.442325 -4.682919 -2.149387
P 7.183860 -1.073252 10.657764 2.457564
P 1.926044 3.383506 5.297228 6.879860
K -0.753360 -4.637096 2.792009
P -4.673660 6.831197 -1.275928 9.926411
P 1.842064 -8.006879 3.435948 -6.410343
Z 5 7.183860 2.457564 8.035461 1.933373
4 -4.682919 -5.442325
4 -8.931959 -2.149387
5 7.183860 2.457564
2 2.698276 -6.658873
10 7.183860 -1.073252
8 9.856631 -6.762575
5 -8.012740 -6.638410
5 7.183860 2.457564
6 1.926044 3.383506
7 -0.753360 -4.637096
3 2.510059 -5.530799
6 -2.113933 -4.909097
8 -1.275928 9.926411
3 6.691725 -2.350980
7 9.027701 5.708554
5 10.657764 -1.073252
4 9.113602 7.522864
1 1.066826 6.055347
8 -4.937661 2.814700
4 -3.881067 -7.407769
9 1.842064 -6.410343
8 -4.312301 -4.515720
5 -2.186003 8.502747
10 10.657764 -1.073252
2 7.733575 -8.059037
10 7.183860 2.457564
8 -1.275928 9.926411
9 1.842064 -6.410343
3 2.510059 -5.530799
10 10.336180 4.048016
2 3.524963 -9.827100
3 3.077732 -1.194300
8 -1.275928 6.831197
9 3.435948 -8.006879
5 10.657764 -1.073252
6 5.297228 3.383506
9 -5.767011 -0.770276
4 6.555479 -2.830573
9 3.829229 -2.335832
4 4.179817 0.233205
6 -0.714285 -2.583356
9 1.842064 -8.006879
4 -8.931959 -2.149387
10 8.748676 -0.643946
2 -3.652073 9.329653
7 -0.753360 -4.637096
5 9.915180 0.417119
5 -6.733722 5.611403
6 5.297228 3.383506
5 10.657764 -1.073252
7 -0.753360 -4.637096
5 7.183860 -1.073252
6 5.297228 3.383506
8 -1.275928 6.831197
5 10.657764 2.457564
9 1.842064 -8.006879
6 9.035094 -8.065489
5 10.657764 -1.073252
1 3.298209 5.911840
2 -3.652073 9.329653
4 -8.931959 -2.149387
3 9.295489 2.702042
1 -5.018163 0.033918
1 1.066826 6.055347
6 5.297228 6.879860
6 1.926044 3.383506
8 -1.001697 1.631789
8 -1.275928 9.926411
10 7.183860 2.457564
1 -3.652073 9.329653
6 5.149510 8.464861
7 -0.753360 -4.637096
1 -3.652073 6.055347
4 -8.931959 -2.149387
8 -1.275928 6.831197
1 7.711692 6.648593
2 3.524963 -9.827100
5 10.657764 -1.073252
6 -5.103056 4.914717
5 7.183860 2.457564
3 3.172915 6.273090
8 -4.673660 6.831197
6 5.297228 3.383506
8 -8.233757 7.811579
10 10.657764 2.457564
10 10.657764 2.457564
6 1.926044 6.879860
1 -7.143930 -7.328583
9 1.842064 -8.006879
10 10.336180 4.048016
3 -2.425653 7.213749
8 -4.673660 9.926411
1 -3.652073 9.329653
10 8.748676 -0.643946
7 -0.753360 -4.637096
3 2.510059 -5.530799
3 2.510059 -5.530799
1 1.066826 9.329653
4 -8.931959 -5.442325
9 1.842064 -8.006879
