10 100
P -5.426298 9.266765 -0.477201 12.784621
P 6.049167 9.891134 10.486589 14.479237
P 4.653351 -4.833369 8.578850 -3.396421
P -3.543451 -7.928836 -0.532450 -5.607477
P -2.799959 -1.340395 0.180274 3.493213
P 7.033793 0.100305 10.478342 4.866310
Z 6 -4.516281 -3.091168 7.883709 2.632422
P 7.587770 -6.108234 11.943609 -2.720790
P 5.664924 -7.320561 8.135357 -4.863435
P 5.893450 -3.570434 7.331929 0.887670
1 -5.3555 3.6803
7 -7.4333 -1.4195
3 8.5788 -3.3964
4 -3.5435 -5.6075
9 8.1354 -7.3206
8 -8.2274 1.6737
2 10.4866 14.4792
5 5.1953 9.6520
7 7.6399 6.2496
4 -0.5324 -7.9288
1 -5.4263 12.7846
10 5.8935 -3.5704
6 7.0338 4.8663
6 10.4783 0.1003
9 -2.1522 -0.6658
5 0.1803 3.4932
8 11.9436 -6.1082
8 7.5878 -2.7208
7 10.4783 0.1003
1 -0.4772 9.2668
7 11.2670 3.1578
2 6.0492 14.4792
5 -5.4577 0.8950
6 7.0338 4.8663
6 -5.7626 0.2757
8 11.9436 -6.1082
5 -2.8000 3.4932
1 -0.4772 9.2668
10 -6.4380 0.3633
1 -0.4772 9.2668
9 -7.2387 8.9852
4 -0.5324 -5.6075
1 9.6944 -3.8695
8 11.9436 -2.7208
3 8.5788 -4.8334
9 8.1354 -4.8634
5 0.1803 -1.3404
9 8.1354 -7.3206
3 8.5788 -4.8334
10 7.3319 0.8877
8 1.3733 8.2868
1 -5.4263 12.7846
2 10.4866 14.4792
10 5.8935 -3.5704
8 11.9436 -2.7208
6 -8.4353 3.8361
3 8.5788 -4.8334
2 10.4866 9.8911
1 -0.4772 12.7846
8 7.5878 -2.7208
9 -7.9056 9.8715
5 -2.8000 -1.3404
7 1.3494 1.1086
8 7.5878 -2.7208
1 -0.4772 12.7846
3 -1.6461 0.1604
3 8.5788 -4.8334
10 7.3319 -3.5704
4 -3.5435 -5.6075
6 7.0338 4.8663
9 8.1354 -7.3206
2 10.4866 14.4792
7 -2.6838 -0.4440
3 8.5788 -4.8334
3 8.5788 -4.8334
5 -2.8000 -1.3404
1 -5.4263 12.7846
5 -2.8000 -1.3404
1 -5.4263 9.2668
8 -4.5215 -3.2227
5 -7.6843 7.0296
6 7.0338 4.8663
7 5.4054 3.6283
8 -4.1274 4.4703
3 4.6534 -4.8334
10 7.3319 -3.5704
9 8.1354 -4.8634
6 7.0338 0.1003
8 11.9436 -6.1082
6 0.9970 7.2858
8 11.9436 -2.7208
10 7.3319 -3.5704
6 10.4783 0.1003
3 4.6534 -4.8334
1 -0.4772 9.2668
7 5.4054 3.6283
5 -9.6048 -3.4395
9 5.6649 -4.8634
5 -2.8000 -1.3404
3 -3.7897 5.6686
3 8.5788 -3.3964
2 -5.8438 2.1986
1 -5.4263 9.2668
1 1.3692 8.7655
5 -2.8000 3.4932
5 0.1803 3.4932
2 10.4866 14.4792
5 0.1803 3.4932
10 -6.3981 2.9829
5 0.1803 -1.3404
