10 100
P 6.764099 -1.620105 9.584589 2.796998
Z 1 -8.097152 -7.999014 3.377411 -2.387582
K 8.408616 0.254615 4.918397
K -6.903136 4.480542 1.014335
K 0.906115 9.168030 1.309943
Z 5 0.906115 9.168030 0.624554 8.208487
P 9.087633 3.776181 13.486680 6.557520
P -6.828528 0.681158 -4.327394 5.479320
Z 3 -9.148448 -4.950316 4.026252 -7.775059
P -5.798378 6.028824 -4.599717 8.993508
9 5.3989 -8.9755
7 9.0876 3.7762
7 9.0876 3.7762
4 -6.9031 4.4805
7 13.4867 3.7762
3 8.4086 0.2546
7 13.4867 3.7762
1 4.9247 9.6241
10 -9.0469 0.8498
9 -4.1432 2.8039
4 -4.4573 -4.5992
3 -8.3379 -2.0172
4 -8.9761 -5.2874
4 -6.9031 4.4805
7 9.0876 6.5575
8 -4.3274 0.6812
3 -5.1067 -4.3136
5 0.9061 9.1680
10 -5.7984 6.0288
3 3.7601 6.0577
6 0.9061 9.1680
10 -5.7984 8.9935
6 0.9061 9.1680
2 6.0626 -0.1857
8 -4.3274 5.4793
1 9.5846 2.7970
1 6.7641 2.7970
2 3.5876 -5.8163
8 -4.3274 5.4793
4 4.0338 -9.5285
4 -6.9031 4.4805
5 -4.1871 -0.3251
9 -7.5485 -3.7967
1 6.7641 -1.6201
4 8.8267 0.1431
2 -7.1333 -4.4931
7 9.0876 6.5575
10 -5.7984 8.9935
5 0.9061 9.1680
6 0.9061 9.1680
6 0.9061 9.1680
9 4.7315 -16.8956
10 -5.7984 6.0288
8 8.5681 0.0034
3 8.4086 0.2546
2 -0.8760 3.7293
3 -2.6082 9.2287
6 0.9061 9.1680
1 9.5846 2.7970
5 9.1584 9.3993
8 -7.2524 -1.8145
3 8.4086 0.2546
7 -6.6003 5.7967
10 -4.5997 6.0288
5 0.9061 9.1680
5 0.9061 9.1680
8 -4.3274 5.4793
7 9.0876 3.7762
1 4.7164 6.2750
7 9.0876 3.7762
6 0.9061 9.1680
8 -6.8285 5.4793
4 -6.9031 4.4805
4 -6.9031 4.4805
10 -4.5997 8.9935
8 -4.3274 0.6812
6 0.9061 9.1680
7 9.0876 6.5575
3 7.8361 -2.5294
2 6.7641 -1.6201
3 8.4086 0.2546
6 9.1999 -4.1136
10 0.9059 -5.9790
3 -7.2774 3.2023
9 4.7315 -16.8956
7 13.4867 3.7762
6 3.2078 -1.5159
6 0.9061 9.1680
2 6.0626 -0.1857
8 -4.3274 5.4793
1 9.5846 2.7970
2 9.5846 2.7970
6 0.9061 9.1680
9 -7.9642 9.9674
5 -0.6801 -9.2359
5 -6.0054 -0.0008
4 -6.9031 4.4805
1 9.5846 -1.6201
9 -5.5078 -4.5873
7 9.0876 6.5575
9 4.7315 -16.8956
4 -6.9031 4.4805
4 -9.7081 4.6396
3 8.4086 0.2546
2 11.2809 -0.6716
5 0.9061 9.1680
2 11.2809 -0.6716
3 8.4086 0.2546
8 -6.8285 0.6812
5 1.7426 4.7636
