10 100
K -9.865625 -4.652358 1.251059
P 6.252808 -7.853497 10.714205 -6.758662
K -2.337761 7.766681 4.858144
Z 2 -5.589627 7.152342 8.872212 8.076121
Z 4 -2.885651 2.062038 9.464662 8.892024
Z 2 -9.622877 7.280266 2.823560 -7.553238
Z 3 -3.991130 4.295987 -4.661677 -3.837350
Z 1 -8.801216 -3.812694 3.102740 -3.740850
K -4.669092 9.027138 2.598214
Z 9 -7.319685 -4.896370 -3.367029 -7.118048
2 10.7142 -6.7587
9 4.9165 0.5576
6 6.2528 -6.7587
2 -9.0133 2.8478
4 8.6724 24.1106
8 -5.7197 -8.5781
8 8.2235 -5.2593
10 -4.6691 9.0271
3 -2.3378 7.7667
9 -3.0664 -1.0057
3 -2.3378 7.7667
5 -4.0546 18.8521
7 -6.4693 -4.2576
2 5.9771 -3.0216
3 -2.3378 7.7667
10 -4.6691 9.0271
8 -9.8757 -2.9859
5 -3.1273 18.2701
2 1.3896 -7.0132
8 -1.8012 3.4286
5 -3.3018 -0.4533
5 8.1235 9.6947
6 10.7142 -7.8535
2 6.2528 -7.8535
6 10.7142 -6.7587
5 10.7142 -7.8535
10 -4.6691 9.0271
6 10.7142 -6.7587
8 -9.8656 -4.6524
2 10.7142 -6.7587
2 6.2528 -6.7587
1 7.7992 -6.9916
7 -2.3378 7.7667
1 8.6016 8.6545
3 8.7928 1.3330
3 -2.3378 7.7667
9 -4.6691 9.0271
1 4.5082 -0.8817
5 6.2528 -7.8535
8 -9.8757 -2.9859
10 1.1473 -3.2421
5 18.2548 -2.6201
4 -8.2721 -6.8319
2 6.2528 -7.8535
5 -1.6596 -4.2712
4 6.2528 -6.7587
3 -0.8760 9.2585
9 8.7128 3.0113
2 10.7142 -7.8535
1 -9.8656 -4.6524
9 -4.6691 9.0271
8 -9.8757 -2.9859
2 6.2528 -7.8535
9 -4.6691 9.0271
3 2.8407 4.4471
6 1.7488 -15.3761
6 4.5260 -9.2883
6 2.5237 -10.9825
3 -2.3378 7.7667
4 8.8117 23.0247
1 -9.8656 -4.6524
7 -5.0538 7.9906
6 6.2528 -6.7587
8 -9.8656 -4.6524
4 10.7142 -6.7587
2 -1.5793 4.4196
10 -17.8361 -14.3987
2 10.7142 -6.7587
3 -2.3378 7.7667
7 -2.3378 7.7667
6 7.9246 -3.9481
2 6.2528 -6.7587
9 -4.6691 9.0271
9 -4.6691 9.0271
10 -4.6691 9.0271
4 10.7142 -7.8535
6 2.5237 -10.9825
2 -9.3743 -5.9629
9 -4.6691 9.0271
6 0.6706 -15.1860
9 1.3751 -6.8730
3 -2.3378 7.7667
8 -0.9455 -0.4782
4 8.6724 24.1106
7 7.0609 8.5894
1 -9.8656 -4.6524
6 6.2528 -7.8535
10 -4.0024 -8.3361
9 -4.6691 9.0271
1 -9.8656 -4.6524
6 0.6706 -15.1860
6 2.5237 -10.9825
9 1.8102 9.1043
10 -17.8361 -14.3987
6 -5.0644 9.6067
4 10.7142 -7.8535
2 -2.8220 6.7414
3 9.4947 5.3170
4 6.2528 -6.7587
8 -9.8757 -2.9859
