10 100
P 1.386739 6.064530 4.886832 7.166730
Z 1 1.387752 9.687998 6.450754 -7.282033
K -1.194748 -7.589114 4.884184
K -1.015010 -4.736117 2.685786
Z 2 -1.301676 -7.027525 5.235139 -7.197319
P 8.414152 4.262239 11.888308 6.035956
P 1.581110 9.506392 5.297559 13.196180
Z 2 -4.234785 -1.004943 -7.046509 7.628578
P 1.307695 5.489260 3.335565 7.944534
P -8.922117 -2.383357 -7.652577 0.379916
3 -1.194748 -7.589114
1 4.886832 7.166730
9 -4.162171 5.993836
8 4.886832 6.064530
1 1.386739 6.064530
8 1.386739 6.064530
8 -5.779643 -4.984603
1 4.886832 7.166730
10 -8.922117 -2.383357
10 -8.922117 0.379916
9 -6.295640 -7.796724
1 -3.101002 8.605610
1 3.748775 -8.189347
9 1.307695 7.944534
4 -1.015010 -4.736117
5 3.373995 6.657427
10 -7.652577 -2.383357
4 -1.015010 -4.736117
3 -1.194748 -7.589114
8 -13.590393 2.289051
2 1.386739 7.166730
8 9.925381 5.704309
1 4.886832 6.064530
8 3.373995 6.657427
5 -0.167172 -18.869549
3 -1.194748 -7.589114
10 -7.652577 -2.383357
9 1.307695 7.944534
4 -4.986379 3.011179
4 -1.015010 -4.736117
7 0.782763 -3.302109
3 0.203566 4.163925
10 -7.652577 -2.383357
7 1.581110 9.506392
1 4.886832 7.166730
3 3.916877 -9.180987
4 -1.015010 -4.736117
7 1.757990 5.763995
1 1.386739 6.064530
3 4.391884 -8.756665
9 -6.927004 6.407333
3 -1.194748 -7.589114
7 1.581110 9.506392
1 1.386739 6.064530
3 -1.194748 -7.589114
2 7.460833 -1.907888
5 -0.157850 5.661652
6 11.888308 4.262239
6 -8.158106 -1.438787
9 3.335565 5.489260
10 -8.922117 0.379916
4 8.565157 2.794597
2 5.642818 7.086854
10 -7.652577 0.379916
2 4.886832 7.166730
1 1.386739 6.064530
4 -1.015010 -4.736117
6 9.999289 2.076013
4 -1.015010 -4.736117
3 3.143100 -9.405075
2 1.386739 6.064530
4 -1.015010 -4.736117
2 -5.932163 -5.432642
1 1.386739 6.064530
5 0.446075 4.739632
3 -1.194748 -7.589114
10 -2.414695 3.944371
3 -6.989071 -0.095690
3 3.873104 7.445389
2 0.446075 4.739632
3 -1.194748 -7.589114
6 8.414152 6.035956
1 -5.626023 2.926074
10 -4.585157 7.454203
10 -7.802693 -0.160534
2 2.770070 7.579447
6 11.888308 6.035956
4 -1.015010 -4.736117
9 1.307695 7.944534
8 3.373995 6.657427
2 3.373995 6.657427
10 -8.922117 -2.383357
1 4.886832 7.166730
6 7.186521 -0.702791
3 -1.276605 -5.196422
7 1.581110 13.196180
2 2.369460 -3.744142
3 -1.194748 -7.589114
1 -9.156542 8.484946
8 -14.951463 1.807984
10 7.343836 -1.466393
1 4.886832 7.166730
5 3.373995 6.657427
4 -1.015010 -4.736117
8 1.386739 6.064530
5 4.141594 -21.523916
4 -6.034614 1.226649
7 1.581110 13.196180
2 -6.836919 5.073518
2 -8.850856 -3.544141
