10 100
P -1.685555 -4.076133 2.354308 -1.335389
P -0.027404 4.782412 1.880261 5.785564
Z 2 -3.248527 -7.580098 7.071964 8.392976
Z 1 -1.685555 -4.076133 -1.941429 -5.042843
P 2.736129 6.527368 7.128188 11.065734
Z 4 -8.059526 -7.158650 -0.530959 -6.409479
K -1.021005 4.180199 2.094490
Z 4 3.795287 -2.512190 8.303491 -0.122152
K -7.568783 4.237504 1.190318
K -6.378150 1.241503 3.542871
8 -1.6856 -4.0761
6 -0.6630 -11.6116
1 3.0860 -0.6491
6 -0.7717 6.7047
8 2.3543 -1.3354
9 7.8480 -1.6372
3 -0.0274 4.7824
3 7.6125 0.8493
1 -3.2961 -2.9727
9 -7.5688 4.2375
10 1.5855 -0.3384
1 2.3543 -1.3354
10 -6.3782 1.2415
10 6.0011 -9.0705
4 8.4115 8.4830
6 -6.1428 1.8551
3 1.8803 5.7856
9 -7.5688 4.2375
2 -0.0274 5.7856
7 -1.0210 4.1802
8 -0.5750 -6.1709
5 7.1282 6.5274
7 -1.0210 4.1802
6 -1.6856 -4.0761
6 0.5956 -10.9926
10 -6.3782 1.2415
2 5.1835 -3.9353
8 4.9018 2.8026
7 -1.0210 4.1802
6 -5.1964 -2.0776
9 -7.5688 4.2375
3 1.8803 5.7856
8 1.6934 -7.7090
2 -0.0274 5.7856
6 5.6844 3.1360
1 -2.7906 -3.7256
1 3.2276 1.9680
1 -1.6856 -1.3354
4 -1.6856 -4.0761
3 1.8803 4.7824
4 -3.0523 8.7953
10 -9.5248 -7.7172
8 -6.8237 -8.9059
8 -8.5032 -2.4435
8 2.3543 -1.3354
5 -1.4644 -1.4505
8 2.3543 -1.3354
1 -0.2662 5.9327
9 -7.5688 4.2375
9 1.8756 -8.2561
5 3.8771 -3.6968
3 -8.7039 7.7143
3 6.6980 0.4370
3 0.1718 -6.0669
10 -6.3782 1.2415
10 -6.3782 1.2415
4 3.6025 -9.9070
5 2.7361 11.0657
10 -6.3782 1.2415
6 -9.9064 -1.5499
9 -7.5688 4.2375
7 -1.0210 4.1802
8 -1.6856 -4.0761
9 -7.5688 4.2375
7 9.5199 1.2217
7 2.6446 -8.8994
3 -0.0274 4.7824
1 -1.6856 -1.3354
10 -7.6216 3.2567
5 7.1282 6.5274
10 -6.3782 1.2415
10 -6.3782 1.2415
2 -0.0274 4.7824
7 -1.0210 4.1802
3 6.8285 2.5884
7 -6.1079 4.6493
1 -1.6856 -4.0761
1 -8.4632 9.0412
1 2.3543 -4.0761
2 1.8803 5.7856
1 -9.9757 -1.4260
7 0.7941 2.9895
5 -0.5424 -8.5383
9 -7.5688 4.2375
6 -1.6856 -4.0761
3 6.6980 0.4370
2 1.8803 4.7824
10 -6.3782 1.2415
5 2.7361 6.5274
8 -1.6856 -4.0761
5 -9.8647 -7.3435
10 -6.3782 1.2415
5 7.1282 11.0657
7 -1.0210 4.1802
7 -1.0210 4.1802
8 -0.2742 -0.5848
7 -1.0210 4.1802
4 -9.1586 5.6390
8 -5.1964 -2.0776
10 1.6951 9.1113
