10 100
K -3.129895 0.129657 2.083641
K -5.184593 8.757197 3.030303
P -6.192200 -3.159817 -2.098952 1.358096
Z 1 -1.046677 -0.791900 -9.600080 2.211719
K -4.962308 0.434289 2.002343
K -4.200261 -6.316608 1.135585
Z 1 -1.739837 1.681848 -2.484779 2.348977
P -0.392796 -4.652322 3.375512 -1.900105
P -4.940377 -0.815190 -2.526572 1.282926
P -0.165669 -1.763829 2.662539 0.943448
3 -6.192200 1.358096
4 -3.248695 -0.208650
10 -7.281794 -8.981813
3 -6.192200 1.358096
4 -3.129895 0.129657
3 -6.192200 -3.159817
1 -3.129895 0.129657
7 2.328362 8.836717
3 -6.192200 1.358096
9 -4.940377 1.282926
2 -5.184593 8.757197
5 -3.280626 -0.264907
3 1.300510 1.588852
5 -4.962308 0.434289
8 3.375512 -1.900105
8 -1.143909 -7.933423
8 3.375512 -4.652322
1 -3.129895 0.129657
6 -4.200261 -6.316608
3 -6.192200 1.358096
8 3.375512 -1.900105
10 2.662539 0.943448
1 -3.129895 0.129657
4 -3.248695 -0.208650
6 3.153047 1.375118
10 8.236548 6.160774
6 -4.200261 -6.316608
9 -2.526572 -0.815190
3 -2.098952 -3.159817
10 -0.165669 -1.763829
4 -3.248695 -0.208650
1 -3.129895 0.129657
8 3.375512 -4.652322
5 -4.962308 0.434289
8 5.843863 -5.821999
10 0.343513 -3.556107
8 3.375512 -1.900105
5 -4.962308 0.434289
7 -0.349780 3.234039
9 -2.526572 -0.815190
6 8.205065 -6.200828
3 -3.733842 -0.762159
5 -4.962308 0.434289
8 -8.249091 6.914833
5 4.121297 -5.363975
6 -4.200261 -6.316608
8 3.375512 -1.900105
10 2.662539 -1.763829
10 -0.165669 0.943448
7 -0.349780 3.234039
2 -5.582827 -7.234708
9 -2.526572 -0.815190
9 -4.940377 -0.815190
4 -3.129895 0.129657
2 0.276131 6.875744
2 7.038400 -8.590576
6 -4.200261 -6.316608
3 -6.192200 1.358096
7 1.255067 3.729510
4 -7.675637 8.984507
3 -6.192200 -3.159817
8 -0.392796 -4.652322
1 -3.129895 0.129657
9 -2.526572 1.282926
6 7.069603 7.290195
4 -3.622835 1.203226
1 -3.129895 0.129657
9 -2.526572 1.282926
10 1.051421 -6.131716
10 2.662539 -1.763829
10 8.669793 -8.544054
7 -0.349780 3.234039
9 7.242043 -5.891982
7 -0.349780 3.234039
3 -2.098952 -3.159817
7 -0.349780 3.234039
4 -3.248695 -0.208650
9 -2.526572 1.282926
10 -0.165669 0.943448
2 -5.184593 8.757197
7 -0.349780 3.234039
2 0.030128 7.399775
10 1.101863 -0.944028
5 -2.269939 1.081385
2 -5.184593 8.757197
1 -3.129895 0.129657
1 -7.190449 -2.852896
8 6.083328 0.027340
2 -5.184593 8.757197
9 -2.526572 1.282926
6 -6.332925 0.859203
6 8.518585 -0.490523
6 -4.200261 -6.316608
2 -5.184593 8.757197
4 -6.169415 -0.792906
8 -0.746452 -9.360617
9 -2.526572 -0.815190
7 -0.349780 3.234039
9 -4.940377 -0.815190
2 -5.184593 8.757197
