10 100
P 2.720676 7.786387 4.505091 11.310693
K -8.988309 8.759521 3.664118
P -0.468236 5.956542 3.569582 8.475879
P -7.450598 8.788030 -3.218244 11.546621
P 7.511610 -5.298583 11.149078 -1.278564
P 3.585980 -7.921438 5.930728 -6.013346
P -2.103171 3.178906 -0.735105 4.319648
P -1.197647 -7.953711 3.631976 -3.221896
Z 5 -3.936991 -8.835745 2.369330 5.447917
Z 3 -8.468004 8.287106 1.500525 -1.487246
7 -2.103171 4.319648
6 0.390536 -3.145180
10 -8.499396 0.285172
9 7.511610 -1.278564
10 -8.499396 0.285172
10 -0.468236 8.475879
5 7.511610 -5.298583
5 7.438643 -0.157813
9 11.149078 -5.298583
1 2.720676 7.786387
10 -9.572564 5.449669
6 -9.707136 -8.554701
2 -8.988309 8.759521
5 11.149078 -5.298583
5 11.149078 -5.298583
9 -2.010547 3.090057
5 -6.376148 4.142877
1 -6.475827 2.722902
8 3.631976 -3.221896
1 2.720676 7.786387
10 -9.758095 -9.798349
1 4.505091 7.786387
7 -2.103171 3.178906
6 -7.305216 7.915664
1 4.505091 11.310693
1 2.720676 11.310693
9 0.662678 2.549784
5 9.638782 -9.635205
4 -7.450598 8.788030
5 7.511610 -5.298583
2 -8.988309 8.759521
5 11.149078 -5.298583
9 -9.036546 2.007525
10 -8.419978 -3.751864
7 -2.103171 4.319648
7 -0.735105 4.319648
9 -11.487260 4.695494
7 -2.103171 4.319648
10 -5.609182 -2.920898
6 3.585980 -6.013346
10 -0.468236 8.475879
5 11.149078 -5.298583
6 3.585980 -7.921438
2 2.458154 -9.112191
5 7.511610 -1.278564
6 -6.824717 -3.981327
7 3.842790 1.385272
5 11.149078 -5.298583
6 3.585980 -6.013346
1 4.505091 7.786387
9 -6.065885 4.715980
3 3.569582 5.956542
2 -8.988309 8.759521
8 -1.197647 -7.953711
9 -0.431116 7.961798
3 -6.613863 0.777727
7 -0.735105 3.178906
5 7.511610 -5.298583
3 -0.468236 8.475879
5 2.694646 1.693357
9 7.511610 -1.278564
10 -3.328452 -2.102967
7 -2.103171 4.319648
5 7.511610 -1.278564
7 7.624705 5.809148
5 -5.328612 -1.969259
10 -5.901129 -3.702313
5 11.149078 -5.298583
2 -8.988309 8.759521
3 0.216420 -3.404698
5 11.149078 -5.298583
9 3.688446 8.562786
9 -8.516599 7.403948
4 -7.450598 11.546621
7 8.238362 0.527209
10 -0.468236 8.475879
8 3.631976 -7.953711
4 -8.701032 -4.142462
2 -8.988309 8.759521
2 -5.931922 2.736967
7 -2.103171 3.178906
5 11.149078 -5.298583
9 9.373381 1.728445
9 7.511610 -5.298583
5 7.511610 -1.278564
10 -9.293553 -0.681723
9 -9.036546 2.007525
5 7.511610 -5.298583
9 -11.487260 4.695494
6 5.930728 -6.013346
10 -0.468236 5.956542
1 4.837733 -1.532727
3 4.269933 7.543755
7 4.114597 -2.174843
4 -3.399809 -5.151752
10 3.569582 8.475879
9 -4.521223 4.922589
3 3.569582 5.956542
1 4.505091 7.786387
2 -8.988309 8.759521
