10 100
K -0.647508 -7.755744 3.952784
P 7.011754 -6.739531 11.786365 -5.645423
P -3.982088 -2.153874 -1.393471 0.354767
Z 1 -0.647508 -7.755744 -1.158132 -8.615548
Z 2 11.786365 -5.645423 10.906046 -5.171040
Z 4 -0.647508 -7.755744 0.300469 -7.437405
K -6.585200 8.881928 1.685085
P 6.541095 -3.187565 9.189116 0.402476
P -5.298650 0.144047 -2.316027 3.607228
Z 7 -8.270036 8.852979 -8.252857 7.853127
1 -0.6475 -7.7557
9 -2.3160 3.6072
4 8.8035 5.8710
1 -0.6475 -7.7557
8 6.5411 0.4025
4 -0.6475 -7.7557
1 7.7373 -3.9781
4 -0.6475 -7.7557
5 11.7864 -5.6454
8 9.1891 -3.1876
3 2.4904 -9.6332
9 7.8216 6.4639
9 -5.2987 0.1440
8 9.1891 0.4025
3 1.5369 -2.8850
2 7.0118 -5.6454
4 -0.6475 -7.7557
8 6.5411 0.4025
2 7.0118 -5.6454
9 -5.2987 0.1440
1 9.0664 5.4258
6 -0.6475 -7.7557
1 -0.6475 -7.7557
2 11.7864 -5.6454
5 12.7002 -5.0437
10 -9.9549 8.8240
1 6.7221 7.6576
3 -3.9821 0.3548
9 -5.2987 0.1440
10 4.9738 2.6242
8 6.5411 -3.1876
9 -5.2987 3.6072
6 -0.6475 -7.7557
9 1.8474 -6.3803
9 -2.1329 -9.1352
7 -6.5852 8.8819
7 -6.5852 8.8819
8 9.1891 -3.1876
6 -0.6475 -7.7557
2 11.7864 -6.7395
9 -5.2987 3.6072
10 -6.5852 8.8819
6 -3.1813 -7.9171
9 -2.3160 0.1440
5 11.7864 -5.6454
3 -3.9821 -2.1539
1 -9.4283 5.9985
9 -5.2987 0.1440
8 7.3930 0.9225
1 4.8463 -8.7938
8 6.5411 -3.1876
10 -9.9549 8.8240
4 -1.9499 -9.7247
1 0.4349 6.3676
8 -8.6923 -6.8711
4 -2.2211 9.2315
1 -0.6475 -7.7557
3 -1.3935 -2.1539
3 2.7889 0.8043
9 -2.3160 3.6072
2 -3.9742 5.8476
5 11.7864 -5.6454
6 -0.6475 -7.7557
1 -5.3683 -8.7422
8 9.1891 0.4025
10 5.3936 4.8002
7 -6.5852 8.8819
10 2.5547 -4.4109
1 -8.2089 9.7233
2 11.7864 -5.6454
10 4.8452 8.9566
1 5.5816 0.8098
9 -5.2987 0.1440
4 -0.6475 -7.7557
3 -3.9821 -2.1539
3 -1.3935 -2.1539
4 -0.6475 -7.7557
4 -0.6475 -7.7557
5 -5.7951 -8.7488
3 3.4757 -1.5161
9 0.4080 2.6035
6 5.3277 5.4195
6 -0.6475 -7.7557
1 -0.6475 -7.7557
10 -1.4963 5.5692
10 -6.5852 8.8819
4 -0.6475 -7.7557
2 7.0118 -6.7395
1 -0.6475 -7.7557
7 -6.5852 8.8819
7 -5.2720 -9.7243
7 -6.5852 8.8819
2 11.7864 -6.7395
10 3.1902 -5.7684
9 6.7861 -5.0867
9 -2.3160 0.1440
9 -5.2987 3.6072
7 -6.5852 8.8819
7 -6.5852 8.8819
2 11.7864 -5.6454
