10 100
K 9.606601 -0.295094 4.285815
Z 1 -4.916733 8.004903 -8.205925 -8.213847
K -5.164657 3.129561 1.552934
P -3.220840 -8.662680 -1.819582 -7.083794
P 8.639500 6.106554 11.690521 9.893183
K -6.125426 -1.337563 2.658285
P -2.041162 6.125106 -0.856859 8.543617
P -4.932098 -6.230808 -1.688407 -3.667724
Z 7 0.891164 -0.205839 -4.914250 -1.114025
P 3.882311 7.756514 8.190861 10.217164
4 0.7540 8.3688
4 7.5844 5.7664
2 -21.5261 6.0187
10 3.8823 10.2172
6 8.0528 8.2289
5 8.6395 6.1066
10 8.1909 10.2172
3 -5.1647 3.1296
10 5.5409 6.9509
1 0.3503 5.1781
6 -6.1254 -1.3376
5 11.6905 9.8932
3 -5.1647 3.1296
5 8.6395 9.8932
5 -0.3601 5.0219
6 -5.6666 2.0247
1 9.6066 -0.2951
6 3.4608 -8.2691
7 -2.0412 8.5436
3 -3.9381 -7.3784
6 -6.1254 -1.3376
9 0.0324 -7.1299
4 0.2126 3.0141
2 -21.5261 6.0187
9 0.0324 -7.1299
5 -4.0336 9.3780
1 9.6066 -0.2951
5 -6.7864 5.6085
8 -1.6884 -3.6677
4 -3.2208 -7.0838
2 9.6066 -0.2951
7 3.9904 -9.1104
6 8.5200 -7.0266
1 9.6066 -0.2951
2 9.6066 -0.2951
10 8.1909 10.2172
8 -1.6884 -6.2308
7 -2.0412 8.5436
4 -3.2208 -8.6627
10 3.8823 10.2172
7 -2.0412 6.1251
10 8.2529 8.5209
2 9.6066 -0.2951
5 11.6905 6.1066
2 9.6066 -0.2951
4 -1.8196 -8.6627
7 -2.0412 6.1251
8 -3.2373 6.5131
7 -0.8569 6.1251
6 -6.1254 -1.3376
2 9.6066 -0.2951
3 2.6727 5.1940
6 -6.1254 -1.3376
6 -6.1254 -1.3376
5 -9.4012 -5.0419
7 5.0648 0.4933
8 4.1601 1.3719
2 0.2967 -3.7790
5 -9.9195 -7.4155
9 0.0324 -7.1299
7 -2.0412 8.5436
10 -4.0012 -2.8111
4 1.4445 7.6516
2 2.2555 -5.5873
9 1.8988 -9.0711
4 -1.8196 -7.0838
10 -7.1505 8.0873
10 8.1909 10.2172
10 6.8367 -3.8841
5 8.6395 9.8932
7 -1.9206 -5.1483
7 -0.8569 8.5436
10 8.1909 10.2172
2 9.6066 -0.2951
1 -3.6131 8.9675
6 -6.1254 -1.3376
1 3.3978 -9.7071
7 -8.7475 2.4858
5 6.6737 4.8829
1 9.6066 -0.2951
1 9.6066 -0.2951
9 1.1601 -6.7682
7 -0.8569 8.5436
9 -0.8569 8.5436
5 8.6395 6.1066
2 9.6066 -0.2951
10 8.1909 10.2172
9 -3.6058 -1.6986
5 3.3524 -4.3242
6 -6.1254 -1.3376
6 -6.1254 -1.3376
6 -6.1254 -1.3376
8 -4.9321 -6.2308
10 -3.4337 0.0063
9 0.6424 -0.4898
7 -0.8569 6.1251
1 9.6066 -0.2951
7 0.3418 -5.6079
5 -0.3332 -9.8284
4 1.4092 -1.6142
