10 100
P 8.065564 -0.722973 10.212386 1.176035
P 2.670715 9.969392 7.469509 14.445755
K 4.851437 5.371413 2.434425
Z 2 -4.802380 -4.335261 -0.539374 -7.936635
K 3.756249 -0.173007 3.753108
K 9.770846 -0.181198 2.497893
K -4.079998 4.949353 1.387709
K 1.377768 2.849336 2.775717
P 4.682168 -1.692691 9.473308 1.887401
P 4.612275 0.239901 8.107734 3.486922
10 8.107734 3.486922
1 10.212386 -0.722973
7 9.244324 -6.541537
7 -4.079998 4.949353
5 3.756249 -0.173007
2 5.920968 -7.244632
1 8.065564 -0.722973
1 5.827057 -8.538473
5 -6.374590 -4.659558
7 -4.079998 4.949353
8 1.377768 2.849336
3 4.851437 5.371413
9 -9.197110 -5.120451
10 4.612275 3.486922
4 7.536009 -6.665188
3 4.851437 5.371413
4 -16.855605 -18.824639
3 1.859421 -0.547717
5 3.756249 -0.173007
10 -5.779181 -6.699454
6 9.770846 -0.181198
2 7.469509 9.969392
10 4.612275 3.486922
4 -21.269047 -19.572539
3 4.851437 5.371413
3 -0.378613 -9.378730
4 -16.855605 -18.824639
8 1.377768 2.849336
7 -4.862666 -2.423503
6 9.770846 -0.181198
8 1.377768 2.849336
2 5.502280 6.668567
10 8.107734 3.486922
5 3.756249 -0.173007
3 4.851437 5.371413
8 4.662472 4.491253
5 3.756249 -0.173007
1 8.065564 1.176035
4 8.919296 -4.283372
6 -0.778507 9.022969
10 4.292080 8.928978
5 3.756249 -0.173007
8 1.377768 2.849336
5 3.756249 -0.173007
6 3.207402 -9.815171
8 -7.008128 3.107742
4 -16.855605 -18.824639
2 2.670715 9.969392
3 4.851437 5.371413
4 2.670715 9.969392
3 4.851437 5.371413
2 2.670715 9.969392
6 -7.503102 -6.056316
2 7.469509 9.969392
2 2.670715 14.445755
2 7.469509 14.445755
6 1.943602 7.836799
3 4.851437 5.371413
4 2.670715 9.969392
7 -4.079998 4.949353
10 4.612275 0.239901
10 -6.464158 -4.456264
6 9.770846 -0.181198
10 8.107734 0.239901
5 3.756249 -0.173007
5 -1.899911 5.766548
1 -4.148808 0.497931
3 4.851437 5.371413
6 9.770846 -0.181198
2 0.967257 3.043906
5 -5.320439 -8.983006
1 -9.654076 -6.727890
5 3.756249 -0.173007
4 -16.855605 -18.824639
6 9.770846 -0.181198
4 2.670715 14.445755
10 7.359445 -4.406242
4 -4.641367 -2.212739
3 3.828281 -3.553268
1 -9.613424 6.098602
1 8.065564 1.176035
8 1.377768 2.849336
5 3.756249 -0.173007
1 0.111560 -3.267240
4 -22.070818 -14.841198
7 -9.089914 -9.723901
6 1.192093 4.139162
5 -7.951640 0.806967
2 -2.340049 -8.257253
8 1.377768 2.849336
3 4.851437 5.371413
5 3.756249 -0.173007
4 7.469509 14.445755
5 3.756249 -0.173007
6 9.770846 -0.181198
7 -4.079998 4.949353
7 -4.079998 4.949353
9 9.473308 1.887401
8 1.377768 2.849336
2 2.670715 14.445755
