10 100
P -6.385349 4.619174 -4.751341 6.702264
Z 1 -6.385349 6.702264 -6.494227 5.708209
P -1.020611 -8.665916 2.382976 -4.862481
K 5.705265 3.125832 1.884078
Z 2 -7.980616 7.055963 -8.676308 6.337624
Z 2 9.908539 -4.649144 2.412843 -6.929332
K -8.299648 4.154925 2.066293
K -3.872932 7.910889 3.605544
P 1.671550 -9.961159 5.507504 -7.492228
K -0.320584 5.562404 4.541593
4 5.7053 3.1258
6 -1.1598 -6.5687
2 -6.3853 6.7023
10 -0.3206 5.5624
7 -8.2996 4.1549
10 -0.3206 5.5624
4 4.4039 1.9291
5 -1.2076 4.1427
9 1.6716 -7.4922
4 5.7053 3.1258
4 5.7053 3.1258
2 -6.3853 6.7023
5 8.0816 8.2384
6 -4.7513 6.7023
10 -0.3206 5.5624
8 -3.8729 7.9109
3 9.0071 0.4192
1 -4.7513 4.6192
4 -9.0067 8.5346
3 2.3005 -2.9617
6 -3.2172 9.9414
9 1.6716 -7.4922
1 -4.7513 4.6192
4 5.7053 3.1258
7 -8.2996 4.1549
10 -0.3206 5.5624
7 -8.2996 4.1549
9 5.5075 -9.9612
4 5.7053 3.1258
10 -0.3206 5.5624
4 5.7053 3.1258
9 5.5075 -7.4922
3 2.3830 -8.6659
1 9.4769 -5.5766
8 -3.8729 7.9109
8 -3.8729 7.9109
1 -4.7513 6.7023
7 -8.2996 4.1549
1 -4.7513 4.6192
1 -6.4541 5.2453
8 -3.8729 7.9109
7 -1.4975 6.7793
2 -3.1314 -7.9674
7 -8.2996 4.1549
1 -6.3853 6.7023
10 -8.1559 -0.5784
5 -8.3852 8.6391
1 -9.3383 3.2278
10 -9.2456 -8.0257
7 -8.2996 4.1549
7 -8.2996 4.1549
8 -0.8839 0.3092
4 5.7053 3.1258
10 -0.3206 5.5624
8 -3.8729 7.9109
5 -8.7235 -0.4170
7 -8.2996 4.1549
8 -7.9711 -7.5450
6 0.0610 -22.8952
8 -3.8729 7.9109
9 5.0770 -2.8689
3 7.5222 7.7188
2 -2.9095 4.4250
6 -6.3853 6.7023
4 5.7053 3.1258
4 5.7053 3.1258
6 3.4380 9.8704
6 8.8108 -9.7413
4 5.7053 3.1258
5 5.9610 -5.1700
8 -5.6401 8.7527
4 5.7053 3.1258
6 9.2459 7.8304
9 1.6716 -7.4922
9 9.5780 -5.7072
9 5.5075 -9.9612
5 2.5357 -5.4101
4 -8.7020 -6.1847
2 -6.3853 6.7023
1 -4.7513 4.6192
9 1.6716 -9.9612
9 1.6716 -9.9612
8 -3.8729 7.9109
9 5.5075 -7.4922
8 -3.8729 7.9109
3 5.6509 3.6594
6 -4.7513 6.7023
9 1.6716 -7.4922
6 2.8933 -20.5110
8 1.7724 -4.8434
10 -0.3206 5.5624
3 3.3423 -6.6998
4 5.7053 3.1258
6 0.3801 7.5606
10 -0.3206 5.5624
3 2.3830 -8.6659
7 -8.2996 4.1549
10 9.2480 9.9746
6 2.6961 -23.1512
6 2.6961 -23.1512
