10 100
K -7.961165 0.561135 2.014565
Z 1 -7.961165 0.561135 -7.147824 -0.020652
Z 1 -7.961165 0.561135 -7.083569 1.040535
P -1.378966 4.022909 -0.326391 8.108106
K -1.828999 9.719080 2.398451
Z 3 -6.037709 -0.037855 -5.740379 0.916920
K -2.804831 -8.539302 3.534516
K 4.216425 8.260531 4.815591
K -1.716207 -6.773409 2.368576
K 5.223050 1.217653 3.267401
5 -1.8290 9.7191
1 8.3521 2.1835
1 -6.9627 -2.9489
3 2.2059 -9.1837
9 -1.7162 -6.7734
8 6.7865 4.1286
8 4.2164 8.2605
2 -7.9612 0.5611
4 -0.3264 8.1081
7 -3.4645 -9.1016
6 -1.5554 -9.6538
7 -2.8048 -8.5393
10 5.2231 1.2177
9 7.4795 7.4562
10 -7.9150 6.8887
10 5.2231 1.2177
5 6.7523 -3.0236
2 7.4553 5.7384
5 -1.8290 9.7191
6 -7.9612 0.5611
6 -4.1143 -0.6368
4 -0.0450 -9.7822
6 5.0088 4.1807
2 -7.9612 0.5611
6 -4.1143 -0.6368
5 -0.1681 -8.3251
1 -7.9015 -6.1715
10 5.2231 1.2177
5 -1.8290 9.7191
10 5.2231 1.2177
8 4.2164 8.2605
5 -5.8971 -3.0726
4 -1.3790 8.1081
5 -1.8290 9.7191
9 0.4593 3.5470
3 -7.9612 0.5611
2 9.1007 8.5487
5 -6.8035 -9.0218
10 5.2231 1.2177
3 -7.9612 0.5611
9 -1.7162 -6.7734
10 5.2231 1.2177
5 -6.9464 -6.5715
3 -7.9612 0.5611
5 -0.3630 7.4259
6 -4.1143 -0.6368
6 -7.9612 0.5611
10 5.2231 1.2177
9 -1.7162 -6.7734
10 5.2231 1.2177
5 -1.8290 9.7191
10 5.2231 1.2177
9 -1.7162 -6.7734
4 -1.3790 4.0229
10 5.2231 1.2177
3 -6.3604 6.9224
4 0.7781 -4.0951
2 -7.9612 0.5611
4 -1.3790 4.0229
2 4.5421 5.7851
2 -7.9612 0.5611
9 5.7134 -4.8248
4 -0.3264 4.0229
6 -2.3817 -2.4917
8 4.2164 8.2605
4 -0.3264 8.1081
6 -7.9612 0.5611
9 -1.7162 -6.7734
1 0.9409 2.0005
1 -7.9612 0.5611
2 -7.9612 0.5611
10 5.2231 1.2177
2 -7.9612 0.5611
6 -7.9612 0.5611
9 -1.7162 -6.7734
10 5.2231 1.2177
6 -4.1143 -0.6368
10 5.2231 1.2177
7 -5.1548 1.4699
6 -8.9370 7.4792
4 -0.3264 8.1081
1 -7.9612 0.5611
8 4.2164 8.2605
8 4.2164 8.2605
3 -7.9612 0.5611
9 -1.7162 -6.7734
6 -4.1143 -0.6368
2 -7.9612 0.5611
7 -2.8048 -8.5393
9 -1.7162 -6.7734
2 -7.9612 0.5611
10 5.2231 1.2177
3 -7.9612 0.5611
3 -7.9612 0.5611
4 -0.3264 4.0229
8 4.2164 8.2605
9 0.4178 8.9660
5 -1.8290 9.7191
7 -2.8048 -8.5393
5 -1.8290 9.7191
