10 100
P 8.787083 -5.421358 13.274327 -0.807224
Z 1 -3.680898 -8.225517 1.534602 -0.458897
P 2.394527 6.046494 5.811718 7.230142
K -1.408226 2.321966 1.359349
Z 4 -0.810689 1.100992 0.087516 1.540569
Z 4 -1.408226 2.321966 -1.412040 3.321959
P 6.139815 -3.369938 8.303174 -1.565114
K 0.645903 -4.705271 2.683134
K -7.197364 -5.096605 3.697557
P -2.858972 4.955148 -1.660080 7.516173
10 -1.660080 4.955148
3 5.811718 7.230142
10 -1.660080 4.955148
3 6.819536 9.689998
5 -0.213152 -0.119982
2 5.928749 -2.384738
2 8.573780 1.515108
6 -1.408226 2.321966
2 9.384026 -2.391031
9 -7.197364 -5.096605
7 5.599817 -8.583332
9 -7.197364 -5.096605
9 -7.197364 -5.096605
9 -7.197364 -5.096605
8 -4.168783 9.452026
2 13.274327 -0.807224
4 -1.408226 2.321966
5 -1.408226 2.321966
3 5.811718 6.046494
7 6.139815 -1.565114
5 -1.408226 2.321966
1 13.274327 -0.807224
4 4.197727 3.570986
6 -1.408226 2.321966
9 -7.197364 -5.096605
7 0.714860 -0.061831
7 8.303174 -1.565114
8 0.645903 -4.705271
10 -2.858972 7.516173
7 6.139815 -1.565114
5 -3.957612 6.489309
5 -0.213152 -0.119982
8 0.645903 -4.705271
7 6.139815 -3.369938
1 -5.690446 -3.299373
4 9.815555 -0.894477
10 -6.637205 -7.939116
10 4.674877 -2.899182
7 2.433269 -0.369002
8 0.645903 -4.705271
6 -1.408226 2.321966
2 -3.230227 10.276040
9 -7.197364 -5.096605
4 -1.408226 2.321966
7 8.303174 -3.369938
8 -8.551357 2.220977
2 -3.486198 5.380860
8 0.645903 -4.705271
7 6.139815 -1.565114
8 0.645903 -4.705271
9 -7.197364 -5.096605
3 5.811718 7.230142
1 8.787083 -0.807224
4 -1.408226 2.321966
9 -7.197364 -5.096605
5 -0.213152 -0.119982
9 -7.197364 -5.096605
7 -8.121433 6.307208
10 -2.858972 4.955148
2 5.035355 3.500159
2 8.787083 -5.421358
3 5.811718 6.046494
7 6.139815 -3.369938
7 3.781670 2.576302
8 0.645903 -4.705271
8 -8.079597 -6.815038
4 -1.408226 2.321966
2 8.787083 -0.807224
9 -7.197364 -5.096605
8 0.645903 -4.705271
10 -0.792934 7.900746
6 -6.881013 -3.504342
5 -0.213152 -0.119982
3 5.811718 7.230142
6 -1.408226 2.321966
8 -6.090838 4.285327
5 -1.408226 2.321966
10 -2.858972 4.955148
6 -6.909776 -1.417919
2 -1.532219 6.122473
3 2.394527 6.046494
9 -6.808390 -9.585967
10 -2.858972 4.955148
9 -7.197364 -5.096605
9 -7.197364 -5.096605
1 8.787083 -0.807224
6 -1.408226 2.321966
6 -1.408226 2.321966
10 -1.660080 4.955148
8 0.645903 -4.705271
10 -1.660080 4.955148
3 5.811718 7.230142
1 13.274327 -5.421358
5 -0.213152 -0.119982
8 0.645903 -4.705271
1 8.787083 -5.421358
2 8.787083 -0.807224
6 -1.408226 2.321966
7 6.637491 4.298516
7 6.139815 -3.369938
