10 100
P 1.949110 0.750411 4.472196 3.355289
Z 1 1.949110 3.355289 1.235117 2.655136
Z 2 -6.066548 8.979786 -5.761564 -2.706219
K -6.831432 0.021333 2.636828
P 3.306192 2.014972 6.497375 4.578773
K -1.116762 4.488129 2.225115
K 5.558260 -7.455629 4.534477
Z 4 -4.229876 0.451181 -4.392893 1.437804
Z 5 3.306192 2.014972 4.241848 2.367886
Z 2 6.726015 -7.287555 1.942410 2.880392
8 -1.6283 0.8810
2 1.9491 3.3553
10 -0.6059 5.9289
1 0.7411 5.8689
9 3.2065 -8.2003
10 -0.6553 3.4063
4 -6.8314 0.0213
4 7.2811 -5.5726
4 1.3994 4.9056
1 -9.5098 9.5958
8 -6.8314 0.0213
4 -6.8314 0.0213
2 4.4722 0.7504
10 7.9845 -1.1384
1 -3.0456 3.6097
7 -3.1580 8.4447
7 5.5583 -7.4556
5 -3.0813 2.5054
7 5.5583 -7.4556
5 -4.2658 -4.9037
2 -9.0230 9.7291
7 5.5583 -7.4556
6 -1.1168 4.4881
10 1.2185 6.7872
2 1.9491 3.3553
10 8.8533 -1.6333
1 4.4722 0.7504
7 5.5583 -7.4556
1 1.1159 -9.9064
1 8.6411 0.4892
3 1.9491 3.3553
7 5.5583 -7.4556
8 -6.8314 0.0213
9 5.7025 4.1225
7 -7.1399 1.1650
8 -6.8314 0.0213
4 -6.8314 0.0213
1 -7.4729 4.5390
1 -0.3803 7.0859
6 -1.1168 4.4881
9 3.3062 4.5788
10 -0.6553 3.4063
3 -13.6420 0.3435
6 -2.2816 -6.6296
4 -6.8314 0.0213
5 6.4974 2.0150
10 1.9491 3.3553
2 4.4722 0.7504
3 1.9491 3.3553
9 7.3956 2.1973
2 1.9491 3.3553
3 1.9491 3.3553
4 -6.8314 0.0213
7 -1.0593 -9.5800
7 5.5583 -7.4556
1 1.9491 3.3553
3 -13.6420 0.3435
1 4.4722 0.7504
5 6.4974 2.0150
7 5.5583 -7.4556
8 -1.6283 0.8810
6 -1.1168 4.4881
8 -8.1255 7.3316
10 1.5723 3.1780
8 -1.6283 0.8810
9 6.4974 4.5788
5 3.3062 2.0150
9 6.7418 6.7660
4 -6.8314 0.0213
5 3.3062 2.0150
7 -8.9017 -0.2372
8 -6.8314 0.0213
7 5.6543 3.8491
4 -6.8314 0.0213
10 1.9491 3.3553
1 -0.2019 -9.7446
1 1.9491 0.7504
10 1.2185 6.7872
4 6.7205 -0.2826
2 3.2521 1.6967
4 5.8922 -2.5356
5 6.4974 2.0150
10 1.9491 3.3553
2 -0.6553 3.4063
1 4.4722 3.3553
8 -6.8314 0.0213
6 0.8683 1.9115
1 4.4722 0.7504
5 6.4974 2.0150
2 -0.6553 3.4063
4 5.4097 -9.4008
4 -6.8314 0.0213
3 -16.1617 0.2119
7 5.5583 -7.4556
3 6.4602 7.8505
8 -1.6283 0.8810
5 3.3062 4.5788
9 4.9994 0.0898
1 1.9491 0.7504
2 -3.7779 -8.2719
