10 100
P -7.936611 -2.568900 -3.870896 2.128128
P 2.204352 -1.771828 5.153284 2.127937
K 7.964987 4.582733 1.078010
P -0.292578 -8.440315 0.858351 -7.319035
K 9.005835 -2.024934 2.445507
K 2.541204 -2.917053 3.689135
Z 2 1.279865 -5.660442 -8.594962 6.039460
K -7.894770 -5.571674 4.167344
K -9.422057 -4.715278 4.771765
P 5.484456 -0.947969 8.148449 0.828778
10 5.484456 0.828778
2 5.153284 2.127937
3 4.425073 -2.159542
7 5.153284 -1.771828
5 -9.591837 4.785501
8 -7.894770 -5.571674
9 7.619689 6.277371
4 -0.292578 -8.440315
3 7.964987 4.582733
8 -7.894770 -5.571674
10 8.148449 0.828778
9 7.779973 -3.076013
6 2.541204 -2.917053
7 2.204352 2.127937
3 6.926507 -2.162000
3 7.964987 4.582733
5 9.005835 -2.024934
6 2.541204 -2.917053
3 7.964987 4.582733
10 1.491041 6.771775
10 9.630580 6.472683
9 -9.422057 -4.715278
9 -9.422057 -4.715278
8 6.279932 2.621202
10 8.148449 -0.947969
8 -7.894770 -5.571674
8 -7.894770 -5.571674
8 -2.018598 -4.065285
4 5.027506 -4.056322
3 5.683960 0.493106
9 -9.422057 -4.715278
4 -0.292578 -7.319035
1 9.213364 -5.412190
1 -7.936611 -2.568900
1 -3.870896 -2.568900
9 -9.422057 -4.715278
3 7.964987 4.582733
4 -0.292578 -8.440315
1 -7.936611 -2.568900
7 -2.708789 -5.918565
4 -4.958674 -7.053871
1 -7.936611 -2.568900
3 7.964987 4.582733
4 0.858351 -7.319035
3 7.964987 4.582733
5 9.005835 -2.024934
6 2.541204 -2.917053
10 8.148449 -0.947969
4 1.429352 5.028971
8 7.864974 4.642805
6 2.541204 -2.917053
7 -6.553138 -5.263466
9 -9.422057 -4.715278
5 9.005835 -2.024934
6 2.541204 -2.917053
10 7.534559 -0.520062
2 2.204352 -1.771828
9 -9.422057 -4.715278
9 -9.422057 -4.715278
5 9.005835 -2.024934
9 -9.422057 -4.715278
4 -0.292578 -7.319035
1 -3.870896 -2.568900
9 -9.422057 -4.715278
3 0.790070 3.281796
9 9.493992 5.261438
9 0.091086 0.509809
6 2.541204 -2.917053
7 -2.708789 -5.918565
9 -9.408770 4.377246
10 4.661587 2.460092
1 -3.870896 -2.568900
6 -9.709311 2.698562
3 7.964987 4.582733
7 -2.328489 6.354553
6 2.541204 -2.917053
8 -7.894770 -5.571674
6 2.541204 -2.917053
1 3.163687 0.016157
6 2.541204 -2.917053
2 2.204352 2.127937
5 9.005835 -2.024934
5 7.885469 2.581986
8 -7.894770 -5.571674
10 8.148449 -0.947969
1 -3.870896 -2.568900
4 -0.292578 -8.440315
5 5.765996 -5.219636
8 -7.894770 -5.571674
2 7.608542 1.985463
2 5.153284 2.127937
6 2.541204 -2.917053
9 -9.422057 -4.715278
7 -6.553138 -5.263466
7 -7.048512 -8.170493
6 -6.267345 4.746732
9 4.584891 -9.346670
5 9.005835 -2.024934
5 9.005835 -2.024934
1 -3.870896 -2.568900
