10 100
P 0.357632 9.500865 1.371113 13.181929
K 7.063105 -2.342927 3.663783
K 7.957043 3.063994 4.723262
P 5.663974 4.343328 9.290839 8.676776
P 3.416103 6.729215 7.092878 10.027025
P 6.358829 3.330542 10.760119 5.175853
Z 2 7.063105 -2.342927 7.699249 -1.571357
Z 6 10.760119 5.175853 9.785401 5.399292
P 0.487606 -8.673470 2.932566 -6.764169
P -2.310095 5.550637 1.270416 6.651215
2 7.063105 -2.342927
3 6.145037 1.600952
9 -5.705525 0.314109
8 7.602074 8.754021
5 3.416103 10.027025
8 6.358829 3.330542
8 10.760119 5.175853
4 9.290839 8.676776
4 5.663974 8.676776
5 -6.500337 -8.644187
4 5.663974 4.343328
10 1.270416 6.651215
2 7.063105 -2.342927
9 0.487606 -6.764169
9 -8.087943 -2.291671
6 6.358829 5.175853
7 7.063105 -2.342927
9 0.487606 -8.673470
1 1.371113 9.500865
9 2.932566 -6.764169
2 7.063105 -2.342927
6 6.358829 5.175853
5 1.767282 -5.149332
10 -2.310095 6.651215
6 2.517790 1.073943
10 1.270416 5.550637
3 -5.789153 7.730454
7 -7.897701 -9.056808
6 10.760119 3.330542
1 1.371113 13.181929
10 -2.310095 6.651215
2 7.063105 -2.342927
8 6.798295 7.092963
4 9.290839 8.676776
2 -3.161240 2.376900
2 7.063105 -2.342927
3 7.957043 3.063994
9 -5.803121 2.727016
5 -2.119201 -4.844774
10 -9.052602 -7.786225
3 7.957043 3.063994
2 -9.548993 -1.705475
9 -8.547025 -1.740481
10 -8.496400 -2.664106
10 1.270416 5.550637
7 8.876086 4.285320
2 7.063105 -2.342927
7 7.063105 -2.342927
3 7.957043 3.063994
6 4.095250 6.665788
7 7.063105 -2.342927
5 -7.296721 4.195586
8 6.358829 5.175853
9 2.932566 -8.673470
9 -6.757372 2.000025
1 3.344224 1.450670
4 9.290839 8.676776
8 -1.603645 -7.038245
5 6.123613 -7.151712
9 0.487606 -6.764169
5 7.092878 6.729215
8 7.602074 8.754021
9 0.487606 -8.673470
8 6.798295 7.092963
2 -4.697070 -2.374793
9 2.932566 -8.673470
10 1.270416 6.651215
9 -9.651758 -0.841397
8 6.798295 7.092963
4 5.663974 4.343328
6 10.760119 3.330542
6 -0.351233 7.303354
1 0.357632 9.500865
9 0.487606 -6.764169
1 0.357632 13.181929
5 3.416103 6.729215
8 7.602074 8.754021
5 7.092878 6.729215
6 -3.697428 -2.783977
10 -7.451573 1.807631
1 0.357632 13.181929
2 4.736984 -0.751916
2 7.063105 -2.342927
1 1.371113 9.500865
1 0.357632 9.500865
9 9.864249 -2.445573
10 -2.310095 5.550637
5 5.749894 -4.499433
10 -9.495037 -9.118303
4 5.663974 8.676776
7 7.063105 -2.342927
5 7.092878 10.027025
9 1.508909 0.701570
6 -0.323357 9.117783
5 7.092878 10.027025
1 0.357632 13.181929
5 7.092878 6.729215
2 -2.432252 5.729026
2 7.063105 -2.342927
7 7.063105 -2.342927
