10 100
K 6.286612 0.258926 1.945323
P 4.301263 9.091118 7.080196 11.833284
Z 1 5.533795 -1.534827 6.455879 -1.921815
Z 2 3.887334 8.890268 3.813000 -1.559964
Z 4 -7.244699 -2.561930 5.692464 1.320738
Z 3 5.902252 -4.918241 6.719424 -4.341846
P -2.697397 1.176572 1.561476 5.879468
Z 3 -8.930128 4.776344 5.981322 8.132055
P 4.164835 5.252717 6.276398 6.714045
P -6.746414 -4.073680 -2.020444 -2.215982
10 2.559304 6.394985
8 -0.012920 17.973602
4 -3.826525 -0.479751
2 4.301263 11.833284
8 -0.697777 7.506229
6 6.286612 0.258926
8 2.884412 15.376951
2 7.080196 11.833284
10 -3.890958 -0.722573
7 2.722358 -2.428965
2 7.080196 9.091118
8 -0.012920 17.973602
3 6.286612 0.258926
9 6.276398 6.714045
1 6.286612 0.258926
1 6.286612 0.258926
6 6.286612 0.258926
9 -5.550657 2.634042
1 -0.948862 6.977543
9 4.381856 3.643980
7 -9.703162 4.140712
6 7.023527 -6.507903
3 4.780977 -3.328579
10 -6.746414 -2.215982
3 6.286612 0.258926
2 6.331696 9.290960
10 -6.746414 -2.215982
3 4.780977 -3.328579
1 -4.355827 -4.186761
2 7.080196 11.833284
4 7.939836 -9.815456
10 -2.020444 -2.215982
2 -9.189303 8.421766
6 4.780977 -3.328579
2 7.080196 9.091118
10 9.562979 8.058059
2 4.301263 9.091118
4 -9.619187 -3.190223
1 6.286612 0.258926
6 4.780977 -3.328579
2 7.080196 9.091118
10 1.828809 -0.958193
10 -6.746414 -4.073680
3 0.662305 3.654139
8 2.884412 15.376951
4 -1.274951 2.520240
9 6.276398 6.714045
6 6.286612 0.258926
1 6.286612 0.258926
9 6.276398 5.252717
9 4.164835 5.252717
2 7.080196 9.091118
6 7.023527 -6.507903
4 -9.885195 -1.058596
1 6.286612 0.258926
3 6.286612 0.258926
8 -7.698364 3.167901
7 -2.697397 5.879468
8 2.884412 15.376951
7 1.561476 5.879468
1 1.476927 9.511190
1 8.372483 -1.771754
2 7.080196 11.833284
3 6.286612 0.258926
9 6.276398 5.252717
6 4.780977 -3.328579
3 4.780977 -3.328579
8 6.286612 0.258926
5 -0.616042 8.957112
1 -0.848668 -3.201582
8 2.087990 -5.228095
10 -1.367847 -9.726286
10 -2.020444 -2.215982
8 -4.763102 9.199300
6 9.810624 7.268389
9 6.276398 5.252717
8 6.302492 -3.523306
10 -2.020444 -2.215982
3 6.286612 0.258926
6 7.023527 -6.507903
8 -0.012920 17.973602
3 6.286612 0.258926
10 -6.746414 -4.073680
8 4.812458 -2.845256
8 6.286612 0.258926
1 6.286612 0.258926
2 7.080196 9.091118
7 7.456830 -5.190239
8 -0.012920 17.973602
3 4.780977 -3.328579
10 -6.746414 -4.073680
7 -2.697397 1.176572
10 -2.020444 -4.073680
2 7.080196 11.833284
10 -6.746414 -4.073680
2 -2.902240 3.333824
7 1.561476 1.176572
8 2.884412 15.376951
1 6.286612 0.258926
2 4.301263 9.091118
