10 100
P -8.391616 -6.846292 -5.586261 -2.516891
Z 1 -8.391616 -6.846292 -9.124235 -7.526932
P -8.293475 -6.913960 -5.606212 -5.138030
K -4.847297 0.496808 4.065193
Z 3 -5.606212 -6.913960 -6.130618 -7.765429
Z 2 -1.295579 3.478646 4.060428 -4.657990
Z 1 -8.391616 -6.846292 -8.968254 -6.029292
P -8.980954 -2.257430 -6.091160 -0.433698
K 0.906882 -1.241115 3.110584
K 4.789578 7.730606 2.154670
2 -4.4645 -6.6968
3 -8.2935 -6.9140
10 -3.1863 2.9871
1 -5.5863 -6.8463
5 -5.6062 -5.1380
4 -4.8473 0.4968
9 0.9069 -1.2411
1 -8.3916 -6.8463
1 -8.3916 -6.8463
6 -5.0193 0.8099
2 -3.8678 -4.3666
3 -5.6062 -5.1380
8 -8.9810 -2.2574
7 -8.3916 -2.5169
7 6.6872 -1.8833
1 -6.2108 2.2226
3 1.8925 -6.6010
10 4.7896 7.7306
1 -5.5863 -2.5169
3 -1.5809 0.9705
3 -5.6062 -6.9140
1 -8.3916 -2.5169
3 -8.2935 -6.9140
5 -3.4840 -0.2049
5 -8.2935 -5.1380
1 -5.5863 -2.5169
9 0.9751 -3.5616
6 -6.0589 6.4317
3 -5.6062 -6.9140
9 -3.6364 -6.9434
10 4.7896 7.7306
4 -8.6983 -7.1922
1 -5.5863 -2.5169
6 10.9937 5.9142
8 -4.7062 9.9714
8 -8.9810 -0.4337
7 -8.3916 -6.8463
6 7.0170 7.6260
8 -8.9810 -0.4337
6 -9.7684 -3.4354
4 -9.3687 -4.1274
10 6.1054 2.7948
4 -4.8473 0.4968
1 4.0008 -4.8742
7 -8.3916 -6.8463
8 -6.0912 -0.4337
4 -4.8473 0.4968
6 -5.5863 -6.8463
6 -7.8292 6.3432
8 -6.0912 -0.4337
2 -1.1035 -5.4453
5 -4.0203 -6.1148
4 -4.8473 0.4968
6 10.9937 5.9142
1 -5.5863 -2.5169
2 -8.3916 -2.5169
2 -8.3916 -2.5169
2 -5.5863 -2.5169
4 -4.8473 0.4968
5 -4.9963 -2.4451
7 -8.3916 -6.8463
3 -8.2935 -6.9140
6 3.8634 5.3040
10 4.7896 7.7306
2 1.4654 6.8171
8 -6.0912 -0.4337
6 6.5508 -5.2753
4 3.5102 -1.1822
8 -6.0912 -2.2574
8 -8.9810 -2.2574
7 -12.4709 -5.3960
6 -7.3929 3.6812
8 -6.0912 -0.4337
7 -8.3916 -2.5169
7 9.3809 0.7708
10 4.7896 7.7306
9 -4.2468 -6.4562
9 0.9069 -1.2411
10 4.7896 7.7306
5 -2.2021 8.5372
1 -8.3916 -6.8463
8 -8.9810 -0.4337
6 7.0170 7.6260
1 -5.5132 0.5663
1 -5.5863 -2.5169
2 -5.5863 -6.8463
8 7.1363 8.4788
10 5.0491 -0.8658
6 -8.3916 -2.5169
10 4.7896 7.7306
7 0.4240 1.0969
9 8.9067 -1.2227
2 -8.3916 -6.8463
4 -4.8473 0.4968
3 -5.6062 -5.1380
1 -5.5863 -2.5169
9 0.9069 -1.2411
9 0.9069 -1.2411
9 0.9069 -1.2411
4 -4.8473 0.4968
