10 100
K -3.120712 -4.159891 4.197581
K -8.659234 -9.236685 4.424458
P 8.262124 -3.147943 11.908030 1.457404
P -8.310980 -0.070248 -5.663993 2.636082
P 5.935848 -7.092946 7.036826 -3.109680
P 7.980014 -1.472737 11.023480 2.993779
P -0.629136 -5.454849 2.263233 -1.777615
P 1.066717 8.556892 3.727075 11.456017
Z 3 8.262124 -3.147943 8.675604 -2.237430
P -3.844190 3.330144 0.031412 5.075064
5 7.0368 -7.0929
4 -8.3110 2.6361
2 -8.6592 -9.2367
8 3.7271 8.5569
5 5.9358 -7.0929
4 -5.6640 2.6361
7 7.0445 -1.2730
1 6.0972 3.8498
5 5.9358 -3.1097
3 11.9080 -3.1479
3 8.2621 -3.1479
3 11.9080 1.4574
7 -0.6291 -5.4548
4 -5.6640 -0.0702
5 -8.9749 0.7127
4 9.9348 8.3908
9 6.4266 -8.8461
1 4.6115 2.3399
10 -9.8910 2.6198
4 -5.6640 -0.0702
2 -8.6592 -9.2367
8 1.0667 11.4560
5 5.9358 -7.0929
1 7.6235 2.0024
9 8.5704 -0.6566
4 -5.6640 -0.0702
7 2.2632 -5.4548
8 8.0571 5.0928
3 -7.6022 -7.5101
10 -3.8442 5.0751
4 -8.3110 -0.0702
7 5.8261 -6.6355
8 1.0667 8.5569
7 -0.6291 -5.4548
10 0.0314 3.3301
4 -8.3110 2.6361
6 5.1765 -6.0116
10 -3.8442 5.0751
5 5.9358 -7.0929
8 3.7271 8.5569
6 7.9800 -1.4727
1 -3.1207 -4.1599
9 -7.7516 -5.7513
6 -2.7708 -1.0998
10 0.0314 5.0751
4 -8.3110 2.6361
1 -3.1207 -4.1599
4 -5.6640 -0.0702
5 5.9358 -3.1097
3 11.9080 -3.1479
10 -3.8442 5.0751
1 -3.1207 -4.1599
9 11.9080 -3.1479
9 -0.6111 -8.4968
7 -0.6291 -5.4548
2 -8.6592 -9.2367
3 11.9080 1.4574
9 11.7298 -0.1173
10 -4.7099 6.6621
7 1.1423 4.9037
9 -2.1317 7.2211
6 5.7714 6.4996
6 7.9800 2.9938
8 3.7271 8.5569
2 -4.1584 -8.0760
8 2.9740 7.2401
10 -3.8442 5.0751
8 1.0667 11.4560
2 -8.6592 -9.2367
4 -8.3110 -0.0702
3 11.9080 -3.1479
4 -5.6640 -0.0702
1 -7.2376 5.6347
7 2.4297 -8.6246
2 -8.4637 -2.1123
9 8.2621 -3.1479
10 -3.8442 5.0751
4 6.1133 8.8745
3 8.2621 1.4574
10 0.0314 3.3301
7 -2.1852 1.1290
10 -3.8442 3.3301
10 0.0314 5.0751
9 8.2621 -3.1479
3 8.2621 1.4574
6 11.0235 -1.4727
5 7.0368 -7.0929
4 -2.0518 9.8666
8 3.7271 8.5569
4 -5.7718 -2.8673
4 -5.6640 2.6361
3 11.9080 1.4574
4 -5.6640 -0.0702
6 -9.3127 -2.3898
1 -3.1207 -4.1599
5 7.0368 -7.0929
9 9.5750 3.6132
7 -0.6291 -5.4548
5 7.0368 -3.1097
3 -3.0473 -9.9169
