10 100
P 4.982837 -0.340436 6.073783 2.217387
K 9.480326 9.029372 1.394157
K 4.458518 -4.651070 4.990365
P 8.942650 7.795202 11.254576 9.773211
P -0.947318 2.698618 2.201961 5.248626
Z 2 10.454713 8.032255 11.169925 8.731163
K -1.916707 -0.424899 4.217969
K -2.912331 3.882515 4.907847
P 1.361059 1.980047 4.100381 5.087658
Z 5 -0.947318 2.698618 -1.889385 2.363191
9 1.3611 1.9800
1 6.0035 1.6000
3 4.4585 -4.6511
1 -5.2392 3.7827
7 3.5730 -4.8215
8 -2.9123 3.8825
5 -0.9473 5.2486
4 8.9426 9.7732
3 3.5289 5.9795
1 4.9828 2.2174
10 -0.9473 2.6986
7 -1.9167 -0.4249
3 4.4585 -4.6511
6 9.4803 9.0294
8 -2.9123 3.8825
1 4.9828 -0.3404
1 6.0738 2.2174
1 6.0738 2.2174
3 4.4585 -4.6511
7 -1.9167 -0.4249
4 -6.4699 2.5123
1 9.5277 4.2963
7 2.1543 -6.8045
5 -8.6023 5.0459
1 4.9828 -0.3404
3 4.4585 -4.6511
10 5.6483 -2.0885
10 -0.9473 2.6986
1 -7.7388 4.1941
1 -5.6903 -8.3201
3 4.4585 -4.6511
3 4.4585 -4.6511
4 11.2546 9.7732
8 -2.9123 3.8825
5 2.2020 5.2486
3 4.4585 -4.6511
2 9.4803 9.0294
8 -2.9123 3.8825
7 -9.2686 3.2933
1 4.9828 2.2174
2 9.4803 9.0294
2 9.4803 9.0294
10 -0.9473 5.2486
3 4.4585 -4.6511
5 -1.5422 5.1965
10 -4.1222 1.8570
9 4.1004 5.0877
6 9.8141 6.7092
10 0.6643 0.7224
5 -0.9473 2.6986
5 -9.6214 -5.7333
5 2.2020 2.6986
1 3.6542 7.3347
3 2.5709 -2.4201
6 11.4291 7.0351
6 4.1222 -7.4432
6 11.4291 7.0351
4 11.2546 9.7732
7 -8.2794 1.1351
5 -0.9473 5.2486
7 2.3807 -0.3763
4 8.9426 7.7952
1 6.0738 2.2174
5 -0.9473 5.2486
8 -2.9123 3.8825
2 9.4803 9.0294
9 2.7868 2.6633
6 9.4803 9.0294
1 4.9828 2.2174
4 1.4036 3.7054
3 4.4585 -4.6511
3 4.4585 -4.6511
3 1.9609 -5.2420
6 11.4291 7.0351
5 2.2020 5.2486
3 4.4585 -4.6511
3 4.4585 -4.6511
1 4.3058 -5.2810
3 4.4585 -4.6511
7 -1.9167 -0.4249
5 -0.9473 2.6986
5 -4.0339 -7.0917
6 -9.0729 1.0388
5 -0.9473 2.6986
6 11.4291 7.0351
8 -2.9123 3.8825
9 4.6687 -9.6353
1 6.0738 2.2174
2 9.2406 7.3762
8 1.4300 8.7405
2 4.0596 5.9098
1 3.3766 -1.3382
3 6.6240 -6.1052
9 1.3611 1.9800
4 8.9426 7.7952
9 1.3611 5.0877
2 9.4803 9.0294
10 -0.9473 2.6986
2 9.4803 9.0294
3 4.4585 -4.6511
