10 100
K 0.968065 7.006834 3.713043
P 9.266279 -2.544866 11.133120 2.296457
K 4.777457 2.098597 4.738660
Z 1 0.968065 7.006834 0.175041 7.616024
P -2.326362 -3.171772 0.380161 -0.838320
Z 3 1.009373 4.972001 0.402999 4.176822
K 0.275423 -8.195678 4.951754
P -9.894766 4.483420 -6.415959 6.097767
K 0.717085 -6.714796 4.286362
K -2.967792 7.339214 4.970690
10 0.1678 -0.6806
6 -2.7587 7.8454
8 -4.2501 -5.4609
8 -6.4160 4.4834
2 6.0589 8.1764
3 4.7775 2.0986
10 -3.8618 5.7012
10 -2.9678 7.3392
3 2.0663 9.4894
5 0.3802 -3.1718
8 -9.8948 6.0978
8 -6.4160 4.4834
2 -6.7792 -3.3191
1 0.9681 7.0068
1 0.9681 7.0068
3 -5.0143 -2.9748
3 4.7775 2.0986
3 -3.1125 -4.6062
1 0.9681 7.0068
2 -6.0760 6.4829
10 -2.9678 7.3392
6 -1.5451 8.2318
9 0.7171 -6.7148
7 0.2754 -8.1957
10 -2.9678 7.3392
10 -2.9678 7.3392
9 0.7171 -6.7148
8 -9.8948 6.0978
8 -6.4160 4.4834
2 9.2663 2.2965
7 0.2754 -8.1957
5 0.3802 -0.8383
9 -1.0225 8.4357
5 0.3802 -0.8383
3 4.7775 2.0986
8 1.7021 -7.0780
2 11.1331 2.2965
2 11.1331 2.2965
10 -2.9678 7.3392
4 0.9681 7.0068
3 0.0809 -4.5138
9 0.7171 -6.7148
8 3.1371 -1.3545
4 0.9681 7.0068
10 -2.9678 7.3392
4 0.9681 7.0068
9 0.7171 -6.7148
3 -5.2519 -9.2169
7 6.0228 -1.5306
6 4.7775 2.0986
6 4.7775 2.0986
2 -8.5779 6.9509
5 0.3802 -0.8383
9 1.2013 -0.2154
4 5.1739 -9.9223
8 -9.8948 6.0978
4 5.5324 -5.6282
5 -2.3264 -3.1718
7 0.2754 -8.1957
10 -2.9678 7.3392
8 -9.8948 4.4834
8 -6.4160 4.4834
5 -2.3264 -3.1718
7 0.2754 -8.1957
5 -2.3264 -3.1718
9 -8.0687 -9.2280
9 0.7171 -6.7148
4 0.9681 7.0068
1 0.9681 7.0068
5 -2.4935 -5.0859
9 0.7171 -6.7148
4 0.9681 7.0068
1 0.9681 7.0068
10 -2.9678 7.3392
7 0.2754 -8.1957
3 2.3080 -9.3686
3 4.7775 2.0986
6 4.7775 2.0986
1 -0.1665 -2.5337
6 6.7646 -5.6817
2 2.7063 -3.5600
6 4.7775 2.0986
10 -3.1017 3.5734
6 -2.7587 7.8454
9 0.7171 -6.7148
4 0.9681 7.0068
8 -9.8948 6.0978
6 -2.7587 7.8454
9 4.0579 -0.0635
8 -6.4160 6.0978
9 0.7171 -6.7148
6 4.7775 2.0986
3 1.7576 3.5017
6 -2.7587 7.8454
4 -8.4432 5.7153
5 1.2444 6.4748
10 -2.9678 7.3392
9 0.7171 -6.7148
4 0.9681 7.0068
1 1.3704 -5.5320
