10 100
P -9.571281 -2.918244 -7.954657 1.336404
K 9.048632 -2.466755 3.638809
K 8.288686 2.196511 1.483527
Z 1 -1.950228 -3.376762 -0.026519 1.111642
K 1.047883 5.699657 2.395550
Z 5 -7.397252 3.320262 -7.967344 9.101401
K 6.814096 5.521310 4.405451
P 2.791880 -1.241656 3.831669 2.827138
Z 2 6.354868 -1.281712 2.970935 -4.935248
K -7.069129 1.274250 3.358782
8 2.7919 2.8271
2 8.0503 -1.9603
1 3.5904 7.2480
1 -9.4770 -0.6111
4 -7.9547 1.3364
4 -7.9547 1.3364
6 6.5072 -1.0530
10 -7.0691 1.2742
8 3.8317 2.8271
5 9.6813 7.0370
4 -7.9547 1.3364
8 2.7919 2.8271
6 -16.1445 4.0043
10 -7.0691 1.2742
8 -4.9500 4.7170
10 -7.0691 1.2742
9 -7.3809 3.9123
3 8.2887 2.1965
7 6.8141 5.5213
1 -7.9547 1.3364
9 -8.4800 8.4243
5 1.0479 5.6997
5 1.0479 5.6997
8 2.7919 2.8271
2 9.0486 -2.4668
10 -7.0691 1.2742
3 8.2887 2.1965
8 3.8317 -1.2417
7 6.8141 5.5213
8 2.7919 -1.2417
2 9.0486 -2.4668
8 -3.5409 3.1753
6 -5.0875 -2.6703
6 1.0479 5.6997
4 -7.9547 -2.9182
5 -5.6181 -6.1731
9 4.9672 1.3135
2 9.0486 -2.4668
7 6.8141 5.5213
4 3.6375 -8.5795
6 -16.1445 4.0043
5 1.0479 5.6997
8 3.8317 -1.2417
6 -16.1445 4.0043
3 0.5281 1.0529
3 8.2887 2.1965
7 6.8141 5.5213
9 4.9672 1.3135
7 6.8141 5.5213
6 1.0479 5.6997
10 -2.3123 9.2659
1 -9.5713 -2.9182
2 -3.4481 5.8270
10 -7.0691 1.2742
4 -7.9547 1.3364
8 2.7919 2.8271
6 -16.1445 4.0043
4 5.6037 -4.4746
1 -7.9547 1.3364
10 -7.0691 1.2742
7 6.8141 5.5213
4 2.5226 -7.4088
4 6.7186 -5.6453
7 6.8141 5.5213
6 2.3000 3.8408
4 -9.5713 1.3364
9 4.9672 1.3135
1 -9.5713 1.3364
3 8.2887 2.1965
3 8.2887 2.1965
5 1.0479 5.6997
8 2.7919 2.8271
7 6.8141 5.5213
7 7.6148 -1.4674
4 6.7186 -5.6453
7 -5.8160 3.5744
2 9.0486 -2.4668
9 9.0486 -2.4668
3 2.0696 -3.1790
10 -7.0691 1.2742
5 1.0479 5.6997
2 2.2491 -0.9073
2 -5.7051 -8.0254
10 -7.0691 1.2742
9 4.9672 1.3135
7 6.8141 5.5213
1 -9.5713 1.3364
2 9.0486 -2.4668
9 9.0486 -2.4668
8 3.8317 2.8271
1 4.9985 -9.8546
7 6.8141 5.5213
9 4.6926 4.2836
10 6.8870 6.8700
8 1.4300 2.2107
1 -9.5713 1.3364
10 8.6540 7.1363
6 1.0479 5.6997
3 8.2887 2.1965
6 6.5319 8.6171
