10 100
P -2.441267 9.413190 -0.071613 11.352755
K 9.740668 -1.508542 1.650664
P -6.551251 -9.225990 -1.924151 -5.766789
P -6.588323 6.568146 -3.995380 10.241743
Z 2 9.740668 -1.508542 10.585863 -0.974085
Z 1 -4.066386 8.457593 -3.061926 3.896535
P -6.647974 -2.177761 -3.262569 1.465148
K 1.999635 1.014322 2.336939
P -0.442721 -9.474339 2.858646 -8.401792
Z 1 -2.441267 11.352755 -2.963489 12.205565
9 2.8586 -9.4743
7 -3.2626 1.4651
8 1.9996 1.0143
4 -1.6493 0.7359
6 -1.1195 -3.6742
2 -5.4744 -9.1047
4 -3.9954 6.5681
8 1.9996 1.0143
10 -1.7908 8.3604
5 9.7407 -1.5085
10 -2.4413 11.3528
8 -7.3716 9.8800
3 7.3895 2.1791
8 1.9996 1.0143
7 -6.6480 -2.1778
3 -6.5513 -9.2260
2 9.7407 -1.5085
10 -0.0716 9.4132
7 9.7881 -0.9258
4 -3.9954 10.2417
8 1.9996 1.0143
3 -1.9242 -9.2260
5 9.7407 -1.5085
2 -0.9751 6.9931
2 -6.7914 7.4314
8 1.9996 1.0143
2 9.7407 -1.5085
8 2.0747 4.4848
6 -0.0716 9.4132
1 -2.4413 11.3528
6 -2.4413 9.4132
4 -3.9954 10.2417
9 2.8586 -8.4018
6 -4.3822 1.1735
6 -8.0930 7.6467
7 -6.6480 1.4651
2 9.7407 -1.5085
1 7.5945 -9.6557
7 -3.2626 1.4651
6 -2.4413 11.3528
1 7.7107 -1.8309
7 -6.6480 1.4651
2 9.7407 -1.5085
8 1.9996 1.0143
4 -6.5883 6.5681
9 -0.4427 -9.4743
3 -1.9242 -9.2260
2 -5.9682 4.4784
9 2.8586 -9.4743
6 -0.0716 9.4132
7 -3.2626 1.4651
3 4.7991 6.0354
9 2.8586 -9.4743
4 -6.5883 6.5681
6 -2.4413 9.4132
9 -0.4427 -8.4018
6 -7.7789 -5.6711
7 5.1259 -7.6442
7 3.3390 1.1267
4 -3.9954 10.2417
10 -2.4413 11.3528
10 -1.7908 8.3604
1 2.6455 -6.1506
5 9.7407 -1.5085
5 9.7407 -1.5085
6 -5.9426 8.6421
7 -6.6480 -2.1778
5 9.7407 -1.5085
8 1.9996 1.0143
2 9.1071 2.2102
4 -3.9954 10.2417
6 -6.7574 10.4022
6 -1.0097 6.4839
6 -4.9956 -2.8126
7 -6.6480 1.4651
7 8.6445 3.9013
3 -6.5513 -9.2260
1 -0.0716 11.3528
5 9.7407 -1.5085
7 9.2078 5.2888
1 -2.4413 11.3528
1 -0.0716 11.3528
4 -3.9954 6.5681
3 -6.5513 -9.2260
7 -6.6480 1.4651
8 1.9996 1.0143
9 7.9525 -6.9935
3 -5.6024 -3.9047
3 -1.9242 -5.7668
4 3.9379 8.5442
1 -0.0716 9.4132
9 2.8586 -9.4743
8 -8.7748 -9.6895
2 9.7407 -1.5085
2 -1.8066 -5.7453
1 -2.4413 9.4132
7 -3.2626 1.4651
3 -1.9242 -5.7668
3 -6.5513 -9.2260
1 -2.4413 9.4132
