10 100
K 6.485037 -8.274654 1.555893
P -4.951504 1.543917 -1.703213 6.049984
P 1.432048 -1.427360 4.300621 0.053705
P 2.181937 -4.610492 3.555296 -0.931129
Z 1 -8.306346 7.773034 -6.273351 -5.162076
Z 1 7.718644 -7.326489 7.109241 -6.533628
P -6.723942 -8.292756 -2.693485 -5.204402
Z 7 5.121186 -3.754315 0.554646 4.246761
Z 4 6.931082 -9.711210 8.483910 5.693222
K -5.980438 4.713499 1.132271
3 -9.0331 8.8450
6 6.4850 -8.2747
9 -6.7031 -8.3665
10 -5.9804 4.7135
3 1.4320 -1.4274
8 13.0033 0.6660
4 3.5553 -0.9311
6 6.4850 -8.2747
8 -5.9036 0.8380
8 13.0033 0.6660
7 -6.7239 -5.2044
10 -5.9804 4.7135
9 0.3844 -7.8019
3 4.3006 0.0537
4 2.1819 -4.6105
2 -4.9515 6.0500
6 6.4850 -8.2747
10 -5.9804 4.7135
5 3.5713 1.5696
2 -4.9515 6.0500
7 -2.6935 -8.2928
3 1.4320 -1.4274
8 -6.5832 2.5901
9 3.5553 -0.9311
4 5.8470 -5.9949
5 6.4850 -8.2747
8 13.0033 0.6660
1 6.4850 -8.2747
2 -9.5084 -9.7279
1 6.0014 9.4473
5 6.4850 -8.2747
8 15.0531 4.1363
3 -6.8610 4.8447
8 12.3940 5.7070
6 6.4850 -8.2747
7 -6.7239 -8.2928
4 6.0314 5.5477
5 9.4931 -7.6725
5 6.4850 -8.2747
1 6.4850 -8.2747
6 -2.7749 -5.4252
7 5.1593 5.7979
7 -6.7239 -5.2044
7 -2.6935 -8.2928
3 6.1597 -6.9224
10 8.0726 8.9869
6 6.4850 -8.2747
9 3.5553 -4.6105
1 6.4850 -8.2747
8 -1.9685 1.7118
8 -6.7239 -5.2044
5 5.6366 2.2113
5 -17.4618 -12.0383
9 3.0243 7.4339
8 -1.0901 0.1715
10 -5.9804 4.7135
10 -5.9804 4.7135
7 -2.6935 -5.2044
10 -5.9804 4.7135
5 -17.4618 -12.0383
5 6.4850 -8.2747
6 1.4198 -0.2447
2 -4.0332 -2.7325
8 0.3289 5.3688
9 -5.3308 -9.6445
3 1.4320 -1.4274
1 6.4850 -8.2747
2 6.9585 0.7333
2 1.8915 5.4302
3 1.4320 0.0537
4 -5.2355 4.8264
10 0.9992 -8.8487
8 1.7850 9.6547
10 -5.9804 4.7135
6 -2.3723 7.9769
9 -7.3028 2.5824
3 1.4320 -1.4274
1 6.4850 -8.2747
10 -5.9804 4.7135
6 -2.7457 1.6827
8 -6.7239 -5.2044
4 -4.9677 8.9439
10 -5.9804 4.7135
3 -9.9984 -8.8525
2 -1.7032 6.0500
10 -5.9804 4.7135
6 8.9523 -6.3783
8 10.3442 2.2367
9 13.3370 -2.0556
5 -17.4618 -12.0383
3 -8.3249 0.8805
8 12.3940 5.7070
4 -2.0463 9.6741
5 -17.4618 -12.0383
4 3.5553 -0.9311
3 4.3006 -1.4274
8 0.5478 6.5337
7 -4.7673 2.8153
10 -5.9804 4.7135
9 12.6027 -5.6609
