10 100
P -8.693850 -0.424552 -7.560559 1.184578
P -3.315873 -4.729068 1.231285 -0.043497
K -1.433587 -2.398693 2.076470
K -2.093013 9.388520 3.484065
K 2.612578 -4.792305 2.078864
P 3.956235 -8.430729 5.979438 -3.953386
K -7.240504 7.368066 1.666054
P 2.912884 3.669380 6.358577 6.639374
Z 5 -7.080297 7.297206 -4.411598 5.407112
Z 4 -2.093013 9.388520 -1.093247 9.366885
10 -2.0930 9.3885
8 -7.7938 8.1512
6 3.9562 -8.4307
6 5.9794 -8.4307
4 -9.1828 -4.8987
6 5.9794 -8.4307
6 3.9562 -3.9534
9 2.6126 -4.7923
9 7.7281 6.5527
1 2.5449 -5.4572
3 1.2066 0.6163
7 -7.2405 7.3681
3 -6.3785 2.7937
2 1.2313 -0.0435
2 -6.9371 -8.0801
7 -7.2405 7.3681
2 -7.8326 -5.3194
4 -3.0247 -3.2632
8 2.9129 6.6394
7 -7.2405 7.3681
5 2.6126 -4.7923
7 6.3179 7.5080
3 -1.4336 -2.3987
2 1.2313 -0.0435
7 -7.2405 7.3681
4 -2.0930 9.3885
6 3.9562 -3.9534
10 -2.0930 9.3885
1 -8.6938 -0.4246
9 7.5410 2.1663
7 -7.2405 7.3681
4 -8.7675 -0.0586
1 -7.5606 -0.4246
3 -6.3418 0.7077
6 3.9562 -3.9534
8 -9.8304 -0.5667
4 0.2640 -0.3394
8 2.9129 6.6394
8 2.9129 6.6394
1 -8.6938 1.1846
3 -5.1019 -5.4993
7 -7.2405 7.3681
1 -8.6938 1.1846
8 2.9129 3.6694
4 -2.0930 9.3885
1 8.6759 1.6869
1 -8.6938 -0.4246
2 -6.3509 -8.3191
9 2.6126 -4.7923
1 -7.5606 -0.4246
2 -9.4218 4.3984
3 -1.4336 -2.3987
2 -3.3159 -0.0435
3 -1.4336 -2.3987
1 -7.5606 1.1846
10 -2.0930 9.3885
6 5.9794 -3.9534
7 -7.2405 7.3681
9 2.6126 -4.7923
4 -2.0930 9.3885
9 1.9448 -1.4614
8 6.3586 6.6394
7 -7.2405 7.3681
6 -3.1780 -3.6451
3 7.5970 -7.7248
9 7.5410 2.1663
10 -1.6887 2.1440
1 -8.6938 -0.4246
5 2.6126 -4.7923
1 -7.5606 -0.4246
6 3.9562 -8.4307
1 -8.6938 -0.4246
10 7.4242 4.4468
2 1.2313 -0.0435
9 -7.3754 -4.2070
8 7.8721 0.5179
7 -7.2405 7.3681
1 1.8632 -0.5328
6 5.8633 0.6450
6 5.9794 -8.4307
6 5.9794 -8.4307
8 -7.9026 -2.0484
4 -8.7038 -5.2883
7 -7.2405 7.3681
3 -1.4911 4.3052
8 6.3586 3.6694
4 -2.9156 -8.3585
2 -3.3159 -4.7291
8 6.3586 3.6694
2 -3.3159 -0.0435
4 -2.0930 9.3885
4 -2.0930 9.3885
3 -1.4336 -2.3987
2 1.2313 -4.7291
9 7.0939 -9.0649
4 -2.0930 9.3885
10 -2.0930 9.3885
5 -8.0121 5.3100
4 3.3014 -5.1710
4 -2.0930 9.3885
