10 100
P -9.950256 7.996967 -7.178378 9.822294
P 6.582785 -2.618380 9.231448 0.334031
K 6.960982 -5.683615 3.393805
Z 1 -8.201727 -9.215973 -9.662074 -6.403699
P 6.151398 7.713472 7.160348 11.833435
Z 3 9.017808 9.763916 -7.323414 4.997296
K 9.556365 1.394130 4.346064
Z 6 8.527107 7.019351 -8.683889 1.425583
Z 2 6.582785 -2.618380 6.647132 -1.620453
Z 3 6.960982 -5.683615 6.058559 -5.252762
4 -22.8703 -0.1515
5 7.1603 7.7135
3 6.8364 -7.0778
1 -9.9503 9.8223
10 4.3031 8.8116
1 -7.1784 7.9970
4 -9.9503 9.8223
4 -9.9503 7.9970
1 -8.1324 -2.6388
8 -1.0217 21.6830
5 1.5529 2.2882
3 6.9610 -5.6836
1 2.1951 5.9585
4 -7.1784 7.9970
2 9.2314 -2.6184
6 -1.0217 21.6830
3 3.2057 -0.9629
9 2.4148 -4.9496
9 1.5103 -7.2796
6 -1.0217 21.6830
7 9.5564 1.3941
8 -1.7557 1.9491
6 6.9610 -5.6836
7 6.3520 -5.1911
2 9.2314 -2.6184
4 -7.1784 9.8223
8 6.9610 -5.6836
4 -1.7178 -4.9301
10 6.9610 -5.6836
4 -7.1784 9.8223
7 9.5564 1.3941
4 -1.5005 3.6428
4 -7.1784 9.8223
3 -0.1776 -7.5662
3 6.9610 -5.6836
8 6.9610 -5.6836
1 -9.9503 9.8223
4 -9.9503 7.9970
6 6.9610 -5.6836
7 9.5564 1.3941
7 2.4281 6.0129
6 6.9610 -5.6836
2 0.2528 -5.4282
4 -22.8703 -0.1515
4 -7.4535 7.9234
3 6.9610 -5.6836
4 -21.2758 2.1159
4 -21.2758 2.1159
7 9.5564 1.3941
10 6.9610 -5.6836
3 6.9610 -5.6836
8 -2.5764 8.8982
1 -7.1784 9.8223
8 4.5369 2.5839
5 7.1603 11.8334
10 6.9610 -5.6836
9 3.9561 -2.2782
5 -0.7620 -2.5968
8 -0.2081 16.3743
6 -8.5654 9.1051
10 6.9610 -5.6836
10 -2.5411 -0.3271
1 -4.0049 -5.3579
3 6.9610 -5.6836
5 7.1603 11.8334
6 -1.0217 21.6830
9 -8.5430 -6.3714
4 5.5641 4.8861
3 6.9610 -5.6836
1 -7.1784 7.9970
2 9.2314 0.3340
1 -7.1784 9.8223
6 -1.0217 21.6830
7 9.5564 1.3941
1 -9.9503 9.8223
3 6.9610 -5.6836
10 6.9610 -5.6836
7 9.5564 1.3941
1 4.1114 5.7684
1 4.0932 8.2921
1 -7.1784 7.9970
10 6.9610 -5.6836
9 4.7450 -1.0290
6 -7.3791 -3.5210
9 -9.0313 -1.8444
6 -1.0217 21.6830
4 -21.2758 2.1159
10 6.9610 -5.6836
3 6.9610 -5.6836
9 4.3352 0.6497
6 6.9610 -5.6836
3 0.9020 0.9211
2 5.0547 -7.5750
6 -0.5060 -2.7658
8 9.4240 -10.4563
6 6.9610 -5.6836
10 6.9610 -5.6836
7 9.5564 1.3941
4 -9.9503 9.8223
7 9.5564 1.3941
