10 100
P -9.215263 8.759694 -5.222501 13.389687
K 7.429388 4.267120 3.360872
Z 1 1.653958 -9.243664 -7.117837 -3.986452
Z 2 6.265640 7.420079 5.327503 7.073815
P 2.063115 0.631810 3.231687 5.507470
Z 2 -1.306748 1.006297 -2.556488 7.212850
Z 5 8.142971 4.900513 6.780123 -2.120442
K 1.203465 1.034861 1.782918
Z 5 4.523765 -2.771111 -9.564251 -2.478289
Z 3 -5.222501 8.759694 -4.604235 7.973726
9 2.063115 0.631810
1 -9.215263 13.389687
1 -9.215263 8.759694
1 -9.215263 8.759694
3 -19.347375 -8.146000
3 -9.215263 13.389687
7 12.924665 3.625951
7 11.100552 -0.895628
2 -4.244444 5.690129
10 -21.548107 -13.850012
9 -7.803123 -4.741074
1 -5.222501 8.759694
3 5.626741 9.256438
7 2.063115 5.507470
8 1.203465 1.034861
4 4.633691 -9.335804
3 -5.222501 8.759694
7 14.008373 3.188757
3 1.300645 -7.284778
4 7.429388 4.267120
9 2.063115 0.631810
10 -5.222501 8.759694
3 8.012603 8.661003
8 -5.902448 -1.497718
3 4.554002 -7.052978
3 -21.548107 -13.850012
8 7.555110 6.595777
1 -5.222501 13.389687
6 7.429388 4.267120
3 4.113680 -5.145942
3 2.635321 6.111762
2 -9.617089 3.843840
9 2.888808 -10.988853
6 -10.624091 0.631904
10 17.617048 21.960408
4 5.101893 10.573038
10 -21.548107 -13.850012
8 -3.200373 -0.848418
6 -10.624091 0.631904
6 7.429388 4.267120
2 4.401690 3.528267
1 -5.222501 8.759694
9 7.026889 8.309632
7 8.589455 6.156177
8 1.203465 1.034861
10 1.030882 9.859422
1 -9.215263 8.759694
8 -4.968979 -0.711602
10 -17.464964 -11.667174
10 7.002691 -1.261439
5 1.926925 2.141124
7 2.063115 0.631810
4 5.101893 10.573038
9 3.178588 6.761236
9 1.721245 -10.940296
10 -4.282233 12.640163
6 -1.233594 6.201539
8 -7.304456 7.613485
8 1.203465 1.034861
5 -2.877747 -5.477788
3 -21.548107 -13.850012
7 3.231687 0.631810
1 -5.222501 8.759694
9 2.123880 9.232283
5 2.063115 5.507470
4 7.429388 4.267120
9 1.923840 -6.068847
1 -5.222501 13.389687
3 -17.464964 -11.667174
4 -7.969020 -3.301108
1 -6.617195 2.460216
1 -5.222501 8.759694
7 -9.413855 -2.847018
10 -21.548107 -13.850012
4 7.429388 4.267120
9 -0.139604 -3.361656
1 -9.215263 13.389687
3 -21.548107 -13.850012
2 -7.957876 6.709647
8 1.203465 1.034861
8 1.203465 1.034861
2 7.429388 4.267120
5 2.063115 0.631810
6 -10.624091 0.631904
1 -5.222501 8.759694
10 -21.548107 -13.850012
2 7.429388 4.267120
3 -4.284142 4.112029
8 1.203465 1.034861
2 -1.784206 -7.503459
10 20.595898 19.301726
10 -4.905204 2.203623
4 7.429388 4.267120
8 -0.584673 5.561270
10 -6.269482 3.019380
5 6.533839 -2.004818
1 8.382438 -0.059930
10 17.617048 21.960408
7 11.100552 -0.895628
9 2.063115 5.507470
