10 100
P -0.394934 -2.929264 3.680546 1.427912
P -1.818008 -5.595009 -0.032679 -3.197760
P 3.303044 -7.702549 6.125157 -3.408179
Z 3 6.661176 4.977938 -1.355178 8.497217
Z 3 6.125157 -3.408179 6.949577 -2.842201
P -2.062031 -5.526372 -0.002036 -3.028639
Z 1 3.037843 0.221206 -1.916191 5.779821
P -2.565906 8.168755 -0.296725 10.062433
P -3.045353 -8.718139 -2.017951 -6.263547
K -2.901860 -9.662921 1.411149
2 -0.032679 -3.197760
1 3.680546 -2.929264
7 9.574025 6.450580
3 3.303044 -3.408179
9 5.534176 -1.773542
4 3.303044 -7.702549
8 -0.296725 10.062433
2 -1.818008 -5.595009
3 6.125157 -7.702549
9 -3.045353 -6.263547
7 3.944074 6.159109
8 -8.352902 7.382508
5 6.125157 -7.702549
5 6.125157 -3.408179
5 5.111070 -6.041799
9 -7.142263 6.135827
4 6.125157 -7.702549
2 -1.818008 -3.197760
2 -4.861911 1.784285
10 -2.901860 -9.662921
5 1.035051 -9.455510
7 3.680546 1.427912
1 -0.394934 1.427912
7 -1.111457 -1.582916
2 4.809203 -5.061625
8 -2.565906 10.062433
4 12.471792 11.048441
10 4.847115 -0.104840
9 -2.017951 -6.263547
3 3.303044 -7.702549
7 2.232629 3.769688
1 3.680546 1.427912
6 -0.002036 -3.028639
6 -8.392358 5.862461
4 10.561722 13.125929
1 -0.394934 1.427912
1 -0.394934 -2.929264
5 8.431360 -6.224204
3 2.769069 9.077124
9 -3.045353 -8.718139
4 3.303044 -7.702549
9 -2.017951 -6.263547
3 -6.222238 9.575039
2 -0.032679 -3.197760
3 6.125157 -3.408179
7 3.680546 1.427912
10 0.662271 2.887043
9 6.223356 -8.214941
10 -2.901860 -9.662921
6 -0.002036 -3.028639
10 -5.858116 -4.317644
1 3.680546 -2.929264
3 -2.717416 -2.042599
7 -0.394934 1.427912
4 3.303044 -7.702549
5 6.125157 -3.408179
10 -2.901860 -9.662921
10 -2.901860 -9.662921
3 6.125157 -3.408179
9 7.547991 5.799731
6 -0.002036 -5.526372
7 2.232629 3.769688
2 -0.032679 -3.197760
9 -3.045353 -8.718139
1 3.680546 -2.929264
2 -0.032679 -5.595009
3 3.303044 -7.702549
1 -0.880328 -7.579405
9 -3.045353 -6.263547
7 5.089760 3.892504
6 5.278037 -8.162912
5 -4.796406 6.653772
4 3.303044 -3.408179
4 15.633075 13.954969
1 3.680546 -2.929264
4 3.303044 -7.702549
8 -0.296725 10.062433
4 3.303044 -7.702549
3 -2.730894 -8.969673
10 -2.901860 -9.662921
9 -3.045353 -8.718139
8 -0.296725 8.168755
1 3.680546 1.427912
8 -2.565906 10.062433
2 -0.032679 -3.197760
7 1.765413 -0.278922
4 10.561722 13.125929
3 3.609131 -2.535317
7 -4.210010 3.152008
6 6.764393 5.176554
10 6.674883 6.672452
5 5.111070 -6.041799
3 -8.485179 2.063741
8 4.434975 -0.945745
9 9.223404 -9.655259
10 -2.901860 -9.662921
5 -3.387154 4.539949
7 -2.394187 -4.772818
6 -0.002036 -5.526372
9 -4.594960 -1.687828
