10 100
P 0.639956 -8.983255 4.798980 -7.313932
K -6.567256 -8.207942 2.236144
P -5.788755 4.538606 -2.203786 6.284897
Z 2 -8.601675 -9.136100 -8.186604 -10.045889
K 4.317199 2.505471 4.033114
P 7.148306 8.679076 11.310634 12.132726
K 7.654978 8.606718 4.626416
P 4.967965 6.287278 8.075074 8.332831
K -1.572845 -3.438666 3.005718
P -7.465635 -0.515215 -3.104368 1.399080
1 -7.953992 7.307074
7 7.654978 8.606718
5 4.317199 2.505471
9 9.358264 7.493992
9 -0.179707 9.682249
7 7.654978 8.606718
8 -7.646250 -1.114152
6 11.310634 8.679076
8 -5.615818 3.978031
9 -1.572845 -3.438666
4 -6.567256 -8.207942
7 7.654978 8.606718
4 -6.567256 -8.207942
9 -6.801267 1.885385
1 -5.642628 0.483666
9 -1.572845 -3.438666
3 -5.408576 3.571957
9 -1.572845 -3.438666
8 4.967965 6.287278
6 -8.012431 6.189742
9 -1.572845 -3.438666
1 4.798980 -7.313932
3 -2.203786 6.284897
2 -6.567256 -8.207942
2 5.817107 -7.849742
1 1.657921 2.213981
9 -1.572845 -3.438666
4 -6.567256 -8.207942
3 -5.788755 4.538606
6 11.310634 8.679076
9 -1.572845 -3.438666
3 -2.203786 6.284897
6 3.494186 -1.862547
10 -3.104368 1.399080
9 3.983797 -2.388616
3 -5.788755 4.538606
2 1.460355 6.228618
4 -6.567256 -8.207942
7 -1.135078 1.075815
7 7.654978 8.606718
8 8.075074 8.332831
8 9.137899 -5.777672
5 -5.851954 4.304667
1 0.639956 -8.983255
6 -5.570891 3.239944
6 7.148306 12.132726
8 1.043063 -7.929790
5 4.317199 2.505471
7 7.654978 8.606718
7 7.654978 8.606718
2 0.239492 2.137360
4 -6.567256 -8.207942
5 4.317199 2.505471
6 7.148306 8.679076
10 -3.104368 1.399080
7 7.654978 8.606718
10 -4.278690 -9.769819
10 -7.465635 -0.515215
6 7.148306 12.132726
3 -5.788755 6.284897
9 -1.572845 -3.438666
3 -2.203786 4.538606
8 5.781777 -0.518592
10 -3.104368 1.399080
1 0.639956 -7.313932
5 8.856471 -9.708188
5 4.317199 2.505471
9 4.234348 -5.015642
6 -2.608695 -2.750907
7 7.654978 8.606718
3 -2.203786 4.538606
2 -6.567256 -8.207942
6 7.148306 12.132726
10 4.079789 -5.425689
8 8.075074 8.332831
10 -7.465635 1.399080
8 8.075074 8.332831
6 7.148306 8.679076
2 -6.567256 -8.207942
8 8.075074 8.332831
7 7.654978 8.606718
4 -10.636094 -10.064258
7 7.654978 8.606718
6 11.310634 8.679076
4 -6.567256 -8.207942
9 -3.131871 5.894954
4 -10.636094 -10.064258
6 11.310634 8.679076
3 -5.788755 6.284897
7 -9.198810 -5.854425
6 11.310634 12.132726
7 7.654978 8.606718
10 -3.104368 1.399080
7 7.654978 8.606718
10 2.213799 -6.216386
2 -6.567256 -8.207942
4 -6.567256 -8.207942
2 -6.567256 -8.207942
6 7.148306 12.132726
10 -7.465635 1.399080
