10 100
P -5.145447 -6.902100 -3.048124 -2.715031
Z 1 -3.027952 5.456857 -7.630463 7.382920
K 9.513975 1.214901 3.506141
Z 2 -3.048124 -2.715031 -4.045639 -2.785492
K -4.472540 8.622444 2.915245
P 9.405251 -4.890983 11.374180 -2.829889
K -3.598756 -9.292263 4.896229
K -3.796026 2.660845 4.313042
Z 5 -9.468335 5.075527 -6.984776 -4.490158
P -6.551777 -1.652283 -3.894811 -0.184723
2 5.105554 -0.076837
4 -1.169755 7.562071
5 -2.014990 4.299379
4 -5.713209 1.135636
10 -1.193219 -6.708272
5 1.105433 3.679272
5 -4.472540 8.622444
8 -3.796026 2.660845
3 9.513975 1.214901
5 -4.472540 8.622444
3 -6.055254 2.759659
4 -3.048124 -2.715031
9 -4.472540 8.622444
7 -3.598756 -9.292263
5 -2.330365 3.507267
6 4.758437 9.514754
6 9.405251 -2.829889
9 -6.161700 -8.831628
3 9.513975 1.214901
10 -6.551777 -0.184723
5 -4.472540 8.622444
6 11.374180 -2.829889
8 -3.796026 2.660845
2 5.760323 14.146533
6 9.405251 -4.890983
2 -9.591658 5.352567
1 -3.048124 -2.715031
6 -5.974959 -4.492894
10 -3.894811 -1.652283
4 3.650891 -6.034088
6 11.374180 -4.890983
4 -3.048124 -6.902100
6 11.374180 -4.890983
2 -5.145447 -6.902100
7 -3.598756 -9.292263
9 1.099572 -5.945057
10 7.873828 0.200195
6 11.374180 -2.829889
4 -1.485200 -7.757494
10 -3.894811 -0.184723
8 -3.796026 2.660845
9 -4.472540 8.622444
3 -1.530250 9.299467
9 -4.472540 8.622444
8 -3.796026 2.660845
9 -4.472540 8.622444
8 -3.796026 2.660845
5 -4.472540 8.622444
2 6.106381 -9.019725
4 1.058563 4.976931
4 7.888616 3.682924
1 -3.048124 -2.715031
2 -3.048124 -6.902100
3 5.143725 4.217731
8 -3.796026 2.660845
8 -3.796026 2.660845
3 -2.290072 0.207960
7 -3.598756 -9.292263
3 -6.788479 5.586946
7 -3.598756 -9.292263
1 -3.048124 -2.715031
9 4.010117 3.864703
2 7.296269 -8.308933
5 -4.472540 8.622444
5 -4.472540 8.622444
2 -3.048124 -2.715031
9 -15.558618 5.744142
5 -4.472540 8.622444
9 -9.472415 -2.100259
9 -4.670896 -2.687211
10 -3.894811 -0.184723
4 -5.145447 -6.902100
7 -7.092648 9.970457
5 9.049741 -6.608267
8 -3.796026 2.660845
3 9.513975 1.214901
6 9.405251 -4.890983
10 -3.894811 -0.184723
8 -3.796026 2.660845
10 -6.551777 -0.184723
6 11.374180 -4.890983
6 9.405251 -4.890983
1 -3.048124 -6.902100
7 -3.598756 -9.292263
5 -4.472540 8.622444
8 -3.796026 2.660845
2 5.760323 14.146533
9 -2.280006 2.870241
8 -3.796026 2.660845
6 9.097000 4.032627
5 4.453060 7.995546
5 -4.472540 8.622444
3 9.513975 1.214901
8 6.121909 -5.033521
3 9.513975 1.214901
6 11.374180 -2.829889
2 4.288118 15.640311
5 -4.472540 8.622444
3 -5.366846 9.732605
6 9.405251 -4.890983
