10 100
P -6.241431 -4.734266 -4.136425 -0.852285
P 5.383180 -7.453617 8.215192 -4.994634
P 6.770504 -5.311085 10.095944 -3.329943
Z 1 -4.136425 -4.734266 -3.854159 -5.693603
P 6.362367 6.284130 8.494440 11.030821
P -6.591996 1.667730 -2.138112 5.287348
Z 3 10.095944 -3.329943 9.119824 -3.547173
Z 5 -2.822216 -2.732023 -7.151431 -1.252294
K 6.635847 -4.878705 3.306936
P 1.467533 4.425369 4.663528 8.347082
1 -6.860613 -2.581366
2 -6.273373 -9.947243
7 10.095944 -3.329943
8 -0.109067 -6.735378
2 8.215192 -4.994634
5 4.227358 1.688754
1 -4.136425 -4.734266
5 6.362367 11.030821
10 8.482689 -2.643307
10 4.663528 8.347082
2 5.484869 -5.445724
7 9.255769 -1.535777
5 -7.711236 -9.899867
8 6.362367 11.030821
7 6.244178 -2.946050
9 -2.329796 -4.647326
9 6.635847 -4.878705
2 5.383180 -4.994634
3 10.095944 -5.311085
10 1.467533 8.347082
7 6.770504 -3.329943
4 -4.136425 -4.734266
7 6.244178 -2.946050
8 -3.983306 -19.237305
1 6.327194 3.836636
8 8.494440 6.284130
7 4.713738 -4.072166
3 6.770504 -5.311085
2 8.215192 -4.994634
10 1.467533 8.347082
1 -7.370878 8.412989
4 -4.136425 -4.734266
1 -4.136425 -4.734266
3 6.770504 -5.311085
8 1.673451 -2.486094
10 5.566397 0.156890
10 -5.382604 2.185780
8 8.494440 11.030821
9 6.635847 -4.878705
4 -4.136425 -4.734266
9 6.635847 -4.878705
3 10.095944 -5.311085
3 6.770504 -3.329943
5 -0.706588 -7.587007
6 -2.138112 5.287348
2 5.383180 -7.453617
6 -6.591996 1.667730
9 6.635847 -4.878705
1 -4.136425 -0.852285
9 0.543327 -6.464000
9 6.635847 -4.878705
10 -8.028196 1.424572
2 8.215192 -7.453617
8 9.339678 0.588129
6 -6.072760 9.291566
8 -2.930486 4.213097
6 8.895903 -3.645032
8 0.608122 -16.788712
6 3.858205 4.193332
9 6.635847 -4.878705
7 10.095944 -5.311085
10 4.845209 -7.425680
3 6.770504 -3.329943
7 6.770504 -5.311085
9 6.635847 -4.878705
5 -8.129096 6.578445
6 0.920182 -7.345861
4 -6.241431 -4.734266
4 -6.688810 -3.746148
8 8.494440 11.030821
6 -6.591996 5.287348
9 6.635847 -4.878705
2 5.531078 -4.677407
5 -8.451845 -9.716739
9 1.522125 1.413204
7 6.244178 -2.946050
5 8.494440 11.030821
3 10.095944 -5.311085
10 1.467533 8.347082
2 8.215192 -7.453617
1 -6.241431 -0.852285
5 8.494440 11.030821
5 8.494440 11.030821
1 8.008499 0.747407
1 1.414985 6.653626
10 1.467533 8.347082
10 1.467533 4.425369
8 -2.297291 -20.542331
5 8.494440 11.030821
1 6.749834 -8.056597
6 -2.138112 5.287348
4 -4.469229 -0.330850
6 -9.079816 6.483458
4 -4.469229 -0.330850
8 -2.297291 -20.542331
10 4.663528 4.425369
9 6.635847 -4.878705
7 10.095944 -5.311085
10 1.467533 8.347082
1 -6.241431 -0.852285
