10 100
P -6.880248 8.515804 -2.069035 10.643022
K 6.795352 -1.584614 1.766373
K -4.730346 -6.289170 4.680908
Z 2 6.795352 -1.584614 7.787112 -1.456505
P 5.572239 -1.884586 9.585972 -0.551350
Z 3 -0.685038 -8.644246 -0.181914 -7.780032
Z 2 6.099947 5.141805 0.212656 0.676880
K 3.324548 2.299253 1.353705
K 6.170238 -7.817643 3.940218
K 6.138141 7.704263 4.642731
7 6.795352 -1.584614
9 6.170238 -7.817643
9 8.144328 -1.327091
10 6.138141 7.704263
8 3.324548 2.299253
4 -1.129044 1.806009
9 8.701845 6.137735
1 -2.069035 8.515804
3 -0.725294 -4.240244
8 3.324548 2.299253
7 -0.189662 7.625577
9 6.170238 -7.817643
2 -5.070882 3.285523
8 3.467870 3.986204
7 5.603929 -3.951051
8 1.783533 -7.394826
2 6.795352 -1.584614
10 -4.205273 -8.884418
3 -4.730346 -6.289170
4 -2.999548 -6.026792
6 2.087296 -1.925902
5 9.453656 -0.834080
4 6.795352 -1.584614
10 9.679047 -7.194220
6 -4.730346 -6.289170
9 6.170238 -7.817643
9 6.170238 -7.817643
7 -9.135093 0.974766
10 6.138141 7.704263
5 5.572239 -0.551350
5 9.585972 -0.551350
3 -4.730346 -6.289170
7 -0.189662 7.625577
5 6.351614 5.582629
1 -2.069035 10.643022
5 -7.771951 3.023462
7 -0.189662 7.625577
9 6.170238 -7.817643
3 -4.730346 -6.289170
9 6.474698 -4.317759
4 6.795352 -1.584614
7 6.795352 -1.584614
4 6.795352 -1.584614
5 9.585972 -0.551350
2 6.795352 -1.584614
1 5.614190 1.256093
10 9.573594 8.744710
5 5.572239 -0.551350
7 6.795352 -1.584614
10 6.138141 7.704263
5 -6.866045 6.966864
5 5.572239 -0.551350
9 6.170238 -7.817643
10 6.138141 7.704263
1 -2.069035 10.643022
7 9.598270 -9.813184
3 -4.730346 -6.289170
8 3.324548 2.299253
9 6.170238 -7.817643
3 -4.730346 -6.289170
9 6.170238 -7.817643
7 6.795352 -1.584614
9 6.170238 -7.817643
6 2.708351 -3.137381
2 6.795352 -1.584614
8 3.324548 2.299253
1 -2.069035 8.515804
1 -6.880248 8.515804
7 6.795352 -1.584614
5 5.572239 -1.884586
2 3.649109 -1.505189
9 6.170238 -7.817643
9 6.170238 -7.817643
6 3.360269 -10.999322
9 6.170238 -7.817643
10 6.138141 7.704263
5 8.199906 6.665399
9 -8.932758 4.216118
10 6.138141 7.704263
1 -9.934866 7.268645
6 3.360269 -10.999322
7 5.886032 -7.769585
5 9.585972 -0.551350
4 6.795352 -1.584614
10 6.138141 7.704263
7 4.436707 0.271626
9 -5.438466 9.537097
7 6.795352 -1.584614
4 3.219628 1.171404
9 6.170238 -7.817643
1 -6.880248 10.643022
2 7.935502 3.823767
4 6.795352 -1.584614
2 6.795352 -1.584614
4 6.795352 -1.584614
7 -0.189662 7.625577
9 6.170238 -7.817643
3 -6.596803 -1.891900
4 6.795352 -1.584614
6 -4.730346 -6.289170
