10 100
P 6.688808 -5.442552 9.801248 -2.850214
Z 1 -4.902108 3.387878 8.424115 0.019996
Z 2 -7.108944 9.970410 0.344724 -8.504521
P -5.378429 6.803371 -2.151166 11.405747
P -4.907647 6.151496 -2.743755 10.264605
K 1.510387 5.823143 3.802751
P 2.728658 4.613403 5.533189 6.419512
K 8.229916 2.060406 2.690364
Z 7 5.533189 4.613403 6.452781 4.220527
P -0.551390 -4.163875 2.527848 -2.026895
2 -6.6997 -1.3277
5 -4.9076 10.2646
4 -2.1512 11.4057
5 -9.2034 8.6288
7 5.5332 6.4195
6 3.3123 5.2902
5 4.7129 2.9647
10 2.5278 -4.1639
9 -2.1500 -9.7314
6 -1.7701 6.9946
5 -4.9076 10.2646
9 6.0770 7.6779
3 9.8012 -5.4426
2 3.0835 3.6708
5 -4.7104 4.9856
5 -4.9076 10.2646
9 2.2894 5.3913
8 8.2299 2.0604
1 6.6888 -5.4426
3 -2.5883 -7.6935
4 -5.3784 6.8034
1 8.9692 -4.8251
10 -0.5514 -4.1639
3 -14.5412 -8.4131
10 -0.5514 -2.0269
1 9.8012 -5.4426
5 -2.7438 10.2646
1 6.6888 -5.4426
10 -0.5514 -4.1639
3 6.6888 -5.4426
9 5.5332 4.6134
4 3.4374 -0.9424
1 9.8012 -2.8502
4 -5.3784 6.8034
8 8.2299 2.0604
2 9.4925 5.6511
10 2.5278 -4.1639
9 5.5332 6.4195
4 -5.3784 11.4057
9 2.2894 5.3913
8 8.2299 2.0604
5 -2.7438 6.1515
4 -5.3784 11.4057
8 2.1690 -5.4415
8 8.2299 2.0604
4 8.4632 5.2334
8 -4.2441 2.9646
10 2.5278 -4.1639
9 9.0832 8.1833
9 2.7287 4.6134
3 -17.0109 -7.6253
6 1.5104 5.8231
9 -2.8390 -5.8127
5 -2.7438 6.1515
6 1.5104 5.8231
1 9.4382 4.9559
6 1.5104 5.8231
5 0.6600 3.1845
4 -2.1512 11.4057
8 8.2299 2.0604
2 3.7065 8.2965
6 -8.4612 -5.9084
2 12.2312 4.1724
8 8.2299 2.0604
7 5.5332 4.6134
7 2.7287 4.6134
6 2.2580 -1.2516
10 -0.5514 -4.1639
9 5.5332 4.6134
1 6.6888 -2.8502
4 4.5130 9.4285
5 7.7106 4.2299
1 6.6888 -2.8502
5 -4.9076 10.2646
9 5.5332 4.6134
9 -4.5474 -6.4122
4 -5.3784 11.4057
10 2.5278 -2.0269
7 2.7287 6.4195
1 6.6888 -2.8502
4 -4.0738 -0.2654
8 8.2299 2.0604
10 -0.5514 -4.1639
8 8.2299 2.0604
5 -4.9076 6.1515
6 8.5561 3.4091
2 -5.5597 7.8234
3 9.3684 -9.8437
10 -2.5338 4.3508
4 -2.1512 11.4057
10 -0.5514 -2.0269
3 -8.5891 -12.8621
4 -5.3784 11.4057
3 -8.5891 -12.8621
7 3.1087 -7.8443
10 -0.5514 -2.0269
9 2.2894 5.3913
10 6.0287 -1.2244
8 8.2299 2.0604
9 2.7287 4.6134
