10 100
K -9.046534 7.105085 4.487808
K 0.266545 -8.790001 3.562340
K -2.024737 -7.687838 3.837849
K 2.967756 7.112879 3.659871
P -3.615175 0.912134 -1.017060 5.521374
Z 4 2.967756 7.112879 2.882854 8.109268
P -8.175355 -2.030357 -6.362657 0.265536
K 0.117025 3.625216 2.883517
Z 6 2.967756 7.112879 2.030101 6.765312
P 8.382052 4.604585 12.351616 5.799477
7 -6.362657 -2.030357
3 -2.664541 3.901725
9 2.967756 7.112879
8 7.031508 7.317236
5 -3.615175 0.912134
5 -3.615175 0.912134
3 -2.024737 -7.687838
8 0.117025 3.625216
2 0.266545 -8.790001
5 -1.017060 5.521374
2 -6.701825 -1.427677
4 6.632646 1.914748
10 -7.585480 -1.249667
4 2.967756 7.112879
5 0.247815 -0.942514
5 -1.017060 5.521374
3 -2.024737 -7.687838
2 0.266545 -8.790001
5 -1.017060 5.521374
3 -2.024737 -7.687838
9 8.485456 7.497515
1 -9.046534 7.105085
4 2.967756 7.112879
10 8.382052 5.799477
9 2.967756 7.112879
2 0.266545 -8.790001
6 7.072130 -3.457761
1 -8.258827 6.425258
5 -3.615175 5.521374
7 7.039250 5.138489
4 2.967756 7.112879
2 0.266545 -8.790001
5 -3.615175 0.912134
4 2.967756 7.112879
2 0.898867 0.774020
7 9.789607 4.530481
10 8.382052 5.799477
7 -8.175355 -2.030357
5 -1.419653 3.595060
8 0.117025 3.625216
1 7.416294 -9.896952
1 -9.215103 -0.328378
1 -9.046534 7.105085
5 -1.017060 0.912134
5 -3.615175 5.521374
4 8.148730 7.853079
8 0.117025 3.625216
9 2.967756 7.112879
4 6.043880 -2.701378
7 0.576158 -3.506304
10 12.351616 5.799477
5 -3.615175 0.912134
5 -1.017060 5.521374
2 0.266545 -8.790001
10 8.382052 5.799477
3 -2.024737 -7.687838
1 -9.046534 7.105085
3 -0.487634 -4.749762
7 -6.362657 -2.030357
7 -8.175355 0.265536
4 2.967756 7.112879
3 -2.024737 -7.687838
1 2.382725 -1.148986
9 2.967756 7.112879
1 -9.046534 7.105085
4 2.967756 7.112879
3 -2.024737 -7.687838
1 -9.046534 7.105085
10 -9.644866 5.233053
2 0.266545 -8.790001
7 8.053313 7.587682
5 -1.017060 0.912134
6 0.914545 -7.397092
4 0.033676 -8.727207
4 -5.681845 -7.908072
8 0.117025 3.625216
3 1.664473 -7.061415
7 -6.362657 -2.030357
3 0.637831 -7.913400
5 -1.017060 5.521374
3 -2.024737 -7.687838
2 -0.825509 -0.414171
7 -6.362657 0.265536
1 -9.046534 7.105085
9 2.967756 7.112879
9 2.967756 7.112879
9 -3.115029 -5.986729
1 -5.239630 1.091125
7 3.976093 -1.357508
8 0.117025 3.625216
1 -9.046534 7.105085
10 12.351616 4.604585
3 0.188537 -5.361381
2 0.266545 -8.790001
2 0.266545 -8.790001
3 -2.024737 -7.687838
1 -9.046534 7.105085
1 7.262978 -8.592672
6 2.967756 7.112879
7 -6.362657 0.265536
