10 100
K -9.393058 0.191775 3.244154
K 3.308024 0.746388 3.926080
K 0.929445 -8.897098 3.051457
Z 3 7.979375 -8.053958 0.388110 -0.924406
P 6.437120 -0.930787 11.010199 3.297135
P -9.248606 -7.970441 -6.392246 -6.568866
P -5.652144 -6.455787 -4.020867 -4.149562
Z 3 0.929445 -8.897098 1.168649 -9.868067
K -2.738929 0.722516 3.074048
P 0.119559 8.456164 2.051205 12.651772
7 1.741734 3.752871
6 -9.248606 -6.568866
6 8.581692 9.173519
5 11.010199 -0.930787
2 3.308024 0.746388
9 -2.738929 0.722516
5 11.010199 3.297135
8 0.929445 -8.897098
8 -0.171410 6.896488
1 -9.393058 0.191775
1 -8.316898 -7.685644
6 -9.248606 -6.568866
7 6.541219 -0.784228
6 -2.063330 -6.194783
3 6.515657 5.400944
6 -9.248606 -7.970441
2 3.308024 0.746388
4 0.929445 -8.897098
9 -2.738929 0.722516
4 0.929445 -8.897098
6 -9.248606 -7.970441
2 2.142762 1.637238
10 2.051205 12.651772
5 11.010199 -0.930787
4 8.379056 -0.965048
1 -9.393058 0.191775
1 -9.393058 0.191775
3 0.929445 -8.897098
2 5.333859 5.270403
4 0.929445 -8.897098
9 -2.738929 0.722516
8 0.929445 -8.897098
2 -1.981939 -2.776637
3 -3.747758 -3.406213
9 2.077753 0.957952
10 -8.010837 -5.620285
2 3.308024 0.746388
5 -4.079219 -0.002161
7 -6.102428 -4.227309
10 0.119559 8.456164
8 0.929445 -8.897098
3 2.888585 9.449762
4 -6.123935 4.593861
3 0.929445 -8.897098
7 2.918296 -0.101338
10 2.051205 12.651772
4 8.379056 -0.965048
1 -9.393058 0.191775
2 0.260240 7.212078
3 4.563789 -9.996819
7 -4.180752 6.835730
10 0.119559 12.651772
10 2.051205 12.651772
2 3.308024 0.746388
3 -7.689798 -5.435993
4 5.541656 -6.381769
3 0.929445 -8.897098
8 0.929445 -8.897098
1 -9.393058 0.191775
2 3.308024 0.746388
2 3.308024 0.746388
8 0.929445 -8.897098
1 -9.393058 0.191775
1 -9.393058 0.191775
1 4.213543 4.354099
1 -9.036028 -5.009409
2 3.308024 0.746388
1 -9.393058 0.191775
5 4.872634 -3.596587
3 0.929445 -8.897098
2 -3.778075 -6.852242
5 11.010199 -0.930787
7 9.802680 -4.307708
1 -7.147819 6.051287
7 -5.652144 -4.149562
7 -4.020867 -6.455787
6 -9.248606 -7.970441
8 0.929445 -8.897098
7 -4.020867 -6.455787
2 3.308024 0.746388
3 0.929445 -8.897098
4 4.171758 3.509866
7 -3.654535 3.124363
10 2.051205 8.456164
3 0.929445 -8.897098
10 0.119559 12.651772
1 6.990385 7.519398
3 0.929445 -8.897098
5 6.437120 -0.930787
10 1.464289 -3.405304
10 2.051205 8.456164
4 8.379056 -0.965048
1 7.116496 1.152871
10 2.051205 12.651772
1 -9.393058 0.191775
9 -2.738929 0.722516
1 7.867967 1.300980
1 4.463197 2.606573
5 11.010199 3.297135
1 -9.469549 8.253585
