10 100
K 5.939017 -1.867969 4.995511
P 7.245595 -8.711341 10.125413 -5.126563
K 0.238909 -1.382920 3.917901
P -9.902272 -9.317039 -8.794049 -7.596440
K -8.757724 -7.188103 3.043233
Z 2 -6.076586 4.790496 -1.938548 -3.237710
K -7.637065 4.029465 2.884640
K -3.759673 4.059780 1.850817
Z 8 -3.759673 4.059780 -4.279028 3.205222
K 6.992518 -1.464993 4.232189
1 5.939017 -1.867969
4 4.150683 5.961002
2 10.125413 -8.711341
2 10.125413 -8.711341
2 10.125413 -5.126563
5 -8.757724 -7.188103
2 10.125413 -5.126563
4 -8.794049 -9.317039
5 -8.757724 -7.188103
9 -3.759673 4.059780
2 7.245595 -8.711341
2 -2.376731 -8.552244
5 -8.757724 -7.188103
8 -3.759673 4.059780
6 6.919625 5.281605
7 -9.563563 -7.324776
9 -0.340598 4.358686
9 7.078416 -9.769095
10 6.992518 -1.464993
7 -7.637065 4.029465
4 4.588091 -1.915829
3 0.238909 -1.382920
7 -7.637065 4.029465
10 6.992518 -1.464993
8 -3.759673 4.059780
10 6.992518 -1.464993
4 -6.186244 0.057994
8 0.518098 -6.285099
6 -5.162788 -4.387035
1 5.939017 -1.867969
5 -8.757724 -7.188103
3 0.238909 -1.382920
7 -7.637065 4.029465
8 -3.759673 4.059780
3 -7.231501 4.879137
10 -2.415263 -8.715657
3 0.238909 -1.382920
8 -3.759673 4.059780
3 0.238909 -1.382920
4 -9.902272 -7.596440
8 -3.759673 4.059780
8 -3.759673 4.059780
10 6.992518 -1.464993
8 -4.809586 0.030538
2 0.516841 -4.064011
6 -2.808841 -13.893774
10 6.992518 -1.464993
8 -3.759673 4.059780
3 0.238909 -1.382920
1 8.136465 -8.026054
6 7.245595 -5.126563
6 6.376317 -4.700280
5 -6.813861 9.947772
8 -3.759673 4.059780
4 -0.147937 -2.450867
2 7.245595 -8.711341
5 2.018633 -6.841043
9 -3.759673 4.059780
3 -9.792348 -3.449034
3 0.238909 -1.382920
6 10.125413 -8.711341
7 -7.637065 4.029465
2 2.644647 7.186428
1 5.939017 -1.867969
2 -5.089311 -1.879158
6 -2.808841 -13.893774
6 -7.399416 -14.159516
7 -7.637065 4.029465
7 -7.637065 4.029465
5 -8.197884 -7.383310
4 -9.902272 -7.596440
9 -2.114071 4.002235
10 6.992518 -1.464993
8 -3.759673 4.059780
8 -3.759673 4.059780
6 10.125413 -8.711341
10 5.514795 0.703144
7 -3.561814 -5.583580
3 0.238909 -1.382920
8 -3.759673 4.059780
5 -8.757724 -7.188103
9 -3.759673 4.059780
9 -5.069334 -3.436503
6 -2.808841 -13.893774
1 2.969576 3.742738
2 7.245595 -5.126563
10 6.992518 -1.464993
5 -8.757724 -7.188103
10 -3.816446 9.489690
6 -7.399416 -14.159516
2 1.819255 -2.438331
8 -3.759673 4.059780
9 -3.759673 4.059780
6 -4.479665 -16.239345
3 0.238909 -1.382920
9 1.267142 -6.627713
9 -3.759673 4.059780
1 5.939017 -1.867969
3 0.238909 -1.382920
4 7.627013 -4.740573
