10 100
K -3.585592 1.590893 2.137975
K -5.903339 -9.331412 2.448055
K 7.436531 8.874148 2.396881
K 7.441609 3.548894 4.429499
K -4.995748 -7.060625 3.204354
K 4.270979 7.621457 4.602076
Z 2 -3.657589 -4.665048 -3.625756 7.155003
P 4.340455 8.443369 7.004546 9.617506
K 1.368795 2.447330 3.751313
Z 1 -3.585592 1.590893 -2.653760 1.228005
10 -3.5856 1.5909
8 -3.3395 -1.8669
1 -3.5856 1.5909
4 5.0634 4.8454
1 4.6503 9.4924
4 7.4416 3.5489
2 -5.9033 -9.3314
4 -3.9994 -7.8284
5 -4.9957 -7.0606
2 -5.9033 -9.3314
4 -7.1741 -3.4586
4 7.4416 3.5489
10 5.7525 0.7068
5 -4.9957 -7.0606
6 4.2710 7.6215
1 -3.5856 1.5909
5 -4.9957 -7.0606
6 4.2710 7.6215
1 -3.5856 1.5909
2 -5.9033 -9.3314
5 3.5997 8.2177
3 7.4365 8.8741
2 -5.9033 -9.3314
10 -3.5856 1.5909
9 -8.2694 -4.0887
7 -1.1410 -0.6265
7 -9.1065 -4.0146
2 -5.9033 -9.3314
6 -7.6979 5.9665
7 -1.4370 -9.3434
2 4.4799 -7.7269
3 -3.6524 2.4921
10 8.3226 -8.1713
2 -5.9033 -9.3314
7 -1.4370 -9.3434
2 -5.9033 -9.3314
10 6.7513 -7.6005
3 7.4365 8.8741
10 -3.5856 1.5909
6 8.3930 8.7326
1 -3.5856 1.5909
3 7.4365 8.8741
8 7.0045 9.6175
7 -5.9981 8.4385
7 -5.9033 -9.3314
9 1.3688 2.4473
10 -3.5856 1.5909
3 7.4365 8.8741
8 7.0045 8.4434
7 -1.4370 -9.3434
4 7.4416 3.5489
3 7.4365 8.8741
10 -2.5683 -3.9866
6 4.2710 7.6215
4 7.4416 3.5489
4 7.4416 3.5489
8 4.3405 9.6175
8 2.7559 5.6617
1 -3.5856 1.5909
2 -6.0948 -8.5327
1 -3.5856 1.5909
7 -1.4370 -9.3434
7 -1.4370 -9.3434
7 -1.4370 -9.3434
8 3.2872 3.2109
4 7.4289 -4.0959
10 -1.3281 3.9986
1 -3.5856 1.5909
6 4.2710 7.6215
4 7.4416 3.5489
3 7.4365 8.8741
9 -8.8834 -7.0072
5 -4.9534 -8.5958
5 -4.9957 -7.0606
4 8.2403 3.1720
10 -3.5856 1.5909
2 7.3446 8.3832
8 4.3405 9.6175
2 -5.9033 -9.3314
5 -4.9957 -7.0606
2 -5.9033 -9.3314
2 -5.9033 -9.3314
4 7.4416 3.5489
3 -9.3317 -9.7163
3 7.4365 8.8741
6 4.2710 7.6215
2 -6.9407 0.4436
7 9.6450 6.1027
9 1.3688 2.4473
9 1.3688 2.4473
10 2.7640 -1.8094
8 7.0045 8.4434
9 1.3688 2.4473
8 7.0045 8.4434
2 -5.9033 -9.3314
3 7.4365 8.8741
2 3.0815 0.1101
9 1.3688 2.4473
4 7.4416 3.5489
3 7.4365 8.8741
