10 100
K 8.208927 -9.288629 3.754334
P -8.323630 1.298482 -3.722800 5.546297
Z 1 6.259813 -12.497363 7.114488 -13.016527
P 3.853981 -0.032000 5.182009 2.925271
Z 4 5.182009 -0.032000 5.704012 0.820944
K -7.402477 -8.843527 2.752692
P 3.463886 0.014499 6.525888 2.575392
K 7.865955 -6.157246 3.618436
P 4.284646 -6.801669 6.029565 -4.235082
K 1.029926 -2.452683 4.037555
2 -3.722800 5.546297
6 -7.402477 -8.843527
9 4.284646 -4.235082
10 1.029926 -2.452683
6 -7.796417 8.625920
5 5.182009 -0.032000
5 5.182009 -0.032000
8 7.865955 -6.157246
8 7.865955 -6.157246
2 -3.722800 5.546297
2 -3.722800 5.546297
4 9.474978 -2.496632
9 -0.089189 8.902724
7 3.463886 0.014499
10 1.029926 -2.452683
6 -7.402477 -8.843527
10 1.029926 -2.452683
6 -7.402477 -8.843527
2 -8.323630 1.298482
1 8.208927 -9.288629
10 1.029926 -2.452683
4 5.715907 -4.931620
5 8.462140 -7.429542
5 5.182009 -0.032000
2 1.381642 -5.824167
8 7.238803 -0.681432
5 5.786294 -1.214580
4 3.853981 2.925271
3 4.310698 -15.706097
1 8.208927 -9.288629
6 -7.402477 -8.843527
8 -2.080728 -3.010395
9 6.029565 -4.235082
7 8.054044 5.544328
5 3.853981 -0.032000
3 -8.400371 8.140210
9 0.905672 -2.180780
1 -1.723981 0.254413
9 5.786079 4.139860
10 1.029926 -2.452683
4 9.234078 -1.306177
8 5.846302 -9.876705
1 -6.760177 -9.710622
4 -7.436380 6.432785
7 6.525888 0.014499
7 6.525888 0.014499
4 5.182009 -0.032000
2 -3.722800 5.546297
3 -2.521584 -8.169717
10 -0.421451 0.107286
2 -3.722800 5.546297
9 4.284646 -6.801669
8 9.796972 -6.149105
3 8.208927 -9.288629
6 5.282695 7.320521
1 -1.647329 -6.906766
9 6.029565 -6.801669
1 -1.991417 0.286642
6 -3.866843 3.170510
1 8.208927 -9.288629
4 5.182009 -0.032000
7 5.690561 8.254706
5 8.419681 0.131053
10 1.029926 -2.452683
9 6.029565 -4.235082
6 -7.402477 -8.843527
5 3.853981 2.925271
2 -8.323630 1.298482
4 5.182009 2.925271
3 5.760512 -6.966025
9 4.284646 -6.801669
5 5.182009 -0.032000
10 6.358936 -6.188863
9 4.284646 -6.801669
9 2.509778 0.042622
2 3.907275 -7.453824
7 6.525888 2.575392
3 4.310698 -15.706097
9 6.029565 -4.235082
8 -3.675442 -2.675361
9 -9.807079 -8.320947
7 2.430184 1.459027
1 8.208927 -9.288629
2 -4.085529 2.938741
4 3.853981 -0.032000
5 5.786294 -1.214580
6 -7.402477 -8.843527
7 6.525888 2.575392
8 1.622223 8.458909
5 5.786294 -1.214580
10 1.029926 -2.452683
10 -8.194909 6.257610
6 -7.402477 -8.843527
10 -9.614200 5.792898
5 5.182009 -0.032000
4 5.182009 2.925271
8 9.895162 -1.349041
10 1.029926 -2.452683
9 6.029565 -6.801669
2 -3.722800 5.546297
