10 100
K -9.956392 -4.626847 2.021951
P -2.588049 -9.467843 0.107417 -5.986154
K 3.563793 3.035967 2.263267
K 3.759366 -0.662228 2.034543
K 1.351421 -6.580655 4.399290
K 8.968425 8.513177 3.423908
K 7.910648 -1.049084 3.553595
Z 4 3.271747 6.362499 -2.020689 0.931911
K -6.776127 -0.292989 4.543610
P -1.003171 -3.431215 2.502328 -0.229362
3 3.5638 3.0360
5 1.3514 -6.5807
9 -6.7761 -0.2930
2 -2.5880 -9.4678
9 -3.8748 -8.0708
1 -9.9564 -4.6268
6 8.9684 8.5132
9 -6.7761 -0.2930
3 3.5638 3.0360
2 -2.5880 -5.9862
2 0.1074 -9.4678
2 0.1074 -5.9862
1 2.5631 4.2004
5 1.3514 -6.5807
4 3.7594 -0.6622
10 5.3503 -4.8162
1 -3.8442 2.6195
1 7.8146 9.8333
10 2.5023 -3.4312
7 3.8632 2.2032
5 1.3514 -6.5807
6 8.9684 8.5132
8 3.7594 -0.6622
7 7.9106 -1.0491
7 7.9106 -1.0491
6 8.9684 8.5132
4 -6.6809 4.1554
5 1.3514 -6.5807
7 7.9106 -1.0491
5 1.3514 -6.5807
4 3.7594 -0.6622
5 1.3514 -6.5807
8 -4.6332 2.3044
8 -3.7632 6.6690
1 -9.9564 -4.6268
9 -6.7761 -0.2930
8 -3.7632 6.6690
8 -6.9388 6.8921
10 2.5023 -3.4312
2 -2.5880 -5.9862
10 -0.5536 -8.7732
5 1.3514 -6.5807
6 6.0758 1.9497
6 8.9684 8.5132
1 -9.9564 -4.6268
5 1.3514 -6.5807
1 -9.9564 -4.6268
5 1.3514 -6.5807
4 3.7594 -0.6622
2 -5.7466 2.4712
9 -6.7761 -0.2930
8 -3.7632 6.6690
6 8.9684 8.5132
1 -9.9564 -4.6268
6 8.9684 8.5132
1 -8.6138 -4.1546
4 -5.4533 -8.5372
9 -6.7761 -0.2930
4 3.7594 -0.6622
4 -1.8280 2.9758
6 8.9684 8.5132
4 3.7594 -0.6622
9 -6.7761 -0.2930
5 -5.3353 8.2093
8 -3.7632 6.6690
3 3.5638 3.0360
9 -1.7434 -7.3010
7 7.9106 -1.0491
9 -6.7761 -0.2930
1 -9.9564 -4.6268
3 3.5638 3.0360
5 1.3514 -6.5807
3 9.2275 9.7660
5 -3.5523 -4.4961
10 2.5023 -3.4312
8 -3.7632 6.6690
5 1.3514 -6.5807
7 7.9106 -1.0491
2 0.1074 -5.9862
3 -6.6899 -6.6019
4 3.7594 -0.6622
10 2.3809 -9.7286
5 1.3514 -6.5807
8 -3.7632 6.6690
5 1.3514 -6.5807
1 -9.9564 -4.6268
6 8.9684 8.5132
7 -2.5616 6.4365
5 1.3514 -6.5807
4 -6.0259 -1.6703
1 -4.4495 1.2438
3 3.5638 3.0360
4 3.7594 -0.6622
3 3.5638 3.0360
3 3.5638 3.0360
7 6.9176 -6.8249
9 -6.7761 -0.2930
4 3.7594 -0.6622
3 3.5638 3.0360
3 3.5638 3.0360
