10 100
K -2.877390 -6.824358 3.390311
K -0.230070 -4.125120 2.091162
P 4.143812 -8.508780 7.295733 -4.433657
P 4.435683 6.056307 8.158899 9.565740
Z 4 1.310295 -5.114836 -7.180994 -0.360271
K -0.769479 -3.014980 4.233813
P 2.205005 -2.062761 5.017320 0.310336
K -1.439511 -6.389902 4.215944
P 2.981495 0.564203 4.795747 2.179685
K -7.408845 -6.492526 2.858162
6 -0.7695 -3.0150
7 2.2050 0.3103
6 -0.7695 -3.0150
5 8.1589 9.5657
5 -4.1646 3.5654
7 6.5209 8.6813
9 4.7957 0.5642
3 2.9397 -9.1834
8 -1.4395 -6.3899
3 4.1438 -4.4337
1 -2.8774 -6.8244
7 4.5481 2.4843
2 -0.2301 -4.1251
4 3.3320 8.5659
9 2.9815 2.1797
3 7.2957 -4.4337
9 2.9815 2.1797
5 4.4357 9.5657
7 1.5777 5.6697
1 8.3842 1.7927
6 -0.7695 -3.0150
2 -0.2301 -4.1251
1 -2.8774 -6.8244
2 -0.2301 -4.1251
8 -1.4395 -6.3899
2 7.2489 -0.3841
7 5.0173 -2.0628
4 4.4357 9.5657
8 -1.4395 -6.3899
5 -9.5725 -15.4518
4 4.4357 9.5657
2 -0.2301 -4.1251
4 5.3198 8.3580
6 7.7975 -6.3395
4 8.1589 9.5657
4 0.8632 -4.9636
7 5.0173 0.3103
6 -0.7695 -3.0150
1 -2.8774 -6.8244
8 -1.4395 -6.3899
4 4.4357 6.0563
7 2.2050 -2.0628
9 4.7957 0.5642
10 9.0902 -2.6908
7 2.2050 0.3103
8 -1.4395 -6.3899
3 4.0798 -2.8579
8 -3.9257 5.6516
9 7.3688 -6.0972
3 7.2957 -8.5088
10 -7.4088 -6.4925
2 -0.2301 -4.1251
9 3.1945 5.2853
7 2.2050 0.3103
5 -4.6346 -16.7920
5 2.3646 -9.1442
2 1.8106 6.0565
6 -0.7695 -3.0150
3 7.2957 -8.5088
9 4.7957 2.1797
8 -1.4395 -6.3899
8 -4.2664 -3.6313
8 -1.4395 -6.3899
2 -0.2301 -4.1251
9 2.9815 2.1797
8 -1.5244 -2.7912
2 -0.2301 -4.1251
1 -2.8774 -6.8244
6 -0.7695 -3.0150
3 -1.7334 -1.9929
10 -7.4088 -6.4925
1 -2.8774 -6.8244
9 4.7957 2.1797
9 4.7957 2.1797
7 5.0173 -2.0628
5 8.1589 9.5657
3 4.1438 -4.4337
1 -9.4311 -0.1125
4 4.4357 9.5657
3 7.2957 -4.4337
7 5.0173 0.3103
3 4.1438 -4.4337
5 4.4357 6.0563
5 1.7804 -9.9077
3 -3.6635 8.0438
1 -0.9222 -4.9578
6 -0.7695 -3.0150
4 -5.9551 -2.4945
5 8.1589 6.0563
9 4.7957 2.1797
1 -2.8774 -6.8244
10 -9.9352 -1.0563
8 4.8970 -9.1833
10 -7.4088 -6.4925
9 2.9815 0.5642
6 -0.7695 -3.0150
4 4.4357 6.0563
5 8.1589 9.5657
4 -1.2244 -3.0842
5 8.1589 9.5657
