10 100
P -7.604767 5.963447 -4.238088 9.186724
P -7.565895 6.643014 -3.390058 8.463479
K -9.615483 1.682259 4.847363
Z 3 -14.360915 2.671099 -14.564910 1.692127
P 4.769249 9.225405 8.502348 12.546740
P -5.275367 -2.742766 -4.232967 -0.960510
K 5.140955 8.740808 1.243889
P 4.642623 5.063921 7.602622 9.429766
P -2.353175 3.113650 -0.484520 5.598707
Z 2 -7.866100 -0.792989 -5.765976 5.508547
6 -5.275367 -0.960510
4 -9.615483 1.682259
9 -1.492920 -4.654752
8 -5.528290 4.672934
6 -5.275367 -0.960510
3 -9.615483 1.682259
6 -4.232967 -2.742766
8 4.642623 5.063921
4 9.243220 -7.328933
6 9.117946 2.232772
8 7.602622 9.429766
2 5.666675 -2.460350
2 -3.390058 8.463479
4 8.355065 -1.664913
1 -4.238088 5.963447
9 9.068223 9.121067
1 -3.880230 -1.635852
10 -3.390058 6.643014
7 5.140955 8.740808
7 5.140955 8.740808
3 -9.229036 0.668667
8 7.602622 9.429766
9 -2.353175 3.113650
5 8.502348 9.225405
1 -4.238088 5.963447
6 -4.232967 -0.960510
3 -2.779995 -1.017860
10 -3.390058 8.463479
3 -9.615483 1.682259
2 0.898555 9.969899
1 4.339392 0.777832
4 -9.615483 1.682259
9 -0.484520 5.598707
4 -9.615483 1.682259
7 5.140955 8.740808
3 -9.615483 1.682259
3 -9.615483 1.682259
9 0.522571 -2.784675
7 -5.403801 -0.250308
9 8.163775 2.247794
3 -9.615483 1.682259
1 -7.604767 9.186724
6 4.740413 5.036918
4 -5.764707 -7.896575
2 -7.565895 8.463479
6 7.261386 0.991799
10 -3.645341 5.336404
3 -9.615483 1.682259
4 0.706111 -8.600019
2 4.662484 -4.811287
5 8.502348 12.546740
9 -0.484520 3.113650
2 -3.390058 6.643014
2 -7.565895 6.643014
1 -7.604767 9.186724
9 -0.484520 5.598707
9 -0.484520 5.598707
8 7.727928 7.740827
7 0.409521 -8.728003
7 5.140955 8.740808
9 -3.000569 -3.032503
5 -7.640614 7.538013
6 -5.275367 -0.960510
8 7.602622 5.063921
5 -7.731153 9.144864
1 -7.604767 9.186724
7 5.140955 8.740808
8 4.642623 5.063921
7 5.140955 8.740808
6 -9.341778 3.019154
9 -2.353175 3.113650
10 7.252088 -3.477526
6 -4.232967 -2.742766
1 -4.238088 5.963447
5 1.561127 -5.958822
9 -0.484520 5.598707
6 -4.232967 -0.960510
2 -7.565895 8.463479
2 7.426378 -5.625718
2 -7.565895 6.643014
6 -5.275367 -2.742766
2 -3.390058 8.463479
4 -3.126539 3.929890
5 8.502348 9.225405
7 4.866615 -6.588685
6 -4.232967 -2.742766
6 -4.232967 -2.742766
10 2.626221 9.770753
1 -2.988129 -4.409157
8 4.642623 5.063921
4 -19.106347 3.659938
9 -0.484520 5.598707
5 4.769249 9.225405
4 2.330812 -9.426117
1 -4.238088 9.186724
2 -7.565895 6.643014
8 4.642623 5.063921
7 5.140955 8.740808
5 -9.619436 5.831969
8 7.602622 5.063921
