10 100
K -5.362891 0.780519 2.661257
Z 1 2.068397 -3.494903 -0.018780 -0.194330
Z 2 1.090971 1.892638 8.260265 -0.927581
P -5.942797 -8.158885 -0.958309 -5.516807
Z 3 1.391424 5.051734 2.307418 5.452926
P 9.513392 4.212821 11.444209 6.950752
Z 1 2.841448 6.132354 -6.662006 -9.848170
P -6.967493 -6.164149 -2.355460 -4.533238
P -2.336358 7.246584 2.142221 8.791759
P -8.956308 0.956420 -6.376435 2.021144
5 -1.130938 8.447281
2 1.391424 5.051734
6 11.444209 6.950752
2 -5.362891 0.780519
8 -2.355460 -4.533238
1 -5.362891 0.780519
6 11.444209 4.212821
1 -5.362891 0.780519
9 -2.336358 8.791759
9 2.142221 7.246584
4 -0.958309 -8.158885
2 1.391424 5.051734
9 -2.336358 7.246584
2 -5.362891 0.780519
9 -2.336358 7.246584
3 1.391424 5.051734
10 -8.956308 0.956420
1 -5.362891 0.780519
8 -6.128702 -4.374664
2 -6.568735 -1.802203
4 -3.129089 -7.426576
3 -5.185794 3.978130
3 -2.875460 7.103835
7 -5.362891 0.780519
6 9.513392 4.212821
4 -5.942797 -8.158885
4 -0.958309 -8.158885
10 5.358062 7.539730
9 2.142221 7.246584
9 2.142221 8.791759
9 -2.336358 8.791759
7 2.056510 -3.631722
6 9.513392 6.950752
9 -2.336358 8.791759
2 6.549765 3.424382
4 -8.939906 -9.924337
9 -2.336358 8.791759
10 -2.752437 -9.310773
3 -5.362891 0.780519
8 -2.355460 -6.164149
7 2.056510 -3.631722
10 4.495468 -0.918512
4 -5.942797 -8.158885
3 -2.875460 7.103835
10 -6.767607 -3.302514
9 2.142221 7.246584
8 -7.545441 -2.613902
8 -6.967493 -4.533238
1 -5.362891 0.780519
2 -5.362891 0.780519
3 3.911847 0.936884
4 -0.958309 -8.158885
2 -5.362891 0.780519
5 -0.841455 -0.624482
4 -0.958309 -5.516807
9 -2.336358 8.791759
3 -9.064631 -6.370625
6 9.513392 6.950752
8 -2.355460 -6.164149
4 -5.942797 -5.516807
2 1.391424 5.051734
1 -5.362891 0.780519
6 5.319880 0.236145
5 1.391424 5.051734
5 -6.528281 -0.809836
8 -5.250309 5.536398
3 -2.875460 7.103835
7 5.608967 -3.624351
4 -5.942797 -5.516807
2 8.118241 -0.414734
4 -0.347840 -0.193069
2 1.391424 5.051734
4 -5.942797 -5.516807
3 -7.046432 4.609767
3 -2.875460 7.103835
6 1.272471 -2.638696
9 -2.336358 8.791759
10 -8.956308 2.021144
9 -3.478215 8.298629
2 1.391424 5.051734
3 -0.715467 -1.495000
9 -8.015367 -6.463858
4 -5.942797 -5.516807
1 -5.362891 0.780519
4 -5.942797 -5.516807
9 3.713196 -2.121339
2 1.391424 5.051734
10 -8.956308 0.956420
1 9.496493 7.531911
5 -5.362891 0.780519
5 1.391424 5.051734
6 9.513392 6.950752
5 -5.362891 0.780519
9 -2.336358 7.246584
5 -4.347950 6.485611
7 -1.191819 1.501510
6 11.444209 6.950752
3 -5.362891 0.780519
8 1.521581 4.640184
9 2.142221 7.246584
