10 100
P -0.616448 2.689973 1.546215 6.433178
K 4.684648 -8.629874 3.411946
K -0.763417 8.536826 3.659465
P 4.373619 -0.598406 6.690583 0.525272
Z 3 -0.763417 8.536826 -0.034058 7.852695
Z 5 -1.724596 5.005846 -0.759706 4.743190
Z 5 2.460729 6.805766 2.933765 7.686809
K 3.836432 -3.700362 4.237806
Z 2 6.534343 -5.762820 5.694044 -5.220696
K -8.840168 -1.770182 2.003925
8 3.836432 -3.700362
6 -0.763417 8.536826
8 3.836432 -3.700362
7 -1.539821 0.420136
2 4.684648 -8.629874
9 6.486906 1.242388
3 -0.763417 8.536826
8 3.836432 -3.700362
1 -0.616448 6.433178
3 0.272031 4.756873
7 -0.763417 8.536826
6 -2.685774 1.474865
8 3.836432 -3.700362
2 -7.507544 9.567432
5 -7.486230 9.401211
1 1.546215 2.689973
1 -9.215961 4.820350
1 1.546215 6.433178
5 -0.763417 8.536826
4 -2.262575 -1.796178
5 -0.763417 8.536826
1 -0.616448 2.689973
9 4.684648 -8.629874
5 -0.763417 8.536826
10 -4.210942 -5.614167
5 -3.627223 8.273674
8 3.836432 -3.700362
3 2.933104 -1.510353
8 3.836432 -3.700362
4 6.690583 -0.598406
10 -8.840168 -1.770182
2 4.684648 -8.629874
4 6.690583 0.525272
7 5.684875 5.074707
7 5.684875 5.074707
6 -0.763417 8.536826
6 -2.685774 1.474865
7 6.526230 9.610099
3 -5.239352 7.897137
7 5.684875 5.074707
8 -2.278896 9.958374
10 -8.840168 -1.770182
10 -8.840168 -1.770182
8 3.836432 -3.700362
7 7.856963 -1.178503
7 -0.763417 8.536826
10 -8.840168 -1.770182
6 -2.685774 1.474865
1 -0.616448 2.689973
3 -5.712695 -2.413717
5 6.780172 -4.876595
1 1.546215 6.433178
2 -6.008693 -7.938838
2 4.684648 -8.629874
5 -0.763417 8.536826
1 -0.616448 6.433178
4 6.690583 -0.598406
4 4.373619 0.525272
4 4.373619 0.525272
1 -1.042107 -5.592161
8 3.836432 -3.700362
9 8.384039 -2.895766
6 -2.685774 1.474865
7 -0.763417 8.536826
4 -4.349276 -3.310534
6 -8.074567 7.640448
2 4.684648 -8.629874
10 -8.840168 -1.770182
3 -0.763417 8.536826
10 -8.840168 -1.770182
1 1.546215 2.689973
9 2.153805 -5.311235
2 4.684648 -8.629874
9 5.934057 -6.378350
6 -0.763417 8.536826
8 9.057410 4.814650
4 0.160890 -5.439920
3 -4.403102 -4.157184
3 -0.763417 8.536826
3 -0.763417 8.536826
5 -0.763417 8.536826
10 -8.840168 -1.770182
2 -7.886278 -4.896599
9 8.384039 -2.895766
3 -0.763417 8.536826
8 3.836432 -3.700362
9 -4.049272 -2.625742
2 4.684648 -8.629874
8 3.836432 -3.700362
4 6.690583 -0.598406
2 4.684648 -8.629874
3 -4.593631 6.631061
8 3.836432 -3.700362
8 3.836432 -3.700362
3 -0.763417 8.536826
7 5.684875 5.074707
3 -0.763417 8.536826
4 6.690583 -0.598406
1 1.546215 2.689973
1 -0.616448 6.433178
