10 100
K 2.622619 9.806768 3.198726
P -5.636522 2.451323 -4.392856 7.207828
P -4.543334 0.948447 -1.100577 5.289379
K 6.495089 6.581685 3.402968
Z 4 6.495089 6.581685 7.175321 7.314682
P -3.537875 -0.212305 -1.547963 3.931736
P -7.091737 -9.150670 -4.130757 -4.649060
K 1.325175 8.273322 1.393984
Z 7 -0.431107 6.589078 -7.370405 4.800725
P 1.978655 -7.561933 3.545855 -4.346188
3 -4.543334 0.948447
7 -4.130757 -9.150670
4 6.495089 6.581685
8 1.325175 8.273322
7 7.207001 3.503598
4 6.495089 6.581685
7 7.643704 6.725054
4 6.495089 6.581685
3 7.869691 -6.409194
3 7.755576 -7.597744
2 -5.636522 2.451323
4 6.495089 6.581685
3 -4.543334 5.289379
10 1.479277 8.961254
9 -7.091737 -9.150670
3 -1.100577 0.948447
2 -5.636522 2.451323
1 2.174824 4.125969
4 2.861996 8.709255
3 -1.100577 5.289379
6 -1.547963 -0.212305
4 6.104027 -3.187531
5 -0.300974 3.337842
9 -11.277368 18.580145
6 2.005204 4.741087
2 -4.392856 2.451323
3 7.181369 9.894421
7 3.805821 9.971749
7 -7.091737 -4.649060
8 1.325175 8.273322
1 -9.901571 -1.121678
1 1.964656 7.373976
8 1.325175 8.273322
8 1.325175 8.273322
7 1.967194 0.779135
9 -7.091737 -9.150670
8 1.325175 8.273322
5 6.495089 6.581685
6 1.779487 -6.806750
6 4.435734 -6.369237
1 2.622619 9.806768
7 -2.149382 -5.699192
8 1.325175 8.273322
6 -1.547963 -0.212305
9 4.879182 5.936682
1 2.622619 9.806768
2 -4.392856 7.207828
7 -9.774863 7.119885
3 4.468335 6.218635
1 4.991374 1.840538
1 2.622619 9.806768
7 -4.130757 -4.649060
7 2.913289 -5.918369
5 6.495089 6.581685
2 8.765298 -6.188977
2 -2.080545 9.119508
8 -7.400860 -2.226827
2 -5.636522 2.451323
1 2.622619 9.806768
2 -5.636522 7.207828
8 1.325175 8.273322
2 -5.636522 7.207828
1 2.187015 -4.120499
3 -1.100577 5.289379
2 -5.636522 2.451323
8 1.325175 8.273322
5 6.495089 6.581685
3 -2.070201 -2.016988
7 -1.621790 -9.894821
5 6.495089 6.581685
10 1.978655 -7.561933
2 -4.392856 2.451323
5 6.495089 6.581685
7 -4.130757 -9.150670
7 -2.042729 1.797488
1 -4.479815 -1.569669
3 -0.904550 1.050888
7 -7.091737 -9.150670
3 -1.100577 0.948447
1 2.622619 9.806768
3 -4.543334 5.289379
5 -4.466007 6.680837
1 2.622619 9.806768
10 -6.354520 -7.292819
1 2.756672 -2.039174
4 6.495089 6.581685
4 8.611243 -6.815417
10 3.545855 -7.561933
4 4.309485 3.611571
7 -4.130757 -4.649060
10 3.545855 -4.346188
10 3.545855 -4.346188
3 -9.424608 1.083921
7 -7.091737 -9.150670
9 -4.130757 -4.649060
5 6.495089 6.581685
6 -1.547963 -0.212305
2 -4.392856 7.207828
5 -1.787254 -8.136062
4 -6.765953 6.918429
