10 100
P 2.591602 -1.943116 6.840129 -0.131650
K 3.069365 6.585335 1.185665
P 0.110387 0.718702 2.303585 5.528314
P -9.447300 8.668640 -7.249626 13.562061
K 1.184615 2.977182 4.426310
Z 1 6.237150 -8.634982 7.665414 -9.213827
Z 2 2.187573 9.328783 4.468110 3.178201
Z 3 0.110387 5.528314 -0.714376 6.093792
K 7.215123 -4.269369 3.633020
K -1.911967 -4.182846 2.841091
3 0.1104 0.7187
7 3.0694 6.5853
2 3.0694 6.5853
10 -1.9120 -4.1828
1 2.9031 1.1707
5 1.1846 2.9772
5 1.1846 2.9772
8 0.1104 0.7187
7 3.0694 6.5853
8 2.3036 0.7187
9 7.2151 -4.2694
10 -1.9120 -4.1828
9 7.2151 -4.2694
9 7.2151 -4.2694
1 -4.0240 5.1657
2 3.0694 6.5853
8 0.1104 5.5283
1 2.5916 -1.9431
2 -1.4062 -6.9354
7 8.0268 9.6498
9 7.2151 -4.2694
2 3.0694 6.5853
5 1.1846 2.9772
3 8.5800 7.0852
8 0.1104 5.5283
5 1.1846 2.9772
7 3.0694 6.5853
9 7.2151 -4.2694
8 0.1104 0.7187
10 -3.8276 9.9485
8 0.1104 5.5283
5 1.1846 2.9772
7 -3.5086 -9.6143
3 1.9236 6.9816
6 6.8401 -1.9431
8 0.1104 5.5283
2 3.0694 6.5853
7 3.3075 6.6736
4 -9.4473 8.6686
2 3.0694 6.5853
3 2.3036 5.5283
8 0.1104 5.5283
2 3.5026 9.4606
5 1.1846 2.9772
9 7.2151 -4.2694
5 1.1846 2.9772
3 2.3036 0.7187
7 -0.6739 3.0262
9 7.2151 -4.2694
2 -1.6271 -7.2087
9 -1.2671 9.2779
2 2.3191 2.1689
8 2.3036 5.5283
9 7.2151 -4.2694
6 6.8401 -1.9431
9 7.2151 -4.2694
7 3.0694 6.5853
1 2.5916 -0.1317
7 3.3075 6.6736
10 -1.9120 -4.1828
1 6.8401 -0.1317
10 -5.9274 -8.0271
7 3.0694 6.5853
9 7.2151 -4.2694
9 7.2151 -4.2694
10 -1.9120 -4.1828
7 3.0694 6.5853
1 9.3656 -5.1349
10 -1.9120 -4.1828
6 -2.2998 -12.2010
10 7.6933 8.3232
7 3.0694 6.5853
1 2.5916 -1.9431
5 1.1846 2.9772
8 -0.7387 3.4274
4 -9.4473 8.6686
6 2.9282 -1.0875
2 3.0694 6.5853
9 -3.8087 -6.3100
3 2.3036 5.5283
8 5.3872 5.2163
5 1.1846 2.9772
1 2.5916 -1.9431
1 6.8401 -0.1317
7 9.2593 -2.4524
10 -1.9120 -4.1828
5 1.1846 2.9772
5 1.1846 2.9772
4 -9.4473 13.5621
8 -7.4082 1.1478
7 3.0694 6.5853
9 2.2592 -4.3597
5 1.1846 2.9772
5 -9.8256 -3.8063
1 5.4003 -7.0283
8 4.5967 7.2620
7 3.0694 6.5853
3 0.1104 5.5283
8 0.1104 5.5283
9 -1.2403 -9.0906
