10 100
P 5.014044 -1.061932 6.707832 1.685294
P 4.365107 -2.457404 7.476307 1.675829
Z 2 7.034216 9.900580 -1.833735 -4.706699
K -3.223163 7.717156 1.916977
K -0.206955 8.377455 1.372976
Z 4 -4.525213 -1.933204 7.000848 0.990486
Z 3 -5.841061 4.024674 0.903956 -0.520963
Z 1 5.014044 1.685294 5.721445 0.978483
Z 7 7.061551 -1.346184 1.429841 -6.226245
K 3.115689 -3.262352 1.120964
4 -3.223163 7.717156
10 -3.183866 -3.196443
3 -2.374756 9.092594
7 7.476307 -2.457404
2 4.365107 1.675829
9 -9.336711 2.067034
10 3.115689 -3.262352
10 3.115689 -3.262352
3 -6.070032 -0.639295
8 5.014044 1.685294
10 -4.378647 -8.603228
7 -5.725083 2.229628
2 4.365107 1.675829
5 -0.206955 8.377455
2 4.365107 -2.457404
4 -3.223163 7.717156
1 9.601141 -5.181225
3 9.180859 -0.456500
8 6.707832 -1.061932
10 3.115689 -3.262352
6 1.219247 -9.796154
1 6.707832 -1.061932
4 -3.223163 7.717156
10 -0.104403 -6.491704
8 5.014044 1.685294
2 1.905617 -1.290888
6 6.863696 -1.934449
3 -4.133730 4.590948
6 -3.984088 -1.723056
7 4.365107 1.675829
7 -2.583017 -6.879989
1 5.014044 1.685294
5 -0.206955 8.377455
8 7.762683 -0.006200
7 -0.466737 6.497982
5 9.861501 -8.313283
4 -3.223163 7.717156
5 5.155991 8.688680
4 1.697128 0.780419
6 -3.223163 7.717156
7 7.476307 -2.457404
2 4.365107 -2.457404
9 2.031370 0.293855
5 2.365365 5.486875
9 4.653181 -14.313266
2 2.021041 6.739790
8 7.036278 2.292458
3 -8.201346 -5.261535
5 -0.206955 8.377455
3 7.476307 -2.457404
7 0.968741 3.737734
10 3.356563 -9.913545
2 7.476307 -2.457404
4 -3.223163 7.717156
4 -3.223163 7.717156
8 -8.515158 7.426798
7 -2.698253 1.830700
9 8.930878 -11.403886
6 1.178612 -1.654137
3 7.476307 1.675829
10 0.411251 8.421654
5 0.534529 1.073638
4 -9.358712 2.134856
4 -3.223163 7.717156
5 -0.206955 8.377455
7 -5.763503 0.547282
10 3.115689 -3.262352
7 -2.492244 -7.904161
5 -0.206955 8.377455
1 5.014044 1.685294
6 -3.223163 7.717156
9 -4.133730 4.590948
5 -0.206955 8.377455
6 -9.856426 9.748247
3 -4.133730 4.590948
6 -3.223163 7.717156
1 5.014044 1.685294
1 2.133015 3.357951
6 9.200905 -1.424039
5 5.267301 5.539413
4 -3.223163 7.717156
9 9.528289 3.299141
10 3.115689 -3.262352
7 5.165744 -5.885921
7 0.968741 3.737734
2 7.476307 1.675829
7 -1.947177 3.628189
8 -0.414132 5.696432
9 -3.019041 -2.179512
7 -6.116275 -1.885052
7 -0.466737 6.497982
4 -3.223163 7.717156
10 3.115689 -3.262352
10 1.180936 4.024639
4 -4.444832 1.615624
3 4.365107 1.675829
8 2.105329 -9.218369
10 3.115689 -3.262352
7 1.334719 -7.437330
4 4.127596 6.724203
