10 100
K 3.546349 2.868237 2.020097
K -4.341559 -2.764998 1.611409
Z 2 8.400384 -6.019543 -9.619271 8.830520
P 3.800751 -6.341360 5.000186 -4.850475
K 4.388441 -8.640341 3.675314
K 2.688682 -8.750201 4.469104
K -2.527076 6.391437 2.499994
Z 7 3.977976 2.142006 -9.342092 -6.830565
P 3.883351 0.578275 8.639187 1.899479
P 3.492905 -6.762268 7.092281 -4.222367
8 5.471755 -5.483083
9 3.883351 0.578275
4 3.800751 -6.341360
9 3.883351 0.578275
6 2.688682 -8.750201
6 2.688682 -8.750201
5 6.617162 -3.078544
3 2.771062 5.865738
10 8.256927 -9.141182
4 5.000186 -4.850475
9 3.883351 0.578275
4 3.038302 -9.265394
8 5.471755 -5.483083
10 3.492905 -6.762268
3 2.771062 5.865738
2 7.285942 6.190583
3 -4.341559 -2.764998
9 8.639187 1.899479
9 8.639187 1.899479
7 -2.527076 6.391437
4 -5.614811 -8.535811
7 9.655327 -7.146756
1 3.546349 2.868237
1 3.546349 2.868237
10 7.092281 -4.222367
4 2.335629 -6.250631
9 4.745112 0.752638
7 -2.527076 6.391437
7 -0.862649 6.533951
1 3.546349 2.868237
6 2.688682 -8.750201
3 2.771062 5.865738
4 3.800751 -4.850475
10 7.092281 -4.222367
10 -0.485915 6.588275
10 7.092281 -4.222367
9 8.639187 0.578275
9 3.883351 1.899479
9 3.883351 1.899479
8 9.254835 8.968617
2 -4.341559 -2.764998
10 7.092281 -4.222367
1 3.546349 2.868237
2 -4.341559 -2.764998
1 3.546349 2.868237
8 0.847746 -4.799906
3 -4.341559 -2.764998
3 -7.113599 -4.492457
2 -0.683038 6.269773
7 -2.527076 6.391437
1 9.430675 -3.272856
9 3.883351 0.578275
7 -2.527076 6.391437
1 3.546349 2.868237
9 3.883351 0.578275
3 -4.341559 -2.764998
8 -6.681383 2.354909
1 3.546349 2.868237
6 2.688682 -8.750201
3 -4.341559 -2.764998
9 -0.143761 -0.107707
3 -4.898164 -1.315113
3 2.771062 5.865738
7 -2.527076 6.391437
5 4.388441 -8.640341
9 -0.156905 6.720059
5 4.388441 -8.640341
1 -2.325212 -8.773786
8 -2.527076 6.391437
7 -0.248307 3.555879
9 3.883351 0.578275
10 7.092281 -6.762268
1 3.546349 2.868237
9 8.639187 1.899479
4 8.413198 1.097963
4 5.000186 -6.341360
5 4.388441 -8.640341
2 -4.341559 -2.764998
7 6.107138 3.387461
2 -4.341559 -2.764998
9 3.883351 0.578275
6 2.688682 -8.750201
7 -5.833480 1.543635
5 6.290598 4.710966
3 2.771062 5.865738
7 -2.527076 6.391437
3 -3.297827 -0.965924
8 -2.527076 6.391437
4 4.099926 0.873871
5 4.388441 -8.640341
4 5.000186 -4.850475
3 2.771062 5.865738
3 -4.341559 -2.764998
7 -0.076880 7.543444
10 7.092281 -6.762268
8 -4.120595 -4.732674
5 -2.133465 9.181469
6 2.688682 -8.750201
6 -7.946912 -5.983269
6 -6.811501 7.039414
