10 100
P 4.597083 7.980899 6.684804 10.167207
K -5.304917 -6.585523 4.576701
Z 2 -5.304917 -6.585523 -4.306293 -6.533085
P -6.480701 -3.391767 -2.498137 0.607133
Z 2 -0.996892 -5.040494 -1.334477 -4.099200
P -4.005064 -1.534703 -2.893405 0.174960
P -6.811396 2.904344 -5.406327 6.972846
P 0.834418 -4.294148 4.649388 -0.953371
Z 4 -2.498137 -3.391767 -3.402817 -3.817861
K 4.744016 9.189637 1.844172
7 -5.4063 2.9043
3 4.7122 7.0731
6 2.9110 8.4809
10 8.5315 -4.0831
5 3.3111 -3.4955
9 0.5848 -5.9386
6 8.5447 7.5056
1 -3.5028 -3.3995
4 9.3110 -4.8424
5 -1.6344 -4.5382
10 4.7440 9.1896
5 3.3111 -3.4955
2 -5.3049 -6.5855
8 0.8344 -4.2941
2 -5.3049 -6.5855
4 -2.4981 0.6071
9 -1.9516 -9.0090
9 -2.4981 -3.3918
1 6.6848 10.1672
8 7.5556 0.0642
6 -2.8934 -1.5347
3 -5.3049 -6.5855
3 -5.3049 -6.5855
9 0.5848 -5.9386
9 -2.0823 2.2194
5 8.8453 -5.7915
10 4.7440 9.1896
3 -5.3049 -6.5855
6 -9.3103 -8.2898
5 3.3111 -3.4955
4 -6.4807 -3.3918
2 -7.1570 -4.0935
2 -5.3049 -6.5855
4 -2.4981 0.6071
7 0.8453 5.1358
3 -5.3049 -6.5855
5 -5.3049 -6.5855
6 5.4469 -4.9415
9 -4.3251 -1.0540
4 -6.4807 -3.3918
1 8.8020 -2.4816
8 4.6494 -0.9534
8 5.4858 7.8090
3 -3.0372 -1.6644
5 3.3111 -3.4955
2 -5.3049 -6.5855
2 -5.3049 -6.5855
7 -5.4063 6.9728
7 -6.8114 2.9043
7 -5.4063 6.9728
1 6.6848 7.9809
3 0.8183 -3.4374
1 6.6848 10.1672
6 -3.1980 -0.4619
7 -2.1417 -5.1639
7 7.9932 -6.6862
4 -6.4807 0.6071
4 -6.4807 0.6071
5 3.3111 -3.4955
7 -3.3908 -2.3327
7 -6.8114 2.9043
7 -6.8114 2.9043
8 0.8344 -4.2941
8 -9.3314 3.7665
2 -5.3049 -6.5855
10 4.7440 9.1896
2 -5.3049 -6.5855
7 -6.8114 6.9728
5 3.3111 -3.4955
8 4.6494 -4.2941
2 -5.3049 -6.5855
10 4.7440 9.1896
6 -4.0051 0.1750
5 3.3111 -3.4955
5 3.3111 -3.4955
9 -6.4807 0.6071
7 -5.4063 2.9043
6 -4.1162 0.3859
6 -7.8042 -7.0497
6 -4.0051 0.1750
3 -5.3049 -6.5855
5 -9.9524 6.9547
7 -6.8114 6.9728
9 -5.0346 -6.4621
7 -0.5431 7.8184
5 -5.3049 -6.5855
5 -5.3049 -6.5855
10 4.7440 9.1896
5 -5.3049 -6.5855
1 9.2260 -3.4920
10 4.7440 9.1896
2 0.7080 6.8228
6 -2.8934 0.1750
10 9.9210 -1.7026
10 4.7440 9.1896
4 6.8496 1.3805
2 -5.3049 -6.5855
10 6.7086 -6.0682
6 -4.0051 -1.5347
2 -3.2886 -7.3667
