10 100
P -2.003093 -7.462954 2.357184 -3.695780
P -1.575183 -6.199589 0.331140 -3.447940
Z 2 -9.702039 -5.105474 -2.904182 -4.566910
K 3.074713 5.953588 2.965838
K -5.617879 -4.841502 1.449629
P -4.256837 8.017561 -2.644077 12.689647
Z 5 -6.927105 -5.463877 -6.497772 -6.367023
K 3.697904 -3.911519 2.835493
P -5.415695 8.200373 -2.339567 9.837370
K 7.665505 8.401504 2.061655
2 -1.575183 -6.199589
8 3.697904 -3.911519
8 3.697904 -3.911519
9 9.711611 -3.516172
4 -1.431117 -8.425379
5 -9.305144 7.937007
1 -3.726472 -6.555234
4 3.074713 5.953588
7 3.071642 -7.998384
6 -2.644077 8.017561
2 0.331140 -6.199589
10 8.516183 4.055594
6 -2.644077 12.689647
3 -9.086568 8.803696
1 2.357184 -3.695780
6 9.897333 -7.529900
6 -2.644077 8.017561
6 1.926125 -6.618733
1 -2.003093 -3.695780
2 0.331140 -6.199589
7 -9.528784 -6.948220
10 7.665505 8.401504
1 -9.312018 -8.935401
6 -4.256837 12.689647
8 3.697904 -3.911519
7 -5.617879 -4.841502
8 5.610977 9.967793
10 7.665505 8.401504
9 -2.339567 8.200373
4 -4.799123 -6.936338
1 2.357184 -3.695780
3 0.466976 -5.162478
5 -5.617879 -4.841502
7 -3.919047 -7.473627
1 2.357184 -3.695780
8 3.697904 -3.911519
8 3.697904 -3.911519
2 0.331140 -3.447940
5 -5.617879 -4.841502
2 8.539059 -1.276842
4 1.876901 1.422284
5 -5.617879 -4.841502
7 -8.361059 4.684018
4 3.074713 5.953588
6 3.418268 3.801520
8 3.697904 -3.911519
4 3.074713 5.953588
4 6.747705 -3.095949
4 3.074713 5.953588
8 3.697904 -3.911519
9 -4.190249 2.976644
5 -5.617879 -4.841502
5 -5.617879 -4.841502
9 -5.415695 9.837370
1 2.357184 -7.462954
10 7.665505 8.401504
6 -0.378103 -8.775341
8 7.043053 -8.747949
4 3.074713 5.953588
7 4.776390 9.436061
4 6.745946 -5.061849
6 -5.054073 8.226886
5 -5.617879 -4.841502
7 -9.440084 -0.302751
7 -5.617879 -4.841502
2 -1.575183 -3.447940
10 -9.542429 -3.951521
6 -4.256837 12.689647
2 0.331140 -3.447940
4 -9.066105 9.007438
1 -2.003093 -7.462954
7 -8.236332 -6.086251
2 -0.276258 -2.319755
10 7.665505 8.401504
10 7.665505 8.401504
9 -2.339567 9.837370
10 7.665505 8.401504
7 -8.904228 4.379410
9 -5.415695 8.200373
2 0.331140 -3.447940
2 -1.575183 -3.447940
9 -6.754374 6.706687
8 3.602693 -1.136145
7 -8.236332 -6.086251
6 -2.644077 8.017561
8 3.697904 -3.911519
4 3.074713 5.953588
3 -1.575183 -3.447940
9 -5.415695 8.200373
9 -2.339567 9.837370
9 -5.415695 9.837370
9 -9.793852 4.105339
4 -0.577030 0.729194
8 6.331849 -5.768231
9 -2.339567 9.837370
4 -5.129743 -1.535000
4 -8.996856 1.994522
3 -0.532031 7.907632
5 8.561455 -1.677605
6 -4.256837 12.689647
