10 100
P -5.656143 3.030593 -2.290789 4.284527
P -3.869293 6.900568 -1.169401 10.457237
K -0.251516 -9.134273 2.270415
K -3.490432 4.597079 4.959296
P -5.561156 5.968147 -4.418121 9.474501
Z 5 -0.522634 9.856933 -1.091306 2.912604
K -4.932813 4.803920 2.948610
K -5.664639 -4.049692 4.138313
K 6.661464 -3.408968 1.835880
P -3.841758 4.325144 -2.026217 9.172316
9 6.6615 -3.4090
5 -4.4181 9.4745
4 3.0221 -3.2716
1 -2.2908 4.2845
8 -5.6646 -4.0497
7 7.1601 -4.6228
7 6.9743 -4.7212
7 -4.9328 4.8039
2 2.3270 7.4408
9 6.6615 -3.4090
2 -1.1694 6.9006
1 -7.2565 9.5995
7 -1.8122 0.9576
4 -3.4904 4.5971
8 -7.9456 0.0544
6 -4.4181 5.9681
10 -3.8418 4.3251
3 -5.9206 -7.6809
4 -3.4904 4.5971
1 -0.6502 7.4460
3 -0.2515 -9.1343
7 -4.9328 4.8039
2 -1.8576 5.5915
10 -2.0262 9.1723
6 -4.4181 9.4745
10 -3.8418 9.1723
9 6.6615 -3.4090
5 -5.5612 5.9681
1 5.5477 9.9347
1 8.3524 8.3057
9 6.4479 -6.8297
3 -6.2805 -9.1219
8 -5.6646 -4.0497
2 -9.0641 -0.3325
3 -0.2515 -9.1343
7 -4.9328 4.8039
5 -5.5612 5.9681
3 8.4194 -6.9499
4 -8.3849 3.2390
6 3.8161 5.2002
10 -3.8418 9.1723
10 -3.8418 4.3251
8 -4.2510 -6.1124
8 -5.6646 -4.0497
7 -2.5984 9.3194
4 -3.4904 4.5971
7 -4.9328 4.8039
9 6.6615 -3.4090
10 -3.8418 4.3251
8 -5.6646 -4.0497
9 -0.9161 -2.1872
9 6.6615 -3.4090
5 -5.5612 5.9681
5 -4.4181 5.9681
4 -3.3740 -7.7287
7 -8.4150 -9.8162
4 -3.4904 4.5971
4 -3.4904 4.5971
6 3.8161 5.2002
2 -3.8693 6.9006
6 2.6883 5.3862
3 5.4639 -0.8814
7 -8.3562 -7.4896
8 -5.6646 -4.0497
8 -5.3149 4.7437
2 -3.8693 6.9006
7 -4.9328 4.8039
7 -4.9328 4.8039
7 -6.2272 3.7767
2 -1.1694 6.9006
1 -2.2908 4.2845
8 -5.9600 8.2043
7 -4.9328 4.8039
1 4.2379 -6.3733
6 5.7490 -2.9072
6 6.5707 6.0532
5 -5.5612 9.4745
10 -3.8418 4.3251
2 5.7712 -6.4512
3 -0.2515 -9.1343
1 -2.2908 4.2845
7 -2.2174 4.8536
3 6.9426 -1.6006
1 -5.6561 3.0306
8 -5.6646 -4.0497
3 -0.2515 -9.1343
3 -0.3262 -0.1630
6 -3.3332 3.0719
5 -4.4181 9.4745
1 -5.6561 3.0306
1 -2.2908 3.0306
2 -3.8693 10.4572
6 -2.0786 7.4406
6 3.8161 5.2002
5 -5.5612 5.9681
3 -0.2515 -9.1343
5 -6.2118 5.8272
8 -5.6646 -4.0497
5 -5.5612 5.9681
1 8.0834 8.4443
