10 100
P -4.365706 5.545633 -0.259300 8.817681
K 6.147709 -6.226584 2.110992
Z 1 -6.661607 -1.144223 8.940765 -4.016876
K 0.115791 8.024503 4.029842
Z 3 2.813308 -1.390258 -9.382565 3.131821
K -2.564467 -2.045205 3.282112
K -8.581998 -5.728255 1.285046
K -1.587992 5.396163 3.690901
K 1.914879 -1.414224 2.564764
K 1.850403 2.461121 4.295402
5 -0.169163 5.803293
7 -8.901230 -9.453582
5 -4.365706 8.817681
7 -8.581998 -5.728255
9 0.588799 -6.150278
1 3.072880 -6.868970
6 -7.242856 -6.494820
2 6.147709 -6.226584
1 -0.259300 8.817681
6 -8.504923 -6.959401
1 -0.259300 8.817681
9 7.434030 -8.264893
10 1.850403 2.461121
4 0.115791 8.024503
10 1.850403 2.461121
1 2.624989 5.954024
5 -0.259300 8.817681
9 1.914879 -1.414224
1 -5.245897 7.044596
5 -4.227157 -12.733120
10 1.557471 -2.095444
2 6.147709 -6.226584
2 2.564433 8.822417
4 0.115791 8.024503
2 6.147709 -6.226584
4 0.115791 8.024503
1 5.375563 0.835523
1 -4.365706 5.545633
3 -4.227157 -12.733120
2 1.377926 9.249346
1 7.190676 -3.074641
8 -2.950133 -0.849285
6 -4.530168 -8.816495
9 -6.966679 1.168207
5 1.006602 13.193251
5 -4.227157 -12.733120
3 3.063481 7.306687
6 -2.564467 -2.045205
4 0.115791 8.024503
5 4.869663 11.800651
3 -4.365706 8.817681
3 -4.365706 8.817681
1 4.745305 -6.213952
4 0.115791 8.024503
4 0.115791 8.024503
6 -2.564467 -2.045205
4 -7.663882 4.806217
5 -7.152114 -1.969203
6 -2.564467 -2.045205
2 6.147709 -6.226584
4 4.373678 5.521742
8 -1.587992 5.396163
10 0.013997 1.713830
2 6.147709 -6.226584
3 -1.048550 -6.239069
1 -4.365706 8.817681
9 -4.358689 2.866268
2 6.147709 -6.226584
10 1.850403 2.461121
8 -1.587992 5.396163
3 -6.898915 -8.213100
1 -4.365706 8.817681
3 -8.064286 -11.270585
7 -8.581998 -5.728255
8 -0.129304 -5.497066
8 -1.587992 5.396163
10 1.850403 2.461121
5 -0.259300 5.545633
9 1.914879 -1.414224
10 1.850403 2.461121
7 -8.581998 -5.728255
6 -2.671189 -5.264731
8 8.020259 -1.210413
2 6.147709 -6.226584
7 -5.930657 -3.374168
5 -6.898915 -8.213100
10 -9.969121 9.727537
3 -3.061785 -9.675635
2 6.147709 -6.226584
5 -8.064286 -11.270585
10 1.850403 2.461121
3 -4.365706 5.545633
8 -1.587992 5.396163
6 4.293058 8.298674
2 -0.501443 -5.855870
4 9.213058 -4.570193
6 -2.564467 -2.045205
7 2.302587 -7.151977
6 -2.564467 -2.045205
9 1.914879 -1.414224
10 3.203513 3.402880
1 -0.259300 5.545633
10 1.850403 2.461121
7 -0.670787 2.925197
5 -0.259300 5.545633
2 6.147709 -6.226584
5 1.358863 0.474553
8 6.873486 0.202618
6 -2.564467 -2.045205
5 8.970707 -8.011391
