10 100
P 6.653725 2.639947 11.164377 4.666988
Z 1 -2.952477 0.902201 6.098477 6.045323
P -6.665151 -7.313781 -3.172703 -3.232058
P -2.025018 4.026217 -0.737746 7.731443
P -8.453531 -0.269790 -7.107918 3.813554
K 1.189646 5.681966 3.272585
P 4.085467 -1.792837 9.041243 1.152666
Z 6 -9.905947 4.718354 1.325088 8.267011
K -5.248692 2.280058 3.136042
Z 1 11.164377 2.639947 12.163848 2.672456
4 -2.025018 7.731443
5 4.569257 -3.001098
5 -8.453531 3.813554
10 6.794984 0.324071
5 -0.946223 -3.168722
3 -3.172703 -7.313781
7 -0.192526 -6.783466
3 -6.665151 -7.313781
5 -7.107918 3.813554
6 2.555079 9.420074
5 -8.453531 -0.269790
8 1.189646 5.681966
6 1.189646 5.681966
5 -7.107918 -0.269790
9 -5.248692 2.280058
4 -0.737746 4.026217
9 -5.753070 4.221922
1 6.653725 4.666988
9 2.212465 8.410411
3 -6.665151 -7.313781
1 -5.259348 -3.380951
6 1.189646 5.681966
6 -1.239418 5.799421
6 1.189646 5.681966
9 -5.248692 2.280058
4 -0.737746 7.731443
10 6.794984 0.324071
8 -0.271066 10.304927
4 -9.935787 0.145091
9 -5.248692 2.280058
8 -0.271066 10.304927
3 1.839122 2.418762
8 5.574214 -1.744458
6 1.189646 5.681966
1 11.164377 2.639947
9 -5.248692 2.280058
3 -6.665151 -7.313781
7 4.085467 1.152666
2 11.164377 2.639947
8 1.189646 5.681966
9 -5.248692 2.280058
10 11.164377 4.666988
9 -5.248692 2.280058
2 -6.944591 8.295097
8 -0.271066 10.304927
10 11.164377 4.666988
1 6.653725 2.639947
6 -6.405425 -9.737308
7 9.041243 -1.792837
9 -5.248692 2.280058
7 4.085467 -1.792837
9 -5.248692 2.280058
9 -5.248692 2.280058
2 6.653725 2.639947
5 -7.107918 3.813554
6 -9.936895 1.653068
10 6.794984 0.324071
8 -0.974333 -4.215323
3 -6.665151 -7.313781
4 -2.025018 7.731443
8 -8.524427 8.861812
1 11.164377 2.639947
1 11.164377 2.639947
7 4.085467 1.152666
2 5.198564 7.227805
1 1.333824 -1.791983
1 6.653725 2.639947
6 2.184355 9.099967
5 4.853580 9.573886
9 5.336442 -7.892323
9 -5.248692 2.280058
5 -7.107918 -0.269790
6 -5.400597 -7.253288
6 1.189646 5.681966
5 -7.107918 -0.269790
7 -0.040246 2.097951
1 6.653725 4.666988
10 6.653725 4.666988
7 9.041243 1.152666
2 6.653725 2.639947
10 6.794984 0.324071
5 4.201181 2.829877
8 -0.271066 10.304927
6 1.189646 5.681966
5 -7.107918 3.813554
5 7.222902 0.280626
3 -6.665151 -7.313781
9 -2.728081 -2.906222
2 4.113197 6.639616
3 -3.172703 -3.232058
4 -2.777114 3.501387
2 11.164377 2.639947
5 -7.107918 3.813554
1 6.653725 2.639947
6 -4.454171 -5.185647
8 8.439631 9.178293
10 11.164377 4.666988
6 4.429269 -7.119298
7 9.041243 1.152666
3 -3.172703 -3.232058
