10 100
P 7.449108 -2.563333 9.581572 -1.090080
P 2.564167 -4.468245 5.188284 -0.525592
K -2.787926 -9.568783 1.080801
Z 3 -1.502565 -2.418797 1.009587 -5.555687
Z 1 -2.331194 -3.240074 -3.106514 1.214054
Z 5 -12.262724 -4.521274 -13.120581 -4.007386
Z 1 -0.199348 -5.079860 4.431805 7.781368
K 6.464203 -0.560830 2.916594
P 7.451193 -2.148508 8.718615 1.428145
K -6.948939 -9.428097 4.997223
9 -0.2039 9.3672
5 7.4491 -1.0901
8 -0.0725 -0.1640
7 -7.1657 -2.8156
4 5.7555 -2.7268
9 -9.8500 2.8601
1 9.5816 -2.5633
9 5.4045 -0.9179
1 9.5816 -1.0901
8 6.4642 -0.5608
8 6.4642 -0.5608
6 -12.2627 -4.5213
10 -6.9489 -9.4281
9 8.7186 1.4281
4 8.3814 -0.6954
1 -6.6356 -1.4003
4 -1.8241 6.8815
9 8.7186 -2.1485
2 1.4680 3.6814
4 5.7555 -2.7268
5 -13.7720 -6.6284
5 -8.9289 -8.4915
1 9.5816 -1.0901
1 7.4491 -1.0901
10 -6.9489 -9.4281
5 -12.2627 -4.5213
10 -6.9489 -9.4281
7 1.7128 -9.8803
10 -6.9489 -9.4281
1 7.4491 -1.0901
10 -6.9489 -9.4281
3 3.5795 -4.0714
9 9.8105 -6.0059
2 5.1883 -4.4682
9 8.7186 -2.1485
9 8.8028 3.5128
4 -2.7879 -9.5688
9 7.4512 1.4281
9 8.3390 -8.6064
10 -6.9489 -9.4281
10 1.1546 7.3227
2 2.5642 -4.4682
5 9.5816 -2.5633
4 -7.4474 -7.8167
2 -9.6465 5.6512
6 9.5816 -2.5633
3 -6.7607 -0.9673
7 7.4491 -1.0901
5 -12.2627 -4.5213
10 -6.9489 -9.4281
2 2.5642 -4.4682
5 -8.4382 5.0375
7 3.8594 2.6348
9 -8.6732 7.4838
6 7.4491 -2.5633
9 -3.8172 8.7696
8 6.4642 -0.5608
9 7.4512 1.4281
4 5.7555 -2.7268
2 3.7943 4.2441
5 9.5816 -1.0901
8 6.4642 -0.5608
10 -6.9489 -9.4281
2 2.5642 -4.4682
10 -3.8877 -7.9134
3 -2.7879 -9.5688
9 7.4512 1.4281
9 8.7186 1.4281
7 -6.1307 3.0944
3 -2.7879 -9.5688
3 -5.1244 0.8536
7 7.4491 -2.5633
5 3.0972 3.9569
6 -11.1170 -2.1964
10 -6.9489 -9.4281
7 8.2761 3.3177
9 8.7186 -2.1485
6 -4.6882 -22.8247
2 -7.3202 -5.1513
6 2.7127 6.7859
10 -6.9489 -9.4281
2 -6.2306 5.1554
7 9.5816 -1.0901
7 9.5816 -1.0901
1 9.5816 -2.5633
1 5.7038 7.7183
10 4.9950 -1.5365
1 7.4491 -1.0901
10 -6.9489 -9.4281
4 5.7555 -2.7268
7 9.5816 -1.0901
4 -4.1107 3.9895
10 -6.9489 -9.4281
1 7.1611 -4.3586
10 -6.9489 -9.4281
9 7.4512 1.4281
4 8.0039 1.3049
2 2.5642 -4.4682
2 2.5642 -4.4682
2 -9.8024 5.4077
