10 100
K -6.680102 -6.267856 4.328768
P 9.181345 -0.252194 10.761933 4.222399
P -2.765283 -0.171437 0.595786 1.454969
K 0.962600 6.141426 1.050467
K 7.082963 -7.573918 1.152739
P 7.702791 8.007333 11.108582 11.701874
Z 2 5.154044 7.157678 5.548493 -4.336209
P -8.530243 0.572171 -7.087829 4.302960
Z 7 9.627411 -5.563163 0.080924 2.825405
K -0.399137 -3.009700 1.918834
7 9.181345 -0.252194
4 0.962600 6.141426
5 7.082963 -7.573918
3 0.595786 1.454969
5 7.082963 -7.573918
8 -8.530243 0.572171
9 10.761933 -0.252194
1 -2.434540 -8.705828
5 7.082963 -7.573918
1 -6.680102 -6.267856
3 -7.170522 9.546947
4 0.962600 6.141426
5 7.827084 1.697030
9 7.409829 0.887632
2 -5.047910 6.902738
6 7.702791 8.007333
5 7.082963 -7.573918
5 7.082963 -7.573918
10 3.358161 1.321294
5 7.082963 -7.573918
2 -7.109944 -0.594491
4 0.316266 1.535682
5 7.082963 -7.573918
3 0.595786 1.454969
9 -4.051457 -7.267912
1 4.797256 7.706696
9 0.068973 -7.946568
2 -5.328006 6.149260
9 -3.359453 4.657497
5 7.082963 -7.573918
10 -0.399137 -3.009700
10 -0.399137 -3.009700
2 10.761933 4.222399
6 -0.259133 7.924690
2 10.761933 4.222399
3 9.393578 3.398674
7 9.181345 4.222399
6 11.108582 11.701874
1 8.008455 -9.189745
3 5.641167 -7.096790
1 -6.680102 -6.267856
6 4.566076 -7.304487
5 7.082963 -7.573918
10 -3.289979 -6.515283
9 10.761933 -0.252194
2 10.761933 4.222399
6 11.108582 8.007333
8 -8.530243 0.572171
2 10.761933 4.222399
3 -3.005502 -3.334253
7 0.185893 2.048085
10 -0.399137 -3.009700
8 -8.530243 0.572171
7 9.181345 -0.252194
7 -3.703203 9.107673
2 10.761933 4.222399
9 4.983096 -6.751920
1 -6.680102 -6.267856
4 0.962600 6.141426
5 7.082963 -7.573918
2 -3.080670 -5.745063
6 11.108582 8.007333
10 -0.399137 -3.009700
8 -8.530243 4.302960
7 1.337447 3.953211
8 -8.530243 0.572171
4 0.962600 6.141426
6 4.014133 4.092168
10 -3.256225 3.484341
5 -8.472075 -2.095342
6 -5.267920 0.142076
4 0.962600 6.141426
6 1.305061 4.087503
10 -0.399137 -3.009700
2 -4.977169 -3.579010
7 2.856189 6.491278
4 0.962600 6.141426
2 -8.777417 1.791857
8 7.362317 9.767533
10 -0.399137 -3.009700
1 -6.680102 -6.267856
8 -5.532739 -7.301235
3 0.595786 -0.171437
4 0.962600 6.141426
2 3.591957 -1.915664
10 -0.399137 -3.009700
1 -3.584847 -7.937797
1 -6.680102 -6.267856
8 -2.696921 2.372268
2 9.181345 4.222399
4 -6.681531 1.555610
6 11.108582 11.701874
5 -2.259671 -0.217605
6 7.702791 8.007333
9 0.067337 -0.619214
10 -0.399137 -3.009700
5 7.082963 -7.573918
10 2.357907 2.091249
8 8.048259 -8.062418
8 8.091642 7.821594
