10 100
P 9.654795 -4.467869 13.579000 -2.405839
Z 1 13.579000 -4.467869 12.973636 -3.671920
K 1.356269 2.789620 1.805438
Z 1 -8.699397 3.610562 6.061676 9.958430
K -2.807080 -6.653333 2.264120
K 3.612987 -7.425211 1.173143
P 7.867802 0.480212 11.780609 4.339891
K -1.330610 6.222897 3.520066
Z 6 -6.405180 -2.345160 -3.689267 4.989975
P -2.461702 -0.604428 1.419755 2.750705
8 -1.3306 6.2229
10 1.4198 2.7507
8 -1.3306 6.2229
2 14.6270 -0.6862
6 3.6130 -7.4252
4 2.1793 -3.8927
8 -1.3306 6.2229
2 12.6399 -0.1355
9 -17.3160 0.3240
5 -2.8071 -6.6533
10 1.4198 -0.6044
7 11.7806 4.3399
3 1.3563 2.7896
4 9.6548 -2.4058
2 13.5790 -4.4679
6 9.7964 9.5798
1 9.6548 -4.4679
8 -1.3306 6.2229
7 11.7806 4.3399
7 -1.2675 0.4008
6 5.7226 -5.0880
3 1.3563 2.7896
9 -17.3160 0.3240
3 1.3563 2.7896
10 -0.9194 4.5825
3 1.3563 2.7896
8 -1.3306 6.2229
10 5.6155 3.8405
4 -1.9381 22.4897
6 3.6130 -7.4252
2 11.5919 -3.9172
10 -0.6842 0.0407
5 -2.8071 -6.6533
2 14.6270 -0.6862
3 1.3563 2.7896
4 8.8934 5.6588
1 9.6548 -2.4058
7 11.7806 0.4802
6 3.6130 -7.4252
3 -5.3865 -9.7024
1 13.5790 -2.4058
9 -17.3160 0.3240
6 3.6130 -7.4252
4 -0.4413 21.0713
2 13.5790 -4.4679
9 -17.3160 0.3240
10 -1.9608 -2.2815
1 13.5790 -4.4679
2 -4.5305 5.5546
2 0.8105 5.0271
2 8.5275 -4.9172
4 -8.2900 9.2117
1 9.6548 -2.4058
2 -4.2075 -7.7801
4 13.5790 -2.4058
9 3.6130 -7.4252
4 -0.6119 1.3090
3 -0.6694 -8.1597
8 -1.3306 6.2229
6 3.6130 -7.4252
1 9.6548 -4.4679
1 9.6548 -4.4679
6 3.6130 -7.4252
6 3.6130 -7.4252
7 11.7806 0.4802
4 9.6548 -2.4058
5 -2.8071 -6.6533
9 3.1792 5.8521
4 -0.4413 21.0713
9 3.6130 -7.4252
4 0.7612 25.3381
6 3.6130 -7.4252
9 -9.6437 -5.4415
5 -2.8071 -6.6533
7 8.0616 3.2175
9 -17.3160 0.3240
6 3.6130 -7.4252
1 13.5790 -4.4679
4 -3.5168 -0.8002
4 -0.2127 1.3244
8 9.5353 -1.8369
7 11.7806 4.3399
3 1.3563 2.7896
9 -17.3160 0.3240
7 11.7806 4.3399
9 8.1799 6.2059
1 -7.7595 2.3090
4 -9.6578 -1.2769
7 0.3353 -2.8615
10 1.4198 -0.6044
1 13.5790 -4.4679
2 12.6399 -0.1355
5 -2.8071 -6.6533
8 -1.3306 6.2229
3 1.3563 2.7896
8 -7.1998 -7.3261
3 -4.5271 -0.6939
10 2.3328 -5.2877
2 -7.9654 9.6472
3 1.3563 2.7896
