10 100
K -5.846172 -9.729949 2.221025
P -8.436811 -7.798293 -5.787504 -5.580912
K -5.451901 -0.114164 1.633404
P -3.682616 9.288837 -1.199802 12.581160
Z 3 -5.451901 -0.114164 -5.973717 -0.967222
Z 3 -5.451901 -0.114164 -5.636232 -1.097028
Z 6 2.306448 -4.137374 0.357554 -6.853227
K 4.195309 -4.901530 1.870595
Z 8 4.195309 -4.901530 3.944148 -3.933585
K 0.150271 -2.481192 3.739390
4 -4.0493 -5.0671
7 -5.4519 -0.1142
6 -9.9530 7.5763
10 0.7066 1.6441
7 8.6019 -10.1992
7 -7.2751 -1.1667
2 -2.7507 -8.2179
9 4.1953 -4.9015
4 -1.1998 12.5812
9 -2.4405 -7.5568
7 -1.2190 -1.3652
2 8.1993 8.8493
2 -5.7875 -7.7983
7 -5.4519 -0.1142
10 0.1503 -2.4812
9 -6.0616 0.7954
1 -5.8462 -9.7299
7 -4.9058 -9.2326
4 -3.6826 12.5812
4 -1.1998 9.2888
1 -5.8462 -9.7299
1 -5.8462 -9.7299
10 0.1503 -2.4812
3 -5.4519 -0.1142
2 -8.9216 -5.2360
6 -2.9090 -3.5582
7 -5.4519 -0.1142
6 -5.4519 -0.1142
6 -5.4519 -0.1142
1 -6.0665 6.4909
10 0.1503 -2.4812
10 -5.4701 8.1343
5 -5.4519 -0.1142
10 0.1503 -2.4812
3 2.4507 0.2360
3 -5.4519 -0.1142
7 -7.4921 9.3824
10 0.1503 -2.4812
1 -1.7165 2.0332
9 4.1953 -4.9015
1 -5.8462 -9.7299
7 -5.4519 -0.1142
10 0.1503 -2.4812
10 0.1503 -2.4812
8 4.1953 -4.9015
8 4.1953 -4.9015
7 -3.1809 -0.5425
3 -5.4519 -0.1142
10 0.1503 -2.4812
4 -3.6826 12.5812
2 -5.7875 -5.5809
5 4.5706 -1.1592
10 0.1503 -2.4812
4 -1.1998 9.2888
5 -5.4519 -0.1142
10 0.1503 -2.4812
5 1.1108 7.8547
4 -3.6826 9.2888
7 8.6019 -10.1992
2 -0.6226 -4.1250
5 -1.2218 9.5449
9 4.1953 -4.9015
1 -5.8462 -9.7299
3 -5.4519 -0.1142
5 -1.0068 -5.3289
2 8.9937 0.3515
7 8.6019 -10.1992
9 4.1953 -4.9015
7 -5.4519 -0.1142
10 0.1503 -2.4812
5 -5.4519 -0.1142
4 -1.1998 12.5812
6 -5.4519 -0.1142
5 -5.4519 -0.1142
8 4.1953 -4.9015
8 4.1953 -4.9015
4 3.2915 0.9432
3 -0.5338 -2.9239
8 4.1953 -4.9015
9 4.1953 -4.9015
8 -0.3680 -1.7386
5 -3.8995 -9.1369
5 -5.4519 -0.1142
2 -8.4368 -7.7983
4 -1.1998 12.5812
2 -5.7875 -7.7983
5 -5.3659 -5.7437
10 0.1503 -2.4812
6 9.9413 8.5458
6 -5.4519 -0.1142
10 0.1503 -2.4812
2 3.8681 -5.2897
4 -4.7053 -6.9336
2 -5.7875 -7.7983
5 -5.4519 -0.1142
10 0.1503 -2.4812
5 -5.4519 -0.1142
5 -5.4519 -0.1142
7 -6.8098 -3.1728
10 -7.4331 9.3812
