10 100
P 3.887043 -0.589022 8.449195 2.278227
Z 1 -1.934088 1.264079 6.941646 -9.389878
Z 2 7.908917 6.194348 8.080680 -8.143552
Z 2 2.779369 -7.932839 -5.782643 -0.911592
P 5.087677 2.658191 6.091005 6.417940
K 5.293954 -1.527282 1.958047
K 7.919037 -5.264262 2.912927
K -2.210346 6.577943 2.612108
Z 6 5.293954 -1.527282 4.857703 -0.627456
Z 4 -5.465775 8.821005 8.113847 8.781697
4 -2.1288 -2.0172
10 3.2384 20.5864
7 7.9190 -5.2643
2 -6.1501 -1.1197
7 7.9190 -5.2643
10 2.1101 -0.3305
3 0.2721 -2.0904
10 -1.1697 -0.5099
6 5.2940 -1.5273
1 -6.1929 0.4474
1 3.8870 -0.5890
9 5.2940 -1.5273
4 -3.9829 -4.2782
8 8.9068 -1.2437
4 -1.9868 -9.2831
2 -0.7514 2.8824
1 3.8870 -0.5890
3 3.0307 -5.0327
3 12.0235 2.3757
2 -4.8069 -8.7653
5 6.0910 2.6582
2 -0.4223 -2.8729
4 -1.1628 -4.7960
1 3.8870 2.2782
6 2.0781 -9.3518
7 3.5615 7.2944
3 -1.9868 -9.2831
10 -6.9022 28.6694
2 -2.9467 5.9362
7 -0.6538 -9.4306
8 -2.2938 8.4451
8 -2.2103 6.5779
9 5.2940 -1.5273
4 -4.8069 -8.7653
8 -4.6243 -4.6294
4 8.4492 2.2782
1 3.8870 2.2782
2 -3.4119 4.6061
1 8.4492 -0.5890
4 3.8870 -0.5890
5 5.0877 2.6582
5 6.0910 6.4179
7 7.9190 -5.2643
5 -6.6095 -1.4592
8 -2.2103 6.5779
1 3.8870 -0.5890
2 -1.9868 -9.2831
4 -3.3119 -14.9310
5 3.7814 2.1692
2 -2.4188 1.4333
7 7.9190 -5.2643
3 20.9794 -8.4564
10 -4.7051 26.4032
9 5.2940 -1.5273
4 6.8442 -5.4594
8 -2.2103 6.5779
8 -2.2103 6.5779
5 6.0910 2.6582
8 -2.2103 6.5779
1 8.4492 -0.5890
7 7.9190 -5.2643
5 5.0877 2.6582
2 -4.8069 -8.7653
5 5.0877 6.4179
1 8.4492 2.2782
9 5.2940 -1.5273
4 4.1182 -0.4349
2 5.6087 0.3829
8 -2.2103 6.5779
4 8.5673 2.7494
10 -4.4040 -2.4822
5 5.0877 6.4179
1 3.8870 2.2782
2 -1.9868 -9.2831
7 -9.8730 -2.1923
1 8.4492 -0.5890
10 -3.9829 -4.2782
8 -2.2103 6.5779
9 5.2940 -1.5273
3 -1.9868 -9.2831
3 12.0235 2.3757
7 7.9190 -5.2643
9 5.2940 -1.5273
5 6.0910 6.4179
2 3.8870 2.2782
2 0.6173 5.9146
9 6.7432 -0.0206
9 -8.7639 -8.0124
7 7.9190 -5.2643
9 5.2940 -1.5273
8 -2.2103 6.5779
6 -6.6748 -2.0336
7 7.9190 -5.2643
1 3.8870 2.2782
2 -6.4280 9.6295
3 -4.8069 -8.7653
3 -9.3965 -7.2358
6 5.2940 -1.5273
5 6.0910 2.6582
3 -3.8977 -4.4803
