10 100
P -0.699913 7.566786 0.420406 10.379233
Z 1 -0.699913 10.379233 -1.360171 9.628194
Z 1 8.720202 -9.955797 -9.766598 6.319898
K 5.082501 -5.333177 2.573412
Z 2 -3.932726 -5.670562 -9.824757 -5.441354
Z 1 0.420406 7.566786 0.919263 8.433471
K 8.581843 7.402106 3.023902
K 0.519266 -6.298283 3.573215
Z 7 -7.259221 8.565430 -8.703788 -3.628602
P -0.988238 8.612367 1.014730 13.534117
4 5.082501 -5.333177
3 0.420406 7.566786
10 7.110006 -2.190449
4 5.082501 -5.333177
1 -0.699913 7.566786
4 5.082501 -5.333177
5 -0.843447 11.490320
8 0.519266 -6.298283
5 -0.699913 7.566786
5 -1.956516 -21.922997
10 8.871742 -9.870506
2 -2.991387 8.742168
7 8.581843 7.402106
4 5.082501 -5.333177
4 5.082501 -5.333177
6 2.852338 8.979431
2 -3.632716 11.129992
9 8.581843 7.402106
3 -9.712750 -3.942991
7 8.581843 7.402106
1 -4.979586 -3.940599
8 0.519266 -6.298283
4 0.028424 2.342803
7 8.581843 7.402106
8 -4.660301 -6.711603
5 0.255400 -5.149595
2 0.420406 10.379233
7 -5.518950 -7.946335
9 -7.550445 9.433982
4 5.082501 -5.333177
6 0.420406 10.379233
1 -0.699913 7.566786
10 -0.988238 8.612367
5 0.420406 7.566786
7 8.581843 7.402106
5 -0.839582 -22.010029
8 4.327813 -8.095020
9 8.581843 7.402106
3 0.420406 10.379233
3 -9.786698 -2.739947
9 8.581843 7.402106
9 -22.933624 11.135590
2 -0.582832 9.872656
1 0.420406 7.566786
6 -0.699913 7.566786
3 -12.502532 -4.299326
8 0.519266 -6.298283
1 0.420406 7.566786
8 4.554738 1.514993
4 5.082501 -5.333177
5 -3.834752 1.824782
5 -4.709363 -21.347072
5 -1.956516 -21.922997
3 -9.712750 -3.942991
8 0.519266 -6.298283
5 -0.843447 11.490320
10 -0.988238 8.612367
6 0.420406 10.379233
7 -2.384318 2.926397
10 1.014730 8.612367
2 -0.843447 11.490320
3 0.420406 7.566786
2 -0.699913 10.379233
10 -0.988238 8.612367
6 1.843767 -2.034296
10 1.014730 13.534117
4 5.082501 -5.333177
4 5.082501 -5.333177
1 -0.699913 7.566786
3 6.449623 -0.687678
6 2.852338 8.979431
5 -0.621097 -19.206081
4 5.082501 -5.333177
2 0.420406 7.566786
4 -0.236930 4.435625
7 8.581843 7.402106
4 1.334639 -1.953806
9 -22.933624 11.135590
9 -22.933624 11.135590
4 5.082501 -5.333177
5 -0.699913 10.379233
8 -4.495706 7.083483
3 -0.699913 7.566786
4 5.082501 -5.333177
4 5.082501 -5.333177
1 3.678414 -3.406979
1 0.420406 10.379233
4 5.082501 -5.333177
10 -4.440713 -1.955965
3 -9.712750 -3.942991
9 8.581843 7.402106
9 -22.933624 11.135590
2 -3.489182 10.018906
4 5.082501 -5.333177
5 -1.254260 -2.678360
1 -0.699913 10.379233
2 -3.632716 11.129992
9 8.581843 7.402106
6 -0.699913 7.566786
3 6.278311 -9.903038
