10 100
P 2.985744 5.785749 5.567035 7.801661
P 3.937821 4.463890 6.786612 5.658272
Z 1 5.567035 7.801661 4.608934 7.515232
P -9.799412 -6.896336 -6.801694 -5.594459
P -2.503429 1.720687 -1.239096 3.653081
Z 5 -7.120820 -7.668441 9.264219 5.548132
P 1.754387 1.219344 5.854788 5.787988
P -7.392167 1.945684 -5.758142 3.740402
Z 5 1.244977 -0.609553 3.801754 -6.838911
K 7.919499 -9.424051 3.387912
6 3.3005 -3.9072
3 -0.1311 2.9526
4 -6.8017 -6.8963
1 2.9857 5.7857
8 -9.0887 7.2070
10 7.9195 -9.4241
6 -1.2391 3.6531
1 5.5670 5.7857
9 -1.2391 3.6531
6 3.3005 -3.9072
5 -1.2391 3.6531
9 0.9179 5.0573
10 4.3826 8.8238
1 2.9857 5.7857
3 3.4093 6.3849
6 -1.2391 1.7207
9 -0.2011 -7.4777
2 3.9378 5.6583
6 4.9215 -5.5518
2 -3.0760 7.2765
1 2.9857 5.7857
7 1.7544 1.2193
2 6.7866 4.4639
2 6.7866 5.6583
8 -5.7581 1.9457
5 -2.5034 3.6531
2 6.7866 5.6583
1 5.2528 -8.1112
8 -7.3922 1.9457
9 -9.9586 0.8609
7 -4.7523 8.5495
2 6.7866 5.6583
2 6.7866 5.6583
5 -2.5034 1.7207
1 -0.6702 2.5601
9 -2.5034 3.6531
9 -4.0466 -6.7923
4 -9.7994 -6.8963
2 4.8933 7.7029
7 1.7544 5.7880
10 7.9195 -9.4241
2 6.7866 4.4639
5 -2.5034 1.7207
5 -5.5905 0.9576
2 6.7866 5.6583
2 -5.6832 8.4926
5 -1.2391 3.6531
3 5.5670 7.8017
8 -5.7581 3.7404
8 -7.3922 3.7404
8 -7.3922 1.9457
6 -1.2391 3.6531
4 4.1750 1.6439
5 -2.5034 1.7207
8 -5.7581 1.9457
7 -4.4989 2.9853
5 -1.2391 3.6531
1 2.9857 7.8017
6 -1.2391 1.7207
4 -9.7994 -6.8963
9 1.3757 2.7939
5 -2.5034 3.6531
10 7.9195 -9.4241
8 -7.3189 -1.6061
7 1.7544 5.7880
4 7.6227 -0.1144
2 3.9378 5.6583
1 8.5966 -5.8921
1 5.5670 5.7857
2 3.9378 5.6583
5 -2.5034 1.7207
5 -2.5034 1.7207
10 7.9195 -9.4241
7 1.7544 5.7880
7 1.7544 1.2193
2 6.7866 4.4639
7 -8.7461 6.0735
10 7.9195 -9.4241
10 -1.7726 8.2491
5 -1.2391 3.6531
5 -2.5034 3.6531
2 -7.8199 6.1758
6 -1.2391 1.7207
5 -1.2391 1.7207
8 -5.7581 3.7404
4 -8.2755 4.8842
2 3.9378 5.6583
10 7.9195 -9.4241
2 3.9378 4.4639
3 5.5670 5.7857
8 -7.3922 3.7404
4 -6.0257 -5.1243
6 -2.5034 1.7207
5 -2.5034 3.6531
10 7.9195 -9.4241
1 5.5670 7.8017
2 6.7866 4.4639
7 5.8548 1.2193
5 -2.5034 3.6531
1 3.2347 1.4350
