10 100
P 6.431621 -3.135202 9.632697 -1.797140
K 4.038884 -8.385142 4.657656
K -7.316526 4.655106 1.223648
P 2.010517 -7.298538 5.716267 -2.582575
K -3.546229 -2.963090 1.856628
P 1.043799 -3.468476 4.634643 -0.682890
Z 5 9.215281 1.450129 -5.962354 1.164933
Z 2 4.038884 -8.385142 4.621957 -7.572722
P 9.758745 8.005683 12.124107 11.204780
Z 5 -5.269056 -3.655143 -4.896308 -4.583076
5 -5.488899 0.712224
6 4.634643 -0.682890
8 4.038884 -8.385142
2 -5.692900 -9.476182
6 4.634643 -3.468476
2 4.038884 -8.385142
4 8.245318 4.815628
2 4.826194 -7.528292
5 9.939808 -2.486015
3 -7.316526 4.655106
4 -1.427807 -1.689393
3 -7.316526 4.655106
4 2.010517 -7.298538
8 -6.997830 5.476887
7 -3.546229 -2.963090
10 -6.991882 -4.347196
2 3.084304 9.358197
1 6.431621 -3.135202
5 -3.546229 -2.963090
3 -7.316526 4.655106
2 4.038884 -8.385142
5 -3.546229 -2.963090
6 1.043799 -0.682890
3 -7.316526 4.655106
10 -3.546229 -2.963090
6 1.043799 -0.682890
9 -4.298234 -8.208425
4 2.010517 -2.582575
8 4.038884 -8.385142
10 -7.127501 2.815309
8 4.038884 -8.385142
8 4.038884 -8.385142
9 9.758745 8.005683
2 4.038884 -8.385142
6 -7.630316 -6.619986
4 2.010517 -2.582575
8 -4.002222 2.046911
6 -3.500408 3.461027
10 -3.546229 -2.963090
6 4.752977 -1.307743
8 4.038884 -8.385142
7 0.244109 -6.318093
1 9.632697 -1.797140
2 4.038884 -8.385142
5 -3.546229 -2.963090
8 -2.721120 -1.596354
9 7.330908 -4.873506
2 4.038884 -8.385142
3 -7.316526 4.655106
7 -3.703016 5.380810
7 9.020052 -9.455711
5 -3.546229 -2.963090
4 2.010517 -7.298538
8 4.038884 -8.385142
5 -5.567391 -5.612405
6 7.920988 0.766766
6 1.043799 -3.468476
3 -7.316526 4.655106
8 4.038884 -8.385142
10 -9.923150 -4.430053
3 -7.316526 4.655106
1 9.632697 -3.135202
2 -0.906409 -3.440955
5 -6.028644 3.823038
10 -0.203673 0.060649
9 9.274683 -7.418672
4 2.010517 -2.582575
3 -7.316526 4.655106
1 1.051322 -4.181561
8 4.038884 -8.385142
6 1.043799 -0.682890
9 9.758745 8.005683
10 -6.991882 -4.347196
4 5.716267 -2.582575
3 -7.316526 4.655106
7 7.490435 6.677409
9 -0.960178 3.200340
9 9.758745 8.005683
7 5.021076 -9.810781
7 -3.546229 -2.963090
5 -4.257566 6.138335
3 -7.316526 4.655106
6 4.634643 -0.682890
8 4.038884 -8.385142
3 -7.316526 4.655106
4 1.595921 -6.224001
5 5.904259 5.073572
8 4.038884 -8.385142
9 3.898113 1.567546
3 -7.316526 4.655106
10 -1.266867 7.843190
8 9.548049 2.814951
8 4.038884 -8.385142
2 4.038884 -8.385142
2 4.038884 -8.385142
3 -7.316526 4.655106
10 -0.440496 -8.329437
6 4.634643 -3.468476
9 9.758745 11.204780
1 8.716181 0.336792
