10 100
P 1.601179 8.573698 4.298970 9.836959
P 5.534982 7.551307 9.855361 8.727550
Z 2 9.855361 8.727550 10.848094 8.607210
Z 2 9.969087 -9.933758 -9.188725 -4.591922
P 5.368945 -3.463047 7.503930 1.052654
Z 4 0.215719 -25.843791 0.564784 -26.780890
Z 1 -5.738318 3.845002 -5.516979 7.944887
P -8.063442 -8.611718 -4.988745 -6.520926
K 0.311792 1.618956 3.573475
P -0.163212 -6.536635 0.890410 -3.494079
2 9.4266 4.3822
1 4.2990 8.5737
9 0.3118 1.6190
2 9.8554 7.5513
2 5.5350 8.7275
1 4.2990 8.5737
5 7.5039 1.0527
3 5.9412 10.9020
3 -2.1734 -9.0130
5 7.5039 -3.4630
2 5.5350 8.7275
8 -8.0634 -6.5209
10 0.8904 -6.5366
3 10.1364 9.8697
4 0.8244 -24.8373
2 9.8554 7.5513
2 8.4857 1.1492
10 6.8053 -7.6969
6 -7.4145 9.1616
7 -2.9411 8.0747
7 5.7080 0.2474
6 -1.4519 6.5655
6 -2.8727 -22.6017
9 0.3118 1.6190
6 -3.4813 -23.6083
5 7.5039 -3.4630
7 -5.5444 0.3618
3 -6.6722 5.9570
3 9.8554 8.7275
1 -6.2340 -1.3043
9 0.3118 1.6190
6 -29.6920 -6.0037
9 0.3118 1.6190
9 0.3118 1.6190
2 9.8554 7.5513
5 5.3689 -3.4630
5 7.5039 1.0527
10 5.5357 8.5530
6 0.2157 -25.8438
10 -0.1632 -3.4941
3 -7.9111 -9.9229
7 -4.4272 -8.3850
9 4.3394 -4.1071
8 -1.8388 -4.1079
2 5.5350 7.5513
9 0.3118 1.6190
1 1.6012 9.8370
2 -1.3050 -0.5091
2 -4.9245 9.0796
10 0.8904 -3.4941
6 5.5350 8.7275
5 5.3689 1.0527
4 -8.1803 0.5054
7 1.6012 9.8370
1 -7.5728 -3.5929
9 0.3118 1.6190
9 -9.3200 1.5849
5 5.3689 1.0527
4 -2.8727 -22.6017
6 0.2157 -25.8438
3 10.1364 9.8697
9 3.3076 1.6682
9 0.3118 1.6190
1 1.6012 9.8370
2 -7.3910 0.7043
6 8.6928 5.4022
1 0.0100 4.0241
4 0.8244 -24.8373
5 7.5039 -3.4630
9 0.3118 1.6190
2 9.8554 8.7275
1 1.6012 9.8370
4 5.8469 -9.0162
9 0.3118 1.6190
3 9.8554 7.5513
1 4.2990 8.5737
3 -7.5712 -4.8924
4 -3.4813 -23.6083
10 -0.1632 -3.4941
8 -8.7316 -1.0375
3 5.5350 7.5513
5 7.5039 1.0527
4 9.8554 8.7275
1 -8.3981 -2.8176
9 0.3118 1.6190
9 0.3118 1.6190
1 4.2990 8.5737
4 0.8244 -24.8373
7 1.6012 8.5737
4 7.0421 5.8053
4 -6.2170 1.3029
1 1.6012 9.8370
9 0.3118 1.6190
10 -0.1632 -6.5366
6 9.8554 8.7275
10 -1.3488 4.3532
7 -0.5118 -1.6210
9 0.3118 1.6190
9 -2.3447 -9.1088
1 1.6012 9.8370
