10 100
K -9.204207 -1.896842 2.713783
K 9.231099 5.004058 4.696778
P -9.148175 -0.944290 -4.830322 3.817303
Z 2 7.690706 0.567063 8.635395 0.239095
Z 1 -4.563658 -9.143797 1.214988 -2.719715
Z 5 4.863796 -1.568790 8.262290 1.906315
Z 3 -9.148175 3.817303 -8.893346 4.784289
P -9.331603 8.370579 -4.462924 13.293970
K -1.600438 9.708193 4.876077
P -8.222881 -7.672444 -6.634954 -4.645051
6 -9.204207 -1.896842
2 9.231099 5.004058
5 -9.204207 -1.896842
10 -6.634954 -7.672444
2 4.775188 4.525915
7 8.573516 -5.318329
8 1.137230 6.606994
5 6.235737 -6.748647
8 -9.331603 8.370579
7 9.651404 7.365453
3 -4.830322 -0.944290
1 -9.204207 -1.896842
2 -9.690030 9.981047
8 -9.331603 8.370579
3 -4.830322 -0.944290
3 -4.830322 -0.944290
4 6.150314 -3.869931
2 9.231099 5.004058
4 -6.913323 -1.313356
2 -1.536442 3.303689
10 -8.222881 -4.645051
5 -9.204207 -1.896842
6 3.132395 -12.993968
2 9.231099 5.004058
10 -6.634954 -4.645051
5 -1.507504 -2.881582
1 1.127493 6.320563
4 6.150314 -3.869931
10 -6.634954 -4.645051
9 8.166374 5.025110
4 6.150314 -3.869931
9 -1.600438 9.708193
4 6.150314 -3.869931
2 9.231099 5.004058
8 -4.462924 8.370579
2 9.231099 5.004058
4 8.296501 -0.875065
4 5.161248 -4.714950
4 -8.043293 -5.956184
4 5.557264 9.647541
4 9.231099 5.004058
7 -0.502003 -5.227200
9 0.393366 4.604424
3 -4.830322 3.817303
1 3.314606 -5.202378
6 3.132395 -12.993968
5 -9.204207 -1.896842
4 -5.578678 9.100375
8 -9.331603 13.293970
8 -6.255418 9.572969
3 -4.830322 3.817303
8 -9.331603 13.293970
1 -9.204207 -1.896842
7 -4.830322 -0.944290
9 -1.600438 9.708193
1 6.923896 0.758876
9 -1.600438 9.708193
5 -9.204207 -1.896842
2 9.231099 5.004058
5 3.132395 -12.993968
4 -6.153091 7.837693
1 -2.051368 1.172984
5 6.735143 -1.243581
9 -1.600438 9.708193
5 3.132395 -12.993968
9 -1.600438 9.708193
5 4.678252 -6.459966
10 4.239236 5.627067
8 -9.331603 8.370579
10 -8.222881 -7.672444
7 -12.905243 5.945285
8 -4.462924 8.370579
2 -5.908036 5.258323
9 8.732743 -8.060016
9 -2.860501 -4.978857
2 5.049068 1.180562
10 -6.634954 -4.645051
7 -4.830322 3.817303
6 3.132395 -12.993968
4 -3.159858 -1.050580
3 -9.148175 -0.944290
4 -7.606679 -9.325217
9 -1.226142 1.355395
8 -4.462924 13.293970
2 6.694900 -0.903220
5 3.132395 -12.993968
3 -9.148175 3.817303
3 -4.830322 -0.944290
1 -9.204207 -1.896842
7 -4.830322 3.817303
1 -9.204207 -1.896842
10 -6.634954 -4.645051
1 -9.204207 -1.896842
1 -9.204207 -1.896842
2 3.181750 2.625317
7 -9.148175 3.817303
6 -7.140327 6.326932
3 -4.830322 3.817303
9 -1.600438 9.708193
9 -1.600438 9.708193
