10 100
K -1.699155 -0.063354 2.861692
P 2.699217 -6.901274 5.944294 -1.981649
Z 2 2.592209 3.907536 -4.873750 4.765670
Z 3 0.738357 9.124782 -9.482382 0.295582
P -8.728347 -7.841368 -4.714222 -4.600648
K -7.807735 5.919703 3.640679
K -4.782077 6.369875 3.299566
K -8.073036 2.481903 1.403175
K 6.284265 -8.950144 2.649932
K 8.752869 3.949158 3.297350
5 -8.728347 -4.600648
9 6.284265 -8.950144
1 5.089286 -1.456770
7 -4.782077 6.369875
1 -1.699155 -0.063354
6 -9.021319 0.002703
4 2.699217 -1.981649
9 0.027317 -6.291628
3 7.193027 8.882618
8 -8.073036 2.481903
5 -4.714222 -4.600648
10 -0.358916 8.444265
1 -1.699155 -0.063354
1 -1.699155 -0.063354
10 5.661115 1.587758
9 6.284265 -8.950144
10 8.752869 3.949158
5 -4.714222 -7.841368
3 5.944294 -6.901274
5 -8.728347 -7.841368
3 5.944294 -6.901274
4 -9.493660 15.889426
2 5.944294 -6.901274
1 -5.772997 2.046152
5 -1.529011 3.850648
9 6.284265 -8.950144
8 -8.073036 2.481903
6 -7.807735 5.919703
4 6.339419 15.954182
5 -4.714222 -7.841368
8 7.666876 -9.887238
9 6.284265 -8.950144
5 -8.728347 -4.600648
3 8.309200 13.673951
6 -2.452682 0.012356
10 2.576084 0.636696
9 6.284265 -8.950144
7 -4.782077 6.369875
7 -4.782077 6.369875
5 -4.714222 -7.841368
10 -9.257548 -0.211557
2 5.944294 -6.901274
4 2.200877 -8.863842
4 -9.493660 15.889426
1 -1.699155 -0.063354
8 -7.487388 2.063118
6 -7.807735 5.919703
9 -7.135910 -2.132047
2 -3.656516 5.994709
7 -4.782077 6.369875
6 -7.807735 5.919703
9 6.878671 -5.679539
2 -2.541040 -3.752863
3 8.309200 13.673951
3 7.193027 8.882618
5 -5.434890 -4.252337
8 5.829557 6.527831
5 -5.997757 8.339937
8 -8.073036 2.481903
7 -4.782077 6.369875
10 -6.614483 -4.918068
4 -9.965230 12.678796
4 -9.965230 12.678796
7 -1.310690 -5.102049
7 -4.782077 6.369875
2 5.944294 -1.981649
7 2.739670 7.134788
3 3.691468 -8.999374
3 0.591965 0.623392
9 6.284265 -8.950144
8 -4.920723 3.475117
2 2.699217 -6.901274
6 -5.263642 -2.544848
2 5.944294 -1.981649
7 -4.782077 6.369875
1 -5.375884 -6.684141
6 -7.807735 5.919703
2 5.944294 -1.981649
7 -4.782077 6.369875
4 2.699217 -6.901274
8 -8.073036 2.481903
10 8.752869 3.949158
8 -8.073036 2.481903
2 2.699217 -1.981649
1 -1.699155 -0.063354
5 -4.714222 -4.600648
9 6.284265 -8.950144
4 3.095966 6.158873
2 9.373637 7.838129
8 -8.073036 2.481903
5 2.680405 -8.423840
1 -8.226987 7.785475
7 -4.782077 6.369875
9 6.284265 -8.950144
6 -2.656243 4.992031
10 8.752869 3.949158
4 -9.583260 3.203040
4 -8.139301 -9.312091
1 -1.699155 -0.063354
9 6.284265 -8.950144
