10 100
P -2.165170 -7.610415 0.486220 -5.030744
Z 1 -2.165170 -7.610415 -2.861305 -8.328326
Z 2 0.331632 -4.880844 1.240422 -5.298097
P -9.586201 5.927460 -7.517792 8.901134
Z 4 -7.517792 5.927460 -7.094352 6.833385
P 4.434420 -9.869541 5.959439 -5.944487
P 9.754804 -2.661699 12.840800 1.524140
P 0.060478 6.313782 1.724205 8.222739
K 0.057557 -6.029519 2.023428
K 1.965072 2.992586 1.132066
6 5.959439 -5.944487
1 -2.165170 -5.030744
10 8.279654 -5.624876
6 5.959439 -9.869541
9 0.057557 -6.029519
3 -0.570189 5.014931
4 -7.517792 5.927460
9 0.057557 -6.029519
6 4.434420 -9.869541
5 7.214101 -2.051604
5 -8.622561 8.575844
2 -2.165170 -7.610415
5 6.663268 -3.797269
6 -0.702394 -7.806652
8 0.060478 6.313782
1 -2.165170 -7.610415
9 7.411512 0.410344
1 0.486220 -5.030744
2 -2.165170 -7.610415
2 0.486220 -7.610415
1 -2.165170 -5.030744
1 -2.843937 -1.652797
9 0.057557 -6.029519
6 4.434420 -5.944487
6 -8.615390 -5.069136
7 7.509015 -9.857995
2 -2.246816 -4.960282
2 0.331632 -4.880844
6 -7.524866 -6.992177
4 -4.091927 3.406013
7 8.812182 -2.810666
8 0.060478 8.222739
3 -2.165170 -7.610415
7 12.840800 -2.661699
7 9.754804 1.524140
7 -8.589508 -8.070311
7 12.840800 1.524140
8 0.060478 6.313782
5 -3.909691 6.247868
1 -2.165170 -7.610415
1 0.486220 -7.610415
2 0.413278 -7.530977
6 4.434420 -5.944487
4 -7.517792 5.927460
2 1.495374 -5.313513
4 -7.517792 5.927460
9 0.057557 -6.029519
9 1.736359 4.361494
2 0.486220 -7.610415
2 -2.693331 4.266388
7 9.754804 -2.661699
6 4.434420 -9.869541
8 1.724205 6.313782
6 5.959439 -5.944487
6 0.646605 4.335229
10 1.965072 2.992586
1 -4.671614 1.362030
4 -9.586201 8.901134
3 5.120036 -2.834349
1 0.486220 -7.610415
5 -6.191119 4.340560
10 1.965072 2.992586
8 1.724205 8.222739
2 0.486220 -7.610415
4 9.304754 6.938605
7 12.840800 -2.661699
6 5.959439 -5.944487
9 8.107566 -3.297207
8 0.060478 8.222739
2 0.486220 -7.610415
7 9.754804 1.524140
3 2.502472 -3.218946
2 0.413278 -7.530977
6 4.434420 -5.944487
3 -2.165170 -5.030744
9 1.222393 3.540914
2 -0.262291 -8.690091
5 5.639737 0.477198
7 12.840800 -2.661699
6 4.434420 -9.869541
7 -8.573428 3.282401
3 0.413278 -7.530977
5 -9.586201 8.901134
3 0.331632 -4.880844
2 -2.165170 -7.610415
1 8.299962 1.485298
7 12.840800 1.524140
6 5.959439 -5.944487
6 5.959439 -9.869541
8 0.060478 6.313782
2 8.582563 -5.318453
10 6.835300 5.895595
3 0.331632 -4.880844
3 0.486220 -7.610415
2 -0.642813 1.538479
8 0.060478 6.313782
2 7.141840 4.046080
6 5.959439 -5.944487
10 1.965072 2.992586
4 -7.517792 8.901134
