10 100
P -9.158671 -2.093586 -4.832296 1.919384
P 0.345813 -3.770680 1.960655 -0.630981
Z 1 9.628629 -1.658500 4.678186 3.385800
P -0.681384 -9.446216 1.846829 -5.451503
P 6.699807 -2.926266 10.916364 0.589418
K -9.415777 9.665568 1.930743
K -7.322468 -9.288310 2.248176
K 1.583117 -7.178038 1.370667
P -1.808497 -0.400443 2.931113 1.753589
Z 8 1.583117 -7.178038 2.577082 -7.287735
9 2.9311 -0.4004
8 4.1615 -6.8866
5 10.9164 0.5894
1 -9.1587 -2.0936
8 -4.8192 -3.6286
4 1.0092 4.5743
5 -6.8145 -2.5629
7 -9.7827 -4.3819
10 9.8041 -6.9947
8 1.5831 -7.1780
10 1.5831 -7.1780
4 2.5783 -2.9616
6 -4.2394 -2.8985
7 -6.4413 -7.3924
4 1.8468 -5.4515
6 -9.4158 9.6656
4 -0.6814 -9.4462
1 -9.1587 -2.0936
2 -2.5535 -3.6244
6 2.1268 -9.8696
8 1.5831 -7.1780
6 -9.4158 9.6656
5 -4.2425 5.7582
6 -9.4158 9.6656
8 1.5831 -7.1780
4 1.8468 -9.4462
5 -9.6644 -3.7826
2 4.6268 -2.8504
2 1.9607 -3.7707
4 1.8468 -5.4515
7 -7.3225 -9.2883
2 -0.5023 9.5128
6 -9.4158 9.6656
1 6.4199 3.8856
8 8.0095 6.7534
2 1.9607 -3.7707
8 1.5831 -7.1780
7 -7.3225 -9.2883
4 -0.6814 -5.4515
9 -1.8085 -0.4004
7 -7.3225 -9.2883
2 9.9151 -8.6108
2 1.9607 -3.7707
10 1.5831 -7.1780
7 -4.7450 0.5641
6 -9.4158 9.6656
8 2.8599 0.6855
2 0.3458 -0.6310
4 3.6845 -6.0289
1 -9.1587 -2.0936
10 1.5831 -7.1780
10 1.5831 -7.1780
1 2.7089 -4.3318
6 1.5029 2.5369
8 1.5831 -7.1780
8 1.5831 -7.1780
3 10.4165 17.1173
2 8.8830 6.3733
7 -7.3225 -9.2883
10 -4.9197 -7.8080
7 -7.3225 -9.2883
1 -4.8323 1.9194
3 -4.8323 1.9194
1 -4.8323 1.9194
10 1.5831 -7.1780
9 -1.8085 1.7536
1 -4.8323 -2.0936
1 -4.8323 -2.0936
3 -9.4644 1.1402
2 1.9607 -0.6310
2 -8.1100 -3.5316
6 -9.4158 9.6656
5 6.6998 -2.9263
4 1.8468 -5.4515
4 3.5889 7.3585
9 2.9311 1.7536
7 -7.3225 -9.2883
7 0.4552 -2.0642
7 -7.3225 -9.2883
5 10.9164 -2.9263
1 -9.1587 1.9194
4 3.9773 -3.4339
6 -7.2701 -4.7271
6 -9.4158 9.6656
6 -5.0459 -5.3906
10 1.5831 -7.1780
2 -7.0001 -7.8939
9 -7.8724 -1.9851
2 1.0511 -8.7160
3 2.4654 2.6378
9 2.9311 -0.4004
6 -9.4158 9.6656
6 -9.2274 -5.3826
5 6.6998 0.5894
1 -4.8323 1.9194
2 1.9607 -3.7707
2 1.9607 -0.6310
9 -8.9721 -0.0203
9 -1.8085 -0.4004
8 1.1578 -2.8204
