10 100
P -5.476474 -7.493317 -1.687404 -5.690644
K -7.531513 7.586983 1.727509
P 5.377769 2.699401 7.526478 5.627937
P -5.051852 9.829789 -1.639765 13.516026
P 5.072354 -0.132710 6.657752 1.828578
P 1.360025 -4.830745 3.015488 -0.017033
P 7.231503 -6.371241 11.422812 -1.795564
Z 3 -5.108191 -1.852315 3.600550 5.106887
Z 5 5.072354 1.828578 4.806259 0.864631
K 2.968572 6.625043 2.528061
8 1.6444 7.3714
1 -5.7178 3.5172
2 -7.5315 7.5870
9 2.7053 0.9583
9 5.0724 -0.1327
10 2.9686 6.6250
5 5.0724 1.8286
6 3.0155 -0.0170
2 -3.5903 -2.6362
5 0.6112 -1.5079
7 11.4228 -1.7956
6 3.8798 -5.0413
9 5.0724 -0.1327
4 -5.0519 13.5160
7 11.4228 -6.3712
4 -1.6398 13.5160
3 5.3778 5.6279
3 7.5265 5.6279
4 -1.6398 9.8298
9 6.6578 1.8286
9 8.2367 3.7284
2 -7.5315 7.5870
3 7.4716 -6.9309
4 -1.6398 13.5160
10 2.9686 6.6250
10 2.9686 6.6250
9 4.8459 0.3209
3 7.5265 5.6279
7 11.4228 -6.3712
7 11.4228 -1.7956
5 1.6855 -5.0512
7 11.4228 -6.3712
4 -1.6398 13.5160
8 1.6444 7.3714
4 5.8083 -1.6954
9 4.9744 -1.2205
4 -5.0519 13.5160
5 -5.7900 1.3121
1 -1.6874 -7.4933
9 2.7053 0.9583
3 7.2355 8.3460
1 -5.4765 -7.4933
10 2.9686 6.6250
5 -7.1436 1.3285
3 7.5265 5.6279
9 5.0724 1.8286
10 8.1428 -5.1535
3 -0.2900 -0.9473
6 3.0155 -4.8307
4 -5.0519 13.5160
10 -5.5930 -0.5752
6 1.3600 -4.8307
2 8.8526 -5.7147
6 2.0517 -0.5621
3 5.3778 2.6994
6 1.3600 -4.8307
5 6.2169 -1.3838
9 6.6578 1.8286
5 5.0724 1.8286
7 11.4228 -6.3712
2 0.7139 7.4502
8 -3.3863 -1.1516
1 -5.4765 -7.4933
9 6.6578 -0.1327
9 -4.6449 6.1079
6 -6.9710 6.5769
1 -5.4765 -5.6906
8 2.1183 9.4672
9 4.0662 0.1450
6 3.0155 -4.8307
8 1.6444 7.3714
10 2.9686 6.6250
2 -7.5315 7.5870
4 -1.6398 9.8298
7 11.4228 -1.7956
2 -7.5315 7.5870
10 2.9686 6.6250
9 2.7053 0.9583
10 1.1847 8.0919
2 -7.5315 7.5870
9 -0.8907 1.6726
5 2.1545 6.4332
6 1.0005 8.4436
5 6.6578 -0.1327
2 -7.5315 7.5870
8 8.4436 -9.3507
8 5.3778 5.6279
10 2.9686 6.6250
9 6.6578 -0.1327
5 5.0724 -0.1327
2 -7.5315 7.5870
9 3.7115 2.6419
10 2.9686 6.6250
6 1.3600 -4.8307
10 2.9686 6.6250
6 3.0155 -4.8307
6 1.3600 -4.8307
9 6.6578 -0.1327
6 1.3600 -4.8307
8 4.9747 8.8212
