10 100
K -2.292033 -5.034404 4.216124
P -3.206866 7.133243 1.256765 9.746598
K -8.679988 -0.029488 3.480805
K 6.160992 0.761893 1.817511
P -8.807754 2.439303 -5.814675 6.755786
K -3.467024 6.971160 2.441149
K 1.372275 0.047057 4.347515
K 2.666038 0.215952 3.069010
Z 1 -6.349800 -6.179056 -6.078306 -7.141496
P 1.899596 0.703352 3.684114 1.872006
6 8.5228 2.6607
5 -1.5170 -4.3800
10 3.6841 0.7034
9 -2.2920 -5.0344
3 -8.6800 -0.0295
2 1.2568 7.1332
6 7.8834 4.8269
3 -8.6800 -0.0295
6 -5.0880 -4.0773
9 -10.4076 -7.3237
7 1.3723 0.0471
7 1.3723 0.0471
10 3.6841 0.7034
9 -4.1141 4.2408
6 -3.4670 6.9712
1 -2.2920 -5.0344
2 -9.1749 -6.6361
5 0.8702 9.5171
2 -3.2069 9.7466
10 1.8996 0.7034
3 -8.6800 -0.0295
5 -5.8147 6.7558
1 -2.2920 -5.0344
4 -6.4013 7.7739
2 -3.2069 7.1332
10 4.9836 -4.3622
3 -8.6800 -0.0295
9 -2.2920 -5.0344
10 1.8996 0.7034
5 -5.8147 6.7558
5 -5.8147 2.4393
4 -9.7839 -1.6507
10 4.6875 -7.7117
4 6.1610 0.7619
10 3.6841 0.7034
6 -3.4670 6.9712
1 -2.2920 -5.0344
5 -8.5037 4.8998
2 -3.2069 7.1332
6 -3.4670 6.9712
5 -8.8078 2.4393
5 -5.8147 6.7558
1 -5.1918 0.1829
8 2.6660 0.2160
6 -3.4670 6.9712
2 3.0988 -1.3895
8 2.6660 0.2160
7 1.3723 0.0471
3 -9.9872 -0.8213
5 -2.5768 -5.2620
6 -3.4670 6.9712
8 -8.0164 5.0518
8 0.5306 5.7694
1 4.4682 2.5936
4 6.1610 0.7619
5 -8.8078 2.4393
2 -3.2069 9.7466
4 6.1610 0.7619
6 -3.4670 6.9712
1 -2.2920 -5.0344
4 6.1610 0.7619
4 5.1868 9.4374
6 -2.7616 -7.1758
4 6.1610 0.7619
6 -3.4670 6.9712
7 -5.0137 9.9711
10 1.8996 0.7034
8 1.1831 3.9072
7 1.3723 0.0471
3 8.4303 6.6214
1 -2.2920 -5.0344
10 -6.6678 5.2635
9 -0.0777 -7.0676
4 6.1610 0.7619
1 -2.2920 -5.0344
5 -5.8147 2.4393
5 -8.8078 6.7558
6 -3.4670 6.9712
3 -8.6800 -0.0295
9 3.4420 -0.1184
8 2.6660 0.2160
10 -1.3915 5.3167
10 4.2091 4.9270
3 5.9948 -9.9741
2 1.2568 9.7466
6 -3.4670 6.9712
10 1.8996 0.7034
9 -10.4076 -7.3237
5 -1.8458 -9.8551
10 1.8996 1.8720
9 -10.4076 -7.3237
4 5.1539 4.3009
9 8.0989 -9.5451
5 -5.8147 6.7558
4 6.1610 0.7619
1 -2.2920 -5.0344
7 1.3723 0.0471
9 -2.2920 -5.0344
5 -9.1035 -9.7956
2 -3.2069 7.1332
