10 100
K -7.070428 6.639885 3.529365
Z 1 -7.096274 6.020824 -0.268766 -6.052101
K -6.313469 2.432835 4.438392
K 9.184437 -9.916096 2.821574
P -5.650142 2.980565 -1.503541 6.106394
P -8.822060 3.322369 -4.981517 7.093552
P -6.398604 4.569647 -2.300510 7.821717
K 1.851102 9.455070 2.299995
P -3.738685 5.870121 -1.226488 7.887945
K 6.850502 -2.128757 3.889266
6 -8.8221 3.3224
7 -0.3945 1.4267
8 1.8511 9.4551
2 -2.3172 9.3304
6 -4.5163 1.3439
2 7.9998 2.6257
8 1.8511 9.4551
3 -6.3135 2.4328
3 0.6572 9.5882
7 -6.3986 7.8217
10 8.5540 7.6871
6 -4.9815 3.3224
1 -7.0704 6.6399
4 9.1844 -9.9161
1 -7.0704 6.6399
6 -4.9815 7.0936
10 6.8505 -2.1288
4 9.1844 -9.9161
8 1.8511 9.4551
2 -7.6401 6.3177
7 -6.3986 7.8217
2 7.5984 -2.3865
2 9.8223 3.8289
6 -4.9815 3.3224
6 -0.0351 -5.3675
5 -5.6501 6.1064
1 -7.0704 6.6399
2 -7.6401 6.3177
7 -8.9044 -6.3523
2 -7.0704 6.6399
3 7.1279 8.4521
6 0.7592 5.0488
8 7.0976 8.1584
8 1.1602 -1.1017
5 -1.5035 6.1064
4 -3.5309 4.9368
9 -3.7387 5.8701
3 -6.3135 2.4328
8 1.8511 9.4551
3 -6.3135 2.4328
2 -4.9764 7.2725
5 -5.6501 2.9806
9 0.3077 -9.4154
3 -6.3135 2.4328
6 -8.8221 7.0936
1 3.3567 7.1604
6 -8.8221 3.3224
1 -7.0704 6.6399
3 -6.3135 2.4328
10 7.2359 1.9510
10 6.8505 -2.1288
1 -7.0704 6.6399
4 -5.2658 -4.6864
2 -5.0616 -2.4388
9 -7.1970 5.3745
9 -7.6494 -8.6468
10 6.8505 -2.1288
5 0.8058 4.7028
5 -5.6501 6.1064
2 -7.0704 6.6399
6 -4.9815 7.0936
9 6.8854 9.3047
3 -3.6768 4.0101
10 2.4616 7.7551
6 8.7384 -7.6057
4 9.1844 -9.9161
7 -2.3005 7.8217
2 -7.6401 6.3177
1 -7.0704 6.6399
2 -7.0704 6.6399
9 -3.7387 5.8701
2 -7.6401 6.3177
2 -7.0704 6.6399
6 -8.8221 3.3224
1 -7.0704 6.6399
3 -6.3135 2.4328
6 -8.0115 3.1541
3 2.1331 1.7116
3 6.9416 -2.4999
8 1.8511 9.4551
9 -1.2265 7.8879
6 -4.9815 7.0936
10 6.8505 -2.1288
10 6.8505 -2.1288
4 9.1844 -9.9161
1 -7.0704 6.6399
9 -3.7387 7.8879
10 6.8505 -2.1288
10 9.7804 7.0929
4 9.1844 -9.9161
8 1.8511 9.4551
4 9.1844 -9.9161
9 -1.2265 5.8701
2 -7.6401 6.3177
7 -2.3005 7.8217
1 -4.3178 0.7110
2 -7.0704 6.6399
1 -1.2732 6.9653
2 -7.6401 6.3177
1 5.8768 -5.9337
