10 100
P -3.358769 9.024456 0.009060 11.877298
P -3.888280 8.016195 -2.040180 12.359336
K -6.409863 -2.516616 4.603648
P -3.860824 -5.064799 -0.099890 -1.797418
K -1.602746 7.464515 1.221677
P 7.632456 -2.319297 9.511637 0.215731
Z 5 -2.567512 6.715033 -1.954026 5.925327
P 7.550383 -9.717987 11.612869 -7.121654
K 8.420747 3.132573 4.863198
Z 7 7.978496 -9.787177 -7.205707 -1.575107
5 -1.6027 7.4645
9 8.4207 3.1326
4 -0.0999 -5.0648
3 -6.4099 -2.5166
7 -1.6027 7.4645
3 1.4331 -9.8096
10 -3.5323 5.9656
6 7.6325 0.2157
5 -1.6027 7.4645
10 -1.6027 7.4645
3 -6.4099 -2.5166
1 -5.1045 -7.2851
9 8.4207 3.1326
6 1.0319 -2.9357
10 -11.5055 -8.7770
6 7.6325 -2.3193
5 -4.9333 9.8380
2 -3.8883 8.0162
9 8.4207 3.1326
8 -2.0440 -7.6582
5 1.4680 6.6361
9 8.4207 3.1326
6 9.5116 0.2157
2 -2.0402 8.0162
7 -1.6027 7.4645
7 1.9860 -2.8392
2 -0.6250 7.0366
1 0.0091 9.0245
9 -6.4716 2.0542
1 0.0091 11.8773
9 8.4207 3.1326
7 -1.1693 5.7427
7 -1.0333 1.6846
4 -3.8608 -5.0648
8 11.6129 -9.7180
7 -1.6027 7.4645
5 -1.6027 7.4645
10 -11.5055 -8.7770
5 4.3377 -4.7140
7 9.2004 0.8424
8 7.5504 -7.1217
7 -9.2499 5.6572
1 -5.4751 4.1796
6 9.5116 -2.3193
5 -1.6027 7.4645
10 -3.5323 5.9656
4 2.9470 -3.2477
8 11.6129 -7.1217
8 0.1728 7.0038
4 -3.8608 -1.7974
7 -3.5323 5.9656
1 -0.2016 -0.8718
8 11.6129 -7.1217
1 0.0091 9.0245
4 8.5459 2.0501
10 -11.7037 -11.2123
6 7.6325 -2.3193
3 -6.4099 -2.5166
8 -8.0830 -8.9108
6 7.6325 0.2157
2 -2.0402 8.0162
4 5.0333 -9.8310
7 4.3490 1.9357
5 -2.1831 5.0294
7 -3.5323 5.9656
8 11.6129 -9.7180
4 -3.8608 -5.0648
6 9.5116 -2.3193
1 -3.3588 9.0245
1 0.1091 -2.4940
3 -6.4099 -2.5166
2 -2.0402 8.0162
5 -1.6027 7.4645
9 8.4207 3.1326
9 8.4207 3.1326
10 -8.0688 -4.4886
1 -3.3588 11.8773
3 -6.4099 -2.5166
7 -1.6027 7.4645
9 8.4207 3.1326
5 -1.6027 7.4645
6 -2.9020 0.0577
10 -11.7037 -11.2123
3 2.8565 9.0473
1 9.2375 1.3728
1 0.0091 9.0245
2 -2.0402 12.3593
4 -3.8608 -1.7974
1 0.0091 9.0245
1 0.0091 11.8773
5 -1.6027 7.4645
10 -11.5055 -8.7770
8 1.8068 -6.8070
3 -6.4099 -2.5166
1 5.7231 -7.4899
9 8.4207 3.1326
7 -6.8409 -6.4830
6 7.6325 0.2157
8 11.6129 -9.7180
6 2.8905 5.1279
