10 100
P -2.621807 5.997853 -0.811907 9.571461
P 3.951006 -6.828021 5.142241 -2.570021
K 0.083096 5.089353 1.996753
Z 1 5.842173 -5.493494 4.617476 8.156569
K -8.026132 5.488775 2.324274
K 8.732157 1.123200 2.042737
Z 5 -7.010788 7.579547 -7.910326 8.016390
K -6.499159 -0.601244 1.345164
K 9.025722 -5.964025 2.662860
P -2.544839 -7.142597 -0.188803 -6.075035
4 -0.8119 9.5715
2 5.1422 -6.8280
1 -2.6218 5.9979
1 2.1558 -0.2078
7 -5.9954 9.6703
8 -6.4992 -0.6012
7 -8.0261 5.4888
6 8.7322 1.1232
1 -0.0069 -5.1290
1 -1.8180 2.1184
2 7.8091 5.8652
1 9.2899 1.6904
7 -5.9954 9.6703
1 -2.6218 9.5715
9 7.0874 6.4899
5 -8.0261 5.4888
7 -5.9954 9.6703
6 3.9334 0.4207
1 -3.4296 1.6451
9 9.0107 3.1315
10 -2.5448 -7.1426
10 -0.1888 -6.0750
10 -5.2247 -6.3008
4 8.9570 -5.7339
5 -8.0261 5.4888
1 -2.6218 9.5715
10 -0.1888 -7.1426
1 -2.6218 5.9979
7 -8.0261 5.4888
8 -6.4992 -0.6012
10 -2.5448 -7.1426
9 9.0257 -5.9640
6 8.7322 1.1232
9 -5.9713 -7.9343
2 3.9510 -2.5700
7 -5.7327 9.6348
3 0.0831 5.0894
4 -0.6493 1.3753
7 -8.0261 5.4888
8 -5.0370 8.6880
3 0.0831 5.0894
10 -0.1888 -7.1426
2 3.9510 -2.5700
2 5.1422 -6.8280
1 -1.0959 -3.2269
7 -5.9954 9.6703
9 -6.9054 2.1465
8 -6.4992 -0.6012
5 5.6539 -6.5464
8 -0.9286 3.7078
10 -2.5448 -6.0750
10 -2.5448 -7.1426
4 -2.6218 5.9979
9 9.0257 -5.9640
9 9.0257 -5.9640
7 4.2390 -8.9701
7 -8.5091 -7.3579
8 3.5361 -8.4737
6 8.7322 1.1232
3 0.0831 5.0894
6 8.7322 1.1232
5 -8.0261 5.4888
2 -4.3015 5.1932
2 3.9510 -2.5700
3 2.4450 4.3098
1 -2.6218 5.9979
10 -2.5448 -7.1426
8 -6.4992 -0.6012
2 -6.0794 7.4932
10 -9.5996 7.1009
9 9.0257 -5.9640
9 9.0257 -5.9640
1 -2.6218 5.9979
2 3.9510 -6.8280
6 8.7322 1.1232
10 -2.5448 -6.0750
4 -2.6218 9.5715
9 8.3154 0.1461
8 -6.4992 -0.6012
7 -5.9954 9.6703
4 11.4893 10.8375
5 -8.0261 5.4888
4 -7.4086 -1.6928
10 4.4489 1.3674
4 11.4893 10.8375
2 5.1422 -2.5700
10 -2.5448 -7.1426
3 0.0831 5.0894
4 10.3444 6.9988
9 9.0257 -5.9640
4 1.0683 3.7488
9 9.0257 -5.9640
10 1.6434 -5.5748
4 4.9376 -8.1634
9 9.0257 -5.9640
2 3.9510 -6.8280
10 -2.5448 -6.0750
10 -0.1888 -7.1426
1 -2.6218 9.5715
1 -2.6218 5.9979
