10 100
K -7.305901 6.201793 1.987424
K 3.781562 -8.633024 3.154542
K -0.977772 9.652802 4.327870
K -4.138805 8.749645 1.312154
P -1.843240 6.232497 1.242343 9.244592
Z 1 4.842952 6.520406 -9.405934 -1.269872
K 5.146391 6.717265 3.125179
Z 7 6.353222 3.834505 7.275652 4.220669
K 3.166782 0.286675 3.610235
Z 6 1.198627 -7.231126 -3.986732 4.117388
7 5.1464 6.7173
3 -0.9778 9.6528
6 -7.3059 6.2018
7 -7.9501 -8.9966
2 3.7816 -8.6330
8 9.8218 4.5422
1 -7.3059 6.2018
2 3.7816 -8.6330
3 -0.9778 9.6528
7 5.1464 6.7173
5 -1.8432 9.2446
5 7.1631 -9.0503
2 3.7816 -8.6330
10 -3.3899 7.9911
3 3.9911 -2.4656
1 3.2440 2.8980
7 5.1464 6.7173
9 3.1668 0.2867
9 3.1668 0.2867
6 -7.1302 -4.2563
10 1.1767 -5.8996
8 -8.9263 9.5877
7 -7.1390 5.1557
9 3.1668 0.2867
5 7.5646 4.7035
8 -3.5901 -4.0013
4 -4.1388 8.7496
3 -0.9778 9.6528
3 -0.9778 9.6528
9 3.1668 0.2867
7 5.1464 6.7173
9 3.1668 0.2867
9 3.1668 0.2867
9 3.1668 0.2867
9 3.1668 0.2867
6 -1.9826 -3.5348
1 -7.3059 6.2018
4 -4.1388 8.7496
2 3.7816 -8.6330
8 7.5601 0.9517
3 -0.9778 9.6528
6 -7.3059 6.2018
7 5.1464 6.7173
10 0.4865 -2.4066
7 -1.7173 -8.0683
2 3.7816 -8.6330
8 -1.9260 0.7791
5 -1.8432 9.2446
5 9.8721 -7.5028
3 -0.9778 9.6528
6 -7.3059 6.2018
2 -1.6524 0.2226
7 -4.9255 -4.7022
2 3.7463 -6.1645
6 -1.9826 -3.5348
10 0.4865 -2.4066
1 7.0685 9.7960
7 5.1464 6.7173
7 -2.2358 0.3498
5 1.2423 6.2325
6 -1.9826 -3.5348
1 -7.3059 6.2018
3 -0.9778 9.6528
5 1.2423 6.2325
3 -0.9778 9.6528
2 3.7816 -8.6330
6 -1.9826 -3.5348
5 1.2423 6.2325
9 -9.3969 -7.9354
5 5.0891 -4.5300
7 5.1464 6.7173
2 3.7816 -8.6330
5 7.3352 9.8354
5 -1.8432 9.2446
9 0.6021 6.6570
1 -9.7720 8.1455
5 -9.7538 6.3647
2 3.7816 -8.6330
5 -9.9951 -6.9426
7 5.1464 6.7173
8 5.1464 6.7173
9 3.1668 0.2867
4 -4.1388 8.7496
8 7.5601 0.9517
10 -1.7851 -3.0351
6 -7.3059 6.2018
9 3.1668 0.2867
8 5.1464 6.7173
4 -0.8496 -1.4330
10 -0.3727 -1.9567
9 7.2047 -0.0505
8 0.4138 -0.7065
1 5.5062 -4.1668
4 -4.1388 8.7496
10 -1.9826 -3.5348
2 6.0386 -0.3572
3 -0.9778 9.6528
10 -7.9429 1.5185
8 -6.2280 3.8756
6 -6.5319 -0.5048
