10 100
P -0.278737 4.056849 4.066575 6.566338
P -4.520925 6.719759 -2.797009 9.545449
Z 2 6.054102 6.928443 0.488130 -8.052098
P 4.990595 6.595010 7.829137 9.406610
Z 1 -9.646388 -8.856558 -1.504398 -2.619275
K -3.266243 5.880630 2.763358
P 3.063378 -6.956909 5.813804 -4.889446
P -3.994175 -0.362404 -0.766476 3.507366
Z 1 -2.149519 0.054615 -4.159816 -6.100869
Z 7 -7.307109 -6.581438 4.016510 5.631536
4 4.990595 9.406610
2 -2.797009 9.545449
8 0.800935 1.740626
9 -3.324060 8.980018
3 14.466692 3.131177
10 0.902713 7.571434
8 -0.766476 3.507366
3 15.772380 2.005537
10 3.063378 -4.889446
9 -3.324060 8.980018
4 7.829137 9.406610
8 9.554411 0.359760
9 -3.324060 8.980018
5 5.260593 -3.174051
2 -2.797009 9.545449
10 -8.671671 6.473726
1 4.066575 6.566338
4 4.990595 6.595010
4 4.990595 9.406610
10 8.126953 -8.870607
9 -0.278737 4.056849
2 -2.583411 -7.035196
4 4.990595 6.595010
7 3.063378 -4.889446
9 -0.278737 4.056849
6 8.327680 -4.020054
1 3.428823 8.386743
7 3.063378 -6.956909
6 -3.266243 5.880630
6 -3.266243 5.880630
8 -3.994175 -0.362404
3 -7.058149 -2.585822
8 8.492685 -9.090830
3 1.120278 7.986084
3 15.772380 2.005537
2 -2.797009 9.545449
2 -4.520925 9.545449
10 5.813804 -4.889446
7 9.231281 9.473667
10 9.803248 2.811591
9 2.759207 -5.423207
9 -6.597013 0.187107
9 -3.324060 8.980018
9 -0.278737 6.566338
3 9.888149 -1.612724
3 12.621643 0.991008
3 12.621643 0.991008
1 4.066575 6.566338
7 5.813804 -6.956909
9 0.183659 6.415326
1 1.308228 4.301352
5 5.260593 -3.174051
10 5.813804 -4.889446
7 3.063378 -4.889446
10 -8.671671 6.473726
6 -3.266243 5.880630
3 -2.797009 6.719759
5 5.260593 -3.174051
6 7.321559 -9.207263
2 -2.797009 9.545449
9 -7.437871 7.182383
9 4.066575 4.056849
1 6.814900 8.276710
4 4.990595 9.406610
1 5.697979 6.994260
7 0.380093 6.447188
3 -4.520925 6.719759
10 -8.464112 3.731143
3 14.466692 3.131177
5 6.391919 1.021403
8 -2.074360 -8.278832
10 -7.936060 2.475526
3 0.967305 -1.108183
5 4.066575 6.566338
2 -4.520925 9.545449
4 4.990595 9.406610
7 5.612015 7.057633
10 6.294683 -6.736983
1 4.066575 6.566338
5 9.564889 0.312053
2 -4.520925 6.719759
10 7.120976 -3.690925
3 12.621643 0.991008
2 -8.559001 -4.132371
8 -3.994175 3.507366
7 6.752878 2.214355
7 1.204674 -2.769751
9 0.183659 6.415326
4 4.990595 6.595010
9 -0.278737 6.566338
8 -0.766476 -0.362404
3 15.772380 2.005537
2 -4.520925 9.545449
8 -0.766476 3.507366
4 7.829137 6.595010
3 9.171492 -5.935124
10 -6.610103 6.629746
3 14.466692 3.131177
1 3.898938 9.822441
7 5.813804 -4.889446
