10 100
K 3.220584 2.378308 1.953202
Z 1 3.220584 2.378308 2.261503 2.095176
P 2.002424 1.166794 5.211172 3.225577
Z 3 5.211172 1.166794 4.460789 0.505790
Z 1 3.220584 2.378308 3.520839 3.332167
K 9.367312 6.556953 2.621180
P 1.466772 -7.670242 2.965448 -5.250973
P -5.500580 9.152037 -3.606473 12.348752
K 7.743716 8.844203 2.028652
K 2.970721 -3.920653 3.268743
4 7.2535 0.9071
10 2.9707 -3.9207
5 3.2206 2.3783
5 3.2206 2.3783
5 -4.7848 -9.7937
3 2.0024 3.2256
3 5.2112 3.2256
10 2.9707 -3.9207
7 1.4668 -7.6702
4 2.0024 1.1668
4 5.2112 1.1668
2 3.2206 2.3783
8 -3.6065 9.1520
1 3.2206 2.3783
9 7.7437 8.8442
3 2.0024 1.1668
9 7.7437 8.8442
7 2.9654 -5.2510
5 3.2206 2.3783
4 0.3034 -9.0001
9 -5.9296 2.8872
2 2.5485 3.3005
4 7.2535 0.9071
9 -3.2745 -1.8287
10 -6.7595 -6.1766
4 7.2535 0.9071
2 3.1856 7.6187
9 2.9849 9.9144
8 -5.5006 12.3488
3 5.2112 3.2256
3 6.6811 -8.7988
10 2.9707 -3.9207
7 -3.9150 -1.3317
4 2.0024 3.2256
4 6.3748 9.5559
8 -3.6065 9.1520
1 -2.6513 1.7160
5 0.7728 -6.8994
4 4.8064 -2.0163
6 -0.9996 8.7586
3 5.2112 3.2256
4 2.0024 3.2256
8 -3.6065 12.3488
5 -1.9996 1.7194
7 1.4668 -7.6702
10 2.9707 -3.9207
1 -0.9547 -9.1586
8 -3.6065 12.3488
2 3.2206 2.3783
1 3.2206 2.3783
4 0.4832 6.7393
6 9.3673 6.5570
5 3.2206 2.3783
1 -0.7798 8.9402
8 -3.6065 9.1520
7 -8.2552 9.9068
5 3.2206 2.3783
8 -3.6065 9.1520
1 3.2206 2.3783
5 3.2206 2.3783
1 -7.7229 -3.1905
3 5.2112 3.2256
4 4.8064 -2.0163
3 5.2112 1.1668
10 2.9707 -3.9207
6 -5.5817 6.8953
4 5.2112 1.1668
5 3.2206 2.3783
7 1.4668 -5.2510
1 0.6437 -6.7693
1 3.2206 2.3783
5 6.4021 5.9192
10 8.1310 7.1736
7 6.1930 3.0385
10 2.9707 -3.9207
1 3.2206 2.3783
5 3.2206 2.3783
9 7.7437 8.8442
4 -0.1317 -8.0656
10 2.9707 -3.9207
7 -9.4968 6.7326
3 1.2512 -8.1430
1 -1.0755 0.0921
4 -9.5946 3.8181
7 -4.5344 1.6416
3 5.2112 3.2256
6 9.3673 6.5570
9 7.7437 8.8442
10 2.9707 -3.9207
1 4.5971 -9.1440
1 3.2206 2.3783
5 0.0954 4.2879
9 7.7437 8.8442
6 9.3673 6.5570
7 2.9654 -7.6702
2 6.7060 9.7939
10 -0.2658 -2.7604
8 -5.5006 9.1520
5 -1.1507 4.5811
9 7.7437 8.8442
