10 100
K -1.664737 -6.896157 1.498924
K 8.413791 0.271632 2.692213
Z 2 -9.787847 0.618806 1.067995 6.072154
K -9.156643 -5.281285 3.180708
P -8.514468 9.178750 -3.680398 13.372809
Z 5 0.269833 -0.458448 3.708563 -0.078973
K 8.283875 -0.718424 3.866779
Z 1 -1.085900 -5.513507 -2.008328 -5.127338
P 3.483880 9.689337 4.891011 14.220894
K -5.667736 -4.922348 3.080868
2 8.413791 0.271632
4 6.208228 -8.667024
10 -5.667736 -4.922348
2 -3.676426 9.599014
6 -3.680398 9.178750
3 -4.758106 8.821864
3 8.413791 0.271632
5 -3.680398 9.178750
10 -4.470341 -9.286148
6 -7.100758 -8.748079
1 -1.664737 -6.896157
10 -5.667736 -4.922348
3 8.413791 0.271632
9 4.891011 9.689337
7 -5.459086 4.165816
1 -1.664737 -6.896157
2 8.413791 0.271632
2 8.413791 0.271632
7 8.283875 -0.718424
1 8.521395 6.466363
2 8.413791 0.271632
6 -6.201691 -11.779177
2 4.799290 2.136235
9 -4.514074 1.901542
7 -3.051427 -9.341598
8 -0.507062 -4.130857
1 -1.664737 -6.896157
4 -9.156643 -5.281285
1 -1.664737 -6.896157
1 -1.664737 -6.896157
10 8.133843 -5.453469
9 4.891011 9.689337
4 -9.156643 -5.281285
9 -6.486724 -3.155278
9 4.891011 9.689337
10 3.977058 -3.697910
6 -5.287172 -15.872316
2 8.413791 0.271632
1 -1.664737 -6.896157
10 -5.667736 -4.922348
8 -0.507062 -4.130857
3 -5.192257 -5.242260
6 -3.680398 13.372809
3 8.413791 0.271632
1 -1.664737 -6.896157
8 3.762335 1.362128
5 5.628690 -6.684808
9 7.763210 -2.576201
3 0.800023 15.428168
2 8.413791 0.271632
5 -8.514468 13.372809
5 -8.514468 13.372809
10 -5.667736 -4.922348
4 -9.279313 9.377134
4 -9.156643 -5.281285
3 0.800023 15.428168
2 8.413791 0.271632
6 9.773388 -6.860830
5 -8.514468 9.178750
3 -8.206328 8.133887
8 -0.507062 -4.130857
10 -8.406861 9.285492
7 8.283875 -0.718424
3 9.773837 -3.933881
4 -9.156643 -5.281285
4 -9.156643 -5.281285
2 -0.446639 3.211173
8 -1.664737 -6.896157
2 8.413791 0.271632
2 7.184747 -6.018805
9 4.891011 9.689337
5 -8.514468 13.372809
6 -6.201691 -11.779177
3 8.841797 3.062257
1 3.747537 -1.742009
1 -1.664737 -6.896157
8 -1.664737 -6.896157
1 -1.387702 6.805327
2 8.413791 0.271632
5 -8.514468 13.372809
9 2.565232 9.863798
1 -1.664737 -6.896157
8 -1.664737 -6.896157
7 8.283875 -0.718424
10 -5.848324 -3.067862
7 -0.064684 0.608860
9 -9.706334 0.318979
8 9.025017 -0.977957
4 4.552532 8.884157
9 3.483880 9.689337
7 8.283875 -0.718424
7 -5.817310 7.180126
5 -8.514468 9.178750
9 4.891011 9.689337
4 -9.156643 -5.281285
3 4.648950 9.103962
1 -7.730951 1.110835
2 3.606829 2.774839
2 8.413791 0.271632
5 -3.680398 13.372809
