10 100
P 7.930301 4.565399 12.687135 5.843391
Z 1 -8.324566 -6.515406 -0.524093 0.721890
K -9.267774 7.725027 4.783839
K 3.669561 -2.269948 1.016724
P -9.606774 9.500190 -4.811118 13.799982
P 7.603293 0.484002 10.644894 1.509378
Z 2 12.687135 5.843391 13.621703 6.199175
K 2.298039 9.720240 3.081673
Z 5 9.392730 -4.366454 4.219067 6.957479
Z 2 -7.095943 -4.334774 6.957887 -4.741692
4 3.6696 -2.2699
2 7.9303 4.5654
9 -4.3430 -7.0666
1 7.9303 5.8434
4 3.6696 -2.2699
8 -1.2268 -6.9808
7 3.9410 8.8651
6 10.6449 0.4840
5 -9.6068 13.8000
3 4.7229 7.2781
2 -3.8098 -1.5327
6 7.6033 1.5094
2 -4.6281 2.9552
3 -9.2678 7.7250
9 4.9577 18.2632
2 -3.3509 9.9940
3 -1.0418 -0.7466
10 5.1820 -3.1547
3 2.6088 -6.0615
8 -3.8714 -5.8448
1 5.3384 4.8921
4 3.6696 -2.2699
10 4.4366 -18.1295
7 -9.4618 -0.5410
6 7.6033 0.4840
1 7.9303 5.8434
7 11.5849 -5.5356
7 7.9303 4.5654
8 2.2980 9.7202
1 12.6871 4.5654
6 10.6449 1.5094
5 -4.8111 13.8000
10 6.9989 -3.0156
3 -6.4746 -3.8294
3 -9.2678 7.7250
4 3.6696 -2.2699
5 7.9860 8.7419
4 3.6696 -2.2699
1 12.6871 5.8434
4 3.6696 -2.2699
3 -9.2678 7.7250
8 2.2980 9.7202
10 12.6871 4.5654
4 7.0136 -4.3113
2 6.6638 5.5736
8 3.6630 0.2663
9 8.0971 21.8885
3 -9.2678 7.7250
3 -9.2678 7.7250
7 5.5712 13.5130
8 6.9161 8.2606
9 8.0971 21.8885
2 7.9303 5.8434
8 2.2980 9.7202
10 4.5173 -22.8856
4 3.6696 -2.2699
2 4.2968 13.6086
1 12.6871 4.5654
2 7.9303 4.5654
4 3.6696 -2.2699
8 2.2980 9.7202
7 8.2847 3.6345
8 2.2980 9.7202
7 12.4731 -4.6167
9 1.7685 -0.9367
5 -4.8111 9.5002
1 7.9303 5.8434
6 7.6033 1.5094
8 2.2980 9.7202
4 1.6088 -6.8737
1 7.9303 4.5654
4 -5.4703 5.1846
7 9.1346 2.6801
5 -4.8111 13.8000
10 3.2395 -22.9073
7 11.8373 6.7978
4 -7.1626 4.7988
2 -7.3642 5.2868
2 5.2154 8.7695
5 -9.6068 13.8000
6 10.6449 1.5094
4 3.6696 -2.2699
2 -0.6162 -6.1309
4 3.6696 -2.2699
1 -2.1419 -3.2783
2 2.9557 2.0221
5 -4.8111 13.8000
7 8.1647 -2.2296
2 3.6970 -1.6315
4 2.9688 3.9875
5 3.3713 1.0354
9 8.0971 21.8885
1 7.9303 4.5654
7 4.2968 13.6086
3 -0.8286 7.3840
9 8.2082 15.4484
1 12.6871 5.8434
9 -4.8111 13.8000
9 8.0971 21.8885
10 4.2968 13.6086
