10 100
P -8.713440 0.799683 -5.534384 5.784104
Z 1 -8.713440 5.784104 -9.398793 5.055893
K -1.581734 9.296880 3.143241
P 4.212752 1.277768 8.413941 4.842976
Z 3 -9.690804 5.541395 1.906484 9.587101
P 4.616589 5.288503 5.818062 9.681953
K -1.539299 6.840492 4.243653
P 6.806623 -2.763694 8.755050 -0.487646
K -4.034040 1.617008 4.000422
P 2.923359 -2.347486 5.198885 0.515263
3 -1.581734 9.296880
1 -5.534384 0.799683
2 -13.881300 8.655354
1 -3.733474 0.742921
9 -4.034040 1.617008
4 0.618255 -9.790384
8 6.806623 -2.763694
9 -4.034040 1.617008
9 -4.034040 1.617008
7 -1.539299 6.840492
4 8.413941 4.842976
1 -5.534384 0.799683
8 2.985912 1.869320
6 5.818062 9.681953
9 -4.034040 1.617008
9 -4.034040 1.617008
8 6.806623 -2.763694
10 2.923359 0.515263
6 4.616589 9.681953
9 -4.034040 1.617008
9 -4.034040 1.617008
7 -1.539299 6.840492
4 8.413941 1.277768
5 -1.005360 7.644664
7 -1.539299 6.840492
4 -4.521710 8.831651
1 -8.713440 0.799683
2 -13.688706 5.482137
10 5.198885 -2.347486
6 5.818062 5.288503
9 -4.034040 1.617008
8 6.806623 -0.487646
2 -13.881300 8.655354
7 -8.182187 -3.177905
4 4.212752 1.277768
8 1.997312 -4.305210
3 -1.581734 9.296880
4 8.413941 4.842976
2 -8.713440 5.784104
5 -1.581734 9.296880
2 1.026106 -6.214955
4 8.413941 4.842976
10 2.923359 0.515263
2 -8.065334 -6.275137
6 -2.946644 7.068984
4 -8.113959 -1.543009
1 -8.713440 0.799683
4 7.012273 1.648487
3 -1.581734 9.296880
9 -4.034040 1.617008
7 -1.539299 6.840492
9 -6.818143 5.859214
5 -1.005360 7.644664
8 6.806623 -2.763694
9 -4.034040 1.617008
4 -5.423374 8.749705
2 -0.412415 -9.430247
5 -1.005360 7.644664
3 -1.581734 9.296880
8 6.806623 -0.487646
4 8.413941 4.842976
8 8.755050 -0.487646
10 5.198885 0.515263
8 6.806623 -0.487646
3 -1.581734 9.296880
6 4.616589 5.288503
5 -1.581734 9.296880
4 4.212752 4.842976
6 4.616589 5.288503
4 8.045351 9.155733
7 2.743391 7.835302
3 -1.581734 9.296880
10 2.999579 8.414170
4 8.413941 4.842976
5 -1.005360 7.644664
9 -7.273384 -6.560351
1 -8.277641 -5.297644
2 6.051647 -3.890606
7 -1.539299 6.840492
10 2.923359 -2.347486
3 -1.581734 9.296880
8 -5.306940 -5.315307
2 -13.688706 5.482137
3 0.519237 -5.943664
3 4.315678 -9.049578
1 3.939773 -6.300596
10 2.923359 0.515263
9 -4.034040 1.617008
8 8.755050 -0.487646
2 -7.171786 -6.385448
4 8.413941 1.277768
5 6.889735 7.490841
1 -4.404500 -3.456798
10 -1.724765 -3.780316
4 4.212752 4.842976
2 -8.713440 5.784104
3 -4.751985 -4.868429
7 -1.539299 6.840492
10 5.198885 -2.347486
5 -1.581734 9.296880
