10 100
P -8.289115 -0.394113 -6.544383 2.646386
K 8.267751 4.164553 4.987215
K -6.600235 4.327737 2.597281
K 4.576136 2.418209 1.095932
P -2.814765 4.083915 -0.241454 5.417488
Z 5 -5.493304 -4.701886 9.719341 1.069910
Z 6 3.223597 -10.497742 4.213753 -10.637708
P 4.550472 -0.100852 8.851188 3.835966
Z 5 -2.814765 4.083915 -2.238453 4.901145
P -8.306461 5.278228 -3.613758 9.277786
9 -1.558595 4.531634
8 4.550472 -0.100852
9 -0.241454 5.417488
2 8.267751 4.164553
3 -6.491483 -7.257966
7 5.149277 -8.790789
5 -2.814765 4.083915
8 8.851188 3.835966
1 -8.289115 2.646386
3 -4.346795 -7.221143
5 -2.814765 5.417488
3 -6.600235 4.327737
9 -0.241454 4.083915
6 5.149277 -8.790789
4 4.576136 2.418209
6 1.932376 4.894530
4 4.576136 2.418209
7 4.600698 -12.671568
5 -4.000707 5.679990
5 -7.411086 -8.790073
3 9.824745 6.339560
9 -0.241454 4.083915
2 8.267751 4.164553
10 7.467070 6.978221
1 -6.544383 -0.394113
10 -3.613758 9.277786
4 4.576136 2.418209
9 3.443404 4.756742
1 -8.289115 -0.394113
7 -4.517032 -24.828958
5 -0.241454 4.083915
4 4.576136 2.418209
4 4.576136 2.418209
1 -8.289115 2.646386
2 8.267751 4.164553
3 -6.600235 4.327737
10 1.133868 -7.388110
6 -2.814765 5.417488
9 -8.123357 -8.470739
7 -8.757011 -4.300039
5 -0.241454 5.417488
10 -8.306461 9.277786
9 -2.814765 5.417488
9 -1.558595 4.531634
1 -8.289115 2.646386
4 -6.376524 -7.212933
2 2.807353 -8.268219
1 -6.544383 -0.394113
4 -5.959993 3.280492
8 4.550472 -0.100852
4 4.576136 2.418209
9 -5.653958 0.805421
4 5.522745 -7.726250
2 8.267751 4.164553
2 8.267751 4.164553
5 -2.814765 5.417488
2 -8.582164 -5.748197
1 -8.289115 2.646386
7 -4.147396 -23.547637
1 5.163698 3.703234
7 -2.479206 -4.246723
5 7.371490 -3.499785
9 -2.814765 4.083915
8 8.851188 -0.100852
10 -8.306461 9.277786
7 -6.619881 -22.834373
10 -8.306461 9.277786
6 -2.814765 5.417488
5 -2.814765 4.083915
6 1.508966 -0.130817
2 7.302858 -6.766281
5 7.111969 -5.926854
5 -2.814765 4.083915
4 4.576136 2.418209
8 2.078259 4.150038
8 8.851188 3.835966
8 4.550472 3.835966
5 -2.814765 5.417488
9 -0.241454 4.083915
4 4.576136 2.418209
1 -6.544383 -0.394113
1 -8.289115 2.646386
8 0.202744 3.736977
1 -8.289115 2.646386
1 -8.289115 -0.394113
3 -6.600235 4.327737
10 -3.613758 5.278228
10 -6.933947 -1.977165
9 -2.814765 5.417488
5 -0.241454 4.083915
2 8.267751 4.164553
8 8.851188 -0.100852
2 8.267751 4.164553
5 -0.241454 4.083915
9 -2.814765 4.083915
5 5.649033 -1.595238
10 -8.306461 9.277786
8 5.829556 7.876483
8 4.550472 -0.100852
5 -0.241454 4.083915
