10 100
K 1.641312 -7.662704 1.208172
P -8.684897 -4.677310 -5.193801 -2.970743
Z 1 -2.126652 5.975563 3.447334 -7.706473
K 4.305423 9.789554 4.321523
P -0.608399 -3.976989 4.121120 -2.515880
Z 2 -5.193801 -2.970743 -4.409360 -3.590946
Z 2 -5.193801 -4.677310 -5.014108 -3.693587
Z 7 -5.470516 5.728946 -8.913426 0.126223
K 7.358766 5.577129 3.897748
K 2.536029 -6.778894 4.593889
3 4.708614 -6.413102
10 2.536029 -6.778894
6 -5.193801 -4.677310
9 6.560963 -0.803328
6 -8.684897 -2.970743
8 -9.145955 -3.374847
6 -5.193801 -2.970743
10 2.536029 -6.778894
4 4.305423 9.789554
7 -5.193801 -2.970743
7 8.709638 -3.135579
10 2.536029 -6.778894
6 -4.338649 0.819882
4 -1.917063 6.395526
9 7.358766 5.577129
7 -5.193801 -4.677310
7 -1.928157 -5.911539
8 -7.085359 -1.396944
3 9.862151 -0.688316
7 -4.590467 -3.080952
9 7.358766 5.577129
4 4.305423 9.789554
7 -1.324824 -4.315181
1 1.641312 -7.662704
8 -13.302041 -1.840045
9 -5.857655 -5.569945
9 -2.975714 1.294477
8 -16.304117 4.889692
3 4.708614 -6.413102
1 1.641312 -7.662704
9 7.358766 5.577129
5 4.121120 -3.976989
8 -1.928157 -5.911539
4 7.858346 -9.515190
9 7.358766 5.577129
8 -5.487218 -7.617378
2 6.638995 7.948089
9 7.358766 5.577129
9 7.358766 5.577129
3 -6.175453 -4.516004
3 4.708614 -6.413102
1 3.147879 -8.224672
7 -1.324824 -4.315181
8 -11.779563 -1.069050
6 -5.193801 -2.970743
9 7.358766 5.577129
3 4.708614 -6.413102
6 7.888842 3.096360
9 7.358766 5.577129
10 2.536029 -6.778894
6 -3.533267 -2.577044
9 7.358766 5.577129
3 1.641312 -7.662704
4 4.305423 9.789554
3 4.708614 -6.413102
6 -8.684897 -4.677310
9 7.358766 5.577129
6 -5.193801 -2.970743
4 4.305423 9.789554
4 4.305423 9.789554
10 2.536029 -6.778894
7 -8.684897 -2.970743
7 -5.193801 -2.970743
9 7.358766 5.577129
10 -1.244602 -5.908048
1 1.641312 -7.662704
6 -8.684897 -4.677310
8 -16.304117 4.889692
10 2.536029 -6.778894
3 1.641312 -7.662704
8 -16.304117 4.889692
6 -9.584891 7.492859
6 -5.193801 -2.970743
8 -14.879252 1.274463
6 -5.193801 -2.970743
1 1.641312 -7.662704
6 -4.338649 0.819882
6 -5.193801 -2.970743
7 -8.684897 -4.677310
7 -1.324824 -4.315181
1 1.641312 -7.662704
7 -1.928157 -5.911539
2 5.995625 7.886229
1 1.641312 -7.662704
7 -5.193801 -2.970743
9 7.358766 5.577129
2 -5.193801 -2.970743
10 2.536029 -6.778894
2 -5.193801 -2.970743
8 6.357747 5.166631
2 -5.193801 -4.677310
7 -1.928157 -5.911539
7 -3.351565 1.611499
4 4.305423 9.789554
7 -0.000262 4.873487
10 2.536029 -6.778894
1 4.986935 2.077620
8 -4.138529 3.694721
9 7.358766 5.577129
5 -0.608399 -3.976989
