10 100
K -4.158282 5.630277 4.087912
P -9.472724 1.372759 -4.670920 4.048515
Z 1 -2.934807 1.729748 -1.980645 2.029039
P -6.834065 -8.461629 -2.702319 -7.438232
Z 1 6.521636 3.248058 -7.138283 -4.682405
P 4.485543 -7.752214 8.917227 -5.991592
Z 5 1.568329 9.924430 9.551665 -4.633869
P 8.459115 0.900880 13.092926 3.459279
P -5.470948 -7.471009 -2.162570 -6.114238
Z 7 3.295042 -7.207788 3.274110 -8.207569
8 8.4591 0.9009
9 -5.4709 -7.4710
4 -2.7023 -8.4616
5 -4.1583 5.6303
2 6.7578 -0.8295
4 -6.8341 -8.4616
9 -5.4709 -7.4710
9 -9.0273 -0.8673
5 -1.2138 -0.9861
8 9.4500 -1.8234
5 -5.0804 -3.2493
4 2.9848 1.8591
5 6.3911 9.3714
1 -7.8054 7.7360
5 -4.1583 5.6303
7 -1.9439 -3.1056
3 0.2296 6.2292
7 15.0857 -0.7422
3 -1.7113 -2.1708
6 3.6759 4.5498
4 4.8142 3.9904
7 8.2678 12.4444
1 -8.4223 -7.1812
8 13.0929 0.9009
6 7.9456 3.2270
8 13.0929 0.9009
5 3.2950 -7.2078
7 4.6451 -1.2069
3 -4.1583 5.6303
9 -5.4709 -6.1142
4 -6.8341 -7.4382
1 0.6038 2.9192
9 -5.4709 -6.1142
7 -6.3542 5.5815
1 -4.1583 5.6303
8 1.1176 -5.7557
8 8.4591 0.9009
2 1.0498 -1.1081
10 11.2792 5.3071
10 -4.1583 5.6303
2 -4.6709 1.3728
10 3.7652 6.0935
1 -8.4163 4.1863
2 -9.4727 1.3728
3 -4.1583 5.6303
1 -2.2458 7.1628
10 -9.0104 9.3408
2 -9.7407 -2.4473
6 4.4855 -7.7522
6 8.9172 -5.9916
10 -3.3861 8.7211
9 -2.1626 -6.1142
5 -4.1583 5.6303
1 -4.1583 5.6303
7 -4.1583 5.6303
7 8.2678 12.4444
9 -2.1626 -7.4710
4 -6.8341 -7.4382
1 -4.1583 5.6303
5 -4.1583 5.6303
4 -6.3889 0.0083
3 -1.7113 -2.1708
3 0.0286 -3.8218
6 8.9172 -5.9916
5 -4.1583 5.6303
10 -3.2342 8.0299
4 -6.8341 -7.4382
6 7.3404 7.1023
10 -4.1583 5.6303
5 3.2950 -7.2078
9 -2.1626 -6.1142
8 13.0929 3.4593
6 4.4855 -7.7522
10 -0.1672 2.5739
5 6.4501 -2.7836
10 8.2678 12.4444
1 -8.2314 -6.3899
10 -1.1003 -5.9648
2 1.1215 9.3191
1 -4.1583 5.6303
1 -4.1583 5.6303
5 -4.1583 5.6303
10 11.2792 5.3071
5 -1.4589 8.7965
5 -4.1583 5.6303
9 -6.5394 -2.1281
10 6.1190 5.2992
8 8.4591 0.9009
7 3.2950 -7.2078
1 -4.1583 5.6303
6 4.4855 -5.9916
7 -1.1306 -7.4723
6 8.9172 -5.9916
2 -9.4727 1.3728
3 2.7975 -3.0309
10 3.2950 -7.2078
6 4.4855 -7.7522
2 -2.8143 -5.7793
2 5.5541 -4.2372
6 6.2996 5.1441
