10 100
K -4.389971 0.864914 4.160953
K 4.036386 -7.490834 3.518824
P 6.896284 -0.983388 7.931168 0.219429
P 4.505214 4.913893 6.748815 9.131396
K -1.826941 6.125004 3.811430
K -2.000412 -0.279226 2.092100
P -2.938537 3.436539 -0.106623 6.020962
K -8.600545 -3.274703 2.081158
K 8.994043 -8.461124 2.727084
P 1.422275 -4.538732 5.354127 -3.467060
8 -8.600545 -3.274703
7 -0.106623 3.436539
7 4.963793 8.540259
9 8.994043 -8.461124
4 4.505214 4.913893
3 7.931168 -0.983388
2 -2.795707 8.506563
4 6.748815 4.913893
10 -8.340605 7.821000
3 7.931168 0.219429
5 -1.826941 6.125004
3 6.896284 0.219429
10 1.422275 -3.467060
8 -8.600545 -3.274703
5 -1.826941 6.125004
9 8.994043 -8.461124
2 4.036386 -7.490834
5 -1.826941 6.125004
5 -1.826941 6.125004
8 -8.600545 -3.274703
10 5.354127 -4.538732
8 -9.199310 -8.762791
8 3.904202 8.559466
6 2.951180 8.103132
3 7.931168 -0.983388
6 -2.000412 -0.279226
9 8.994043 -8.461124
6 -2.000412 -0.279226
2 4.036386 -7.490834
6 -2.000412 -0.279226
1 -4.389971 0.864914
6 -2.000412 -0.279226
7 -2.938537 6.020962
2 4.036386 -7.490834
3 3.538476 -1.697656
1 -4.389971 0.864914
10 4.080194 -1.782012
10 -1.686897 -8.154977
5 0.739192 9.810215
4 4.505214 9.131396
3 9.591848 1.476180
4 8.942643 -9.165512
10 6.954543 -2.762480
9 8.994043 -8.461124
9 -0.837851 5.635971
6 -2.000412 -0.279226
2 4.036386 -7.490834
2 4.208959 1.399735
7 -0.106623 6.020962
8 -8.600545 -3.274703
2 4.036386 -7.490834
10 5.354127 -4.538732
6 9.102068 -1.282418
10 -3.390375 -8.181718
8 -8.600545 -3.274703
1 -4.389971 0.864914
9 0.488547 -7.226648
3 6.896284 -0.983388
5 6.954212 -9.044028
3 6.896284 0.219429
5 -1.826941 6.125004
9 8.994043 -8.461124
3 6.896284 0.219429
3 -2.993510 2.266882
8 -8.600545 -3.274703
2 4.036386 -7.490834
4 6.748815 4.913893
1 -4.389971 0.864914
9 -0.455075 8.047088
2 -2.610516 -3.068227
4 6.748815 9.131396
1 -4.389971 0.864914
4 3.361148 1.051621
7 -2.938537 3.436539
5 -1.826941 6.125004
6 9.459424 0.492797
3 6.896284 0.219429
5 -1.826941 6.125004
9 -7.529098 1.543660
4 4.505214 9.131396
6 -2.000412 -0.279226
9 8.994043 -8.461124
2 4.036386 -7.490834
3 6.896284 0.219429
6 -2.000412 -0.279226
10 1.422275 -4.538732
1 -4.389971 0.864914
1 7.604879 -8.560254
8 2.327728 3.758820
5 -3.252387 5.312354
6 -2.000412 -0.279226
2 -0.240663 -2.270802
1 -4.389971 0.864914
5 -1.826941 6.125004
2 4.036386 -7.490834
1 -4.389971 0.864914
6 -2.000412 -0.279226
9 8.994043 -8.461124
1 -4.389971 0.864914
4 4.505214 4.913893
