10 100
K 0.240395 3.734500 4.886746
P -3.424257 9.727639 -0.424032 11.463863
K -3.266661 -7.333251 3.632129
Z 2 -3.424257 9.727639 -2.915183 10.588362
K 3.806737 4.734378 2.753847
K 6.435033 -2.930303 1.726598
Z 5 6.216140 0.993808 7.281972 6.978188
K -8.162244 -6.534762 1.426479
K -4.152252 -6.528934 1.301951
K -3.060684 -3.771766 3.324688
8 -8.6865 -0.6823
10 -3.0607 -3.7718
7 -5.4997 3.8334
7 -0.6910 -1.1147
6 -1.0641 3.7593
1 -7.7798 -2.2236
4 -4.8694 12.3569
3 -3.2667 -7.3333
3 -3.2667 -7.3333
2 -3.4243 11.4639
3 -3.2667 -7.3333
4 -4.7264 4.5251
5 3.8067 4.7344
8 -8.1622 -6.5348
2 -3.4243 9.7276
5 3.8067 4.7344
8 -8.1622 -6.5348
7 3.8067 4.7344
3 -3.2667 -7.3333
1 0.2404 3.7345
2 -3.4243 11.4639
5 3.8067 4.7344
6 6.4350 -2.9303
4 -1.9027 10.5640
10 -3.0607 -3.7718
1 0.2404 3.7345
5 3.8067 4.7344
8 -8.1622 -6.5348
3 -3.2667 -7.3333
2 -0.4240 11.4639
3 -0.6434 9.8251
6 6.4350 -2.9303
6 6.4350 -2.9303
9 -4.1523 -6.5289
7 9.7688 3.6725
9 4.3298 -5.0807
7 3.8067 4.7344
7 -3.4052 -8.4827
8 -8.1622 -6.5348
2 -9.4760 -2.9763
10 -3.0607 -3.7718
1 0.4073 3.4870
9 -4.1523 -6.5289
3 -3.2667 -7.3333
5 9.2550 -3.8107
5 3.8067 4.7344
8 4.0468 -8.7623
4 -3.4243 9.7276
7 9.7688 3.6725
10 -3.0607 -3.7718
6 6.4350 -2.9303
2 -0.4240 9.7276
7 5.0782 6.4525
8 -8.1622 -6.5348
4 -4.2738 -3.0713
1 0.2404 3.7345
9 -4.3581 -7.6413
4 -0.4240 11.4639
2 -0.4240 11.4639
7 3.8067 4.7344
2 -4.3488 -3.5445
7 3.8067 4.7344
2 -3.4243 11.4639
9 8.3940 -9.5440
10 5.3005 -5.9769
9 -4.1523 -6.5289
8 -8.1622 -6.5348
1 0.2404 3.7345
8 -7.7097 9.8637
5 3.8067 4.7344
5 3.8067 4.7344
10 1.5573 4.2404
2 -0.4240 9.7276
1 0.2404 3.7345
2 5.2506 -5.0510
5 8.5113 0.8979
4 -4.8694 12.3569
10 -3.0607 -3.7718
2 -3.4243 9.7276
6 6.4350 -2.9303
2 -0.4240 11.4639
9 -4.1523 -6.5289
3 -3.2667 -7.3333
10 -3.0607 -3.7718
9 -5.9113 -3.2815
5 3.8067 4.7344
5 3.8067 4.7344
10 -3.0607 -3.7718
1 -4.8499 5.6466
2 -9.9486 5.6337
10 -3.0607 -3.7718
10 -6.5649 -8.3610
8 8.7357 -9.4758
7 3.8067 4.7344
7 -4.3909 7.7448
8 1.2709 -6.4556
3 -3.2667 -7.3333
6 6.4350 -2.9303
5 3.8067 4.7344
8 -8.1622 -6.5348
