10 100
K 1.221688 8.087553 1.268708
K -3.703432 -3.494394 1.462524
Z 2 -0.121230 9.723342 7.335103 5.242336
K -4.601309 6.531767 4.298279
P 1.957816 -6.151339 5.177810 -3.390580
Z 5 -5.325845 -3.325785 8.220165 5.618470
Z 2 -5.094398 -3.042520 -5.403367 -3.993592
Z 7 -4.143473 -7.058766 1.407487 -7.944580
Z 2 -7.182113 -8.791973 3.545546 -9.428511
Z 7 -5.782445 -1.308116 -6.659374 -0.827496
5 5.177810 -3.390580
3 -3.703432 -3.494394
2 -3.703432 -3.494394
2 -3.703432 -3.494394
4 -4.601309 6.531767
4 -4.601309 6.531767
3 -3.844139 0.218447
10 3.487410 -0.259574
7 -3.703432 -3.494394
9 -7.027504 6.523350
3 9.869054 19.090036
2 -3.703432 -3.494394
6 5.177810 -6.151339
5 3.342759 -4.886568
5 8.259828 1.956669
4 -4.601309 6.531767
2 -3.703432 -3.494394
6 9.852021 -5.620913
6 -7.725608 4.472653
8 5.718278 3.216184
9 -4.354312 -14.463754
1 1.221688 8.087553
9 -4.354312 -14.463754
9 -4.354312 -14.463754
9 -3.703432 -3.494394
3 9.869054 19.090036
2 5.744417 8.552624
3 4.468529 6.751759
3 -3.703432 -3.494394
8 -7.755126 9.378634
9 -4.354312 -14.463754
3 9.869054 19.090036
9 -4.354312 -14.463754
1 1.221688 8.087553
4 -4.601309 6.531767
3 9.869054 19.090036
1 1.221688 8.087553
7 -6.485364 -2.590645
4 -4.601309 6.531767
7 -6.485364 -2.590645
6 5.177810 -6.151339
1 1.221688 8.087553
2 -3.703432 -3.494394
1 1.221688 8.087553
3 7.076375 2.924685
4 0.362998 -4.352216
10 -8.031443 -1.812324
1 9.877419 7.045800
8 -4.834631 -10.583066
3 -4.362402 3.790443
1 1.221688 8.087553
6 -1.259827 6.359176
6 0.033382 7.232407
10 -2.821018 -1.884362
3 -3.703432 -3.494394
4 -8.971070 -9.843414
7 3.143080 -0.231546
7 -3.000085 -1.682796
3 -3.703432 -3.494394
9 -3.703432 -3.494394
7 -3.703432 -3.494394
10 -7.027834 0.861462
7 2.464770 -2.857774
2 -3.703432 -3.494394
7 -5.982710 -0.927012
9 -3.703432 -3.494394
1 1.221688 8.087553
4 -4.601309 6.531767
9 -3.703432 -3.494394
2 9.836387 2.118940
3 1.552762 3.570419
6 -5.063456 4.482328
3 9.869054 19.090036
7 -9.232848 -3.480233
2 -7.317772 9.753116
8 -1.856943 -1.335455
8 -0.667624 9.205513
5 5.177810 -6.151339
4 -4.601309 6.531767
3 9.869054 19.090036
10 -2.821018 -1.884362
8 -4.834631 -10.583066
3 9.869054 19.090036
8 -4.834631 -10.583066
8 -7.759671 -10.576105
7 -6.485364 -2.590645
1 1.221688 8.087553
9 3.809146 -9.377601
8 -3.703432 -3.494394
4 -4.601309 6.531767
3 1.379536 9.892834
3 -3.703432 -3.494394
2 -3.703432 -3.494394
4 3.178244 -3.633514
8 -4.834631 -10.583066
9 0.265379 -3.327196
4 2.050034 6.405521
6 1.957816 -6.151339
3 -4.340350 6.265062
9 -4.354312 -14.463754
