10 100
P 3.411853 -7.108501 5.313870 -4.388185
P 6.469647 -6.292071 11.113068 -5.172055
P 3.590063 -5.341376 8.553807 -1.686532
P -4.328883 -9.817844 -2.419193 -7.106853
K 2.276707 6.892276 1.539834
Z 1 -9.365731 -8.662340 1.821000 6.151458
P 3.352331 -4.319307 4.689990 -2.818715
Z 6 -7.526443 4.268006 -6.246560 -0.056199
Z 3 4.725458 3.412716 6.010107 -5.362466
K 7.856479 1.259678 3.453404
2 -5.5645 -8.7597
7 3.3523 -4.3193
6 3.4119 -7.1085
4 -4.3289 -7.1069
9 5.6422 9.1091
3 -0.9458 -6.8567
3 7.4274 2.1049
9 8.3226 -4.6486
1 -0.2851 6.5830
5 2.2767 6.8923
4 -2.4192 -9.8178
5 2.2767 6.8923
8 -4.1865 6.1783
5 2.2767 6.8923
7 4.6900 -2.8187
5 -7.1844 2.7633
3 3.5901 -1.6865
6 5.3139 -4.3882
5 1.7374 -9.3975
3 3.5901 -1.6865
10 7.8565 1.2597
9 2.5195 -2.5699
5 2.2767 6.8923
3 3.5901 -5.3414
10 -0.4617 -6.3673
6 3.4119 -4.3882
5 2.2767 6.8923
2 4.9132 -2.9531
6 -5.6076 -0.8332
3 3.5901 -5.3414
1 5.3139 -7.1085
5 2.2767 6.8923
7 0.1925 0.1243
2 5.3527 6.9976
4 -2.4192 -9.8178
2 11.1131 -5.1721
6 3.4119 -4.3882
2 -1.0791 7.6667
2 6.4696 -5.1721
6 3.4119 -4.3882
4 -4.3289 -7.1069
5 2.2767 6.8923
8 -4.7455 7.9963
7 7.2401 -4.9767
4 -4.3289 -7.1069
10 0.9129 -1.7623
9 7.2749 -1.1471
7 0.5972 0.9162
1 5.3139 -4.3882
9 2.7139 -2.3635
1 -3.2500 9.8316
6 5.0819 4.6748
1 3.4119 -7.1085
2 6.4696 -5.1721
2 -8.7558 8.2982
8 -7.5946 -1.2205
7 4.6900 -2.8187
7 -1.3555 5.6139
7 -2.0768 7.6791
1 3.4119 -4.3882
7 4.6900 -2.8187
7 4.6900 -2.8187
5 0.0577 -9.2041
3 8.5538 -5.3414
3 3.5901 -1.6865
1 3.4119 -4.3882
9 -4.7601 5.0865
2 11.1131 -6.2921
7 -9.7296 1.0184
8 -11.3681 4.0527
9 8.5538 -1.6865
6 -4.0827 4.5254
9 -7.5036 8.0229
6 3.4119 -7.1085
10 -5.6514 -9.2697
8 1.4538 2.7546
8 -6.6566 4.4720
6 3.4119 -4.3882
9 -7.4561 -1.8162
4 -2.4192 -9.8178
2 7.2052 -1.3149
7 3.3523 -2.8187
4 1.0480 -0.2098
6 3.4119 -4.3882
1 5.3139 -4.3882
5 -7.2327 -1.9058
10 7.8565 1.2597
1 5.3139 -7.1085
1 5.3139 -4.3882
1 5.3139 -4.3882
3 3.5901 -5.3414
5 -4.3166 5.6020
6 -11.8886 5.8821
7 3.3523 -4.3193
9 7.2749 -1.1471
3 3.5901 -1.6865
5 6.8047 5.3449
5 5.3582 -8.5610
2 6.4696 -6.2921
1 -1.1179 7.5239
