10 100
P -3.415830 -1.816589 -1.909913 1.443300
P -2.245083 -5.286667 -0.596362 -3.590377
K 8.222876 -4.405651 4.539075
P -5.191557 9.293425 -0.323535 12.473035
Z 2 5.179247 7.717535 1.515516 -5.596439
K 9.029570 -4.283360 1.099598
P -8.422376 -8.814881 -6.559788 -4.836332
K 8.000709 -0.196219 3.260700
Z 8 11.261085 -0.150268 11.246993 0.849633
K 7.963706 -2.359828 1.883629
4 -5.1916 12.4730
6 -7.0281 -9.1505
2 6.8437 3.6586
9 9.9472 -7.7287
1 -1.9099 1.4433
9 8.0007 -0.1962
10 8.3593 3.0309
1 -1.9099 -1.8166
7 -8.4224 -4.8363
10 4.9307 -4.1272
8 8.0007 -0.1962
2 -0.1163 -0.4152
6 -4.3333 -5.7532
4 -0.3235 9.2934
8 8.0007 -0.1962
4 -5.1916 9.2934
4 -5.1916 12.4730
9 8.0007 -0.1962
8 -2.1552 2.5426
1 -3.4158 1.4433
4 -0.3235 9.2934
8 8.0007 -0.1962
3 8.2229 -4.4057
3 2.9200 -5.3956
6 9.0296 -4.2834
3 8.2229 -4.4057
9 14.5215 -0.1043
3 8.2229 -4.4057
9 14.5215 -0.1043
5 6.9578 -0.9596
5 -2.0457 4.4713
5 -2.2451 -3.5904
10 7.9637 -2.3598
7 -6.5598 -8.8149
7 -6.5598 -4.8363
8 8.0007 -0.1962
9 -2.6401 -2.6632
2 -2.2451 -3.5904
10 7.9637 -2.3598
3 8.2229 -4.4057
5 4.9052 -7.2543
9 14.5215 -0.1043
4 8.4493 -6.9451
8 -7.5831 3.2652
8 2.7639 -9.6185
10 7.9637 -2.3598
2 -0.5964 -3.5904
5 4.3564 -4.9533
7 5.3440 3.2243
6 -8.3432 4.3375
5 5.9563 9.0637
5 -2.2451 -3.5904
5 -0.5964 -5.2867
4 -0.3235 12.4730
8 6.4873 4.5437
1 -3.4158 -1.8166
7 -6.5598 -8.8149
6 9.0296 -4.2834
7 -1.6357 -5.9465
9 -2.3445 -7.7476
3 8.2229 -4.4057
5 -8.0784 9.2130
6 9.0296 -4.2834
5 2.1344 -6.0796
6 9.0296 -4.2834
2 -2.2451 -5.2867
4 -5.1916 12.4730
2 -0.5964 -5.2867
1 -3.4158 -1.8166
5 -2.2451 -3.5904
2 -2.2451 -3.5904
8 -4.5136 8.0040
6 3.5040 7.2680
7 0.5210 -2.9115
1 -3.4158 -1.8166
5 -2.2451 -3.5904
2 0.0808 9.0122
2 -2.2451 -3.5904
7 -8.4224 -8.8149
1 -0.4566 2.3173
2 -0.0514 2.4371
7 1.7085 -7.2548
6 9.0296 -4.2834
5 3.4886 -6.4108
2 -1.5451 -6.8988
3 8.2229 -4.4057
7 -6.5598 -8.8149
3 8.2229 -4.4057
8 8.0007 -0.1962
9 8.0007 -0.1962
10 7.9637 -2.3598
10 7.9637 -2.3598
10 8.5527 9.9853
7 -6.5598 -4.8363
1 -3.4158 -1.8166
2 -2.2451 -3.5904
3 8.2229 -4.4057
5 4.9052 -7.2543
2 7.3792 -0.9056
7 -6.5598 -4.8363
