10 100
K 6.511759 -4.770744 2.932838
Z 1 5.838000 -1.916346 4.864746 -2.146076
K -8.766471 -8.857046 2.561722
P 9.837024 9.989475 12.868991 13.625446
Z 4 -8.243596 1.857368 -3.705399 -6.785693
Z 2 4.916942 -2.309424 4.077714 -2.853203
P 8.018585 7.734917 10.447433 12.335473
Z 4 -1.272360 -4.225604 5.874769 5.439279
K -5.111627 -7.082455 2.368207
Z 3 1.181838 -7.854747 -2.531312 4.155604
10 0.533159 7.835890
1 6.511759 -4.770744
1 6.511759 -4.770744
10 1.464650 0.934822
4 12.868991 9.989475
4 12.868991 9.989475
1 6.511759 -4.770744
3 -8.766471 -8.857046
3 -8.766471 -8.857046
3 -8.766471 -8.857046
9 -5.111627 -7.082455
8 -6.779310 -3.606044
2 -9.341086 8.530100
7 8.018585 7.734917
1 6.511759 -4.770744
4 9.837024 13.625446
8 -3.384332 -9.345246
7 10.447433 12.335473
7 10.447433 7.734917
2 6.511759 -4.770744
2 5.164241 0.938052
2 5.164241 0.938052
6 5.164241 0.938052
1 6.511759 -4.770744
8 -5.761691 9.073209
5 -1.151623 6.344750
8 -6.751361 -8.216781
10 -9.888489 -6.106810
7 10.447433 7.734917
1 9.024872 3.405274
10 -8.766471 -8.857046
5 -29.918032 -8.840660
1 6.511759 -4.770744
10 9.959991 -3.067528
6 5.164241 0.938052
7 0.223904 -8.218031
5 -26.924949 -10.905058
6 3.322126 0.151897
5 -0.180865 -9.628331
4 12.868991 13.625446
7 10.447433 12.335473
5 -8.551279 0.507252
4 12.868991 13.625446
6 6.511759 -4.770744
9 -6.279548 -6.656765
7 -0.180587 -3.823885
5 6.984586 -2.607249
9 -5.111627 -7.082455
6 6.511759 -4.770744
9 -5.111627 -7.082455
10 9.959991 -3.067528
1 6.511759 -4.770744
5 12.868991 9.989475
10 -8.766471 -8.857046
5 9.837024 9.989475
9 -5.111627 -7.082455
2 5.164241 0.938052
5 9.528591 -6.882630
7 8.018585 7.734917
7 10.447433 12.335473
6 -3.957835 2.554295
2 6.511759 -4.770744
7 10.447433 7.734917
4 -1.389160 -1.227625
7 8.018585 7.734917
5 0.497847 8.079342
9 -0.680625 -3.874052
7 10.447433 12.335473
9 -5.111627 -7.082455
7 10.447433 12.335473
2 6.511759 -4.770744
1 6.511759 -4.770744
2 4.712333 -8.839013
9 -6.423695 2.194319
7 10.447433 12.335473
5 9.837024 13.625446
4 0.972212 4.621745
3 -8.766471 -8.857046
10 9.959991 -3.067528
8 12.541059 11.625827
9 -5.111627 -7.082455
5 -0.310774 -6.692784
4 12.868991 13.625446
4 12.868991 13.625446
9 -5.111627 -7.082455
7 10.447433 7.734917
7 8.018585 7.734917
8 -4.575661 2.856914
4 12.868991 9.989475
8 6.518311 -3.235876
2 6.511759 -4.770744
1 6.588785 9.776456
9 -5.111627 -7.082455
3 -8.766471 -8.857046
1 1.057198 -2.763556
10 -8.766471 -8.857046
7 -2.606490 -9.891820
7 8.018585 7.734917
7 0.357070 9.112414
2 5.164241 0.938052
