10 100
P 3.335990 3.178027 6.976034 7.776604
Z 1 -0.809155 -9.845612 2.182695 3.078088
P 3.717003 -3.132045 7.838430 -0.767078
Z 3 6.177292 -4.518276 -6.642267 8.189320
Z 3 4.308343 -4.396814 6.807065 5.839030
P 7.814782 7.949529 11.380090 11.395007
K 6.424665 1.975980 3.377777
Z 3 6.299854 3.719838 4.769633 0.852396
Z 7 4.993869 4.754958 -2.689311 -1.210228
P 2.361065 2.687044 6.901324 5.948585
2 -2.0791 5.2743
9 6.4247 1.9760
1 3.3360 7.7766
4 -2.4167 2.2186
2 6.9760 3.1780
6 7.8148 11.3950
7 6.4247 1.9760
9 -7.3969 5.6122
5 1.7581 -1.6477
7 2.3406 3.4799
3 7.8384 -0.7671
6 -9.0858 -5.5286
6 6.9527 2.7641
8 7.1722 5.7478
8 3.7170 -3.1320
9 8.7497 -9.8210
4 4.8057 -6.1915
3 9.7263 -2.0878
8 -6.6089 8.9031
9 6.4247 1.9760
2 6.9760 7.7766
9 2.6562 6.8298
4 2.4047 -2.0910
5 2.8478 0.4512
1 6.9760 7.7766
1 3.3360 3.1780
6 7.8148 7.9495
5 5.4159 -3.5468
2 6.9760 3.1780
8 -0.2487 1.1837
7 6.4247 1.9760
10 2.3611 5.9486
7 8.7221 9.1598
5 -5.7565 -0.9473
5 6.5056 -1.4478
3 3.9141 -7.9256
6 2.9123 1.2487
8 -3.6480 -3.5451
4 -2.9921 3.3910
6 4.6915 8.4340
4 7.8384 -0.7671
4 7.8384 -3.1320
6 7.8148 11.3950
10 6.9013 2.6870
10 -2.7257 -0.2054
10 2.3611 2.6870
4 7.8384 -0.7671
5 7.8384 -0.7671
8 4.0103 -0.9236
6 7.8148 11.3950
1 6.9760 7.7766
6 7.8148 7.9495
2 8.2441 2.8307
10 5.0632 7.8646
1 6.9760 3.1780
1 -2.3778 7.2229
7 6.4247 1.9760
10 6.9013 2.6870
3 7.8384 -3.1320
7 6.4247 1.9760
9 6.2624 2.2535
7 6.4247 1.9760
8 4.0103 -0.9236
5 2.8478 0.4512
1 6.9760 3.1780
10 -9.0919 -2.3976
9 2.6562 6.8298
5 7.8384 -0.7671
1 3.3360 7.7766
8 -3.4620 -6.0827
1 3.3360 3.1780
2 3.3360 3.1780
7 6.4247 1.9760
9 -4.9776 -3.9605
5 5.4159 -3.5468
10 6.9013 5.9486
5 7.8384 -3.1320
4 -0.8255 -7.8196
4 2.4408 -6.2123
4 -5.0898 2.9296
3 7.8384 -3.1320
8 2.0456 -2.2401
8 2.0456 -2.2401
9 -7.1390 -2.1573
9 4.3135 -2.2303
7 6.4247 1.9760
2 -0.0582 9.4050
10 1.9484 -0.9893
3 3.7170 -3.1320
8 -0.2487 1.1837
2 -6.4371 8.6380
4 2.4408 -6.2123
5 6.5056 -1.4478
5 3.7170 -3.1320
6 7.8148 11.3950
4 4.7695 -2.0702
5 9.1903 -4.8609
9 3.0795 4.0839
3 3.7170 -3.1320
7 -7.5530 3.9244
