10 100
K -3.624758 9.504390 3.971865
K 8.165616 -2.482911 3.182002
K -1.448315 2.228059 4.416834
K -5.098572 7.253883 2.583183
Z 2 8.165616 -2.482911 7.172946 -2.603765
Z 5 4.986386 -2.350110 4.944652 -3.349239
Z 3 -2.818582 6.426962 -3.769241 6.116725
Z 7 -8.536934 -1.091488 -4.459413 -9.420724
P -7.181899 3.022161 -3.289815 5.763592
Z 6 1.807157 -2.217310 1.039231 -1.576771
7 -1.713369 2.921962
3 -1.448315 2.228059
8 -4.188850 10.625866
3 -1.448315 2.228059
4 -5.098572 7.253883
7 -1.448315 2.228059
8 7.698347 1.681486
8 -4.188850 10.625866
10 8.165616 -2.482911
6 -7.251582 -6.140002
7 -4.188850 10.625866
3 -1.448315 2.228059
1 -4.349530 1.720085
9 -9.795847 6.079179
6 1.807157 -2.217310
9 -3.289815 5.763592
2 5.257351 2.743619
9 7.503427 -8.457901
8 4.581157 -0.695104
2 8.165616 -2.482911
5 8.165616 -2.482911
9 -7.181899 5.763592
2 8.165616 -2.482911
8 5.452978 4.350806
4 -5.098572 7.253883
4 -5.098572 7.253883
8 -1.560205 0.388581
10 8.165616 -2.482911
3 -8.939719 8.219416
5 8.165616 -2.482911
9 -3.289815 5.763592
4 -5.098572 7.253883
6 8.165616 -2.482911
6 1.807157 -2.217310
7 -4.188850 10.625866
3 -1.448315 2.228059
9 -7.181899 5.763592
4 -5.098572 7.253883
5 8.165616 -2.482911
1 -3.624758 9.504390
10 8.165616 -2.482911
7 -4.188850 10.625866
2 7.016699 1.199891
7 -1.448315 2.228059
9 -7.181899 3.022161
10 -5.822643 8.465310
2 4.000671 -7.087340
1 -3.624758 9.504390
2 -6.220269 8.608635
6 1.807157 -2.217310
1 -3.624758 9.504390
5 9.807816 -4.657943
1 -3.624758 9.504390
9 -7.181899 3.022161
2 8.165616 -2.482911
4 -5.098572 7.253883
5 8.165616 -2.482911
3 -3.399101 -2.572127
3 -1.448315 2.228059
10 1.807157 -2.217310
6 9.649584 -8.951274
10 1.807157 -2.217310
4 -5.098572 7.253883
8 -1.448315 2.228059
2 -7.015278 -7.603093
7 -1.448315 2.228059
7 -4.188850 10.625866
5 -9.087281 -0.983620
9 -3.289815 5.763592
4 -5.098572 7.253883
4 -5.098572 7.253883
6 1.807157 -2.217310
7 -1.448315 2.228059
2 8.165616 -2.482911
4 -5.098572 7.253883
9 1.668043 9.619262
10 3.209280 -8.424934
7 7.314353 -2.412604
4 -5.098572 7.253883
7 0.737995 8.414137
7 1.973725 -7.347868
7 7.015388 -0.982183
5 6.341270 6.057447
5 8.165616 -2.482911
4 -2.005953 -6.831144
4 7.239600 -4.303754
5 8.165616 -2.482911
2 8.165616 -2.482911
7 0.193362 6.584100
8 6.370729 9.534688
9 -7.181899 5.763592
1 -3.124015 -5.746271
3 -2.548137 -1.924239
10 -4.316955 -3.663497
5 0.926385 3.197788
3 -1.448315 2.228059
3 -1.448315 2.228059
4 -5.098572 7.253883
2 7.834010 -1.641410
1 -3.624758 9.504390
