10 100
P -7.679898 -5.013680 -5.060493 -1.065978
K 6.911035 -3.733698 2.311070
K 1.441575 4.213442 1.454557
P -2.423507 0.280314 1.714487 4.776945
K 8.597092 -8.710535 3.652893
K -0.857999 -5.777700 4.198041
Z 6 -1.812372 -9.865819 -0.838556 -10.093157
Z 5 -4.546349 -1.384477 1.770260 3.290180
K -9.118638 2.988529 1.432410
P -4.344250 6.552118 -0.530833 9.919438
8 -7.7114 13.3262
9 -1.2958 -4.6313
9 -9.1186 2.9885
7 -3.2213 -6.6540
2 6.9110 -3.7337
7 -0.9044 -5.0936
5 8.5971 -8.7105
8 7.8133 3.9412
7 0.7056 -5.8008
7 -2.7667 -13.9539
8 7.0386 -9.1545
1 -5.0605 -1.0660
3 1.4416 4.2134
7 -0.8580 -5.7777
3 1.4416 4.2134
7 -0.8580 -5.7777
4 -6.4447 8.3316
9 -9.1186 2.9885
9 -9.1186 2.9885
10 -0.5308 9.9194
2 6.9110 -3.7337
10 -4.8228 8.3829
8 8.5971 -8.7105
7 9.6016 6.2816
4 -2.4235 0.2803
4 -2.4235 0.2803
9 1.0417 -2.0738
3 1.4416 4.2134
10 -4.3443 6.5521
7 -2.7667 -13.9539
3 6.3764 7.5740
6 -0.8580 -5.7777
7 -0.8580 -5.7777
4 1.7145 4.7769
2 6.9110 -3.7337
5 8.5971 -8.7105
7 -0.8580 -5.7777
2 6.9110 -3.7337
5 -7.0293 -0.2163
7 -0.8580 -5.7777
4 1.7145 4.7769
5 8.5971 -8.7105
2 6.9110 -3.7337
5 4.1912 -5.9491
7 -2.7667 -13.9539
1 8.9794 8.5642
9 2.4550 -7.2025
5 9.8264 6.5039
8 -7.7114 13.3262
6 -0.8580 -5.7777
4 1.7145 4.7769
2 6.9110 -3.7337
4 -2.4235 4.7769
8 8.5971 -8.7105
5 8.5971 -8.7105
5 8.5971 -8.7105
6 -0.8580 -5.7777
9 -4.8310 -0.9671
3 -5.8174 -5.2198
10 -4.3443 6.5521
6 -0.8580 -5.7777
5 8.5971 -8.7105
7 -0.8580 -5.7777
9 -9.1186 2.9885
1 -7.6799 -1.0660
10 -0.5308 6.5521
8 8.5971 -8.7105
9 -9.1186 2.9885
1 8.6659 1.2807
6 -0.8580 -5.7777
4 -2.4235 0.2803
1 6.3162 -3.2005
7 -0.8580 -5.7777
4 1.7145 4.7769
9 -9.1186 2.9885
5 8.5971 -8.7105
9 -9.1186 2.9885
7 0.0176 -8.5722
7 -0.8580 -5.7777
9 9.3661 2.6004
3 1.4416 4.2134
1 -7.6799 -5.0137
4 1.7145 0.2803
10 -0.5308 6.5521
1 -5.0605 -1.0660
4 1.7145 0.2803
5 8.5971 -8.7105
9 -9.1186 2.9885
5 8.5971 -8.7105
2 6.9110 -3.7337
8 1.0408 2.5465
3 1.4416 4.2134
3 1.4416 4.2134
7 -0.8580 -5.7777
5 5.7627 6.7991
3 5.7526 5.2620
4 -2.4235 4.7769
8 -0.7853 6.9511
4 -2.4235 0.2803
9 -9.1186 2.9885
