10 100
P 6.343420 -6.179084 10.127122 -3.474480
P 9.760086 2.013086 13.563313 4.846015
Z 2 9.760086 4.846015 9.095959 4.098395
K 9.107398 4.152401 2.604848
P 8.092932 7.726408 11.288913 10.623315
P 0.956771 -6.071747 4.223474 -3.322727
Z 1 -0.034219 -5.917980 9.831048 -3.972299
K 0.443805 5.807378 1.803755
P 4.040578 1.733002 5.780889 3.593674
K -9.842597 7.210256 1.902420
4 9.1074 4.1524
5 9.4011 -4.6819
5 8.0929 10.6233
1 0.7113 -1.5717
3 6.9469 4.5121
3 -9.0591 9.5032
6 0.9568 -6.0717
9 4.0406 1.7330
4 9.1074 4.1524
3 9.7601 4.8460
8 0.4438 5.8074
5 8.0929 7.7264
1 6.3434 -6.1791
2 13.5633 4.8460
9 5.7809 3.5937
7 -4.0644 3.8768
4 9.1074 4.1524
9 -1.1868 -9.6479
3 -4.4767 -8.1361
4 9.1074 4.1524
9 5.7809 3.5937
5 8.0929 7.7264
7 5.7667 -3.2550
9 4.0406 1.7330
6 0.9568 -6.0717
4 1.5402 -8.8029
2 -1.6914 3.8642
1 5.0992 -1.4991
3 -8.1664 7.6591
5 8.0929 10.6233
10 -9.8426 7.2103
7 6.3434 -6.1791
6 4.2235 -6.0717
5 3.1279 -8.8351
1 6.3434 -3.4745
8 0.4438 5.8074
2 2.8389 -4.5647
5 8.0929 10.6233
10 -9.8426 7.2103
4 9.1074 4.1524
10 -9.8426 7.2103
8 1.5853 9.2408
1 6.3434 -3.4745
2 13.5633 2.0131
3 5.5642 -4.5888
8 0.4438 5.8074
5 0.1667 1.8485
10 -9.8426 7.2103
2 3.1586 -1.3272
10 -9.8426 7.2103
1 6.3434 -3.4745
8 0.4438 5.8074
9 0.5167 -0.3207
1 2.4312 -5.0995
5 11.2889 7.7264
2 9.7601 2.0131
3 9.7601 2.0131
6 2.9651 -2.5186
7 9.2671 -1.8184
10 -9.8426 7.2103
8 0.4438 5.8074
6 4.2235 -3.3227
8 0.4438 5.8074
8 0.4438 5.8074
3 8.2645 1.5662
3 13.5633 2.0131
4 9.1074 4.1524
9 4.0406 3.5937
9 4.0406 3.5937
3 9.7601 4.8460
6 4.2235 -6.0717
5 8.0929 7.7264
3 9.7601 4.8460
7 5.7667 -3.2550
10 -9.8426 7.2103
3 13.5633 2.0131
8 0.4438 5.8074
4 0.4586 9.1977
7 1.0925 6.5966
8 0.4438 5.8074
9 4.0406 1.7330
4 9.1074 4.1524
8 9.2650 -8.6102
10 -9.8426 7.2103
5 8.0929 10.6233
5 8.0929 7.7264
2 13.5633 2.0131
4 9.1074 4.1524
10 0.0632 8.8285
3 6.4986 8.2888
7 7.5248 -9.0814
1 6.3434 -3.4745
1 -6.8072 -1.3835
8 0.4438 5.8074
7 6.3434 -6.1791
5 11.2889 10.6233
5 11.2889 7.7264
10 5.6650 2.7580
7 9.9420 0.1141
5 2.9475 4.8837
