10 100
P -2.812811 -9.078696 0.189645 -6.334258
P -8.220860 -2.701741 -3.387237 0.388618
K -3.293327 -1.200260 3.701965
P 9.397406 9.821742 13.380834 12.888983
P 7.553926 7.965082 12.431523 10.528490
K -9.450827 -4.911782 1.151679
Z 4 8.831092 -9.859034 -7.170634 -8.751745
K 8.206207 3.135218 1.391910
Z 6 1.934690 8.403731 -5.813081 -0.745421
K -6.488605 -7.112313 1.950556
1 -2.812811 -9.078696
10 4.149630 -1.806322
9 -9.323231 -5.019835
2 -9.007191 -5.832538
4 -1.898148 8.130229
3 6.258600 5.424215
9 -9.323231 -5.019835
4 0.586106 9.898445
1 -4.175134 -6.027622
3 -3.293327 -1.200260
9 8.065994 -4.818248
8 8.206207 3.135218
2 -3.387237 -2.701741
4 9.397406 12.888983
3 -3.293327 -1.200260
5 7.553926 10.528490
9 -9.323231 -5.019835
10 7.807354 6.171813
4 13.380834 9.821742
3 -3.293327 -1.200260
4 -6.677314 3.070507
4 13.380834 9.821742
1 6.951479 2.992168
10 6.522088 3.582809
8 8.206207 3.135218
6 -9.450827 -4.911782
2 -3.387237 0.388618
9 -8.000292 -2.679195
8 -5.563758 -2.682129
8 8.206207 3.135218
4 13.380834 9.821742
9 -9.450827 -4.911782
6 -5.048462 1.849220
5 12.431523 7.965082
9 -9.323231 -5.019835
1 0.189645 -6.334258
6 -1.768389 2.533415
10 -6.488605 -7.112313
10 6.991143 -6.697221
4 -7.065143 6.134498
3 -3.293327 -1.200260
3 -3.293327 -1.200260
3 -3.293327 -1.200260
10 -6.488605 -7.112313
1 -7.649315 1.080851
8 3.614613 5.461702
1 0.189645 -6.334258
9 -9.450827 -4.911782
7 6.681243 -29.430232
5 12.431523 7.965082
4 9.397406 9.821742
6 1.006994 -6.196366
6 -9.450827 -4.911782
5 12.431523 10.528490
6 -9.450827 -4.911782
4 13.380834 12.888983
3 -3.293327 -1.200260
3 -3.293327 -1.200260
10 -6.488605 -7.112313
1 0.189645 -6.334258
9 -9.323231 -5.019835
3 -3.293327 -1.200260
8 8.206207 3.135218
6 -9.450827 -4.911782
4 9.397406 12.888983
3 -3.293327 -1.200260
6 -5.563844 -5.357140
5 7.553926 10.528490
1 -8.554552 -9.019521
10 8.293410 1.777919
2 -3.387237 0.388618
7 -8.009573 -9.633667
7 10.204233 -33.016904
7 6.258772 -32.468240
3 -3.293327 -1.200260
10 -6.488605 -7.112313
7 9.397406 9.821742
4 13.380834 12.888983
7 9.397406 9.821742
10 2.649560 -6.401037
9 -9.450827 -4.911782
5 -2.350449 0.461324
5 7.553926 10.528490
1 -2.949146 -9.618515
7 9.397406 9.821742
3 0.086256 -1.930783
6 5.203840 0.714191
6 -9.450827 -4.911782
5 -8.908477 0.119913
4 8.442229 2.910414
6 -9.450827 -4.911782
3 -2.978247 6.415715
7 2.355769 6.690858
10 -6.488605 -7.112313
6 -7.394376 6.157595
2 6.335631 7.074570
9 -5.517089 6.699196
4 2.340341 0.117672
10 3.470084 -8.904616
5 7.553926 10.528490
