10 100
P -1.496966 -8.093371 0.611532 -6.392620
Z 1 -1.496966 -6.392620 -0.866754 -5.616197
P -4.784686 7.212711 -1.053049 10.782399
Z 1 -3.317129 -3.272256 2.108821 9.752886
K 4.738656 -4.686053 2.403914
K 0.815654 0.674297 4.649577
K -7.733107 -9.391685 3.496833
Z 1 0.611532 -6.392620 -0.013626 -5.612122
Z 6 0.020487 -2.690639 4.982876 -5.434328
P 5.240438 9.035380 7.131275 11.782035
5 4.7387 -4.6861
2 -3.1614 -6.7424
3 -1.0530 10.7824
8 2.2712 -6.7640
4 1.1417 -5.5890
2 -7.9752 5.6506
4 -8.2992 -2.6806
2 0.6115 -8.0934
9 -8.6740 -1.5544
6 -0.6141 -3.3704
7 -5.5361 -6.9811
10 -6.9750 0.6682
5 0.3516 -8.6621
7 -3.9417 8.9530
4 9.6155 6.5374
8 0.6115 -6.3926
2 -1.9306 -4.3292
1 0.6115 -8.0934
3 -4.7847 7.2127
3 -4.7847 10.7824
10 -1.0447 -2.7326
1 0.6115 -8.0934
6 0.8157 0.6743
6 0.8157 0.6743
8 -8.0480 1.0618
7 -0.0769 -5.6236
5 0.7911 -2.3845
1 0.6115 -6.3926
10 5.3682 -5.1256
7 -7.7331 -9.3917
8 2.2372 -5.3963
10 -6.8147 -5.3381
9 -5.6726 5.5752
5 -9.4116 -0.2213
3 -9.5855 3.3428
2 9.2337 9.8728
5 4.7387 -4.6861
8 -1.4970 -6.3926
8 2.2712 -6.7640
3 -1.0530 10.7824
6 9.9387 -8.4789
8 -3.0962 -2.5198
5 4.7387 -4.6861
7 -7.7331 -9.3917
5 4.7387 -4.6861
3 -4.7847 7.2127
1 -1.4970 -8.0934
3 -1.0530 10.7824
4 -1.4970 -6.3926
6 0.8157 0.6743
1 -1.4970 -8.0934
8 2.9853 9.3369
9 -2.4064 -5.1534
2 -3.5950 -4.6790
8 -1.4970 -6.3926
6 0.8157 0.6743
10 -5.2199 -4.6377
4 -9.5066 -3.8784
8 0.6115 -6.3926
3 -4.7847 7.2127
6 0.8157 0.6743
3 -1.0530 10.7824
9 -0.1253 0.4450
10 7.1313 11.7820
3 -4.7847 7.2127
9 -2.4064 -5.1534
5 -1.4520 9.1784
9 -7.0957 9.9665
5 -9.1655 5.4225
1 -1.4970 -8.0934
5 4.7387 -4.6861
1 0.6115 -6.3926
2 -1.4970 -6.3926
9 0.8157 0.6743
2 -3.5601 -9.3087
7 -7.7331 -9.3917
6 0.8157 0.6743
2 0.6115 -8.0934
8 0.6115 -8.0934
3 -3.2459 -0.7026
2 -7.7331 2.0305
5 4.7387 -4.6861
3 -4.7847 10.7824
6 0.8157 0.6743
9 -3.8963 -5.8436
6 -6.5644 1.6560
6 -7.7319 0.7519
4 -9.6201 -6.2439
5 -8.8240 2.6164
7 -7.7331 -9.3917
8 -3.7986 8.0262
8 0.6115 -6.3926
6 0.8157 0.6743
3 -4.7847 7.2127
10 7.1313 9.0354
9 -1.6690 7.9392
1 -9.1031 2.7126
5 4.7387 -4.6861
9 9.6388 0.6631
2 -1.9306 -4.3292
