10 100
K 6.439483 3.852208 3.809925
Z 1 6.439483 3.852208 7.163275 4.542226
K -7.344985 -2.631800 1.438679
P -1.818982 -8.192568 1.110896 -3.984765
P -1.529852 -5.919312 1.058281 -1.859795
Z 4 7.403454 -5.159353 8.118366 -2.700009
Z 1 6.450510 0.042299 7.450506 0.045193
P 8.741055 1.273207 11.125462 4.123479
K -9.041435 7.451705 1.392203
Z 1 6.439483 3.852208 5.439520 3.843648
8 8.741055 1.273207
9 -9.041435 7.451705
6 1.110896 -8.192568
1 6.439483 3.852208
7 6.439483 3.852208
10 -4.392832 -0.029390
6 -1.818982 -8.192568
6 -4.471973 5.101709
7 6.439483 3.852208
1 6.439483 3.852208
9 -9.041435 7.451705
4 -8.980327 7.120225
8 11.125462 4.123479
3 -7.344985 -2.631800
10 6.439483 3.852208
1 6.439483 3.852208
8 11.125462 1.273207
2 6.439483 3.852208
4 -1.818982 -8.192568
8 11.125462 4.123479
7 9.716936 -6.153370
10 -0.809784 -0.114115
4 -1.818982 -8.192568
2 6.439483 3.852208
5 8.573490 -2.612124
4 1.110896 -3.984765
2 6.439483 3.852208
8 8.741055 1.273207
2 6.439483 3.852208
5 -1.529852 -5.919312
1 -0.238805 -2.450304
2 6.439483 3.852208
2 6.439483 3.852208
7 6.439483 3.852208
10 6.439483 3.852208
1 6.439483 3.852208
5 1.058281 -5.919312
10 6.439483 3.852208
9 -9.041435 7.451705
2 6.439483 3.852208
7 0.887176 6.724276
10 6.439483 3.852208
3 -7.344985 -2.631800
1 6.439483 3.852208
9 -9.041435 7.451705
8 11.125462 1.273207
7 6.439483 3.852208
9 -9.041435 7.451705
7 6.439483 3.852208
6 1.110896 -3.984765
10 5.625296 4.329802
8 11.125462 4.123479
2 6.439483 3.852208
10 6.439483 3.852208
2 6.439483 3.852208
8 11.125462 4.123479
9 -9.041435 7.451705
4 -1.818982 -8.192568
9 -9.041435 7.451705
5 -1.529852 -5.919312
4 1.110896 -8.192568
9 1.434670 -8.166889
8 8.741055 1.273207
5 -1.529852 -5.919312
5 -1.529852 -1.859795
4 -1.818982 -3.984765
3 -7.344985 -2.631800
1 6.439483 3.852208
7 6.461537 -3.767609
10 6.439483 3.852208
5 1.058281 -5.919312
7 6.461537 -3.767609
7 6.461537 -3.767609
2 -8.128057 0.718605
2 6.439483 3.852208
2 6.439483 3.852208
1 6.439483 3.852208
5 7.993820 -7.163651
8 1.226255 -3.359785
7 6.461537 -3.767609
3 4.201492 2.860243
9 1.945817 0.376688
8 11.125462 4.123479
6 15.818385 -9.111810
6 3.029236 -5.864451
5 7.966022 1.825459
10 -0.381924 9.605910
4 -1.818982 -3.984765
7 6.461537 -3.767609
7 6.461537 -3.767609
1 6.439483 3.852208
2 6.439483 3.852208
3 -7.344985 -2.631800
9 -9.041435 7.451705
4 -1.818982 -8.192568
3 -7.344985 -2.631800
9 -9.041435 7.451705
9 -9.041435 7.451705
5 1.058281 -1.859795
4 1.110896 -8.192568
