10 100
K -5.878185 8.554501 4.879092
K -2.701355 8.280237 3.329419
K 4.522853 -0.640633 3.091152
P -5.209688 -1.532643 -1.419931 0.040882
P -6.969130 -5.237443 -2.779459 -1.154038
K -8.211676 4.966172 4.853289
K 8.908202 6.138961 2.892014
K 1.555075 5.011370 4.326074
P 5.222743 -6.516632 9.811379 -5.074645
K -1.105106 -8.004301 4.020622
8 1.5551 5.0114
3 4.5229 -0.6406
5 -2.7795 -1.1540
4 -1.4199 0.0409
5 -6.9691 -1.1540
4 6.8587 -9.2655
9 9.3638 -6.8409
6 3.4466 0.1262
6 -8.2117 4.9662
1 -5.8782 8.5545
7 8.9082 6.1390
6 -8.5331 -2.9990
9 1.3494 3.0529
2 -2.7014 8.2802
2 -6.4954 2.3403
1 3.1740 -7.9185
2 -2.7014 8.2802
1 -5.8782 8.5545
5 -7.6093 3.3656
4 -5.2097 0.0409
6 -8.2117 4.9662
6 -8.2117 4.9662
3 4.5229 -0.6406
2 -2.7014 8.2802
3 4.5229 -0.6406
3 5.2631 -4.9865
7 8.9082 6.1390
5 -1.7646 9.5424
5 -2.7795 -1.1540
5 -2.7795 -5.2374
10 1.7921 -6.5935
3 4.5229 -0.6406
5 3.0019 -0.5505
8 1.5551 5.0114
6 -8.2117 4.9662
4 -4.8740 1.0895
4 -1.4199 0.0409
3 4.5229 -0.6406
1 -5.8782 8.5545
3 4.5229 -0.6406
7 8.9082 6.1390
2 -0.1555 -7.0976
8 1.5551 5.0114
5 -6.9691 -1.1540
4 -5.2097 -1.5326
9 9.8114 -5.0746
2 -2.7014 8.2802
6 -8.2117 4.9662
7 8.9082 6.1390
10 6.0835 -9.0045
8 2.3464 -2.1827
3 4.5229 -0.6406
8 1.5551 5.0114
7 8.9082 6.1390
3 4.5229 -0.6406
5 -2.7795 -5.2374
7 3.4486 6.6174
5 -6.9691 -5.2374
4 -5.2097 -1.5326
1 -5.8782 8.5545
5 -2.7795 -5.2374
3 4.5229 -0.6406
7 0.6560 8.4416
1 -5.8782 8.5545
7 -1.7379 7.0903
7 -5.2231 0.7562
6 -8.2117 4.9662
7 -8.1956 -3.2509
7 8.9082 6.1390
8 1.5551 5.0114
3 4.5229 -0.6406
3 4.5229 -0.6406
1 -5.8782 8.5545
5 -6.9691 -1.1540
2 5.1754 -4.5651
3 4.5229 -0.6406
4 -5.2097 0.0409
3 -6.0157 -9.7244
2 -2.7014 8.2802
7 8.9082 6.1390
1 -5.8782 8.5545
4 -5.2097 0.0409
8 -0.4300 2.7380
8 -8.4462 5.3732
10 -1.1051 -8.0043
5 -6.9691 -1.1540
2 5.0165 1.6923
7 3.0121 -8.3418
3 4.5229 -0.6406
9 6.0953 6.9514
8 1.5551 5.0114
7 8.9082 6.1390
6 -8.2117 4.9662
2 -2.7014 8.2802
1 -5.8782 8.5545
3 -8.9475 2.7156
10 -1.1051 -8.0043
2 -2.7014 8.2802
4 -5.2097 -1.5326
6 0.5943 2.7453
