10 100
K 3.163739 -2.729466 1.381328
P -2.930635 3.991634 -0.451753 7.374381
P -1.213376 -6.243233 3.527399 -3.942229
Z 2 -3.022813 9.330213 5.921717 -1.925261
P -1.415809 -4.205210 0.426412 -2.658649
K 1.953652 4.348950 2.322937
Z 3 -6.401107 1.651824 -4.777460 3.285290
P 5.983059 -6.261766 9.638449 -2.760628
K 1.774203 -2.215768 4.546489
Z 6 1.953652 4.348950 0.968368 4.178028
9 1.774203 -2.215768
5 5.007952 2.888196
7 -14.327296 6.791863
6 9.790092 2.145462
7 -1.213376 -3.942229
2 -0.451753 7.374381
8 9.638449 -6.261766
1 3.163739 -2.729466
4 -0.451753 3.991634
10 -1.650492 -9.724460
3 3.527399 -3.942229
4 1.597153 5.619864
10 1.953652 4.348950
8 3.827794 1.188623
8 5.983059 -6.261766
10 1.953652 4.348950
8 5.983059 -2.760628
7 -1.213376 -3.942229
6 1.953652 4.348950
3 -1.213376 -6.243233
7 -12.026334 6.805735
1 3.163739 -2.729466
7 8.224807 8.037057
4 -2.930635 7.374381
1 3.163739 -2.729466
2 -2.930635 3.991634
3 3.527399 -6.243233
9 1.774203 -2.215768
3 -1.213376 -6.243233
4 -2.930635 3.991634
2 -0.451753 7.374381
2 -2.930635 7.374381
5 0.426412 -4.205210
7 -1.213376 -6.243233
4 7.774337 3.318119
7 -12.054915 11.546424
10 1.953652 4.348950
9 1.774203 -2.215768
10 1.953652 4.348950
8 9.372209 -8.679330
8 2.597991 -3.973220
1 3.163739 -2.729466
7 3.527399 -6.243233
8 9.638449 -6.261766
1 3.163739 -2.729466
9 1.774203 -2.215768
9 1.774203 -2.215768
8 9.638449 -6.261766
5 0.426412 -4.205210
2 -0.451753 7.374381
10 1.953652 4.348950
8 5.983059 -6.261766
2 -0.451753 3.991634
2 -5.755066 -0.178190
5 0.426412 -4.205210
8 -7.956002 -1.804294
8 -5.109011 -6.809657
7 3.527399 -6.243233
7 3.527399 -6.243233
9 1.774203 -2.215768
2 -2.930635 7.374381
3 -1.213376 -3.942229
1 3.163739 -2.729466
3 3.527399 -3.942229
4 1.597153 5.619864
8 9.638449 -6.261766
3 -1.213376 -3.942229
3 3.527399 -6.243233
2 -0.451753 7.374381
6 1.953652 4.348950
4 -9.361563 6.915933
9 1.774203 -2.215768
1 3.163739 -2.729466
10 1.953652 4.348950
2 -0.451753 3.991634
4 -1.138334 8.798692
7 3.527399 -3.942229
5 8.469018 8.394165
6 1.953652 4.348950
5 -1.415809 -2.658649
4 -1.698191 6.383858
1 -6.607266 0.334017
1 3.163739 -2.729466
2 -2.930635 7.374381
4 -1.698191 6.383858
8 5.983059 -6.261766
5 0.426412 -2.658649
8 9.638449 -2.760628
7 -14.327296 6.791863
9 1.774203 -2.215768
5 -1.415809 -2.658649
2 -2.930635 7.374381
5 -5.320466 -4.921370
9 1.774203 -2.215768
10 1.953652 4.348950
3 3.527399 -3.942229
5 0.426412 -4.205210
3 -2.816688 -3.242609
3 0.355058 -7.469418
5 3.815068 -3.855105
