10 100
K -5.537707 -9.959283 2.033350
Z 1 -5.537707 -9.959283 -6.535847 -10.020246
K 9.428842 -7.749278 2.049139
K -4.068807 -6.033784 2.795587
K -9.711236 -5.947624 2.141024
Z 1 -3.844813 -11.085614 -3.290884 -10.253050
P -3.007907 -5.457846 1.922370 -2.760664
P 0.855277 -7.661553 2.443138 -5.762546
K -7.452163 -9.404169 4.064562
P 3.217328 9.151661 7.421613 11.732886
8 2.443138 -5.762546
8 -4.011335 -9.987920
4 -4.068807 -6.033784
9 -7.452163 -9.404169
5 -9.711236 -5.947624
9 -1.674899 -6.210213
5 4.609842 6.898238
3 9.428842 -7.749278
2 -4.307699 1.851241
9 -1.500549 4.757490
8 -0.861202 -5.076950
10 -3.853415 8.245934
8 -0.614511 -6.794437
9 -7.452163 -9.404169
10 3.217328 9.151661
6 -5.537707 -9.959283
10 5.581176 -5.840338
1 -3.772090 -6.123698
7 7.545325 6.476296
4 -4.402747 4.165985
8 5.372951 3.585309
6 -5.537707 -9.959283
5 -9.711236 -5.947624
4 -4.068807 -6.033784
3 9.428842 -7.749278
8 2.443138 -5.762546
8 4.226635 7.089698
9 -7.452163 -9.404169
8 2.443138 -7.661553
5 -9.711236 -5.947624
3 6.776950 -9.361144
3 -4.905510 8.916660
2 -5.537707 -9.959283
10 -4.067134 5.934996
6 -5.537707 -9.959283
9 -7.452163 -9.404169
3 9.428842 -7.749278
9 1.856654 6.136174
9 -7.452163 -9.404169
10 -8.558945 -2.224209
2 -5.537707 -9.959283
3 9.428842 -7.749278
6 -6.223100 1.518127
3 9.428842 -7.749278
6 -2.151919 -12.211944
3 9.428842 -7.749278
3 2.874341 3.395901
4 -4.068807 -6.033784
7 -6.750740 6.839877
7 -8.666995 5.079241
7 1.922370 -5.457846
6 -5.537707 -9.959283
6 -7.965833 -4.898680
5 2.077239 9.623210
8 2.443138 -7.661553
7 -3.007907 -5.457846
4 -4.068807 -6.033784
7 9.950192 9.162247
1 -5.537707 -9.959283
3 4.203278 -1.550816
5 -9.711236 -5.947624
7 1.922370 -5.457846
7 -2.653172 -0.805602
1 -8.608127 -4.794032
9 -0.962406 -8.772662
2 -5.537707 -9.959283
5 9.148322 -4.989166
2 -5.537707 -9.959283
10 -5.831084 -3.784473
1 -5.537707 -9.959283
9 -7.452163 -9.404169
2 -5.537707 -9.959283
2 -7.305617 2.714413
9 -7.452163 -9.404169
6 -5.537707 -9.959283
2 -2.770897 0.696607
5 -9.711236 -5.947624
1 -5.537707 -9.959283
3 9.428842 -7.749278
6 -2.151919 -12.211944
4 -4.068807 -6.033784
2 -5.537707 -9.959283
7 1.922370 -2.760664
7 -3.007907 -5.457846
1 -5.537707 -9.959283
5 -9.711236 -5.947624
2 -5.537707 -9.959283
6 3.422181 5.566758
4 -4.068807 -6.033784
10 -7.933353 8.745911
9 -7.452163 -9.404169
6 -5.359937 -5.122045
3 9.428842 -7.749278
3 9.428842 -7.749278
1 -4.555795 5.047958
5 -9.711236 -5.947624
2 -5.537707 -9.959283
10 7.421613 9.151661
3 9.428842 -7.749278
8 0.855277 -7.661553
