10 100
P 6.328898 -1.149996 10.709965 2.013241
P 1.960339 6.944767 5.493737 10.262396
P 0.006466 2.572854 2.335846 4.620813
Z 1 1.811757 3.989959 1.734191 7.740863
K -3.100659 -8.124237 1.523745
K 1.171278 -3.608635 3.881177
Z 5 -4.265135 -7.141488 -4.910091 -7.905707
K -9.781882 6.828961 2.852887
P -7.380362 -5.970410 -3.321054 -2.797520
K -0.335676 -3.991407 1.575223
2 5.493737 10.262396
7 -3.100659 -8.124237
7 -5.429610 -6.158739
6 -6.438530 3.800179
5 -3.100659 -8.124237
10 -0.335676 -3.991407
2 -4.456634 -2.075589
5 4.483345 6.116529
6 1.171278 -3.608635
6 -3.071049 -6.694360
5 -3.100659 -8.124237
1 -6.694580 9.409919
5 9.952203 3.231221
9 5.369704 -6.341927
3 2.335846 4.620813
2 5.493737 10.262396
6 1.171278 -3.608635
1 -0.810241 -0.518467
1 6.328898 -1.149996
7 -4.104795 -5.743446
8 -9.781882 6.828961
2 -5.480419 -4.895640
6 1.171278 -3.608635
8 -9.781882 6.828961
2 -5.857588 -6.702554
2 5.493737 6.944767
5 -3.331015 2.824013
1 10.709965 -1.149996
10 -0.335676 -3.991407
8 -9.781882 6.828961
9 -3.321054 -5.970410
3 -9.721882 9.125265
2 -1.265214 -7.336419
3 -5.265240 -1.399597
2 1.960339 10.262396
8 -9.781882 6.828961
8 -9.781882 6.828961
1 -8.480951 6.732783
3 2.335846 2.572854
2 5.684959 0.014571
1 10.709965 2.013241
1 6.328898 -1.149996
1 6.328898 -1.149996
9 -3.321054 -5.970410
8 4.562645 9.295277
3 -1.691834 0.140871
3 0.006466 4.620813
8 -9.781882 6.828961
8 -9.781882 6.828961
9 5.115106 8.953520
5 -3.100659 -8.124237
8 -9.781882 6.828961
4 4.832436 1.372669
6 1.171278 -3.608635
5 -4.662315 2.800848
10 -0.335676 -3.991407
2 5.493737 10.262396
2 -4.497624 9.802370
8 -9.781882 6.828961
2 1.960339 10.262396
6 1.171278 -3.608635
5 -3.100659 -8.124237
1 6.328898 -1.149996
9 -7.380362 -2.797520
3 0.006466 4.620813
7 -5.429610 -6.158739
4 -6.866356 -1.513459
9 -3.321054 -5.970410
2 5.493737 10.262396
4 -2.619804 1.828189
7 -5.429610 -6.158739
3 2.335846 2.572854
4 -6.866356 -1.513459
3 0.006466 4.620813
2 -7.235690 3.026056
2 1.960339 10.262396
9 -7.380362 -2.797520
1 6.328898 -1.149996
9 -3.321054 -2.797520
4 6.328898 -1.149996
1 10.709965 -1.149996
5 -3.100659 -8.124237
3 0.006466 2.572854
2 5.493737 10.262396
2 1.960339 10.262396
4 10.709965 -1.149996
6 1.171278 -3.608635
8 -9.781882 6.828961
8 -9.781882 6.828961
4 -0.897066 -6.368473
9 1.679245 -8.045807
9 -0.863521 7.229752
2 1.960339 10.262396
10 -0.335676 -3.991407
2 -1.334802 -8.056387
5 -8.845323 -7.046174
5 -3.100659 -8.124237
1 4.992562 -2.310080
4 0.166208 -5.609099
2 -1.007323 -4.660651
