10 100
P -1.251086 3.008508 -0.028014 5.697929
Z 1 7.892891 -4.798631 -4.220744 -6.558795
P 4.069737 -8.274742 7.193094 -6.067749
P 7.988701 -0.856182 9.621915 0.851611
K -5.618229 8.409766 1.331788
P -0.414116 -0.768032 4.514266 0.971567
K -2.138970 1.041118 3.018101
K -4.981661 1.518424 3.573269
Z 1 -6.519245 1.547793 -3.087399 -0.484345
Z 4 6.453828 9.577237 -1.446339 -2.082799
9 -0.754744 -9.390043
1 -0.028014 3.008508
8 -4.981661 1.518424
1 -0.028014 3.008508
5 -5.618229 8.409766
10 -3.805104 7.134619
6 5.723696 -2.802583
4 9.621915 0.851611
9 -1.251086 5.697929
6 2.134324 0.621229
7 -7.391044 4.987961
7 -2.138970 1.041118
4 -0.281996 9.919457
9 -1.251086 5.697929
8 2.937974 1.789818
8 -8.573768 -2.194758
2 7.863260 -0.902327
2 -0.028014 3.008508
7 -5.885309 6.903906
1 -1.251086 5.697929
3 -3.257272 9.508492
3 4.069737 -8.274742
1 -1.251086 5.697929
8 6.637164 8.925402
7 -2.138970 1.041118
10 -5.857266 7.913704
2 5.571402 -6.324462
4 1.043905 -4.818654
8 -4.163862 -6.336603
9 -0.028014 3.008508
10 -2.219016 7.767770
9 2.636892 -5.019815
3 4.069737 -6.067749
9 -0.028014 3.008508
2 -5.198663 7.490053
7 -2.138970 1.041118
7 2.720979 4.898609
10 -3.805104 7.134619
8 -4.981661 1.518424
5 -6.126814 7.395502
6 6.797916 -9.699288
2 -6.279904 -9.392494
8 -8.157518 2.019487
8 -4.981661 1.518424
4 3.445877 6.830123
7 -2.138970 1.041118
3 7.193094 -6.067749
8 -4.981661 1.518424
5 -9.624983 1.611040
6 9.981905 5.115891
6 4.514266 0.971567
6 -0.545818 0.427050
4 9.621915 -0.856182
6 1.333441 -6.829917
8 9.041031 -3.997494
4 9.621915 0.851611
7 4.958727 -3.300734
5 -6.285607 3.938799
5 -5.618229 8.409766
7 7.836064 -2.269613
2 2.521455 -14.537206
1 -0.028014 3.008508
1 -1.251086 3.008508
1 -0.028014 5.697929
6 -0.414116 0.971567
5 -5.618229 8.409766
8 -4.981661 1.518424
5 -5.618229 8.409766
5 -5.618229 8.409766
4 9.621915 -0.856182
4 7.988701 0.851611
7 -6.279724 -2.463921
4 7.988701 -0.856182
3 -8.747407 7.075026
9 -7.625362 -5.066861
2 -0.028014 3.008508
7 -2.138970 1.041118
1 -0.028014 5.697929
1 -0.028014 3.008508
8 8.909007 -3.566412
3 7.193094 -6.067749
7 -8.267170 3.719834
6 -0.414116 -0.768032
8 -4.981661 1.518424
7 -3.163398 -2.747309
2 -0.028014 5.697929
3 7.193094 -6.067749
3 -8.562157 -7.476092
8 -4.981661 1.518424
7 -2.138970 1.041118
6 -0.414116 -0.768032
5 -5.618229 8.409766
3 4.069737 -8.274742
7 4.577392 -9.277687
9 -1.251086 5.697929
3 8.090014 1.544432
3 7.193094 -8.274742
2 -1.251086 5.697929
6 -9.002654 3.896635
1 6.941436 -3.066400
