10 100
K 9.713016 8.166825 1.373803
Z 1 3.749349 5.219998 -9.569329 5.002098
P 6.926540 5.435174 8.707955 7.215009
P -4.509894 -2.750178 -0.768325 -1.212713
P 9.379765 3.997687 10.645617 8.097605
Z 5 9.379765 3.997687 9.922169 4.837806
P 3.486394 9.628328 6.951108 13.540240
K -3.647804 7.494671 4.426273
Z 7 -3.292834 1.034372 -9.119400 -2.429562
Z 4 9.082569 -2.112611 5.760477 8.022477
6 10.6456 8.0976
5 10.6456 3.9977
6 9.3798 3.9977
2 -8.8974 6.0592
3 8.7080 7.2150
9 9.1508 5.9283
6 10.6456 8.0976
10 -0.4653 5.1637
4 2.0908 7.3255
2 9.7130 8.1668
9 8.7252 -4.9274
4 -4.5099 -1.2127
3 6.9265 7.2150
1 9.7130 8.1668
2 1.8464 4.7448
4 -4.5099 -1.2127
4 -4.5099 -1.2127
10 6.5960 -0.8934
9 -4.0213 -8.5657
5 4.9094 9.3143
8 -3.6478 7.4947
9 7.4956 2.8845
6 9.3798 3.9977
1 -2.5689 3.4147
6 10.6456 3.9977
10 -4.5099 -2.7502
10 -1.8959 -7.2131
5 9.3798 8.0976
9 9.1508 5.9283
3 4.0765 -8.2271
2 -1.4143 8.9189
1 4.7221 8.7211
5 10.6456 8.0976
2 8.3319 -6.9998
2 5.6877 -0.6550
6 1.6653 3.4115
4 -8.3545 -6.7060
3 -7.4728 1.5992
9 5.0967 -9.9536
9 9.2493 8.2949
10 16.4893 4.4440
5 9.3798 3.9977
4 -4.5099 -1.2127
1 9.7130 8.1668
6 13.1163 5.6852
8 -3.6478 7.4947
9 1.2285 -9.1739
2 9.8062 2.4698
4 -4.5099 -2.7502
2 -1.1876 -8.1584
6 8.8587 5.1513
2 9.8062 2.4698
10 2.6797 5.0445
8 -3.6478 7.4947
4 3.5269 0.9225
7 3.4864 9.6283
6 8.8587 5.1513
5 10.6456 8.0976
8 -3.6478 7.4947
8 -0.2481 -5.5648
1 -4.4587 0.3362
1 0.0492 5.7911
7 3.4864 9.6283
4 6.7748 4.5268
10 20.4150 5.4198
3 8.7080 7.2150
1 -8.4958 3.6243
5 7.5238 -1.4261
6 6.9023 -8.0562
5 10.6456 8.0976
10 0.5459 2.0503
3 2.7038 -7.4363
7 3.4864 13.5402
2 9.7130 8.1668
8 -8.5498 1.8713
7 5.5675 3.4044
3 -7.1462 -5.4956
9 6.9511 13.5402
8 -3.6478 7.4947
7 3.2553 -7.4037
6 -1.1768 7.0498
5 9.3798 8.0976
2 1.6988 9.6562
7 3.4864 13.5402
8 -3.6478 7.4947
8 -3.6478 7.4947
1 9.7130 8.1668
1 9.7130 8.1668
10 8.4252 3.9176
4 -0.7683 -1.2127
9 12.5875 4.0595
6 13.1163 5.6852
9 7.4956 2.8845
8 -3.6478 7.4947
4 -0.1386 4.3191
3 6.9265 7.2150
4 -4.5099 -2.7502
10 16.4893 4.4440
2 6.7760 7.1660
3 6.9265 5.4352
