10 100
K 0.451798 -6.651524 1.862985
K -4.384965 -1.534598 3.477209
Z 2 -8.837730 -7.304613 0.025892 8.441630
K 7.649696 4.619523 2.624726
K 5.504202 3.776393 1.286856
Z 4 -8.433076 4.697626 -2.313898 4.559608
Z 2 -4.384965 -1.534598 -5.286565 -1.967168
K -9.992583 -3.654195 3.937505
K -7.414042 0.433820 3.695795
K -5.966454 5.270246 1.286928
10 5.758685 6.882188
7 -4.384965 -1.534598
1 6.852322 5.047784
8 -9.992583 -3.654195
7 -4.384965 -1.534598
3 -6.214772 -0.504592
1 0.451798 -6.651524
3 -6.214772 -0.504592
2 -4.384965 -1.534598
4 5.863302 -4.318055
8 -9.992583 -3.654195
3 -6.214772 -0.504592
1 0.451798 -6.651524
4 7.649696 4.619523
5 5.504202 3.776393
1 0.451798 -6.651524
5 5.504202 3.776393
9 -7.414042 0.433820
3 2.434939 -1.154555
5 5.504202 3.776393
2 -4.384965 -1.534598
8 -9.992583 -3.654195
10 9.570079 0.413248
4 7.649696 4.619523
1 0.451798 -6.651524
5 5.504202 3.776393
5 5.504202 3.776393
1 3.117125 -8.020751
9 -4.105558 -2.797356
2 -6.335192 6.927162
3 5.772493 6.626423
9 8.776178 4.464725
9 -7.414042 0.433820
8 0.363570 -3.146479
5 5.504202 3.776393
3 -6.214772 -0.504592
9 -7.414042 0.433820
7 -7.987603 2.654782
5 5.504202 3.776393
1 7.612027 -8.364067
1 0.451798 -6.651524
4 9.692237 8.058653
3 -5.110458 -4.354792
5 5.504202 3.776393
5 -1.388770 8.636066
3 -4.384965 -1.534598
9 -7.414042 0.433820
8 -6.407613 -5.791056
1 0.451798 -6.651524
8 7.897576 -3.282952
5 9.880884 -8.598460
6 8.514871 -0.703291
3 -6.214772 -0.504592
1 0.451798 -6.651524
4 -8.438146 -3.767604
9 -7.414042 0.433820
2 1.308424 3.171746
10 -5.966454 5.270246
5 5.504202 3.776393
2 -4.384965 -1.534598
4 -2.599308 -5.526742
1 -7.190928 -2.086752
10 -5.966454 5.270246
9 0.726834 9.225150
2 -4.384965 -1.534598
5 5.504202 3.776393
8 -9.410892 -6.017885
2 -0.177652 -7.157676
9 -7.414042 0.433820
5 5.504202 3.776393
4 7.649696 4.619523
5 5.504202 3.776393
5 9.599177 -1.592598
6 7.636862 4.050523
8 -9.992583 -3.654195
7 -4.384965 -1.534598
5 -1.092488 2.900074
2 -4.384965 -1.534598
10 -5.966454 5.270246
3 -4.384965 -1.534598
8 -7.381558 2.645937
6 7.242752 6.430775
3 7.297566 -8.059133
6 1.526601 2.667160
2 -4.384965 -1.534598
9 -7.414042 0.433820
3 -4.602954 3.330816
6 7.636862 4.050523
3 -6.214772 -0.504592
10 -5.966454 5.270246
5 5.504202 3.776393
2 -4.384965 -1.534598
1 -5.961704 -4.570550
10 -5.966454 5.270246
7 -4.480194 8.955246
7 -4.365160 -4.072175
7 -4.384965 -1.534598
4 5.511674 4.890718
6 7.649696 4.619523
9 -7.414042 0.433820
