10 100
K -3.943375 -5.470867 2.544410
K -5.553889 7.669684 4.357871
P 9.496864 5.377865 13.628365 8.304580
Z 1 -3.943375 -5.470867 -4.823686 -4.996471
Z 2 -5.553889 7.669684 -5.466136 6.673541
Z 4 -3.943375 -5.470867 -2.963022 -5.668123
P 5.209315 -3.318229 7.228478 1.652272
Z 1 7.272143 0.718045 -7.654850 2.746203
P 9.082292 2.503867 12.602496 5.759142
Z 4 -8.265698 8.781949 4.169288 6.945226
9 -8.336204 -4.713333
8 -1.885465 9.675091
1 -3.943375 -5.470867
4 -3.943375 -5.470867
3 13.628365 5.377865
3 13.628365 8.304580
1 -2.847857 6.942328
10 -0.007393 21.176529
10 -0.007393 21.176529
3 6.914607 -7.138186
6 -3.943375 -5.470867
2 -5.553889 7.669684
1 -6.752240 1.073477
1 -7.989921 -3.045381
7 5.209315 -3.318229
8 -2.442925 -5.820710
9 1.465390 7.943245
10 0.205101 6.027953
5 -7.015855 7.299451
3 13.628365 8.304580
4 2.510093 -4.645712
1 -3.943375 -5.470867
1 -0.400444 8.266849
8 -3.943375 -5.470867
9 12.602496 5.759142
2 -1.773725 -9.025098
2 -5.553889 7.669684
4 7.930697 -6.610603
7 0.275711 2.912281
10 -5.633955 1.519453
6 -3.943375 -5.470867
2 -5.553889 7.669684
10 -3.943375 -5.470867
7 5.209315 1.652272
1 -3.943375 -5.470867
5 -5.553889 7.669684
1 3.769068 -4.453632
7 -6.889264 6.250013
3 9.496864 8.304580
4 -3.943375 -5.470867
8 -7.331829 6.202529
6 -3.943375 -5.470867
4 -3.943375 -5.470867
9 12.602496 2.503867
8 4.024910 9.247501
7 7.228478 -3.318229
10 -0.007393 21.176529
3 9.496864 8.304580
6 -3.943375 -5.470867
4 -5.275580 -9.605498
10 -0.007393 21.176529
5 -5.553889 7.669684
2 -6.021072 -8.962129
9 -6.654217 8.250053
9 9.082292 2.503867
9 9.082292 5.759142
9 12.602496 2.503867
2 -5.553889 7.669684
8 -2.890297 -8.549303
9 9.082292 2.503867
10 -3.943375 -5.470867
9 1.714249 -9.951369
2 -3.151882 6.410710
3 9.496864 5.377865
9 3.424835 -0.456747
1 6.898222 0.521520
9 9.082292 5.759142
10 -3.943375 -5.470867
8 1.376988 -9.693668
9 9.588008 5.418688
6 -3.943375 -5.470867
7 -5.044227 -2.105668
1 -3.943375 -5.470867
7 5.209315 -3.318229
9 9.082292 5.759142
3 -4.082859 -3.989607
5 -5.553889 7.669684
5 -5.553889 7.669684
6 -3.943375 -5.470867
9 9.082292 2.503867
9 12.602496 2.503867
6 -3.943375 -5.470867
2 -5.553889 7.669684
1 8.403821 9.130383
4 -3.943375 -5.470867
3 13.628365 8.304580
2 -5.553889 7.669684
9 12.602496 2.503867
3 13.628365 8.304580
2 -5.553889 7.669684
7 5.209315 -3.318229
9 -5.005403 -1.433023
10 -0.007393 21.176529
6 -6.565858 8.457071
1 -3.943375 -5.470867
4 -3.933312 2.375238
1 -3.943375 -5.470867
8 -1.885465 9.675091
10 -0.007393 21.176529
4 -3.943375 -5.470867
