10 100
K -7.874371 -5.965275 3.557939
Z 1 -6.708603 8.707648 3.793965 -1.767604
P 8.347593 5.199787 12.164589 7.701586
P -6.834932 -1.948109 -5.287080 1.283631
Z 1 -7.874371 -5.965275 -8.320147 -5.070130
Z 5 -3.634398 5.691657 -6.759217 -3.908031
Z 6 -10.173241 -4.489410 -10.661757 -5.361965
P -8.790960 9.027414 -4.888734 11.707973
K -6.288495 0.499200 4.448459
Z 8 -3.482107 1.489758 -8.754988 1.441665
2 -7.8744 -5.9653
2 -7.8744 -5.9653
3 12.1646 7.7016
4 8.0440 -8.1189
9 -0.6204 6.0629
3 8.2788 -4.5022
10 -2.5371 -1.9077
2 -7.8744 -5.9653
8 5.3430 4.6870
10 -8.7910 9.0274
8 -4.8002 7.2848
4 -6.8349 1.2836
7 -7.0687 -6.2275
9 -6.2885 0.4992
4 7.0524 8.8894
8 -4.8887 11.7080
4 9.3732 -0.4428
10 7.6600 7.9942
4 -5.2871 1.2836
6 -7.8744 -5.9653
4 -6.8349 1.2836
9 -6.2885 0.4992
8 -8.7910 11.7080
1 -7.8744 -5.9653
4 -6.8349 -1.9481
9 -6.2885 0.4992
1 -0.2353 -9.2078
6 -7.0687 -6.2275
5 -7.8744 -5.9653
6 -7.0687 -6.2275
10 -4.7510 -6.0723
4 -5.2871 1.2836
3 4.3855 -2.5224
6 -7.8744 -5.9653
4 -5.2871 -1.9481
1 -7.8744 -5.9653
2 -9.5612 -9.6291
9 -6.2885 0.4992
8 -8.7910 11.7080
10 -4.8887 9.0274
4 -5.2871 1.2836
7 -7.8744 -5.9653
4 -6.8349 -1.9481
10 -8.6526 -6.1435
4 -5.2871 -1.9481
3 12.1646 5.1998
2 7.9612 9.9116
1 -0.7751 4.3409
6 -7.8744 -5.9653
8 -4.8887 9.0274
2 -7.8744 -5.9653
1 -7.8744 -5.9653
2 7.9612 9.9116
4 -5.2871 1.2836
6 -7.2670 4.6771
2 -7.8744 -5.9653
8 9.6695 5.3202
9 -6.2885 0.4992
3 8.3476 5.1998
6 1.6286 6.5964
6 -7.8744 -5.9653
4 -6.8349 -1.9481
7 -13.2777 -2.7513
10 9.4301 6.2286
4 -6.8349 -1.9481
9 -8.9464 8.6083
1 -7.8744 -5.9653
3 8.3476 7.7016
3 12.1646 5.1998
4 2.8828 4.1852
9 -4.9109 8.4868
5 -7.8744 -5.9653
8 -4.8887 11.7080
5 -7.8744 -5.9653
8 -8.7910 9.0274
8 -4.8887 11.7080
8 -8.7910 11.7080
6 -7.0687 -6.2275
3 12.1646 7.7016
9 -6.2885 0.4992
2 -7.8744 -5.9653
8 -4.8887 11.7080
7 -4.4323 7.7244
6 3.1939 2.7737
7 1.6347 -3.8400
6 7.4905 6.1156
7 -7.0347 0.3059
8 -4.8887 9.0274
7 1.0409 -4.2039
7 -12.6331 -3.3010
8 -4.0450 -3.2602
7 -12.6331 -3.3010
1 -7.8744 -5.9653
10 -4.8887 11.7080
9 4.9116 -4.3863
6 -7.0687 -6.2275
6 -7.8744 -5.9653
3 -0.5934 1.5733
6 -9.9937 7.1331
2 -7.8744 -5.9653
