10 100
K -1.305900 6.133388 3.139657
Z 1 -1.305900 6.133388 -2.171915 6.633406
P -1.181092 -2.675745 2.282584 0.220567
P 9.699819 -1.455221 10.981647 0.243769
K -8.539967 -8.404282 2.688408
K -3.107615 8.243216 3.242069
Z 5 -6.149463 -9.634335 -5.691923 -8.745146
P 8.621061 0.796984 12.259784 3.633750
Z 6 -6.006604 6.791709 -5.558893 5.897530
K -5.487331 -0.123396 3.674601
6 -3.1076 8.2432
2 -1.3059 6.1334
8 12.2598 0.7970
3 3.2858 -3.2415
1 -1.3059 6.1334
9 -3.1076 8.2432
10 -5.4873 -0.1234
3 -5.8668 -3.5116
9 -2.5251 -7.5470
4 9.6998 -1.4552
1 -3.0479 -4.1986
3 -1.0360 -3.5444
4 9.6998 0.2438
6 -3.1076 8.2432
4 10.9816 -1.4552
10 -5.4873 -0.1234
8 12.2598 3.6337
8 -4.0967 -1.8508
8 12.2598 3.6337
1 -1.3059 6.1334
10 -5.4873 -0.1234
2 -1.3059 6.1334
10 -5.4873 -0.1234
10 -5.4873 -0.1234
7 -8.5400 -8.4043
6 -3.1076 8.2432
1 -1.3059 6.1334
8 4.9296 3.4035
7 -8.5400 -8.4043
5 -8.5400 -8.4043
6 3.3983 -5.6339
8 12.2598 3.6337
10 -5.4873 -0.1234
10 -5.4873 -0.1234
4 10.9816 0.2438
1 -1.3059 6.1334
10 -5.4873 -0.1234
8 8.6211 0.7970
10 -5.4873 -0.1234
2 -1.3059 6.1334
9 5.2569 -2.7024
9 -3.1076 8.2432
9 0.5337 9.4495
8 12.2598 0.7970
8 12.2598 0.7970
3 2.2826 -2.6757
8 12.2598 3.6337
3 -1.1811 0.2206
8 -9.6684 8.5803
4 10.9816 -1.4552
7 -8.5400 -8.4043
9 -3.1076 8.2432
6 -3.1076 8.2432
10 -5.4873 -0.1234
2 -1.3059 6.1334
3 -2.4755 -6.1196
9 -3.1076 8.2432
4 10.9816 -1.4552
7 -3.7590 -10.8644
6 -3.1076 8.2432
3 2.2826 0.2206
8 8.6211 3.6337
3 2.2826 0.2206
4 9.6998 -1.4552
6 -3.1076 8.2432
4 8.0259 -8.7076
6 -3.1076 8.2432
5 -8.5400 -8.4043
5 7.7927 0.3597
7 -8.5400 -8.4043
10 -8.5096 -7.5386
6 -3.1076 8.2432
1 -1.3059 6.1334
8 12.2598 0.7970
2 9.3921 2.5123
1 -1.3059 6.1334
9 -3.1076 8.2432
9 -3.1076 8.2432
1 -1.3059 6.1334
6 -3.1076 8.2432
7 -3.7590 -10.8644
1 -1.3059 6.1334
5 -8.5400 -8.4043
10 9.8052 -4.7711
8 8.6211 3.6337
9 -6.2466 -9.2329
8 8.6211 3.6337
4 10.9816 0.2438
1 4.4325 -9.3650
7 -8.5400 -8.4043
5 4.7512 2.8312
6 -3.1076 8.2432
8 8.6211 3.6337
9 -3.1076 8.2432
3 2.2826 -2.6757
7 -3.7590 -10.8644
5 -8.5400 -8.4043
8 -5.0585 -3.9979
8 3.0700 -9.0133
2 -1.3059 6.1334
