10 100
K 2.627625 -9.779999 3.021519
Z 1 0.860626 -7.329021 0.049452 -7.913825
P 0.475464 -1.146410 4.484733 2.348658
P -1.419773 -7.633646 3.467475 -3.435849
P 5.818069 -1.926384 7.005025 -0.539837
K -1.708538 -8.942781 2.545896
Z 4 -0.567053 -9.782252 -0.003502 -6.411223
Z 1 2.627625 -9.779999 3.449555 -10.349588
Z 2 -1.761390 -4.034341 5.577584 -7.531063
P 8.644254 -3.138168 12.504496 0.064845
6 -1.7085 -8.9428
8 -7.1590 1.0161
9 -0.2826 5.2327
10 12.5045 -3.1382
8 2.6276 -9.7800
1 2.6276 -9.7800
8 2.6276 -9.7800
6 -1.7085 -8.9428
10 12.5045 0.0648
7 2.5886 6.6051
4 3.4675 -7.6336
10 8.6443 -3.1382
4 2.4683 -1.5006
5 -8.0013 4.1158
2 0.6250 2.2943
7 2.2209 -0.4143
7 7.9179 0.1488
9 -0.5675 -4.1669
6 -1.7085 -8.9428
2 -0.9064 -4.8780
2 -2.7626 -5.0164
10 8.6443 0.0648
7 6.2596 2.4557
4 5.7967 2.0194
1 2.6276 -9.7800
9 -0.5675 -4.1669
7 -3.6833 -6.4382
1 2.6276 -9.7800
5 -6.4848 -2.1853
6 -1.7085 -8.9428
9 -0.9064 -4.8780
8 2.6276 -9.7800
7 -0.5316 -8.5154
8 2.6276 -9.7800
8 2.6276 -9.7800
9 5.4657 -3.8233
6 -8.2403 0.2996
4 -1.4198 -7.6336
9 -0.5675 -4.1669
2 2.6276 -9.7800
9 -0.9064 -4.8780
7 -1.4198 -3.4358
1 2.6276 -9.7800
7 0.9446 9.4505
5 -4.0870 -1.6022
10 12.5045 0.0648
2 2.6276 -9.7800
6 -9.1341 0.0803
4 -1.4198 -7.6336
8 -5.3206 -3.7717
9 2.6276 -9.7800
6 -4.5326 6.0990
10 8.6443 0.0648
7 -8.2804 -8.8621
2 -0.9064 -4.8780
8 2.6276 -9.7800
10 -2.7267 -4.5932
8 2.6276 -9.7800
10 8.4410 -1.8785
5 7.3295 -9.3222
2 -0.9064 -4.8780
3 4.4847 2.3487
2 9.7819 4.1949
10 -6.5215 8.6455
7 -1.4198 -7.6336
3 5.5285 5.1412
10 12.5045 -3.1382
8 7.2568 -8.0334
4 -1.4198 -7.6336
10 12.5045 -3.1382
10 2.4397 -7.4326
9 -5.1883 2.0004
6 -1.7085 -8.9428
5 -8.6454 -6.9494
7 0.4941 -8.3129
3 7.0373 -5.4705
6 6.8942 -0.4397
7 -1.4198 -7.6336
5 5.8181 -0.5398
3 0.4755 -1.1464
3 0.4755 2.3487
6 -1.7085 -8.9428
8 2.6276 -9.7800
4 3.4675 -7.6336
7 3.4675 -7.6336
5 7.0050 -0.5398
9 6.8422 -6.7570
3 6.0290 -4.3757
4 0.5672 -5.4639
9 -0.9064 -4.8780
6 5.5980 -5.1135
2 -0.0823 -1.0950
8 -4.6605 2.3779
2 2.6276 -9.7800
9 -0.5675 -4.1669
5 7.0050 -1.9264
4 -1.4198 -7.6336
8 2.6276 -9.7800
8 2.6276 -9.7800
5 -7.2838 3.8182
