10 100
K -8.509699 -8.963214 1.272592
K 8.731934 1.954971 2.194914
P -2.237941 4.018500 2.717040 8.668712
Z 1 -7.239075 -8.892474 -7.294662 -7.894020
P 5.326999 -7.341180 8.060407 -3.841820
Z 1 -8.509699 -8.963214 -9.509572 -8.979176
K -0.249957 0.651218 3.641496
P -9.266145 6.933078 -7.718451 10.666455
Z 8 -1.362153 6.062960 -6.074592 -4.471528
K 7.272509 -9.799759 1.028557
8 -7.7185 10.6665
9 4.5547 0.7506
7 -0.2500 0.6512
2 8.7319 1.9550
5 0.1580 -2.4994
8 -7.7185 6.9331
9 3.5231 1.9044
2 -7.0426 -2.1623
5 5.3270 -7.3412
4 -8.5097 -8.9632
1 1.4208 0.3759
6 -8.5097 -8.9632
7 2.7749 -4.0619
3 2.7170 4.0185
8 -7.7185 6.9331
4 3.8185 0.0245
8 -2.1930 -7.5318
5 8.0604 -3.8418
3 2.7170 4.0185
5 5.0953 -0.5938
10 8.1414 -0.4858
9 -0.0444 0.1722
5 5.3270 -3.8418
4 -8.5097 -8.9632
4 -5.9685 -8.8217
4 -8.5097 -8.9632
1 -8.5097 -8.9632
1 -7.7243 -9.6986
10 7.2725 -9.7998
10 2.1493 2.5098
9 -9.2661 6.9331
7 6.5244 -3.2833
2 8.7319 1.9550
8 -7.7185 10.6665
1 0.1438 -6.7873
1 -8.5097 -8.9632
7 -0.2500 0.6512
4 8.1075 3.5040
5 8.0604 -7.3412
5 5.3270 -3.8418
2 8.7319 1.9550
4 -8.5097 -8.9632
9 -7.7185 6.9331
6 -8.5097 -8.9632
2 8.7319 1.9550
1 -8.5097 -8.9632
3 2.7170 4.0185
10 7.2725 -9.7998
6 -8.5097 -8.9632
5 5.3270 -3.8418
2 -7.2358 -9.5915
4 -8.5097 -8.9632
10 7.2725 -9.7998
2 -8.3759 -8.3495
1 -8.5097 -8.9632
1 -8.5097 -8.9632
10 -3.7480 -6.1860
5 -9.8547 2.0977
6 -8.5097 -8.9632
10 -4.0941 -7.2417
5 2.3512 -6.2283
10 7.2725 -9.7998
9 8.2024 -8.8334
2 8.7319 1.9550
9 -9.2661 6.9331
3 1.0654 -2.6140
5 8.0604 -7.3412
9 6.3063 4.3927
3 -2.2379 8.6687
4 -8.5097 -8.9632
1 4.0884 -0.7265
1 -7.0910 5.3033
4 5.5371 5.9184
1 6.3698 5.6143
7 -0.2500 0.6512
7 -0.2500 0.6512
3 2.3810 -1.1891
6 -8.5097 -8.9632
1 -3.0850 0.7412
7 0.4569 -5.5750
3 7.6375 -1.6161
8 -0.2259 -7.8283
3 -6.6947 -7.3251
1 -8.5097 -8.9632
4 -8.5097 -8.9632
1 -8.5097 -8.9632
3 -2.2379 4.0185
7 -0.2500 0.6512
6 -8.5097 -8.9632
8 -9.2661 10.6665
8 -7.7185 6.9331
9 -5.7360 -1.8080
7 -0.2500 0.6512
9 -7.7185 6.9331
4 -5.9685 -8.8217
1 -8.5097 -8.9632
6 -8.5097 -8.9632
9 3.5231 1.9044
4 -6.9689 -4.5864
3 -2.2379 4.0185
