10 100
P -1.468975 -8.293322 1.314293 -4.799606
P -2.213785 -6.863449 2.626588 -3.013665
P 2.970343 -9.502795 6.043808 -5.012893
K -3.703488 7.746198 1.393095
K 5.269397 -4.348948 3.866997
K -1.787541 0.350289 4.002523
P 1.843818 1.769466 3.576353 3.942506
K 1.253381 3.104453 4.857147
Z 3 5.819444 -0.835228 7.315874 2.965989
P -8.135036 9.496914 -3.139716 13.569582
5 3.3288 -2.8753
7 8.0318 -6.4870
9 2.9703 -5.0129
9 -5.8454 4.6610
3 6.0438 -9.5028
10 -8.1350 9.4969
2 -2.2138 -3.0137
2 -2.4249 3.9701
5 5.2694 -4.3489
1 -1.4690 -4.7996
10 -8.1350 9.4969
6 -1.7875 0.3503
2 3.3227 -9.3852
7 -1.7467 -8.2238
9 6.0438 -5.0129
6 -1.7875 0.3503
2 6.3439 -7.9020
1 -9.6055 -4.6145
10 -6.6064 5.3047
3 2.9703 -5.0129
8 1.2534 3.1045
9 -8.4510 -5.9812
9 -0.2534 -7.0238
8 -5.0986 3.9043
2 2.6266 -3.0137
9 9.7367 -2.1744
3 2.9703 -9.5028
10 -9.7860 -4.3664
1 2.2182 5.7227
7 -1.7887 -8.8530
1 -1.4690 -4.7996
3 8.1073 9.0754
10 4.5024 -8.4320
3 5.1540 -5.4418
10 4.0140 -1.0890
8 1.2534 3.1045
9 -5.6335 -9.5727
1 -1.4690 -8.2933
6 -1.7875 0.3503
2 2.6266 -3.0137
2 -2.2138 -3.0137
7 -3.3947 -1.8680
10 -3.1397 9.4969
8 -8.1793 -8.6859
10 -9.8925 5.1441
3 6.1784 2.9233
3 6.0438 -5.0129
5 9.8689 9.4905
4 8.7916 -7.3383
9 -7.1175 0.1088
8 -4.2722 5.9096
6 8.3251 -9.8812
1 1.3143 -8.2933
3 -0.7922 0.6409
3 6.0438 -5.0129
2 2.6266 -3.0137
3 2.9703 -5.0129
1 1.3143 -4.7996
3 6.0438 -9.5028
1 1.3143 -8.2933
5 5.2694 -4.3489
6 -1.7875 0.3503
9 2.8074 -3.7388
5 5.2694 -4.3489
9 6.0438 -5.0129
2 7.1784 7.7478
3 2.9703 -9.5028
6 -1.7875 0.3503
9 -0.2534 -7.0238
4 -3.7035 7.7462
4 -3.7035 7.7462
4 -3.7035 7.7462
3 6.0438 -5.0129
8 1.1727 -0.5180
6 -1.7875 0.3503
6 3.0853 -2.9071
6 -0.6396 -7.3679
1 1.3143 -4.7996
8 4.2322 -3.1637
9 -0.2534 -7.0238
3 2.9703 -9.5028
6 2.3412 9.7227
3 6.0438 -5.0129
9 -0.2534 -7.0238
4 -3.7035 7.7462
6 -1.6266 2.9138
7 3.5764 1.7695
2 2.6266 -3.0137
6 -1.7875 0.3503
8 6.5991 5.3696
9 1.9953 -9.1190
3 2.9703 -9.5028
1 1.3143 -4.7996
5 5.2694 -4.3489
10 -8.1350 13.5696
6 -1.7875 0.3503
1 -2.3017 -4.9309
3 2.9703 -9.5028
3 2.9703 -5.0129
6 -1.7875 0.3503
