10 100
P 0.235689 -1.573927 4.141943 -0.163370
P -6.982977 1.922111 -3.413873 4.575762
P -3.201038 3.985026 -0.112033 5.043632
Z 3 -3.254856 -3.801662 6.089256 -6.429536
Z 4 7.088244 6.904479 -9.542456 1.253271
P -0.868247 -4.931140 2.931466 -1.813295
Z 6 7.878266 3.301143 -1.513211 3.690085
Z 7 1.516637 -8.938938 -9.499757 5.445444
K -6.399607 2.553514 3.090932
Z 9 -6.399607 2.553514 -6.916573 3.409519
4 -0.112033 3.985026
3 -3.201038 3.985026
2 -3.413873 4.575762
9 -6.399607 2.553514
2 -3.413873 1.922111
1 4.141943 -0.163370
7 -0.868247 -1.813295
3 -3.201038 5.043632
8 -1.731157 -5.592007
9 -6.399607 2.553514
1 4.141943 -0.163370
3 -3.201038 5.043632
7 6.997915 -7.831375
9 -6.399607 2.553514
8 -5.731494 -8.447892
3 -5.364814 4.844825
3 -0.112033 5.043632
4 -3.201038 3.985026
9 -6.399607 2.553514
2 -3.413873 1.922111
5 -2.204584 2.111212
6 2.931466 -1.813295
3 -0.112033 5.043632
9 9.979250 5.267080
3 -3.201038 5.043632
6 8.454128 -0.168365
7 -6.833656 4.245432
2 -6.982977 1.922111
9 -6.399607 2.553514
1 -4.200502 6.337018
2 -3.413873 1.922111
5 -7.463041 1.073252
6 3.450174 4.041451
4 -3.201038 3.985026
6 2.931466 -4.931140
2 -3.413873 4.575762
7 -0.415398 9.121289
1 0.235689 -1.573927
5 -0.112033 3.985026
7 9.836623 -3.958550
4 -5.183263 -12.988490
1 -7.514473 -2.641756
1 -9.460497 8.354865
2 -3.413873 1.922111
1 4.141943 -1.573927
6 -0.259188 0.247469
2 -3.413873 4.575762
6 9.606001 2.503777
7 3.371303 8.807102
2 -3.413873 4.575762
8 -5.731494 -8.447892
8 3.629108 11.914271
9 -6.399607 2.553514
2 -6.178643 5.547528
1 0.235689 -1.573927
1 4.141943 -0.163370
6 -0.868247 -4.931140
1 0.235689 -0.163370
9 -6.399607 2.553514
8 -6.269590 -9.759218
3 -0.112033 3.985026
9 -6.399607 2.553514
5 -3.201038 3.985026
9 -6.399607 2.553514
7 2.931466 -4.931140
9 -6.399607 2.553514
6 4.949006 -4.644523
8 3.629108 11.914271
8 5.652367 -6.769091
6 2.931466 -1.813295
4 6.365018 -7.457034
3 -3.201038 3.985026
1 4.141943 -1.573927
4 -4.631475 -12.085065
7 3.629108 11.914271
9 8.826030 -1.634905
7 -5.178245 2.093148
9 -6.399607 2.553514
7 2.931466 -4.931140
9 -2.937014 -4.848831
3 -0.112033 3.985026
8 -2.721385 -9.260421
9 -6.399607 2.553514
10 -6.399607 2.553514
5 -14.762704 15.202441
9 -8.846451 -6.068737
8 6.872113 -3.685082
10 -6.399607 2.553514
2 -6.982977 4.575762
2 1.042957 4.321641
7 -3.830643 -2.671019
10 -6.399607 2.553514
2 -0.655273 7.397608
2 -6.982977 1.922111
6 -0.868247 -4.931140
3 -3.201038 5.043632
1 4.141943 -0.163370
1 4.141943 -1.573927
8 7.279899 4.789570
9 -6.399607 2.553514
