10 100
K 9.939517 4.734577 4.485954
P 2.131723 2.771071 3.776279 4.137794
K 0.116952 -4.369537 4.421962
Z 3 0.116952 -4.369537 -0.695944 -3.787128
K -4.453154 0.509663 4.882387
K -3.301108 3.997666 1.021905
K -6.262600 -7.251867 2.168832
P -6.652522 -3.592101 -3.830175 0.356046
Z 4 -3.321915 -7.149455 -2.693254 -7.927134
K 1.795932 1.516413 4.071441
8 2.873844 0.041617
2 3.776279 2.771071
7 -6.262600 -7.251867
9 -6.760783 -9.929373
3 0.116952 -4.369537
7 -6.262600 -7.251867
8 5.730996 9.056146
7 -6.262600 -7.251867
7 -6.262600 -7.251867
1 -9.535088 -6.050011
3 3.617703 -8.044805
6 -3.301108 3.997666
4 3.490882 -9.186933
3 0.116952 -4.369537
2 7.217930 7.868446
8 -6.652522 0.356046
7 5.718353 -4.966883
1 9.939517 4.734577
6 -3.301108 3.997666
5 -4.453154 0.509663
4 0.116952 -4.369537
6 -3.301108 3.997666
5 -4.453154 0.509663
3 -4.181143 0.281054
2 3.776279 4.137794
6 -3.301108 3.997666
3 0.116952 -4.369537
9 0.116952 -4.369537
6 -3.301108 3.997666
1 8.508047 -9.066666
5 -4.453154 0.509663
7 -6.262600 -7.251867
10 1.795932 1.516413
4 0.116952 -4.369537
9 -6.760783 -9.929373
7 -6.262600 -7.251867
4 0.116952 -4.369537
1 9.939517 4.734577
9 -6.760783 -9.929373
2 2.131723 4.137794
10 1.795932 1.516413
9 4.061704 5.574657
4 2.706153 5.233424
2 2.131723 4.137794
4 -1.842269 9.117449
8 -6.652522 -3.592101
6 1.069622 7.419922
4 0.116952 -4.369537
1 9.939517 4.734577
9 0.116952 -4.369537
7 -6.262600 -7.251867
7 -6.262600 -7.251867
10 -1.856029 -1.778589
4 0.116952 -4.369537
8 -3.830175 0.356046
6 -3.301108 3.997666
3 0.116952 -4.369537
2 2.131723 4.137794
3 0.116952 -4.369537
1 9.939517 4.734577
4 9.336340 9.531640
2 2.131723 2.771071
4 0.116952 -4.369537
2 3.776279 4.137794
7 -3.655231 -1.286137
3 0.116952 -4.369537
8 -6.652522 -3.592101
3 0.116952 -4.369537
6 -3.301108 3.997666
5 -4.453154 0.509663
6 9.087577 -3.183777
1 9.939517 4.734577
9 0.116952 -4.369537
6 -0.031099 -4.032150
10 1.795932 1.516413
1 9.939517 4.734577
5 -4.453154 0.509663
10 1.795932 1.516413
7 -6.262600 -7.251867
8 -6.652522 0.356046
10 0.732949 -8.842788
1 9.939517 4.734577
6 -3.301108 3.997666
3 0.116952 -4.369537
8 -3.830175 0.356046
9 -3.197242 9.039739
2 3.776279 4.137794
6 -3.301108 3.997666
2 9.245289 -6.414908
4 0.116952 -4.369537
10 -1.891085 -6.436352
7 -6.262600 -7.251867
10 1.795932 1.516413
5 -4.453154 0.509663
1 -8.425649 -2.694127
9 0.116952 -4.369537
10 -2.336260 7.396258
4 1.884142 -3.649910
10 -0.167774 -6.653313
1 9.939517 4.734577
