10 100
P 9.574440 -5.144274 14.299219 -2.418785
Z 1 2.065611 -3.088818 -7.245989 7.223052
Z 1 -9.665120 -7.651771 -7.965055 -8.417110
K 9.682618 4.137292 4.304475
K -0.370499 -8.575205 4.369119
K 3.413610 -8.049699 2.513171
Z 5 6.790395 2.768598 -0.329731 3.775966
K -2.950770 5.683989 3.602410
Z 5 4.942839 2.724592 -5.280800 -4.814705
Z 7 -2.193656 3.769725 -4.699472 -1.826797
6 3.4136 -8.0497
9 8.2420 -4.2707
10 3.0574 15.6537
8 -2.9508 5.6840
1 14.2992 -5.1443
10 2.4951 7.6738
3 1.2130 -23.7177
5 -3.3032 8.4895
2 -3.2411 5.2832
5 -0.3705 -8.5752
7 -0.3705 -8.5752
4 -0.8681 9.0910
4 9.6826 4.1373
6 3.4136 -8.0497
5 -5.5614 9.9381
10 3.1739 15.6016
2 3.3469 -10.7677
7 3.1417 4.4897
2 0.6355 -10.4906
6 3.4136 -8.0497
10 -12.6165 -3.0921
5 9.4553 -3.6416
2 14.2992 -5.1443
6 3.4136 -8.0497
7 3.0574 15.6537
5 -0.3705 -8.5752
2 3.3469 -10.7677
7 1.8438 -4.0487
3 14.2992 -2.4188
5 1.5275 9.3004
3 -1.4941 -2.8393
3 2.3050 -29.0618
10 -12.6165 -3.0921
9 -0.3705 -8.5752
4 9.6826 4.1373
5 -0.3705 -8.5752
5 -2.4158 -3.2504
5 6.9276 8.2427
1 9.5744 -5.1443
7 -0.3705 -8.5752
6 3.4136 -8.0497
2 3.3469 -10.7677
9 -7.4224 0.9875
5 -0.3705 -8.5752
2 9.5744 -5.1443
8 -2.8669 -9.3192
2 0.1551 -15.1909
8 -2.9508 5.6840
1 9.5744 -5.1443
5 -0.3705 -8.5752
3 -8.5259 -3.4142
2 0.1551 -15.1909
8 1.1783 -4.7635
4 9.6826 4.1373
10 -12.6165 -3.0921
9 -0.3705 -8.5752
3 4.3454 -27.2549
4 9.6826 4.1373
6 -8.2410 -0.7643
5 -0.3705 -8.5752
4 0.9652 -3.8053
5 -0.3705 -8.5752
5 -0.3705 -8.5752
8 -2.9508 5.6840
3 2.0711 2.8508
10 -12.6165 -3.0921
7 -5.4399 1.9963
8 -2.9508 5.6840
3 9.5744 -2.4188
2 14.2992 -5.1443
2 7.5650 -6.9184
9 8.8810 -5.9569
7 6.1233 -5.0141
5 -5.9629 -0.8997
5 -0.3705 -8.5752
6 3.4136 -8.0497
10 -0.3705 -8.5752
4 9.6826 4.1373
1 9.5744 -5.1443
7 8.3704 -6.7386
6 3.4136 -8.0497
7 3.0574 15.6537
10 3.0574 15.6537
10 -7.7539 5.1747
3 7.3304 1.3271
7 -6.9482 6.5963
4 9.6826 4.1373
8 -2.9508 5.6840
9 8.4667 6.1832
7 -0.3705 -8.5752
2 0.1551 -15.1909
3 5.2136 2.0232
1 -4.2873 6.9555
7 -6.3138 1.6847
5 -0.3705 -8.5752
10 3.0574 15.6537
7 1.7324 2.1180
6 3.4136 -8.0497
1 3.1371 4.7839
8 -2.9508 5.6840
