10 100
K 4.413906 6.203768 2.246567
Z 1 -9.920815 -9.643625 1.934552 3.870013
K -5.156970 3.634033 1.524964
K 4.972106 1.364376 1.280072
Z 3 -6.304514 2.629713 -5.645929 1.877207
P -1.616110 6.109639 3.347206 7.340075
P 9.655772 4.882608 10.884647 7.375048
Z 1 4.413906 6.203768 5.368382 5.905479
P 7.942683 6.782262 11.500004 8.173716
K -8.993911 4.938219 1.050783
8 4.413906 6.203768
9 11.500004 6.782262
8 -2.719025 -9.376859
1 4.413906 6.203768
4 -5.655671 -6.265762
1 4.413906 6.203768
5 -9.644384 8.819286
8 4.413906 6.203768
5 -7.135250 -2.147477
1 4.413906 6.203768
10 -8.993911 4.938219
9 11.500004 8.173716
8 -6.409919 -8.967165
9 11.500004 8.173716
10 -8.993911 4.938219
3 -5.156970 3.634033
9 3.684559 -6.057444
6 5.364111 1.895276
3 -5.156970 3.634033
3 -5.156970 3.634033
7 9.655772 4.882608
3 -5.156970 3.634033
4 4.972106 1.364376
2 9.115703 -4.968579
7 10.884647 7.375048
4 4.972106 1.364376
7 10.884647 4.882608
4 2.128450 0.856872
2 3.925696 6.632070
3 -7.023359 -7.934089
1 6.259526 4.747337
3 -5.156970 3.634033
7 1.591000 7.763190
4 6.251190 6.846323
10 -8.993911 4.938219
2 4.413906 6.203768
2 4.413906 6.203768
6 -0.017290 1.825882
2 -3.486546 7.399767
1 4.413906 6.203768
3 -5.156970 3.634033
4 4.972106 1.364376
8 4.413906 6.203768
8 4.413906 6.203768
1 1.914208 0.513770
7 9.655772 4.882608
1 4.413906 6.203768
10 -8.993911 4.938219
1 4.413906 6.203768
6 3.347206 7.340075
9 11.500004 6.782262
10 -8.993911 4.938219
9 11.500004 8.173716
10 5.332091 -5.151203
4 -0.117763 2.812619
2 6.200032 -7.106407
5 -5.156970 3.634033
4 4.972106 1.364376
6 3.347206 7.340075
10 -9.275313 2.970292
1 6.962268 -8.630826
4 4.972106 1.364376
5 -6.600873 6.990119
5 -7.452059 1.625394
10 -8.993911 4.938219
1 4.413906 6.203768
1 -1.650789 -0.733629
5 -9.674316 -0.914504
2 4.413906 6.203768
1 1.789022 1.389127
2 3.925696 6.632070
7 10.884647 7.375048
9 7.942683 8.173716
4 2.701172 0.699451
10 -8.993911 4.938219
9 4.644452 1.549744
5 -5.156970 3.634033
7 -6.133018 -6.309145
7 10.884647 4.882608
7 -7.881735 7.835356
1 4.413906 6.203768
2 4.413906 6.203768
5 -3.195220 -7.474791
2 3.925696 6.632070
4 4.972106 1.364376
1 4.413906 6.203768
4 4.972106 1.364376
1 4.413906 6.203768
7 9.655772 4.882608
10 -8.993911 4.938219
4 4.972106 1.364376
4 2.028337 5.798780
5 -5.156970 3.634033
4 4.972106 1.364376
7 10.884647 4.882608
5 6.033411 -8.911327
10 -8.993911 4.938219
7 9.286610 4.749100
8 -7.990381 3.113966
6 3.347206 7.340075
