10 100
P -6.326098 2.658013 -2.623931 4.020321
P 8.118285 1.806715 10.167567 3.987269
P 6.140363 -3.593029 7.615579 -1.401516
K 7.886158 6.903538 1.019153
K -4.993080 -1.585769 4.035873
P -3.305655 -3.898005 -1.017079 -2.789181
K -7.943670 -1.516861 1.333347
P -2.505403 -2.376086 0.427351 0.136377
K 0.220299 0.019654 2.868015
Z 2 10.167567 3.987269 9.270631 3.545108
10 10.167567 3.987269
10 10.167567 3.987269
2 7.158049 6.945328
10 10.167567 3.987269
1 -5.485963 -4.871235
6 -3.305655 -2.789181
5 6.130255 -3.604386
10 -0.842479 -8.947939
4 7.886158 6.903538
3 -8.401649 -5.087616
3 6.140363 -3.593029
10 8.919580 2.361821
2 8.118285 1.806715
1 -2.623931 2.658013
6 -1.017079 -2.789181
8 -2.505403 -2.376086
4 7.886158 6.903538
1 -4.180999 3.055978
4 7.886158 6.903538
2 10.167567 3.987269
10 10.167567 3.987269
6 -3.305655 -2.789181
4 7.886158 6.903538
4 5.077242 -9.673651
5 -4.993080 -1.585769
1 -6.326098 2.658013
10 8.919580 2.361821
5 -4.993080 -1.585769
4 7.886158 6.903538
5 1.042115 3.935460
4 7.886158 6.903538
1 -2.623931 2.658013
5 -4.993080 -1.585769
5 -4.993080 -1.585769
3 7.824100 0.379460
6 -3.305655 -3.898005
3 6.140363 -1.401516
9 0.220299 0.019654
2 8.118285 3.987269
6 -3.305655 -2.789181
10 10.167567 3.987269
2 10.167567 1.806715
3 -2.349856 7.969686
7 -7.943670 -1.516861
5 -5.482026 -7.878424
3 -6.622692 7.505888
3 -5.008842 -0.873067
3 -2.844526 -4.882609
3 7.615579 -3.593029
5 -4.993080 -1.585769
9 0.220299 0.019654
1 -6.326098 4.020321
3 -8.327259 1.669024
8 -2.505403 -2.376086
10 8.118285 1.806715
9 -2.390031 8.121885
3 6.140363 -3.593029
6 -0.130540 7.950820
3 6.710458 -4.058601
5 -2.085874 -7.021976
7 4.493236 -4.917868
2 8.958628 9.796066
3 7.615579 -1.401516
9 0.220299 0.019654
2 8.118285 1.806715
9 -3.452261 8.331807
7 -5.235435 -6.312359
5 -4.993080 -1.585769
7 -7.943670 -1.516861
10 7.190009 3.689752
10 8.118285 1.806715
7 -7.943670 -1.516861
6 -3.305655 -2.789181
4 7.886158 6.903538
2 10.167567 1.806715
10 10.167567 1.806715
10 8.437996 5.315200
6 -3.305655 -3.898005
2 -2.772404 8.138737
7 -4.053236 -1.658260
9 0.220299 0.019654
4 -9.956808 0.667041
5 -4.993080 -1.585769
3 -9.713221 9.377273
6 -3.305655 -3.898005
5 -4.993080 -1.585769
3 7.615579 -3.593029
3 6.140363 -3.593029
9 7.835152 0.567863
4 7.886158 6.903538
4 -5.454503 8.274214
10 8.919580 2.361821
6 -3.305655 -2.789181
6 -0.692015 -4.938732
3 6.140363 -1.401516
6 -1.017079 -2.789181
9 -5.013728 -9.887857
2 10.167567 1.806715
10 10.167567 3.987269
3 7.615579 -1.401516
