10 100
P -4.316252 -6.086712 -2.305808 -1.210135
Z 1 -4.316252 -1.210135 -3.316561 -1.185261
K 7.298888 4.832909 3.088600
P -4.774211 7.354785 -2.590146 9.326286
Z 3 7.298888 4.832909 7.812368 3.974808
P 1.609808 6.393949 5.159903 10.403873
Z 4 -4.774211 9.326286 -4.894179 8.333508
P -6.938359 -1.061251 -4.766960 3.635402
K 3.659486 -8.453243 4.739708
Z 7 -0.096407 -8.596886 5.410057 3.912110
3 7.2989 4.8329
3 7.2989 4.8329
8 -6.9384 3.6354
5 -8.7313 4.7257
5 -1.8713 9.9287
1 1.9668 -5.4653
6 -9.8985 6.3207
10 -2.5901 9.3263
3 7.2989 4.8329
5 7.2989 4.8329
1 -5.2500 -8.6354
6 1.6098 10.4039
9 3.6595 -8.4532
5 7.2989 4.8329
10 14.8060 1.6685
10 13.3520 0.3371
1 -4.3163 -6.0867
2 -6.6396 9.6945
1 -2.3058 -6.0867
2 2.3836 -8.3124
4 -2.5901 7.3548
4 -4.7742 9.3263
7 -6.8954 9.8465
10 17.0023 -2.7947
10 16.2810 0.0578
9 3.6595 -8.4532
8 -4.7670 -1.0613
10 16.2810 0.0578
3 7.2989 4.8329
6 5.1599 10.4039
4 -2.5901 9.3263
3 -9.9532 -7.7182
5 7.2989 4.8329
3 9.1107 9.4665
4 -7.0155 -9.9509
7 -6.8954 9.8465
9 -8.7742 5.9194
5 7.2989 4.8329
5 7.2989 4.8329
10 3.1658 4.6564
1 -4.3163 -6.0867
1 -7.7788 4.6246
2 -4.3163 -1.2101
6 8.1158 -4.5519
4 -4.7742 9.3263
6 -8.2781 7.1202
8 -9.0248 0.0642
6 5.1599 10.4039
6 1.6098 6.3939
4 -4.7742 9.3263
4 -4.3581 2.1179
9 3.6595 -8.4532
2 5.6930 7.1327
10 -8.8234 -4.4545
10 -9.2008 4.6199
8 -6.9384 3.6354
7 4.2397 -6.5311
7 6.2833 -3.7054
4 -4.7742 7.3548
1 -4.3163 -1.2101
3 6.7146 1.5301
3 7.2989 4.8329
9 3.6595 -8.4532
10 13.3520 0.3371
4 -2.5901 7.3548
10 18.0972 -1.1552
4 -2.5901 7.3548
4 -4.7742 7.3548
4 -2.5901 7.3548
5 6.1437 -0.4108
10 -4.7742 7.3548
1 -7.1101 8.2209
7 7.6643 1.1370
10 1.8562 3.7753
8 1.4583 8.1417
6 5.1599 6.3939
10 -6.8954 9.8465
3 7.2989 4.8329
6 8.8347 -6.6798
2 -2.3058 -6.0867
9 3.6595 -8.4532
1 -2.3058 -1.2101
9 2.9343 -6.5055
8 -0.5058 8.6214
7 -2.5901 9.3263
5 7.2989 4.8329
10 17.0023 -2.7947
3 9.6859 -9.5268
5 -5.2967 8.4080
3 7.2989 4.8329
9 -8.4028 2.7835
6 1.6098 6.3939
7 -6.5826 8.9727
1 -2.3058 -6.0867
8 -6.9384 3.6354
10 2.1534 -0.2379
9 -2.1655 -9.8690
10 14.8060 1.6685
3 5.1684 -3.8242
7 -3.7692 5.0113
