10 100
P -8.859969 -7.010537 -3.969213 -2.382474
K -8.751094 9.455685 4.719357
P -7.358276 2.639398 -5.856108 3.688217
P 5.843330 -7.750712 7.307815 -4.939901
K 2.055329 -0.508290 1.014939
Z 1 4.475976 9.966262 -9.279525 -6.450907
P -9.631121 7.917330 -8.103015 9.923228
P -0.976988 -2.487002 3.943802 0.935942
P 6.772797 -1.847291 9.210383 -0.751427
K 2.399066 -5.579002 3.280106
2 -8.751094 9.455685
9 9.210383 -0.751427
10 2.399066 -5.579002
5 2.055329 -0.508290
8 3.943802 -2.487002
7 0.569076 7.545933
3 0.882417 0.977074
2 0.957010 -9.947657
9 5.692716 2.770033
8 -0.976988 -2.487002
3 -5.353744 9.003005
5 2.055329 -0.508290
7 -8.103015 7.917330
7 -8.103015 7.917330
8 -9.751756 4.473169
2 -8.751094 9.455685
4 7.307815 -7.750712
8 3.128104 -5.648000
9 9.210383 -0.751427
2 -8.751094 9.455685
1 -8.859969 -7.010537
7 -9.631121 9.923228
9 0.792108 -1.347707
1 -8.859969 -7.010537
9 9.210383 -0.751427
10 4.797567 2.657261
4 7.307815 -7.750712
5 2.055329 -0.508290
6 5.234671 1.909211
1 -8.859969 -2.382474
3 -7.358276 3.688217
9 -0.785129 7.488974
7 -8.103015 9.923228
3 -5.856108 3.688217
6 -6.203582 -0.510356
10 2.399066 -5.579002
3 -5.856108 3.688217
3 -5.856108 3.688217
5 2.055329 -0.508290
9 9.210383 -0.751427
2 -8.751094 9.455685
9 6.772797 -1.847291
10 2.399066 -5.579002
2 -8.751094 9.455685
8 9.319714 3.761684
2 -8.751094 9.455685
3 -5.856108 2.639398
8 -0.976988 0.935942
6 -6.203582 -0.510356
10 2.399066 -5.579002
8 -8.219484 4.668047
10 9.706888 -3.100433
2 -8.751094 9.455685
6 -3.969213 -7.010537
9 6.772797 -0.751427
2 -8.751094 9.455685
9 9.210383 -1.847291
9 9.210383 -1.847291
1 -8.859969 -7.010537
6 4.500563 6.285612
2 -8.751094 9.455685
10 2.399066 -5.579002
10 2.399066 -5.579002
5 2.055329 -0.508290
2 9.007159 -6.901658
1 2.973292 -0.818033
8 -0.976988 -2.487002
2 7.926087 -0.502018
8 3.943802 0.935942
6 -6.500651 3.274768
10 2.399066 -5.579002
5 2.055329 -0.508290
7 -8.103015 7.917330
9 9.210383 -0.751427
2 6.254883 8.671172
7 -8.103015 7.917330
1 -8.859969 -7.010537
1 -3.241426 8.369485
4 8.106350 -4.039643
3 5.826856 5.214423
8 5.951306 -3.392102
6 -3.050137 8.259653
3 -5.856108 3.688217
2 -8.751094 9.455685
9 -0.529880 0.760796
1 6.095498 -8.583828
4 7.307815 -4.939901
3 -5.856108 2.639398
2 -8.751094 9.455685
1 -8.859969 -2.382474
3 6.087720 1.309376
1 -3.969213 -2.382474
6 -8.859969 -7.010537
9 6.772797 -1.847291
5 2.055329 -0.508290
5 2.055329 -0.508290
10 2.399066 -5.579002
1 -8.951933 4.239110
10 2.399066 -5.579002
8 5.711633 -9.944427
