10 100
P -6.135237 -5.171527 -3.396891 -3.048990
K -3.037721 -6.960897 4.911750
K 8.835683 -3.177847 2.320807
K 5.303662 0.534710 2.514100
K 2.460429 9.906087 1.484932
Z 2 -7.736248 -5.529418 -8.027688 -6.486007
Z 3 6.537862 -3.503678 6.678257 -4.493773
K 0.106927 6.945240 4.317938
P 2.106038 -1.360431 6.096188 0.104583
Z 9 8.676145 -1.555033 7.681617 4.608806
3 8.8357 -3.1778
10 4.0842 -0.0786
1 -3.3969 -3.0490
1 -6.1352 -3.0490
1 -3.3969 -5.1715
5 2.4604 9.9061
3 1.9995 5.6775
1 -8.9593 -0.8627
3 8.8357 -3.1778
3 8.8357 -3.1778
7 1.7149 8.4766
9 -1.8792 -3.9153
3 2.3618 -2.3434
9 6.0962 0.1046
6 -12.4348 -4.0979
8 0.1069 6.9452
9 6.0962 -1.3604
10 14.3909 2.0867
5 2.4604 9.9061
2 -3.0377 -6.9609
8 0.1069 6.9452
8 0.1069 6.9452
5 2.4604 9.9061
2 2.0469 -0.5168
9 2.1060 -1.3604
6 -12.4348 -4.0979
5 -2.8722 4.5482
4 -7.7469 5.0808
7 4.2400 -3.8295
1 -8.3566 0.0116
9 2.1060 -1.3604
6 -12.4348 -4.0979
4 1.6740 -2.6021
6 -3.0377 -6.9609
6 -3.0377 -6.9609
8 0.1069 6.9452
9 5.0590 -2.1228
8 0.1069 6.9452
5 2.4604 9.9061
4 5.3037 0.5347
2 -3.0377 -6.9609
6 -12.4348 -4.0979
7 8.8357 -3.1778
1 5.1656 8.9826
5 5.3673 8.2352
9 6.0962 -1.3604
4 5.3037 0.5347
6 -3.0377 -6.9609
2 -3.0377 -6.9609
1 -6.1352 -5.1715
9 3.8112 6.2262
9 -6.0536 -3.4294
10 4.7970 2.1682
6 4.1420 -5.1048
6 -12.4348 -4.0979
6 -3.0377 -6.9609
6 -4.5521 0.2416
3 2.3254 -9.2034
4 5.3037 0.5347
7 4.2400 -3.8295
4 5.3037 0.5347
3 8.8357 -3.1778
2 -3.0377 -6.9609
4 5.3037 0.5347
4 -7.9260 2.7976
5 2.4604 9.9061
4 5.3037 0.5347
3 5.2497 4.5829
5 2.4604 9.9061
9 2.1060 -1.3604
2 -3.0377 -6.9609
2 -3.0377 -6.9609
3 8.8357 -3.1778
10 6.0962 -1.3604
6 -12.4348 -4.0979
3 8.8357 -3.1778
3 8.8357 -3.1778
3 8.8357 -3.1778
6 -12.4348 -4.0979
6 -12.4348 -4.0979
8 0.1069 6.9452
9 6.0962 -1.3604
9 6.0962 -1.3604
1 -6.9950 -9.7326
8 -8.0292 -6.6084
2 -3.0377 -6.9609
9 2.1060 0.1046
2 2.0672 4.1809
9 6.0962 -1.3604
3 0.9757 -9.7537
6 -12.4348 -4.0979
10 -8.3494 -0.3566
5 2.4604 9.9061
2 -3.0377 -6.9609
9 -8.4196 8.9492
8 0.1069 6.9452
8 0.1069 6.9452
8 0.1069 6.9452
6 -12.4348 -4.0979
2 -3.0377 -6.9609
