10 100
K 1.115043 2.386213 4.367357
P 9.831195 -2.189379 11.386354 2.287406
P -4.305300 4.883522 -0.424861 9.594911
Z 1 -7.314957 -7.466877 0.906442 0.263409
K 8.804734 -1.879581 2.216954
P 4.946345 -1.694724 8.496326 2.172288
Z 1 -8.930607 -1.150553 -6.122567 -1.323755
P 9.169448 -3.821138 12.536455 0.132113
P -3.733901 -6.095805 -0.341322 -3.735807
P 6.354018 7.064590 8.140266 8.184320
4 3.038058 0.341027
7 0.604249 -5.895057
5 8.804734 -1.879581
8 9.169448 0.132113
3 -4.305300 9.594911
1 3.392013 -7.335348
2 11.386354 -2.189379
7 0.604249 -5.895057
6 2.147689 -3.072641
9 -0.341322 -6.095805
9 6.645406 -0.076984
3 -4.305300 4.883522
4 -9.141122 -4.984001
6 4.946345 -1.694724
9 2.530060 5.289108
5 -6.039168 6.220351
9 -3.733901 -3.735807
4 1.115043 2.386213
8 12.536455 0.132113
3 -0.424861 4.883522
1 1.115043 2.386213
4 -0.613232 -4.541970
7 1.115043 2.386213
7 1.115043 2.386213
2 11.386354 -2.189379
5 -7.238237 -9.235987
2 9.831195 -2.189379
2 9.831195 -2.189379
2 9.831195 -2.189379
7 1.115043 2.386213
8 9.169448 -3.821138
4 -1.830895 4.378167
3 1.333339 4.164359
6 4.946345 2.172288
3 -0.424861 4.883522
9 8.114498 1.860635
8 -9.591957 -9.789076
5 4.044892 -2.121789
1 -3.585880 7.011527
8 9.169448 0.132113
4 -3.445570 -9.999168
2 9.831195 2.287406
6 -5.122000 8.588254
6 0.621393 9.715062
2 9.831195 2.287406
10 -1.706574 -2.439839
10 8.140266 7.064590
8 -1.105081 -7.218017
6 8.496326 -1.694724
3 -0.424861 9.594911
9 -0.341322 -6.095805
5 8.804734 -1.879581
8 12.536455 -3.821138
4 2.706436 0.427251
8 9.169448 0.132113
2 11.386354 2.287406
5 -0.862249 -4.854209
5 8.804734 -1.879581
1 -7.333377 0.246095
5 8.804734 -1.879581
10 6.354018 7.064590
4 1.115043 2.386213
10 8.140266 8.184320
3 -0.424861 4.883522
2 11.386354 -2.189379
5 5.814945 3.404907
3 -0.424861 4.883522
7 1.115043 2.386213
5 8.804734 -1.879581
4 3.038058 0.341027
1 1.115043 2.386213
4 7.892356 6.265334
6 4.946345 2.172288
9 -0.341322 -3.735807
9 -0.341322 -6.095805
4 5.446610 -0.255121
9 -0.341322 -6.095805
1 8.156238 -2.986726
5 8.804734 -1.879581
9 8.888187 7.286340
5 4.839244 6.954776
8 12.536455 -3.821138
6 4.946345 2.172288
1 4.569058 -2.850185
9 -0.341322 -3.735807
2 0.788523 -6.930704
8 12.536455 -3.821138
5 -0.346478 -3.953912
1 1.115043 2.386213
4 3.038058 0.341027
6 4.946345 -1.694724
4 4.857298 5.968894
7 3.646257 -4.872812
2 9.831195 -2.189379
1 1.115043 2.386213
7 0.604249 -5.895057
10 6.354018 7.064590
4 3.038058 0.341027
9 -0.341322 -6.095805
4 1.115043 2.386213
