10 100
P -2.020785 8.885271 1.637302 13.742742
K 6.239590 -8.106579 3.957700
Z 2 6.174702 -12.063747 7.174567 -12.080143
P 0.958590 -9.309467 4.700208 -7.645609
P -7.533874 3.729646 -4.751003 5.991703
Z 4 -6.002804 -7.078974 6.354662 -1.561511
K -7.898311 -0.304453 2.104195
K -2.242613 3.882186 1.484409
P -6.534983 3.467498 -2.637108 6.114098
K -9.464392 -7.509726 3.959680
6 -8.8643 -1.1906
3 6.2396 -8.1066
6 4.7002 -9.3095
4 0.9586 -9.3095
1 1.6373 13.7427
7 -7.8983 -0.3045
8 -2.2426 3.8822
4 -6.3925 -6.2519
4 4.7002 -9.3095
5 -4.7510 3.7296
4 4.7002 -9.3095
4 0.9586 -9.3095
2 -8.2432 7.5968
8 2.8687 -0.1251
7 -7.8983 -0.3045
3 6.1098 -16.0209
8 6.3070 -4.8764
10 -9.4644 -7.5097
9 -6.5350 3.4675
6 4.7002 -9.3095
1 -5.4052 1.4821
6 0.7203 1.2682
6 -3.0163 -0.4069
2 6.2396 -8.1066
2 6.2396 -8.1066
1 -5.8415 0.5074
2 6.2396 -8.1066
1 -2.0208 13.7427
7 -7.8983 -0.3045
9 -6.5350 6.1141
2 1.3805 -3.9643
10 -9.4644 -7.5097
9 -6.5350 3.4675
5 -7.5339 3.7296
1 7.8576 2.9674
8 -2.2426 3.8822
2 6.2396 -8.1066
8 -4.8410 7.5312
6 0.7203 1.2682
3 3.6687 2.5135
4 0.9586 -9.3095
6 0.9586 -9.3095
4 -7.6078 8.1300
9 -6.5350 3.4675
10 -4.2085 6.6859
7 -7.8983 -0.3045
7 -7.8983 -0.3045
6 -3.0163 -0.4069
7 -7.8983 -0.3045
2 -7.7371 9.0897
4 5.6843 8.4421
9 -6.5350 3.4675
9 -0.5245 4.2969
2 1.6401 -3.6384
8 -2.2426 3.8822
1 -2.0208 8.8853
10 -9.4644 -7.5097
5 6.8317 -1.6331
10 -9.4644 -7.5097
8 -1.6623 4.3252
2 6.2396 -8.1066
7 -7.8983 -0.3045
6 -0.5185 2.3790
8 -2.2426 3.8822
8 -2.2215 0.9378
9 9.2073 -6.7592
9 -2.6371 6.1141
2 0.4254 -5.5609
8 -2.2426 3.8822
6 3.0728 -8.6349
8 -2.2426 3.8822
8 -2.2426 3.8822
10 -9.4644 -7.5097
8 -2.2426 3.8822
5 -4.7510 5.9917
3 6.2396 -8.1066
1 -1.1641 4.2503
8 9.1842 -4.4326
10 -9.4644 -7.5097
9 2.7699 -8.0408
2 -8.5918 5.1537
3 6.1098 -16.0209
3 6.1098 -16.0209
7 -7.8983 -0.3045
9 -2.6371 3.4675
3 6.2396 -8.1066
8 -2.0373 5.7861
2 6.2396 -8.1066
3 -9.1889 -1.1477
8 7.9942 -2.6045
3 6.1098 -16.0209
4 4.7002 -7.6456
1 3.1711 -2.3671
9 -9.3827 -1.8725
3 2.1564 -1.5072
9 -5.1094 9.1181
4 0.9586 -9.3095
2 9.4914 1.6956
6 4.7002 -7.6456
10 -9.4644 -7.5097
