10 100
K -9.290041 1.734363 3.821956
K 7.837011 -7.972690 4.522543
K -7.802880 -0.453065 3.308152
P 4.191388 2.927765 6.149339 4.661103
P -3.025988 4.302754 1.301168 5.570526
K 2.454160 9.556851 4.517989
K 5.888715 8.641000 2.469177
Z 6 -2.047743 9.937764 -2.132053 8.941324
K -3.667901 9.701055 3.718147
P 3.349429 2.400973 6.579887 4.936827
5 -3.025988 4.302754
1 -9.290041 1.734363
7 5.888715 8.641000
10 6.579887 4.936827
7 5.888715 8.641000
8 -6.549646 10.318677
10 1.594901 -3.313381
10 -3.840248 4.453367
5 1.301168 5.570526
7 5.888715 8.641000
7 5.888715 8.641000
3 -7.802880 -0.453065
1 -9.290041 1.734363
2 7.837011 -7.972690
9 -3.667901 9.701055
1 -9.290041 1.734363
2 7.837011 -7.972690
2 5.403424 -5.346062
5 1.301168 4.302754
5 7.184720 4.355844
2 7.837011 -7.972690
8 -6.549646 10.318677
8 2.454160 9.556851
6 2.454160 9.556851
6 -7.233071 8.437199
6 2.454160 9.556851
5 -1.799057 -3.956486
5 -3.025988 4.302754
4 9.587729 -1.686605
9 -3.667901 9.701055
8 -6.549646 10.318677
2 7.837011 -7.972690
2 -4.875797 -2.751208
9 -3.667901 9.701055
10 6.579887 2.400973
4 -8.360743 -6.661682
6 5.731878 -5.679862
1 -9.290041 1.734363
3 -7.802880 -0.453065
2 6.446360 -3.232918
8 2.454160 9.556851
3 -7.802880 -0.453065
7 5.888715 8.641000
3 -7.802880 -0.453065
2 7.837011 -7.972690
2 -1.190333 4.850018
6 2.454160 9.556851
1 -7.634571 -7.880495
9 -3.667901 9.701055
2 7.837011 -7.972690
1 -9.290041 1.734363
10 6.579887 2.400973
6 -3.718280 -1.493530
6 4.573796 0.059752
4 4.191388 4.661103
7 5.888715 8.641000
7 0.921570 9.554878
6 2.454160 9.556851
1 -9.629949 -3.930609
7 5.888715 8.641000
1 -9.290041 1.734363
8 2.454160 9.556851
1 -9.290041 1.734363
3 -7.802880 -0.453065
9 -3.667901 9.701055
6 2.454160 9.556851
5 1.301168 5.570526
3 -7.802880 -0.453065
9 -3.667901 9.701055
1 -0.329654 -3.264824
8 -2.586994 2.293536
8 -6.549646 10.318677
10 -2.407548 -0.057639
3 -7.802880 -0.453065
5 1.301168 5.570526
3 8.519706 -1.312459
1 4.688200 -6.765393
6 2.454160 9.556851
6 2.454160 9.556851
2 7.837011 -7.972690
4 9.086476 6.252321
2 7.837011 -7.972690
3 -7.802880 -0.453065
6 2.454160 9.556851
2 7.837011 -7.972690
9 -3.667901 9.701055
8 -1.955227 9.300586
7 -7.276973 9.008285
5 -3.025988 4.302754
7 5.888715 8.641000
1 0.796178 -7.089299
1 -9.290041 1.734363
8 2.454160 9.556851
8 -6.549646 10.318677
4 6.149339 2.927765
1 -9.290041 1.734363
9 -3.667901 9.701055
6 2.454160 9.556851
8 -4.982772 1.816077
3 -7.802880 -0.453065
