10 100
K -2.075894 2.357065 3.140315
Z 1 -2.075894 2.357065 -1.776587 1.402908
K -5.980261 4.560186 3.366560
K 8.457188 -0.805724 1.443223
K -3.371794 -5.293462 2.412984
K -3.489324 -5.071382 3.281103
K 0.377511 -9.873578 2.942651
P 0.245577 7.600331 3.282619 11.504528
Z 2 -2.075894 2.357065 -3.075875 2.363233
Z 8 -2.657344 -8.040991 -4.888424 0.757575
4 8.457188 -0.805724
6 0.949729 0.648767
6 -3.489324 -5.071382
2 -2.075894 2.357065
7 8.135006 -3.078139
3 -5.980261 4.560186
2 -2.075894 2.357065
4 8.457188 -0.805724
5 -3.371794 -5.293462
4 9.089390 9.131643
10 0.245577 7.600331
3 -5.980261 4.560186
6 -8.660953 -8.899867
5 -3.371794 -5.293462
3 -5.980261 4.560186
6 -3.489324 -5.071382
7 0.377511 -9.873578
1 -2.075894 2.357065
5 -0.759880 -8.680416
10 8.075470 -8.119500
9 -4.221259 0.623632
5 -3.371794 -5.293462
9 9.850658 8.117805
9 -2.075894 2.357065
10 0.245577 11.504528
1 6.209841 7.693615
9 -2.075894 2.357065
2 -4.128983 -0.796483
5 -3.371794 -5.293462
2 -9.330758 7.120416
10 -12.662708 4.327137
5 -3.371794 -5.293462
8 -0.449000 3.548651
9 -2.075894 2.357065
3 -5.980261 4.560186
10 -15.332787 2.879965
4 8.457188 -0.805724
4 8.457188 -0.805724
5 4.781519 -0.746117
6 -3.489324 -5.071382
6 -3.489324 -5.071382
5 6.812874 0.216390
2 -2.075894 2.357065
3 -8.220579 2.895005
8 0.245577 11.504528
8 3.282619 11.504528
6 9.446382 8.182333
4 8.457188 -0.805724
3 -2.926050 -2.093120
8 6.180561 2.988692
10 -17.193164 6.312420
8 9.516787 -2.313849
7 0.377511 -9.873578
9 -2.075894 2.357065
5 4.301212 -1.175222
7 0.377511 -9.873578
4 8.516129 1.621054
2 -2.075894 2.357065
3 -5.980261 4.560186
4 8.457188 -0.805724
8 0.245577 11.504528
2 -1.793374 -8.083502
7 0.377511 -9.873578
10 -3.664879 -0.029523
5 4.424386 -2.581458
4 -9.743545 -4.606844
5 9.951073 1.846128
3 2.261231 4.562366
8 0.245577 7.600331
3 8.939235 8.142133
1 -2.075894 2.357065
2 -2.075894 2.357065
6 -3.489324 -5.071382
9 -0.856827 4.376028
2 -2.075894 2.357065
7 0.377511 -9.873578
4 7.565451 2.317600
3 -5.980261 4.560186
6 -3.489324 -5.071382
1 9.632209 2.035460
1 -2.075894 2.357065
7 0.377511 -9.873578
2 -2.075894 2.357065
7 -9.469763 6.019019
10 -14.523086 7.759593
4 -9.583230 -6.287019
2 -2.075894 2.357065
10 2.997768 -7.922862
7 -4.244982 3.616752
8 3.282619 11.504528
9 -2.075894 2.357065
8 3.282619 7.600331
7 0.377511 -9.873578
3 -5.980261 4.560186
2 -2.075894 2.357065
1 -2.075894 2.357065
4 8.457188 -0.805724
6 -3.489324 -5.071382
4 8.457188 -0.805724
7 0.377511 -9.873578
