10 100
P 2.556158 -2.141185 6.948207 1.824639
K 8.657804 8.712151 4.204304
Z 2 -9.386790 -8.356800 7.566727 9.147856
Z 3 5.521484 6.326241 6.448677 5.951657
P -1.392143 -2.007403 1.774807 0.389430
K -4.791543 4.151224 4.097762
P -2.906968 -9.849406 -1.795611 -8.651100
K -7.087719 -3.388493 1.998841
Z 7 1.452647 9.926907 -8.106247 -0.576102
P -4.330180 7.540168 -1.285566 9.796349
7 -1.795611 -9.849406
2 4.654263 4.920828
4 3.946616 2.428041
9 -17.931213 4.835768
5 -1.392143 0.389430
9 3.325152 3.944410
8 -7.087719 -3.388493
7 -1.795611 -8.651100
2 8.657804 8.712151
10 -1.285566 7.540168
7 9.900205 -5.093514
7 4.389835 -1.455131
8 6.633156 9.583627
1 -6.233493 8.123430
9 -1.795611 -9.849406
6 -4.791543 4.151224
9 -2.906968 -9.849406
7 -1.795611 -8.651100
10 -1.285566 9.796349
1 6.948207 -2.141185
9 -16.633833 3.841858
8 -3.005643 -5.846866
8 8.356085 -8.439156
1 6.948207 1.824639
6 -4.791543 4.151224
4 3.946616 2.428041
5 -1.392143 -2.007403
3 7.096352 10.224442
6 -4.791543 4.151224
1 2.556158 1.824639
7 -2.906968 -9.849406
9 -17.931213 4.835768
3 7.096352 10.224442
2 2.925902 -4.557207
9 -1.795611 -9.849406
8 -7.087719 -3.388493
10 -4.330180 9.796349
5 -1.392143 0.389430
6 -4.791543 4.151224
5 -1.392143 -2.007403
3 7.096352 10.224442
3 8.657804 8.712151
6 -4.791543 4.151224
9 -16.738203 4.948304
4 8.657804 8.712151
2 8.657804 8.712151
8 -7.087719 -3.388493
6 -8.005699 -7.329158
2 8.657804 8.712151
4 7.096352 10.224442
4 3.946616 2.428041
8 -7.087719 -3.388493
1 6.948207 1.824639
8 -7.087719 -3.388493
5 1.774807 -2.007403
10 -1.285566 7.540168
8 -7.087719 -3.388493
10 -1.285566 9.796349
3 7.096352 10.224442
4 7.096352 10.224442
6 -4.791543 4.151224
3 8.657804 8.712151
3 8.657804 8.712151
4 3.946616 2.428041
10 -6.286998 -1.422559
3 8.657804 8.712151
9 -1.795611 -9.849406
2 8.657804 8.712151
8 -1.962665 -4.416285
3 7.096352 10.224442
7 -8.114348 -0.263915
4 6.120356 2.431318
3 8.657804 8.712151
10 -1.285566 9.796349
9 6.135668 3.240071
1 2.556158 1.824639
8 1.078248 2.869536
3 8.657804 8.712151
8 -7.087719 -3.388493
6 -4.791543 4.151224
4 3.859010 -5.779726
8 -7.087719 -3.388493
9 -1.795611 -9.849406
2 8.657804 8.712151
10 -1.285566 9.796349
3 -9.676471 -3.745786
6 -4.791543 4.151224
4 7.096352 10.224442
10 -4.330180 7.540168
4 7.096352 10.224442
9 3.007414 -7.948821
9 -1.795611 -8.651100
1 5.599256 -8.669517
5 1.294465 -9.609405
4 9.771593 7.640274
4 3.946616 2.428041
3 8.657804 8.712151
2 8.657804 8.712151
6 -4.791543 4.151224
6 -4.791543 4.151224
