10 100
K -0.940980 -7.842525 2.339118
P -2.523570 -4.282634 -1.499021 -2.661044
Z 2 -7.593496 9.334335 9.803227 -9.572081
P 7.061775 4.276460 10.326173 6.248071
Z 1 -0.190177 -10.057873 0.756910 -9.736896
P 1.863622 -2.556155 4.829623 -1.083725
P 6.143714 -3.648239 9.779275 -2.277224
P 0.745684 -1.636541 3.282279 1.104194
P 6.137079 -0.099850 9.045983 2.184567
K 9.846989 -0.214043 3.430859
6 4.829623 -2.556155
4 1.332100 4.107306
5 -0.940980 -7.842525
9 5.867873 3.063851
5 7.258181 5.336351
8 0.406759 9.298070
8 3.282279 1.104194
10 9.846989 -0.214043
2 -7.012997 0.075379
2 -2.523570 -2.661044
7 6.143714 -2.277224
4 10.326173 6.248071
8 -0.664813 4.912621
7 6.143714 -2.277224
6 1.863622 -1.083725
7 6.143714 -3.648239
9 8.634267 6.339369
7 9.779275 -3.648239
3 6.905591 -3.036916
9 -1.471660 -0.018804
1 -0.940980 -7.842525
3 -1.499021 -2.661044
4 7.061775 4.276460
10 9.846989 -0.214043
2 -2.523570 -4.282634
10 5.835302 -5.239586
10 7.494800 5.309017
5 -0.940980 -7.842525
10 9.846989 -0.214043
6 -6.372906 -7.808167
9 5.197549 -6.151681
4 3.977161 8.656678
8 3.282279 1.104194
5 -8.621293 6.963765
9 -6.763351 -1.026983
8 3.282279 -1.636541
4 -8.245353 -4.353617
7 6.143714 -2.277224
10 9.846989 -0.214043
2 1.303214 -0.487937
9 9.045983 2.184567
9 9.045983 2.184567
5 -0.940980 -7.842525
1 -1.120504 -3.579116
6 4.829623 -2.556155
6 1.863622 -2.556155
1 -0.940980 -7.842525
3 -2.523570 -4.282634
9 9.045983 2.184567
3 -1.499021 -4.282634
2 -2.523570 -2.661044
1 -0.940980 -7.842525
6 6.894106 4.353440
8 0.745684 1.104194
7 9.779275 -3.648239
6 4.829623 -1.083725
4 -9.882688 7.915523
6 1.863622 -1.083725
2 -2.523570 -2.661044
3 7.573480 -0.217780
4 10.326173 6.248071
5 -0.940980 -7.842525
8 -5.374881 -8.816084
8 9.905871 -4.453297
8 0.745684 1.104194
1 -0.940980 -7.842525
5 0.560626 -12.273221
1 -6.382029 -3.301464
9 -0.902376 7.699840
10 9.846989 -0.214043
7 -9.663800 5.576990
9 6.137079 -0.099850
4 10.326173 4.276460
6 1.863622 -2.556155
1 -0.940980 -7.842525
1 -0.940980 -7.842525
1 -0.940980 -7.842525
6 -9.817001 -0.098312
1 -0.940980 -7.842525
5 -7.311562 -6.110738
10 9.846989 -0.214043
1 -0.940980 -7.842525
6 1.863622 -2.556155
6 1.863622 -1.083725
1 6.876134 -9.673336
3 3.939521 3.285963
4 7.061775 6.248071
5 0.560626 -12.273221
4 7.061775 6.248071
9 6.137079 -0.099850
7 6.143714 -3.648239
9 9.928676 -8.748298
3 -2.523570 -4.282634
1 -0.940980 -7.842525
2 -1.499021 -4.282634
5 -0.940980 -7.842525
7 9.779275 -3.648239
10 9.846989 -0.214043
1 -5.043122 9.721676
2 -2.523570 -2.661044
