10 100
K 6.533019 2.718325 3.553166
Z 1 7.593518 -0.672889 8.547938 -0.374423
Z 2 6.533019 2.718325 6.324562 1.740293
Z 1 6.533019 2.718325 7.042051 1.857577
P -9.500027 -3.807710 -7.112374 -2.146874
P -9.465549 -5.520473 -7.036979 -1.794693
Z 4 6.269545 0.004694 -2.121691 5.190382
P 6.011648 -3.249107 10.956814 -1.458680
Z 5 -2.865321 -1.421048 -7.959407 -5.264515
P 3.444634 -1.758464 6.231130 2.449898
9 -5.384381 -7.601702
6 -7.036979 -5.520473
4 6.533019 2.718325
8 10.956814 -3.249107
3 2.626183 6.822163
8 10.956814 -3.249107
9 -9.500027 -3.807710
1 6.533019 2.718325
1 6.533019 2.718325
3 6.533019 2.718325
4 -4.432098 5.570352
5 6.244589 7.196650
1 6.533019 2.718325
7 6.533019 2.718325
7 3.960324 -1.444690
9 -0.444389 1.961654
10 -0.089866 8.034276
7 3.960324 -1.444690
10 -2.940695 -1.842510
7 6.533019 2.718325
5 -8.205303 3.029271
9 4.973747 6.350836
1 6.533019 2.718325
1 6.533019 2.718325
8 -6.665621 2.891049
6 -9.465549 -1.794693
10 6.231130 2.449898
2 -9.773522 -3.808560
7 -5.907505 9.739781
8 6.011648 -1.458680
9 -7.112374 -3.807710
10 -6.388349 -9.106769
1 6.533019 2.718325
9 2.052498 8.351119
10 6.231130 -1.758464
10 6.231130 -1.758464
3 8.654016 -4.064103
3 8.201246 3.743376
7 3.960324 -1.444690
1 0.169460 -1.107677
1 -5.843576 -6.084815
8 5.150439 -6.653939
10 3.444634 2.449898
10 3.444634 -1.758464
1 6.533019 2.718325
8 6.011648 -1.458680
9 -7.112374 -3.807710
4 6.533019 2.718325
3 6.533019 2.718325
10 3.444634 2.449898
10 -5.989843 -3.701640
3 6.533019 2.718325
2 6.533019 2.718325
5 -7.112374 -3.807710
1 6.533019 2.718325
8 10.956814 -1.458680
6 -9.465549 -1.794693
4 6.533019 2.718325
1 3.013812 9.136433
10 6.231130 2.449898
8 -3.226572 -2.460034
3 -6.328201 4.391792
9 -3.916868 2.716206
8 6.011648 -1.458680
6 -7.036979 -5.520473
1 8.704825 -0.955074
10 -8.766653 -6.376286
9 -6.326058 -4.849884
2 -7.951793 -6.268460
8 6.011648 -3.249107
5 -4.360659 -5.041096
1 1.892767 -7.735996
1 6.533019 2.718325
4 6.533019 2.718325
3 -0.547215 -1.113755
4 6.533019 2.718325
10 3.444634 -1.758464
7 3.960324 -1.444690
3 -5.444335 4.096182
7 3.960324 -1.444690
3 6.533019 2.718325
7 3.960324 -1.444690
8 6.011648 -1.458680
10 6.231130 2.449898
8 10.956814 -1.458680
1 6.533019 2.718325
6 -7.036979 -5.520473
3 -6.726367 -2.376694
3 -5.071370 5.671357
7 6.533019 2.718325
3 1.830784 -2.609802
2 6.533019 2.718325
1 6.533019 2.718325
2 8.654016 -4.064103
2 8.654016 -4.064103
2 6.533019 2.718325
8 3.847808 3.699993
2 6.533019 2.718325
8 6.011648 -3.249107
6 6.877847 0.704581
