10 100
P -8.319926 4.190148 -4.595631 7.869263
K -5.337545 6.007712 3.393308
Z 2 -3.866122 5.176865 -2.482833 2.443032
Z 2 -8.672744 6.632999 -8.857014 5.650124
Z 2 -1.619699 5.211418 -4.296807 -1.182223
P -3.938043 6.842988 -0.432971 11.063004
Z 2 -8.588154 5.034021 -8.301210 4.076074
Z 5 -5.337545 6.007712 -5.447653 7.001631
K 9.190295 -2.131385 1.149298
Z 5 -2.852716 8.318591 -3.533726 9.050864
9 5.6781 -1.5099
7 9.1909 6.5626
1 -2.4874 4.5088
5 6.3882 7.2789
10 0.1068 -8.7025
8 -11.4325 1.6822
7 -5.3375 6.0077
2 -5.3375 6.0077
6 1.3675 3.1231
2 -5.3375 6.0077
2 -5.3375 6.0077
4 -5.3375 6.0077
1 -8.3199 7.8693
5 1.5563 3.1211
3 -3.6640 6.8545
7 -5.3375 6.0077
5 -5.3375 6.0077
2 8.7892 -3.0559
8 -11.4325 1.6822
2 -5.7775 -5.1647
3 2.7028 -4.2026
2 -5.3375 6.0077
1 -8.3199 7.8693
6 -3.9380 6.8430
6 -0.4330 6.8430
9 9.1903 -2.1314
1 0.8224 -8.4050
5 -7.4578 -4.2846
4 -5.3375 6.0077
7 -5.3375 6.0077
1 -4.5956 7.8693
10 1.5563 3.1211
7 -11.8388 4.0603
4 -12.0079 7.2583
4 -5.3375 6.0077
7 -5.3375 6.0077
1 -9.7157 4.7606
8 -7.6848 6.6303
5 -5.3375 6.0077
4 -5.3375 6.0077
5 1.5563 3.1211
2 -4.1289 5.8142
4 -12.0079 7.2583
1 -8.3199 4.1901
3 -3.6640 6.8545
9 -5.8046 -9.7960
1 -4.5956 4.1901
10 -0.3679 10.6295
8 -5.3375 6.0077
8 -5.3375 6.0077
5 -5.3375 6.0077
9 -9.6836 1.0915
1 -4.5956 7.8693
10 0.9214 -9.4620
9 9.1903 -2.1314
1 -6.2469 -5.6667
4 -8.1547 4.9492
4 -5.3375 6.0077
10 -4.8350 -9.0743
8 -5.3375 6.0077
1 -8.3199 4.1901
2 -5.3375 6.0077
6 -0.4330 6.8430
4 1.7995 -0.1476
4 8.3053 6.4200
6 1.6932 8.1725
10 -0.3679 10.6295
9 9.1903 -2.1314
6 -3.9380 11.0630
5 -5.3375 6.0077
6 -3.1954 1.8800
1 -4.5956 4.1901
4 -12.0079 7.2583
3 -5.3375 6.0077
3 -5.3375 6.0077
9 9.1903 -2.1314
4 -5.3375 6.0077
6 -0.4330 6.8430
9 -2.3943 -5.9532
3 -5.3375 6.0077
10 2.0116 3.5446
4 -5.3375 6.0077
1 -8.3199 7.8693
7 -11.8388 4.0603
2 -5.3375 6.0077
9 9.1903 -2.1314
1 -4.5956 4.1901
3 -5.3375 6.0077
2 -5.3375 6.0077
4 -12.0079 7.2583
4 -5.3375 6.0077
2 -5.3375 6.0077
3 -5.3375 6.0077
4 -5.3375 6.0077
5 -5.3375 6.0077
5 1.5563 3.1211
4 -12.0079 7.2583
6 -0.4330 6.8430
10 1.5563 3.1211
6 -3.9380 11.0630
