10 100
K 7.201066 5.038733 1.286151
Z 1 6.080546 4.407368 6.571441 3.536149
K 2.420604 6.668188 2.417594
K 7.488706 -7.374591 4.113463
K -9.808884 5.680027 3.223394
Z 3 -0.282657 -4.955822 5.349345 6.052666
K 3.165472 -8.239026 2.445957
K 3.336051 -8.627860 3.748927
P 6.474989 -9.730776 9.908445 -7.033731
P 9.904687 -0.664593 13.950990 1.879520
5 -9.8089 5.6800
2 7.2011 5.0387
4 8.1037 3.8801
4 7.4887 -7.3746
3 2.4206 6.6682
2 8.3595 2.4946
3 -3.8022 3.9999
2 7.2011 5.0387
4 -2.4682 5.6765
3 2.4206 6.6682
5 -4.8556 6.6964
5 -9.8089 5.6800
7 6.5913 -6.5561
3 5.1214 6.4015
6 2.4206 6.6682
6 7.5621 4.0377
1 7.2011 5.0387
1 7.2011 5.0387
10 9.9047 1.8795
2 4.9600 3.7760
3 2.4206 6.6682
7 3.1655 -8.2390
7 -2.2661 -1.3136
3 2.4206 6.6682
1 7.2011 5.0387
4 7.4887 -7.3746
8 3.3361 -8.6279
3 2.4206 6.6682
4 7.4887 -7.3746
6 -8.3578 -4.8962
1 7.2011 5.0387
3 8.3007 -5.2601
1 7.2011 5.0387
6 4.8335 -2.5684
8 3.3361 -8.6279
7 3.1655 -8.2390
8 3.3361 -8.6279
8 3.3361 -8.6279
4 7.4887 -7.3746
7 3.1655 -8.2390
4 7.4887 -7.3746
1 7.2011 5.0387
1 7.2011 5.0387
6 9.6902 7.3875
6 -8.9030 8.0699
4 -1.4133 -7.2392
4 6.0039 -2.9714
6 -0.9719 7.5503
7 3.1655 -8.2390
5 -9.1739 -9.7173
1 7.2011 5.0387
10 13.9510 -0.6646
8 3.3361 -8.6279
2 8.8199 -4.0036
7 3.1655 -8.2390
3 2.4206 6.6682
5 -9.8089 5.6800
8 2.1786 -7.3764
3 2.4206 6.6682
5 6.9050 -0.2058
10 2.4289 -6.1104
4 -9.9755 -9.1469
6 2.4206 6.6682
10 9.9047 1.8795
4 7.4887 -7.3746
8 3.3361 -8.6279
3 -7.5784 1.4108
7 3.1655 -8.2390
2 9.6824 -3.5203
5 -9.8089 5.6800
10 13.9510 1.8795
10 9.9047 -0.6646
5 -9.8089 5.6800
4 7.4887 -7.3746
3 -1.5444 -9.0923
6 2.4206 6.6682
8 3.3361 -8.6279
9 9.9084 -9.7308
5 -9.8089 5.6800
1 4.4810 7.9983
7 3.1655 -8.2390
5 -9.8089 5.6800
4 7.4887 -7.3746
8 3.3361 -8.6279
3 -6.7256 1.6941
10 9.9047 1.8795
9 9.9084 -9.7308
8 3.3361 -8.6279
2 7.2011 5.0387
7 3.1655 -8.2390
3 -3.4720 9.6017
4 7.2495 2.3027
4 7.4887 -7.3746
7 3.1655 -8.2390
6 7.5621 4.0377
2 6.6495 -3.6077
5 -9.8089 5.6800
9 2.7511 2.4109
6 7.5621 4.0377
6 7.5621 4.0377
