10 100
P 8.402079 -6.575403 12.461476 -2.239215
K -7.109221 -2.665526 1.487078
P 0.589377 9.423138 2.320014 14.076028
Z 2 8.181357 -6.933576 2.759399 4.598270
Z 2 -6.187541 -3.832533 -5.402775 -3.212740
K -9.792382 1.434585 4.103177
K -4.639931 -4.080106 3.672704
P -8.589199 -6.948806 -5.170469 -4.129987
P -2.640562 4.536247 2.335786 5.989235
K -7.054845 -0.420037 1.828477
1 12.461476 -6.575403
3 2.320014 9.423138
3 0.589377 9.423138
7 -4.509377 -0.624999
8 -3.622660 5.800666
1 8.402079 -2.239215
1 8.402079 -6.575403
5 -5.265860 -4.999540
7 -4.639931 -4.080106
3 -5.050114 5.674559
4 6.273832 -7.800717
9 2.335786 5.989235
6 -9.792382 1.434585
9 -7.516084 9.528638
6 -9.792382 1.434585
4 -4.668204 3.598876
5 2.078302 5.364797
7 -4.639931 -4.080106
10 -8.245863 -8.773507
2 -7.109221 -2.665526
4 14.648651 7.564429
7 -4.639931 -4.080106
6 -9.792382 1.434585
1 8.402079 -2.239215
10 -7.054845 -0.420037
6 -7.767044 2.138686
1 12.461476 -2.239215
7 5.557183 6.565940
8 -5.492144 9.391661
6 5.114418 -8.696469
10 -7.054845 -0.420037
4 3.833742 5.858825
2 -7.109221 -2.665526
4 14.648651 7.564429
2 -7.109221 -2.665526
2 2.510878 -2.445979
8 -2.668786 1.047427
6 -9.792382 1.434585
9 -6.153472 -6.659942
4 14.648651 7.564429
4 -0.551783 -5.477848
8 -5.170469 -6.948806
2 -7.109221 -2.665526
4 14.648651 7.564429
2 1.470199 -5.167520
9 4.399795 6.339418
4 14.648651 7.564429
1 12.461476 -6.575403
1 8.402079 -2.239215
8 3.525451 8.005676
1 12.461476 -2.239215
10 -7.054845 -0.420037
2 -7.109221 -2.665526
5 -5.265860 -4.999540
3 0.589377 14.076028
2 -7.109221 -2.665526
4 14.648651 7.564429
2 -7.109221 -2.665526
6 -9.792382 1.434585
3 -4.895955 7.296984
9 2.335786 5.989235
2 -7.109221 -2.665526
5 4.110289 -6.268397
3 -1.936512 7.336595
5 -7.109221 -2.665526
10 -7.054845 -0.420037
4 14.648651 7.564429
4 -2.101077 -3.298234
5 -7.109221 -2.665526
5 -7.109221 -2.665526
4 1.929445 7.093317
4 6.468273 1.934911
6 -9.792382 1.434585
1 5.091669 6.034558
4 14.648651 7.564429
9 2.335786 5.989235
7 -0.000160 9.848358
10 -7.054845 -0.420037
3 2.320014 14.076028
10 9.326751 4.784086
8 -3.666516 -0.504769
4 14.648651 7.564429
8 9.208610 6.470364
6 -9.792382 1.434585
8 -3.657458 9.976020
9 9.773216 -8.542173
6 -1.997751 -4.410420
4 14.648651 7.564429
9 2.335786 4.536247
3 2.320014 9.423138
3 2.320014 14.076028
10 0.069997 -0.852840
4 0.407394 -5.083745
6 -9.792382 1.434585
4 14.648651 7.564429
7 -4.639931 -4.080106
1 -3.648089 -7.668985
9 -2.640562 5.989235
7 2.465270 -6.151852
1 8.402079 -6.575403
