10 100
K -5.283748 -1.967154 4.385503
Z 1 7.735727 -7.885470 -6.757162 -9.474352
P 4.297492 -9.631497 7.493059 -7.265935
P -7.374969 6.187510 -6.324742 8.854404
P -2.370650 2.308868 0.655559 3.340757
P 7.307327 -5.024698 9.525358 -2.654292
K 5.549000 1.821059 1.511924
Z 1 6.840593 -6.264451 6.562772 1.053708
K 0.366633 8.482379 1.555038
K -0.155183 -6.494759 1.677215
6 9.5254 -2.6543
6 7.4675 -2.7226
4 -7.3750 8.8544
8 18.6042 -1.0603
1 -5.2837 -1.9672
8 -5.2837 -1.9672
1 -5.2837 -1.9672
3 -0.6554 -2.0090
6 9.5254 -2.6543
6 9.5254 -2.6543
1 6.1878 6.4672
9 0.3666 8.4824
1 1.2720 9.2159
5 0.6556 2.3089
7 5.5490 1.8211
2 -3.6922 -16.4840
3 2.0267 -2.5443
1 -5.2837 -1.9672
8 18.6042 -1.0603
4 2.3991 3.8231
4 -6.3247 8.8544
9 0.3666 8.4824
3 9.6717 -9.1936
6 6.3363 -2.2885
4 -7.3750 6.1875
5 6.2646 1.8529
5 -1.4809 -4.8948
6 9.5254 -2.6543
5 0.6556 2.3089
1 -5.2837 -1.9672
10 -8.6592 5.1334
3 5.5511 0.8486
6 7.3073 -2.6543
5 -2.3707 2.3089
4 -7.3750 6.1875
3 4.2975 -9.6315
10 -7.5748 -7.9151
1 -5.2837 -1.9672
9 0.3666 8.4824
1 8.0990 1.1084
1 -5.2837 -1.9672
4 -7.3750 6.1875
4 1.9333 9.1690
7 5.5490 1.8211
1 -5.2837 -1.9672
9 -6.2266 -5.8715
10 -8.0664 4.5753
2 -2.1192 6.8369
1 5.7313 -6.8796
7 5.5490 1.8211
6 -4.0913 8.5301
5 -2.3707 2.3089
9 9.3711 -7.4919
9 7.4738 0.4495
3 8.8059 5.4238
10 -0.1552 -6.4948
10 3.6316 3.3954
2 -5.2053 -9.4573
7 5.5490 1.8211
7 5.5490 1.8211
5 -2.3707 2.3089
5 -2.3707 3.3408
8 18.6042 -1.0603
2 -1.9120 -5.8038
5 0.6556 2.3089
9 0.3666 8.4824
9 0.3666 8.4824
5 -2.3707 3.3408
3 4.1596 -2.9174
1 -5.2837 -1.9672
7 6.5500 -7.4178
7 5.5490 1.8211
9 0.3666 8.4824
3 4.2975 -7.2659
2 3.4484 6.2612
5 -2.3707 3.3408
7 5.5490 1.8211
9 0.3666 8.4824
10 -1.5868 -1.3947
2 -0.7182 -5.6098
10 -0.1552 -6.4948
7 5.5490 1.8211
9 0.3666 8.4824
2 -3.6922 -16.4840
10 -0.1552 -6.4948
2 -6.5096 9.5578
8 -5.2837 -1.9672
3 6.0672 -9.2996
1 -5.2837 -1.9672
10 -0.1552 -6.4948
4 -6.3247 6.1875
6 2.0781 8.4669
9 0.3666 8.4824
5 0.6556 2.3089
4 9.5160 -1.0342
7 5.5490 1.8211
8 -3.0342 2.4396
1 -5.2837 -1.9672
9 0.3666 8.4824
4 -7.3750 8.8544
