10 100
P 0.884232 -9.621406 4.439536 -8.464678
K -1.377093 5.930394 3.366562
K -1.508686 5.336542 3.527229
Z 2 1.431239 7.787007 0.879753 8.621191
Z 1 0.884232 -9.621406 1.883244 -9.576945
P -7.676933 2.773094 -3.910407 7.263558
K -0.432309 5.542329 1.562340
K -4.945683 2.661577 4.880585
P 4.554300 5.274388 8.692266 8.704132
Z 4 -0.819802 2.610278 0.166402 2.775816
5 0.884232 -8.464678
8 -4.945683 2.661577
1 0.884232 -8.464678
5 9.303478 -4.764873
4 4.239571 9.643620
8 0.342063 -8.473569
5 -1.003752 0.180860
8 -3.779880 7.610465
7 -8.537798 -4.450031
1 -7.528183 6.776197
7 -8.939413 -2.186686
10 -5.568653 -9.761149
5 -9.073758 0.573386
8 -4.945683 2.661577
8 -3.926163 8.704273
1 3.080275 -0.644573
10 -7.915806 -0.378779
2 2.755268 -7.552834
9 4.554300 5.274388
7 -0.432309 5.542329
9 -4.180407 0.488599
2 -3.606813 -5.252791
1 4.439536 -9.621406
9 -4.430792 5.411358
6 -7.676933 7.263558
2 -1.377093 5.930394
2 -1.377093 5.930394
3 -1.508686 5.336542
8 -4.945683 2.661577
10 -1.377093 5.930394
9 8.692266 8.704132
4 -4.929625 -0.479483
1 4.439536 -8.464678
8 -4.945683 2.661577
9 9.313072 -0.267868
8 -4.945683 2.661577
10 4.917602 -8.482514
8 -4.945683 2.661577
10 -1.377093 5.930394
7 -9.549960 6.149015
8 6.826200 -0.887651
4 4.239571 9.643620
8 -4.945683 2.661577
4 -1.377093 5.930394
4 0.932383 -4.807049
1 0.884232 -8.464678
10 -1.377093 5.930394
1 0.884232 -8.464678
4 4.239571 9.643620
8 -4.945683 2.661577
4 4.239571 9.643620
9 1.732273 6.044045
7 -0.432309 5.542329
7 -0.432309 5.542329
5 4.528236 -10.457730
1 0.884232 -9.621406
2 -1.377093 5.930394
1 4.439536 -8.464678
3 -1.508686 5.336542
8 -4.945683 2.661577
6 -3.910407 2.773094
9 4.554300 8.704132
7 -0.432309 5.542329
3 -1.508686 5.336542
6 -3.229409 6.436362
7 -0.432309 5.542329
1 -0.838695 3.770292
4 4.239571 9.643620
4 -1.377093 5.930394
8 -4.945683 2.661577
2 8.606685 0.785552
3 -1.508686 5.336542
7 -2.437338 3.987668
8 -4.945683 2.661577
1 4.439536 -9.621406
10 -1.377093 5.930394
10 -0.262510 -0.709837
3 5.509754 -2.486668
10 -1.377093 5.930394
6 -3.910407 2.773094
4 1.158219 -2.581517
2 5.354596 7.815148
9 8.692266 5.274388
8 6.793015 -9.048255
7 -0.432309 5.542329
10 4.239571 9.643620
8 -4.945683 2.661577
5 0.884232 -9.621406
5 4.439536 -8.464678
7 -3.881261 2.054752
1 4.439536 -8.464678
4 -1.377093 5.930394
7 1.990840 5.023073
8 -4.945683 2.661577
10 -7.998034 -4.927668
8 -4.945683 2.661577
4 -7.849612 7.351750
10 -1.377093 5.930394
7 -0.432309 5.542329
2 -1.377093 5.930394
