10 100
P 8.796550 3.107880 11.774835 6.230443
P 8.700940 7.670455 12.558958 12.647866
P 6.650708 -8.123048 9.010951 -5.890760
P 1.809742 6.934571 6.660985 8.703393
P 7.231617 -3.562763 8.842593 -1.292977
K -6.288908 4.447492 2.033929
K -9.125260 -5.800361 3.126060
K 2.032327 -1.993019 3.612607
K -8.231994 -1.226703 1.869809
Z 5 1.639772 4.734950 -4.106643 -0.383382
8 2.032327 -1.993019
2 12.558958 7.670455
10 8.842593 -1.292977
10 -7.639626 -2.173054
5 0.874278 -9.975325
4 6.660985 8.703393
10 -3.703632 10.984163
5 8.842593 -3.562763
4 -3.079887 -5.280053
3 -9.540836 -3.917272
2 12.558958 7.670455
7 -9.125260 -5.800361
4 6.230419 -4.532250
5 -5.268774 8.238942
7 6.036800 7.214515
8 2.032327 -1.993019
9 1.050651 2.413595
7 -9.125260 -5.800361
2 -1.705693 1.702441
3 6.650708 -5.890760
2 8.700940 7.670455
10 7.231617 -3.562763
4 6.660985 6.934571
2 12.558958 12.647866
10 7.231617 -1.292977
7 -9.125260 -5.800361
2 8.700940 7.670455
9 6.465577 1.456734
3 6.650708 -5.890760
2 9.327938 -9.845813
4 6.119145 -7.180825
6 -6.288908 4.447492
4 6.660985 6.934571
6 -6.288908 4.447492
3 6.650708 -8.123048
1 11.774835 3.107880
4 1.809742 6.934571
2 12.558958 12.647866
3 8.799202 -6.932861
8 2.032327 -1.993019
3 6.650708 -8.123048
9 5.472600 -9.182764
7 -9.125260 -5.800361
2 8.700940 7.670455
9 2.916420 2.096819
2 -2.084869 2.269391
2 5.201492 9.272648
4 6.660985 8.703393
1 11.774835 3.107880
4 3.383533 -1.050081
4 1.809742 8.703393
9 -5.605621 -0.432748
9 -8.231994 -1.226703
7 -9.125260 -5.800361
4 1.809742 6.934571
6 -6.288908 4.447492
1 0.417760 2.454309
6 -6.288908 4.447492
7 0.422006 5.071256
5 8.043497 0.195502
8 2.032327 -1.993019
3 9.010951 -5.890760
9 -8.231994 -1.226703
3 6.650708 -8.123048
5 8.842593 -1.292977
1 -5.187364 -0.717267
5 7.231617 -1.292977
1 -0.318159 2.476300
1 -8.624942 -9.051659
7 -9.125260 -5.800361
4 6.660985 8.703393
7 -9.125260 -5.800361
10 -3.703632 10.984163
5 7.231617 -1.292977
2 1.618768 -9.924786
10 -3.703632 10.984163
1 8.796550 6.230443
10 7.231617 -1.292977
8 2.032327 -1.993019
9 -8.231994 -1.226703
4 1.809742 6.934571
4 1.809742 6.934571
2 12.558958 7.670455
6 3.944704 6.332006
8 2.032327 -1.993019
3 9.010951 -5.890760
4 6.660985 8.703393
5 7.231617 -1.292977
2 12.558958 12.647866
9 -8.943984 6.800101
5 8.842593 -1.292977
6 2.614401 -1.625138
8 2.032327 -1.993019
4 6.660985 8.703393
7 3.754056 -5.280298
9 -8.231994 -1.226703
9 8.660850 -4.255098
8 2.032327 -1.993019
7 -8.083753 -1.250120
5 7.231617 -3.562763
