10 100
K 9.832624 -2.419835 1.105571
Z 1 9.927027 -1.318301 8.930679 -1.232913
K -8.298994 0.254443 4.366767
Z 1 10.181134 -1.370631 9.232118 -1.055401
P -2.588346 6.467931 2.259179 11.079492
K -8.425988 4.649306 4.364482
Z 5 2.259179 6.467931 2.746330 5.594613
P -8.546057 -4.554562 -7.231552 -3.102117
Z 5 2.259179 11.079492 2.933150 10.340735
Z 3 -8.298994 0.254443 -7.450918 0.784317
2 9.832624 -2.419835
1 9.832624 -2.419835
2 10.021429 -0.216767
4 10.529643 -0.321426
6 2.398343 5.436836
10 2.014797 8.971167
10 -8.298994 0.254443
6 -8.425988 4.649306
7 -2.588346 6.467931
3 -1.092822 4.353772
3 -8.298994 0.254443
8 3.771863 6.123832
1 9.832624 -2.419835
5 2.259179 11.079492
3 -8.298994 0.254443
2 10.021429 -0.216767
3 -8.298994 0.254443
9 6.851384 10.657423
5 -4.625154 -5.843369
7 2.259179 11.079492
3 -8.298994 0.254443
10 -8.298994 0.254443
1 9.832624 -2.419835
2 9.832624 -2.419835
8 -8.546057 -4.554562
4 0.757956 -1.718868
5 5.755071 7.753034
10 -8.716381 -6.927957
3 -8.298994 0.254443
2 -6.944765 6.184430
5 2.259179 6.467931
2 10.021429 -0.216767
8 -7.231552 -4.554562
9 -0.800272 4.988808
10 6.909453 -5.188460
6 -8.425988 4.649306
5 8.552348 -3.027032
9 2.259179 11.079492
7 -2.588346 6.467931
5 -9.661554 8.315864
10 -8.298994 0.254443
1 9.832624 -2.419835
10 -8.298994 0.254443
6 -8.425988 4.649306
10 -0.823315 -2.784855
7 7.807486 -2.707000
4 10.529643 -0.321426
3 -8.298994 0.254443
8 3.593307 2.178581
8 -7.231552 -4.554562
10 -8.298994 0.254443
7 4.805912 10.592570
2 9.832624 -2.419835
6 -8.425988 4.649306
10 -8.298994 0.254443
1 9.832624 -2.419835
5 -2.588346 6.467931
4 9.686708 5.613505
1 9.832624 -2.419835
7 -4.058383 -1.892043
1 9.832624 -2.419835
8 -7.231552 -4.554562
8 -8.546057 -4.554562
6 -8.425988 4.649306
3 -8.298994 0.254443
6 0.671982 -0.576003
7 -2.588346 6.467931
7 4.805912 10.592570
1 2.177973 -8.990030
7 -8.778099 -6.498562
10 -8.298994 0.254443
4 9.832624 -2.419835
8 -8.546057 -3.102117
4 4.599919 1.132222
5 -2.588346 11.079492
8 -8.546057 -4.554562
7 -2.588346 6.467931
5 -4.398492 1.666418
7 -0.069743 0.318906
6 -8.425988 4.649306
8 -1.462175 -9.376323
5 -2.588346 6.467931
9 2.259179 6.467931
6 -8.425988 4.649306
10 6.142293 9.591734
7 0.882049 13.015336
1 9.832624 -2.419835
7 5.251208 -7.903245
9 -2.588346 6.467931
8 6.796405 3.894426
1 9.832624 -2.419835
5 2.259179 6.467931
10 -5.995467 2.962239
8 4.133524 6.966029
8 -7.231552 -4.554562
7 2.259179 6.467931
7 -2.588346 11.079492
2 10.021429 -0.216767
3 -8.298994 0.254443
5 -2.588346 6.467931
