10 100
P 8.572796 8.105100 11.222606 12.641321
Z 1 7.420742 0.867312 -4.553366 0.414301
P 8.455808 0.077359 12.945069 3.599735
Z 1 2.169768 -9.973233 -0.490706 4.809351
P -0.913650 -0.628550 0.757345 1.192882
Z 2 7.250582 -1.025178 5.727210 5.163796
P 1.849228 -9.333068 3.394249 -5.105497
P -9.426141 4.497710 -4.462910 8.469451
Z 6 5.297258 1.979232 5.215040 -5.738080
Z 8 0.615000 6.360748 -2.075370 0.151944
5 0.757345 1.192882
4 2.009318 0.734827
5 0.757345 -0.628550
4 3.440512 2.778339
6 8.572796 12.641321
1 8.572796 12.641321
5 -0.913650 1.192882
9 -6.526111 9.754470
8 -0.594227 6.199575
4 -10.134562 4.738271
5 -0.913650 1.192882
3 6.752308 -5.722103
8 -0.504914 -5.915458
8 -4.462910 8.469451
7 6.825222 3.698235
10 4.534034 -0.874431
9 2.249619 12.708687
3 12.945069 3.599735
8 -4.462910 4.497710
8 -4.462910 8.469451
5 -0.913650 1.192882
3 8.455808 3.599735
1 11.222606 8.105100
4 -11.716133 8.989852
3 -7.637477 1.398485
2 8.572796 8.105100
3 12.945069 3.599735
9 -0.264061 10.466193
6 -2.611129 9.236247
3 12.945069 0.077359
8 -4.462910 4.497710
1 -2.141138 -1.351698
7 3.394249 -5.105497
6 -2.611129 9.236247
8 -9.426141 4.497710
4 -10.134562 4.738271
8 -9.426141 4.497710
3 12.945069 3.599735
5 -9.036266 4.396482
7 1.849228 -9.333068
3 8.455808 0.077359
7 1.849228 -9.333068
1 -2.457005 4.911128
6 -0.755615 4.245012
8 -9.426141 4.497710
1 11.222606 12.641321
6 9.824997 -10.695936
2 9.459110 -10.785996
6 11.758603 -6.062530
3 8.455808 3.599735
6 11.222606 8.105100
2 -2.476792 -2.869123
10 -4.462910 8.469451
3 12.945069 0.077359
3 -0.523279 -1.886866
3 -6.561160 -2.411288
6 9.116367 -6.262741
1 8.572796 8.105100
1 7.799095 4.766703
8 -4.462910 4.497710
9 2.249619 12.708687
3 12.945069 3.599735
1 11.222606 12.641321
3 8.455808 0.077359
2 11.758603 -6.062530
3 12.945069 0.077359
4 -11.716133 8.989852
10 0.113924 -8.454000
4 7.709892 5.113864
1 -8.685216 -9.758433
1 5.181409 8.925383
4 8.572796 12.641321
2 8.572796 8.105100
10 9.020100 0.476410
4 -10.134562 4.738271
10 -9.426141 8.469451
8 -4.462910 4.497710
8 -4.462910 4.497710
1 4.588160 -5.517502
1 8.572796 8.105100
6 9.824997 -10.695936
10 -5.357172 -8.199122
9 -0.172274 -7.291633
7 3.394249 -9.333068
6 11.758603 -6.062530
10 -4.462910 4.497710
8 -9.426141 8.469451
4 9.406469 5.694854
7 1.849228 -9.333068
10 -9.426141 4.497710
10 0.574496 5.508346
6 -7.450091 2.395635
4 -12.618100 3.814404
5 3.496577 8.094213
10 9.864950 -2.448438
5 -5.254113 6.253188
10 5.626051 4.097749
1 8.572796 12.641321
1 11.222606 12.641321
4 -10.134562 4.738271
