10 100
P 0.014468 6.476010 3.680750 10.323061
P 0.933853 9.272882 5.689966 13.378413
Z 2 5.689966 9.272882 5.902556 10.250024
P 3.361608 8.533829 5.961226 12.838818
Z 1 -7.986264 6.619927 5.634317 9.752248
Z 2 0.488750 -9.876623 5.166180 9.260339
Z 4 8.540343 9.982027 8.418948 5.069964
K 6.792978 7.086922 4.301960
P -3.749707 2.871156 0.105350 7.333744
Z 7 -0.363278 -1.178479 0.657100 -2.168915
6 10.8209 10.9618
9 0.1054 2.8712
4 3.3616 12.8388
6 2.9287 -1.4448
8 6.7930 7.0869
7 11.0448 8.4082
2 5.6900 9.2729
7 5.9612 8.5338
9 -2.3166 5.8718
5 -1.9471 -0.5491
9 -0.4797 0.7560
8 6.7930 7.0869
4 6.2165 -6.7675
6 8.9271 7.3192
8 -7.8208 -3.0180
1 -0.9426 7.6754
1 0.0145 10.3231
8 1.1533 5.1282
10 3.3616 8.5338
4 5.9612 12.8388
1 3.6808 6.4760
5 4.1264 8.3854
8 -0.7029 -3.1715
6 5.6900 13.3784
8 6.7930 7.0869
7 5.9612 12.8388
4 -0.4347 9.5427
6 4.7072 9.5131
6 0.9339 9.2729
4 5.9612 8.5338
7 -4.1650 9.0607
7 5.4485 9.2199
8 6.7930 7.0869
1 3.6808 10.3231
1 0.0145 6.4760
10 3.9455 -9.1694
1 -7.1899 -5.3487
1 0.0145 10.3231
8 6.7930 7.0869
3 5.6900 9.2729
4 5.9612 8.5338
1 0.0145 10.3231
2 0.9339 9.2729
5 3.6808 6.4760
4 5.9612 8.5338
1 3.6808 10.3231
3 5.6900 9.2729
6 5.0503 -3.5095
1 3.6808 6.4760
4 3.3616 12.8388
7 11.0448 8.4082
8 6.7930 7.0869
7 3.3616 12.8388
5 5.7341 -1.8254
3 9.2941 7.5374
3 -8.8391 -1.8713
1 0.0145 6.4760
7 -9.5997 -3.3189
2 0.9339 9.2729
3 7.3957 13.0073
6 8.9271 7.3192
2 -0.4568 -8.3233
7 11.0448 8.4082
4 3.3616 12.8388
3 0.9339 9.2729
3 11.7219 11.0313
3 7.3957 13.0073
2 5.6900 13.3784
3 5.6900 13.3784
2 0.9339 13.3784
10 11.2574 12.7079
1 3.6808 10.3231
3 0.1407 -3.3354
3 11.7219 11.0313
10 -9.6060 -12.8669
4 3.3616 12.8388
3 0.9339 13.3784
2 -4.5015 8.1796
1 0.0145 6.4760
4 3.3616 12.8388
4 -9.3581 9.5554
3 5.6900 13.3784
3 -5.5262 4.2959
9 -0.6716 0.4599
7 5.9612 12.8388
9 0.1054 2.8712
6 -6.0767 7.3999
1 -5.7510 5.6077
9 -5.4266 -4.7961
7 3.3616 12.8388
6 4.4198 -6.8398
6 5.6900 9.2729
3 7.3957 13.0073
8 -8.2694 -5.3923
5 -4.2440 -2.8851
10 -14.1861 -7.9175
3 11.7219 11.0313
4 -8.0809 8.5875
9 -3.7497 7.3337
7 5.9612 8.5338
