10 100
K 3.616396 -9.455716 4.150353
Z 1 3.616396 -9.455716 3.419889 -10.436218
P 1.034440 3.140162 4.879158 5.552397
Z 1 6.038148 9.126564 5.939594 -1.536269
P -3.630377 7.647254 0.907875 8.990199
Z 5 -3.630377 7.647254 -4.461908 8.202732
K -3.668365 -1.762359 3.267366
P -2.143982 3.122403 1.266428 5.049263
P 9.269903 -7.187561 13.848129 -4.377258
P -1.341861 7.633402 0.327450 12.196835
7 -3.668365 -1.762359
9 13.848129 -7.187561
5 -3.630377 8.990199
7 -3.668365 -1.762359
6 -3.630377 7.647254
4 8.116013 -9.497305
2 -2.920311 1.468658
4 3.616396 -9.455716
9 9.269903 -7.187561
8 1.266428 5.049263
8 -8.694117 -4.950840
10 8.853955 2.541867
8 1.266428 3.122403
1 3.616396 -9.455716
9 9.269903 -7.187561
10 0.327450 12.196835
4 2.221740 1.152342
7 6.303824 7.208838
10 -1.341861 7.633402
6 -3.630377 7.647254
2 3.616396 -9.455716
5 -7.001999 -3.058579
5 -3.630377 7.647254
5 -1.985219 -7.893893
9 -2.715928 -5.249229
6 -1.160905 4.688410
4 8.116013 -9.497305
6 -3.133334 2.940644
8 -0.162330 -7.038347
1 3.616396 -9.455716
10 0.591363 -0.418053
9 13.848129 -7.187561
4 3.616396 -9.455716
1 3.616396 -9.455716
3 -3.103231 -4.647496
2 8.032806 -5.978398
7 -3.668365 -1.762359
3 4.879158 3.140162
7 -3.668365 -1.762359
2 2.101734 3.745291
3 1.034440 3.140162
10 -7.576448 -2.825516
9 13.848129 -4.377258
3 4.879158 5.552397
6 0.907875 8.990199
10 -1.341861 7.633402
1 3.616396 -9.455716
1 3.616396 -9.455716
10 0.327450 7.633402
5 0.907875 8.990199
1 3.616396 -9.455716
9 13.848129 -7.187561
5 0.907875 7.647254
1 -5.464970 6.842857
7 -5.991079 6.941790
4 3.616396 -9.455716
1 3.616396 -9.455716
7 -3.668365 -1.762359
8 1.266428 3.122403
4 3.616396 -9.455716
9 9.269903 -7.187561
7 4.014663 -4.818921
6 -3.133334 2.940644
3 4.457093 -4.286442
10 0.327450 7.633402
2 3.616396 -9.455716
8 -7.331000 -2.745261
5 5.286961 -6.403123
7 -0.803559 -3.607544
1 3.616396 -9.455716
3 -2.890619 -2.760044
2 3.616396 -9.455716
9 13.848129 -7.187561
2 3.616396 -9.455716
6 -3.630377 8.990199
4 3.616396 -9.455716
6 7.942208 -9.475548
3 1.034440 3.140162
6 -1.892729 3.454843
10 -1.341861 7.633402
1 2.605675 -4.967788
3 9.120262 9.307483
4 8.116013 -9.497305
3 1.034440 5.552397
4 3.616396 -9.455716
7 -3.668365 -1.762359
10 -6.519955 9.813271
5 -3.630377 8.990199
5 -3.630377 8.990199
2 7.850232 -2.155355
1 3.616396 -9.455716
9 9.269903 -4.377258
7 -3.668365 -1.762359
8 -2.143982 5.049263
8 1.266428 5.049263
3 1.034440 5.552397
10 -1.341861 7.633402
5 0.907875 7.647254
6 -4.870981 7.133055
1 3.616396 -9.455716
