10 100
K 5.407952 -7.642343 4.829216
P 3.274775 -9.916425 5.486979 -7.442381
P 2.012703 2.437355 5.562651 5.587039
Z 3 5.562651 5.587039 5.977417 4.677110
K 3.024333 0.721501 1.399491
K -3.972457 -0.635709 1.054358
K -3.483716 9.080153 3.336644
P 3.241622 4.124163 7.591384 7.355279
K 4.434975 -5.454914 2.043610
P -8.686397 0.831947 -5.643216 4.391780
1 1.1767 3.9094
10 -5.6432 0.8319
4 7.6832 9.7829
10 -5.6432 0.8319
8 7.5914 7.3553
10 -2.7374 9.3665
3 2.0127 2.4374
7 -3.4837 9.0802
4 2.0127 5.5870
2 3.2748 -9.9164
1 -0.1403 4.6871
9 0.8177 -6.7259
5 3.0243 0.7215
10 -5.6432 4.3918
9 4.4350 -5.4549
9 -8.9277 0.1807
5 -3.5202 4.4179
3 2.0127 2.4374
10 -5.6432 0.8319
2 3.2748 -9.9164
2 3.2748 -9.9164
9 4.4350 -5.4549
6 8.1179 6.3443
2 2.4696 2.2524
4 7.9401 3.5210
1 5.4080 -7.6423
5 3.0243 0.7215
8 -1.6588 3.7356
3 -7.4167 -2.4255
6 -3.9725 -0.6357
5 3.0243 0.7215
1 5.4080 -7.6423
9 -0.9981 -1.2074
1 5.4080 -7.6423
5 3.0243 0.7215
5 3.0243 0.7215
7 -3.4837 9.0802
4 2.0127 2.4374
5 3.0243 0.7215
5 3.0243 0.7215
5 3.0243 0.7215
4 2.1020 6.5776
5 3.0243 0.7215
3 2.0127 2.4374
4 10.2686 6.2006
5 3.0243 0.7215
8 -2.6525 -2.4254
8 3.2416 4.1242
10 -3.5069 -6.7264
5 -5.6584 7.7360
4 5.5627 5.5870
10 -5.6432 0.8319
7 -3.4837 9.0802
10 -3.6792 1.2394
7 7.0702 2.1404
10 -8.6864 4.3918
1 5.4080 -7.6423
1 5.4080 -7.6423
2 3.2748 -7.4424
5 3.0243 0.7215
7 -6.2130 3.2208
10 -5.6432 4.3918
5 3.4115 3.1952
7 -3.4837 9.0802
9 4.4350 -5.4549
5 5.8001 4.5180
7 3.4571 -3.6369
10 -5.6432 0.8319
1 5.4080 -7.6423
5 3.0243 0.7215
1 5.4080 -7.6423
8 7.5914 4.1242
1 5.4080 -7.6423
7 -3.4837 9.0802
6 -3.9725 -0.6357
6 -3.9725 -0.6357
3 -3.0977 -2.4218
9 4.4350 -5.4549
7 -3.4837 9.0802
6 -3.9725 -0.6357
4 7.8912 8.2666
1 5.4080 -7.6423
7 -3.4837 9.0802
1 5.4080 -7.6423
2 3.2748 -7.4424
2 5.4870 -7.4424
9 4.4350 -5.4549
3 5.2790 -5.2737
5 3.0243 0.7215
9 4.4350 -5.4549
7 -7.7361 9.2869
10 -8.6864 0.8319
10 -8.6864 0.8319
6 -3.9725 -0.6357
9 -3.7176 4.7642
5 3.0243 0.7215
2 5.4870 -9.9164
6 -3.9725 -0.6357
1 -5.2505 -4.3871
1 5.4080 -7.6423
