10 100
K -3.926783 6.003546 3.729035
Z 1 -3.926783 6.003546 -4.644788 6.699584
P -3.981707 2.081989 -0.104131 5.794266
P 7.793803 -2.491557 12.212082 -0.208150
Z 4 12.212082 -2.491557 13.194337 -2.679108
Z 4 12.212082 -0.208150 11.259838 -0.513486
Z 3 -4.261774 6.911671 -6.304280 1.118798
K -7.255269 -3.825667 3.170618
Z 6 -5.746234 8.507765 -5.223575 5.514794
P 0.162149 -4.200773 3.170856 -1.018111
7 -3.9817 2.0820
9 -15.4352 -6.9777
8 -7.2553 -3.8257
8 -7.2553 -3.8257
8 -9.7700 7.2700
6 12.2121 -0.2081
2 -3.9268 6.0035
5 12.2121 -2.4916
4 7.7938 -2.4916
2 7.9134 5.3728
9 1.5141 -1.1295
8 -7.2553 -3.8257
1 -3.9268 6.0035
7 3.9622 -1.3628
5 7.7938 -0.2081
5 8.7108 -5.5750
7 1.6824 -0.6664
4 12.2121 -2.4916
7 9.4684 1.5117
7 1.4714 -4.8586
6 9.1668 1.5802
4 2.1974 -4.1599
5 7.7938 -2.4916
5 7.2633 -2.9864
4 12.2121 -2.4916
9 7.7938 -2.4916
9 -14.8155 -4.7800
9 2.4361 -6.4842
3 -0.1041 2.0820
2 -9.0516 -7.5358
7 -8.2008 8.6491
2 -3.9268 6.0035
5 -5.8941 1.6989
6 7.2898 -0.9198
4 7.7938 -2.4916
3 1.8257 -5.2859
1 -3.9268 6.0035
9 0.0261 5.6384
2 7.7787 -6.1373
5 12.2121 -0.2081
6 12.2121 -0.2081
7 3.2697 -2.5045
1 9.5677 -8.2311
2 9.4189 -3.9993
10 3.1709 -1.0181
6 12.2121 -0.2081
2 -3.9268 6.0035
3 -0.1041 2.0820
9 -18.9138 -7.9270
8 -7.2553 -3.8257
9 2.4531 -9.1921
3 -3.9817 5.7943
8 -7.2553 -3.8257
7 8.9352 -4.4734
9 -14.7570 -6.4296
1 -3.9268 6.0035
6 -3.4320 7.4360
3 -3.9817 5.7943
7 -5.1807 6.2170
1 -1.8700 -9.8572
3 1.2814 -5.8430
8 -7.2553 -3.8257
2 2.1821 -1.3206
4 7.7938 -2.4916
3 -3.9817 2.0820
4 12.2121 -2.4916
5 -0.6475 -6.7924
2 -3.9268 6.0035
7 -3.9817 2.0820
5 12.2121 -2.4916
4 12.2121 -2.4916
9 -19.0680 -3.5810
6 -0.0073 -3.7176
7 -8.2008 8.6491
7 -5.1807 6.2170
5 8.1046 -0.8637
1 -3.9268 6.0035
1 -3.9268 6.0035
3 -0.1041 5.7943
10 0.1621 -1.0181
3 -0.1041 2.0820
1 -3.9268 6.0035
2 -3.9268 6.0035
10 3.1709 -1.0181
8 -7.2553 -3.8257
5 6.3459 -0.8159
4 7.7938 -0.2081
8 -7.2553 -3.8257
6 12.2121 -0.2081
7 -0.1041 5.7943
8 -3.9652 -4.1027
6 8.6176 -2.7774
7 -1.1153 -1.5222
7 -0.5202 -6.4270
9 12.2121 -0.2081
9 -14.8155 -4.7800
6 12.2121 -0.2081
8 -7.2553 -3.8257
4 -2.0697 6.9685
5 -6.0034 -1.5620
