10 100
P -0.161325 3.944411 1.488669 5.352272
P 4.222113 8.227390 8.605893 10.163201
K 9.036434 -4.916753 3.658494
Z 3 6.957482 -1.906349 6.134628 -2.474602
P 3.798802 -6.464915 7.307621 -3.425325
Z 5 7.307621 -3.425325 6.309101 -3.370929
P -8.614888 -4.790037 -5.634216 -2.956545
Z 6 5.871475 -4.888677 -6.051480 -6.414196
K 4.693111 0.229482 4.989971
P 2.883257 -5.509375 7.882198 -2.462184
9 -8.756799 -1.768301
2 4.222113 8.227390
10 7.882198 -2.462184
10 7.882198 -2.462184
3 9.036434 -4.916753
8 8.661067 2.960903
10 2.883257 -5.509375
2 8.605893 8.227390
8 -9.432330 4.467005
5 -2.362996 3.788774
10 4.945980 8.867077
8 7.307621 -6.464915
10 2.883257 -2.462184
7 -5.634216 -4.790037
6 7.307621 -3.425325
3 -6.318589 -3.051903
10 7.882198 -2.462184
5 3.798802 -6.464915
2 0.793173 -6.817854
3 9.036434 -4.916753
7 0.956366 6.557694
8 -8.661218 5.950823
2 4.222113 10.163201
10 2.883257 -5.509375
10 -6.334328 -6.651739
7 4.976563 -0.845505
4 9.036434 -4.916753
10 7.882198 -2.462184
9 3.806945 -3.540645
9 -4.890299 0.129683
1 1.488669 5.352272
9 4.693111 0.229482
7 -5.634216 -2.956545
5 7.307621 -3.425325
5 7.307621 -3.425325
7 -8.342081 6.503438
2 8.605893 10.163201
10 2.883257 -2.462184
6 7.307621 -6.464915
8 7.030161 3.388113
1 1.488669 3.944411
5 3.798802 -6.464915
9 4.693111 0.229482
10 7.882198 -5.509375
2 8.605893 10.163201
7 -4.765346 4.076326
2 8.605893 8.227390
7 -5.250272 -5.197626
2 -9.491830 -6.483424
2 1.749469 4.399165
4 9.036434 -4.916753
10 5.594541 -3.139979
8 1.330944 -9.472634
8 5.430385 -10.031522
6 7.307621 -3.425325
4 9.036434 -4.916753
1 1.488669 3.944411
2 6.307314 -8.718344
3 9.036434 -4.916753
10 7.978394 0.613078
3 9.036434 -4.916753
2 4.222113 8.227390
5 -6.470627 -0.168466
7 -8.614888 -2.956545
4 4.878530 1.104056
3 9.036434 -4.916753
8 -6.955764 9.802728
7 -8.407146 3.986278
6 0.209972 0.653384
8 6.864500 -3.001631
1 1.488669 5.352272
9 4.693111 0.229482
4 4.878530 1.104056
6 3.676379 2.776001
10 7.882198 -2.462184
3 2.825481 8.463748
8 -4.677622 7.278913
4 4.878530 1.104056
10 2.187610 6.260741
9 -5.467407 -8.537608
3 9.036434 -4.916753
8 4.149757 -0.022559
2 1.800161 -0.074705
10 2.883257 -2.462184
10 2.883257 -5.509375
3 9.036434 -4.916753
6 3.168950 3.057651
9 -3.786308 4.580169
3 -7.538282 -1.236808
3 9.036434 -4.916753
1 -9.377326 -3.329775
6 4.149757 -0.022559
1 -4.889616 4.575951
2 4.838010 1.106800
2 -4.335980 -5.665338
2 -2.851988 4.033411
2 4.222113 10.163201
2 8.605893 8.227390
4 -9.916180 -8.619679
4 4.878530 1.104056
