10 100
P -8.188660 3.770379 -6.856864 5.364680
Z 1 5.183467 0.466490 -0.402998 9.599163
P 8.383791 0.562619 12.667564 2.549436
P 9.057332 -2.534937 12.168038 -0.264256
K 3.060944 -6.537145 4.407066
P 8.237904 2.533160 9.651747 4.772769
Z 3 12.667564 2.549436 13.206573 3.391737
P 9.851560 6.844397 12.472894 10.839623
Z 3 5.803097 8.308196 1.863786 -8.150194
Z 3 2.773231 0.530089 -4.065074 -4.341526
9 -1.1962 4.9859
3 8.3838 2.5494
6 9.6517 2.5332
5 0.7494 -5.9070
5 3.0609 -6.5371
6 -5.1535 6.8366
4 9.0573 -0.2643
4 12.1680 -0.2643
2 -6.8569 3.7704
3 12.6676 2.5494
6 8.2379 4.7728
9 -3.8244 4.5100
6 -1.5923 6.8930
4 9.0573 -0.2643
4 -6.5603 -2.0365
5 0.2887 8.7545
3 8.3838 0.5626
2 -8.1887 3.7704
10 6.5147 5.1731
10 8.3838 2.5494
7 12.6676 2.5494
2 6.3061 13.4165
7 14.4622 -1.3403
2 -6.8569 5.3647
7 12.6676 2.5494
7 10.8635 1.7171
8 12.4729 10.8396
5 -5.4919 3.8224
8 9.8516 10.8396
2 -8.1887 3.7704
6 9.6517 4.7728
2 7.7254 12.6904
5 3.0609 -6.5371
10 12.6676 2.5494
7 12.6676 2.5494
3 8.3838 2.5494
10 8.3838 0.5626
2 -0.5156 4.4689
3 -2.5760 -7.3659
5 2.5638 -9.3287
6 9.6517 4.7728
3 8.3838 2.5494
3 8.3838 0.5626
10 6.5147 5.1731
1 -6.8569 3.7704
1 -7.7192 8.5561
1 -6.8569 5.3647
7 8.3838 2.5494
10 6.5147 5.1731
9 -3.8244 4.5100
5 -2.4004 -7.4884
4 12.1680 -2.5349
2 6.9126 14.6021
6 8.2379 2.5332
5 3.0609 -6.5371
8 12.4729 6.8444
4 12.1680 -2.5349
2 6.3061 13.4165
5 3.0609 -6.5371
10 12.6676 0.5626
9 12.6676 2.5494
1 -5.0678 -7.8471
8 12.4729 10.8396
8 4.2137 -8.7949
5 3.0609 -6.5371
6 8.2379 4.7728
3 8.3838 2.5494
8 12.4729 6.8444
3 -3.8996 -3.9046
2 6.9126 14.6021
7 8.2573 -9.6228
6 9.6517 4.7728
3 12.6676 0.5626
1 1.0472 8.7187
1 8.6932 2.6229
1 -8.1887 5.3647
7 12.6676 0.5626
9 -3.8244 4.5100
3 8.3838 2.5494
10 6.5147 5.1731
4 12.1680 -0.2643
1 -8.1887 3.7704
4 1.4267 -0.1222
4 9.0573 -2.5349
4 7.5858 5.6726
4 12.1680 -2.5349
1 -0.9544 -8.7401
10 4.2699 -2.3129
4 12.1680 -2.5349
10 -8.1618 3.5530
8 3.0220 6.3934
1 -6.8569 5.3647
6 9.6517 4.7728
6 8.2379 4.7728
7 0.9125 -7.2282
1 -9.8493 8.8385
9 0.8947 4.3419
1 -6.8569 5.3647
8 12.4729 6.8444
2 6.9126 14.6021
