10 100
P 9.350638 8.206156 11.099112 10.956144
Z 1 9.821980 -8.360475 -2.816285 8.920906
K -0.376943 -8.405829 2.282089
K 4.563289 -1.380674 4.722308
P 4.455736 1.849039 8.739558 4.190042
Z 4 4.563289 -1.380674 4.740278 -2.364887
Z 4 4.563289 -1.380674 3.737028 -1.943961
Z 2 3.250134 -9.400711 -6.885828 2.205308
K 5.321082 2.433781 4.550507
P -4.208162 1.680525 0.550316 4.614650
6 9.3719 4.4013
7 7.6222 8.9218
8 -8.4433 -2.0569
2 -6.6726 3.9735
2 -8.9732 -3.7232
7 4.5633 -1.3807
7 4.5633 -1.3807
6 4.5633 -1.3807
9 5.3211 2.4338
6 1.6310 6.5245
9 5.3211 2.4338
3 -7.0843 1.5775
3 -0.3769 -8.4058
5 4.4557 4.1900
1 11.0991 8.2062
2 9.3506 10.9561
3 -2.4872 -1.7919
2 -0.3483 3.7138
6 4.5633 -1.3807
1 9.3506 8.2062
7 4.5633 -1.3807
4 4.5633 -1.3807
2 -5.8226 -2.8904
5 4.4557 1.8490
6 4.5633 -1.3807
7 4.5633 -1.3807
3 -0.3769 -8.4058
10 -4.2082 1.6805
4 4.5633 -1.3807
5 7.5755 -3.7677
10 5.9132 2.9334
2 -7.4038 -8.1930
3 -0.3769 -8.4058
7 4.5633 -1.3807
3 5.7543 -3.1303
3 -0.3769 -8.4058
10 0.5503 1.6805
6 4.5633 -1.3807
1 11.0991 8.2062
8 -1.9796 0.4658
9 5.3211 2.4338
6 4.5633 -1.3807
4 4.5633 -1.3807
2 -8.5980 8.5792
9 5.3211 2.4338
1 9.3506 8.2062
3 -0.3769 -8.4058
5 8.7396 4.1900
5 -8.2649 4.0936
3 -0.3769 -8.4058
1 9.3506 8.2062
7 -9.0564 -9.4018
4 9.6076 9.4991
4 -4.6697 -2.8342
6 4.5633 -1.3807
10 0.5503 1.6805
8 -17.7426 -12.7054
4 2.2779 -2.7442
7 4.5633 -1.3807
9 8.6439 -5.8084
6 4.5633 -1.3807
1 11.0991 8.2062
7 -7.9728 7.1353
6 6.7988 4.2137
9 -8.5980 6.8641
1 9.3506 8.2062
6 3.0904 8.8876
6 0.2798 -9.7532
1 9.3506 8.2062
10 -4.3463 -5.2449
5 8.7396 1.8490
10 -4.2082 1.6805
4 4.5633 -1.3807
5 4.4557 1.8490
3 -0.3769 -8.4058
10 -4.2082 4.6146
5 4.4557 4.1900
7 4.5633 -1.3807
5 8.7396 1.8490
6 6.9725 1.5385
4 4.5633 -1.3807
9 5.3211 2.4338
6 -2.8604 -7.2470
1 3.9345 -6.3478
1 -8.5046 -9.3451
2 -8.4433 -2.0569
1 9.3506 10.9561
3 -0.3769 -8.4058
1 -3.7770 -4.3064
2 9.3506 10.9561
8 9.3506 8.2062
1 9.3506 8.2062
8 -17.7426 -12.7054
10 -9.5637 0.1410
10 -4.2082 4.6146
2 -6.3525 -4.5566
4 4.5633 -1.3807
6 -4.8022 5.6566
5 -4.2113 -1.0019
10 -4.9059 4.0267
