10 100
P 5.394884 -0.407750 9.698470 1.305998
Z 1 7.169178 1.355775 -1.643961 4.937046
Z 2 -6.725948 -2.191993 -4.482505 7.968147
Z 1 -5.990765 -0.650229 -4.864975 9.852615
Z 1 5.394884 1.305998 6.060855 2.051975
Z 3 -0.851201 1.195528 9.062051 7.348210
Z 1 0.548213 -3.207494 -4.632786 -6.913385
P -7.101801 -4.915338 -4.796913 -1.961533
P 5.774152 -2.256734 9.808334 0.496312
Z 6 5.291362 4.270595 -3.071080 -7.804606
10 0.875525 2.722043
3 -16.246839 6.084671
4 9.256784 -0.928435
9 9.808334 0.496312
1 9.698470 1.305998
1 5.394884 1.305998
8 -4.796913 -4.915338
4 9.698470 1.305998
9 2.492165 7.021361
6 2.394290 11.360805
4 -17.066363 1.999849
1 -6.811744 -8.542368
5 4.908734 5.582037
7 -6.144463 -5.716407
9 -0.109388 -2.052518
7 9.438249 -1.047797
6 2.019962 6.743699
6 -5.124675 -19.029635
7 -5.680392 -9.036698
6 -3.485128 3.618505
7 5.394884 1.305998
4 -17.066363 1.999849
10 3.529213 4.293433
4 9.698470 1.305998
7 -5.116284 -2.978348
3 -3.446501 -2.465295
10 -6.990879 8.608053
3 3.404782 0.392398
4 0.832000 -7.552718
8 -7.101801 -4.915338
1 6.939798 4.354928
4 -17.066363 1.999849
8 -0.091087 3.708423
4 -16.703146 3.674664
8 -1.609080 -7.967246
5 -4.118772 3.532018
3 -16.246839 6.084671
7 7.775863 3.993887
3 -20.805596 7.704043
1 9.698470 -0.407750
4 -6.938753 -7.459819
8 9.748994 -7.621942
5 9.698470 1.305998
6 0.836686 -2.743053
9 9.808334 -2.256734
10 3.444201 6.638271
5 -9.433908 1.592557
5 0.646842 -8.753083
8 -4.796913 -1.961533
3 -3.538028 -2.056799
9 -1.276465 -1.532163
8 -4.796913 -1.961533
10 5.075168 7.164466
10 12.947503 4.052385
8 -7.101801 -1.961533
1 9.698470 1.305998
6 -5.124675 -19.029635
9 3.573857 -4.327705
4 -20.908963 4.586779
3 -16.246839 6.084671
9 -6.457267 2.898488
3 9.698470 -0.407750
8 -4.796913 -1.961533
10 -2.360653 7.361832
4 -21.272180 2.911964
4 -20.908963 4.586779
7 4.763645 0.474750
10 12.947503 4.052385
8 -7.101801 -1.961533
8 -4.796913 -1.961533
5 3.692105 1.112406
4 -21.272180 2.911964
6 -20.871916 6.342446
5 7.011186 2.877029
1 5.394884 1.305998
10 3.028560 -3.668217
8 -4.796913 -4.915338
1 5.394884 -0.407750
5 7.861795 -4.980814
4 -17.066363 1.999849
2 5.394884 -0.407750
6 8.292605 -5.413366
6 -1.434918 -4.695775
1 9.698470 1.305998
9 9.808334 0.496312
8 -6.850252 -8.139136
2 10.211666 0.855173
7 7.775863 3.993887
5 5.394884 1.305998
5 5.638165 7.134015
4 5.394884 -0.407750
3 7.127916 3.857061
10 2.843891 -1.362528
7 7.775863 3.993887
5 3.692105 1.112406
1 9.698470 -0.407750
5 5.394884 1.305998
9 9.808334 -2.256734
4 9.698470 1.305998
4 7.396206 -9.053185
