10 100
P 7.614029 -5.557692 11.203332 -1.249326
K -0.475175 -3.156216 4.146974
Z 2 -9.642106 7.104723 -1.015905 -3.564971
Z 3 -1.528853 -4.008091 -0.989518 -4.850182
P -3.786668 5.978155 -2.582066 10.187831
K -7.161461 -3.622443 1.801758
K 3.777744 -2.057744 4.632465
Z 2 -4.597870 -2.708129 -4.705922 -3.702275
K 3.521578 4.070791 1.268564
P -6.315534 -0.489356 -4.353008 2.960327
6 1.848842 8.985139
1 1.411633 1.519966
7 3.777744 -2.057744
8 6.253183 -1.907345
10 -7.496907 6.026554
7 3.777744 -2.057744
6 -7.161461 -3.622443
1 3.074682 5.852186
10 -4.353008 2.960327
4 9.499011 1.499466
1 4.644792 -2.301418
7 1.477823 -1.488628
1 7.614029 -1.249326
7 3.777744 -2.057744
2 -0.475175 -3.156216
5 -9.334075 -6.996066
6 -7.161461 -3.622443
4 7.380684 5.958069
8 -0.475175 -3.156216
4 -1.528853 -4.008091
1 7.614029 -1.249326
9 3.521578 4.070791
2 6.104682 5.641497
1 7.614029 -5.557692
8 -0.475175 -3.156216
5 1.433653 -2.878776
1 11.203332 -5.557692
5 -0.653012 -3.983558
10 8.056942 -4.409764
2 -7.366972 3.744507
3 -0.475175 -3.156216
6 -7.161461 -3.622443
1 -5.489073 -5.439881
4 -1.528853 -4.008091
8 -0.475175 -3.156216
9 3.521578 4.070791
8 -0.475175 -3.156216
5 -2.582066 10.187831
2 2.472466 1.861963
3 -1.528853 -4.008091
10 -4.353008 -0.489356
6 -7.161461 -3.622443
9 -0.643417 -5.610238
5 -2.582066 10.187831
2 -0.475175 -3.156216
7 3.777744 -2.057744
7 -0.598443 0.114016
3 -1.528853 -4.008091
5 -3.786668 5.978155
7 3.777744 -2.057744
9 3.521578 4.070791
7 9.376342 -1.936789
2 -2.084459 4.440012
8 -8.720565 -2.260042
8 -5.949297 3.585614
2 -0.475175 -3.156216
1 -2.853124 -9.207633
6 -2.086845 0.501537
4 -1.528853 -4.008091
1 -3.539196 3.888183
8 -0.475175 -3.156216
6 -7.161461 -3.622443
10 -6.315534 2.960327
2 -0.475175 -3.156216
3 -1.528853 -4.008091
6 -2.495739 -3.831579
9 3.521578 4.070791
1 -8.351791 2.717982
10 -8.983534 6.358851
4 -2.743328 -4.608904
3 1.720177 7.701759
6 -7.161461 -3.622443
2 -8.567478 -8.724047
3 -5.452887 0.598350
1 11.203332 -1.249326
4 -1.528853 -4.008091
3 -0.475175 -3.156216
7 3.777744 -2.057744
2 -0.475175 -3.156216
4 -1.528853 -4.008091
6 -7.161461 -3.622443
10 0.222423 4.992002
6 -7.161461 -3.622443
4 -2.743328 -4.608904
9 7.620977 9.436434
4 -2.743328 -4.608904
9 3.521578 4.070791
2 9.011558 6.818961
3 2.857513 -9.160140
2 -0.475175 -3.156216
6 -7.161461 -3.622443
9 -4.226513 6.632492
9 3.521578 4.070791
9 -4.372047 8.945863
9 9.543525 -3.212962
4 -1.528853 -4.008091
8 -0.475175 -3.156216
9 3.521578 4.070791
3 -1.528853 -4.008091
5 -0.455869 6.831104
