10 100
P -7.523913 -7.752617 -3.737990 -4.515922
K 8.795614 -0.139949 3.277761
Z 1 -0.275659 -3.698599 6.214322 2.481084
P -7.978343 5.289925 -5.980639 7.852553
K 4.193520 5.130429 1.855011
P -8.761802 8.910197 -5.727234 13.228552
Z 6 -5.727234 8.910197 -6.661875 8.554605
K -0.128359 2.044598 1.218955
P -1.650886 -3.520679 2.317952 -0.866236
K -1.155754 -2.467198 3.185202
10 -1.155754 -2.467198
10 -4.064066 8.470280
2 8.795614 -0.139949
6 -1.919098 -2.030033
1 -7.523913 -4.515922
2 8.795614 -0.139949
7 -5.329256 9.436784
6 -8.761802 13.228552
2 -2.038722 -2.672157
2 8.795614 -0.139949
10 -3.586089 9.852626
4 -6.987854 6.583631
6 -8.761802 13.228552
2 8.795614 -0.139949
2 8.795614 -0.139949
5 -3.359469 8.992191
10 4.884124 3.379838
4 2.022200 -0.057057
4 -5.980639 7.852553
7 -5.727234 8.910197
4 -5.980639 5.289925
6 -8.761802 8.910197
6 -8.761802 13.228552
7 6.789196 -7.575977
10 -1.155754 -2.467198
5 -6.260423 -1.773388
4 -5.980639 5.289925
10 -1.155754 -2.467198
9 6.010538 2.184889
1 -4.869197 2.505054
1 -5.208332 3.250761
9 -1.650886 -0.866236
3 -6.999902 2.004421
3 -7.190114 -5.839573
9 2.738714 6.001403
9 2.317952 -0.866236
10 -1.155754 -2.467198
1 4.358232 6.823256
5 4.193520 5.130429
5 4.193520 5.130429
7 -8.761802 13.228552
2 -3.352643 -3.974585
10 -1.155754 -2.467198
9 2.317952 -3.520679
6 4.677917 -7.798906
10 -1.155754 -2.467198
10 -1.155754 -2.467198
8 -4.706562 -3.038582
9 -1.650886 -0.866236
9 2.317952 -0.866236
4 -7.978343 7.852553
1 1.907646 -9.900313
10 -8.047374 -4.606735
10 -1.155754 -2.467198
7 7.706657 5.114414
7 -8.761802 13.228552
3 -2.563354 1.707406
7 -5.727234 8.910197
2 8.795614 -0.139949
8 -2.093498 -1.504420
8 -0.128359 2.044598
4 -5.980639 5.289925
8 2.035347 2.698402
7 5.616416 -3.180513
6 -8.761802 13.228552
8 -0.128359 2.044598
8 -0.128359 2.044598
1 -0.211531 8.244469
1 6.556884 -2.271841
1 -7.523913 -7.752617
6 -5.727234 13.228552
10 -1.155754 -2.467198
5 4.193520 5.130429
9 -1.650886 -3.520679
3 -1.446831 -10.898151
6 -2.286606 -0.251546
1 7.292191 2.752020
7 1.041136 -8.707739
8 -0.128359 2.044598
7 -3.657434 7.411037
9 -7.452558 5.926116
8 -2.906151 6.480017
3 4.034686 3.611954
9 -1.650886 -0.866236
8 -0.128359 2.044598
6 -5.727234 8.910197
7 -5.123969 3.666832
10 -1.155754 -2.467198
5 4.193520 5.130429
2 -9.975644 -3.634807
3 -8.824255 9.773666
6 -8.761802 13.228552
2 -1.064046 -0.364279
9 2.317952 -0.866236
3 -4.679645 -10.739704
5 4.193520 5.130429
3 -1.446831 -10.898151
10 3.268125 5.435875
9 2.317952 -0.866236
2 -5.573576 5.177441
