10 100
P -9.982070 -6.596528 -5.022450 -4.752057
K -6.881507 8.501663 3.474281
Z 1 -7.038790 -2.331479 -2.858047 -4.864545
P 3.323034 -6.662564 7.631055 -2.798472
P -1.363965 7.785561 -0.185639 12.338058
Z 4 7.631055 -6.662564 7.481429 -7.651307
K -3.743413 7.600935 1.472053
Z 5 -5.630585 0.147257 1.671162 -7.926498
P 5.042375 -4.334743 9.185509 0.609237
K -7.647921 1.380197 3.041708
3 -3.959763 -2.998128
1 -5.022450 -4.752057
9 9.185509 0.609237
10 -7.647921 1.380197
6 3.323034 -2.798472
9 4.744758 -8.143179
1 9.015151 9.896478
5 -1.363965 12.338058
10 4.072931 3.636377
7 7.328532 -6.105619
5 -1.363965 7.785561
7 7.405422 -7.658183
7 1.107146 -6.152522
8 -13.657851 -3.332790
10 -7.647921 1.380197
4 1.080691 -1.215189
5 -1.363965 12.338058
4 7.631055 -6.662564
2 8.435229 0.306503
2 1.815579 -2.450850
5 5.649434 -1.544102
1 -5.022450 -6.596528
2 6.357519 2.084706
8 -1.363965 12.338058
2 0.622746 -4.338111
9 5.042375 0.609237
7 6.176973 -3.282002
3 -0.835672 -8.785010
8 -18.187452 -2.876775
6 8.774374 -2.971490
8 -1.363965 12.338058
6 -9.244138 5.962039
5 9.021476 -3.644592
6 8.774374 -2.971490
1 6.551421 -9.256186
3 -3.959763 -2.998128
7 -3.743413 7.600935
1 -9.982070 -4.752057
3 -5.022450 -6.596528
5 -7.292735 1.130742
10 -7.647921 1.380197
7 -3.743413 7.600935
7 -3.743413 7.600935
9 9.185509 0.609237
5 -4.540420 6.026328
7 -3.743413 7.600935
2 -6.881507 8.501663
10 -7.647921 1.380197
7 -3.743413 7.600935
10 -1.637748 -2.127629
7 -3.743413 7.600935
7 -6.666155 -0.659469
9 9.185509 -4.334743
2 -6.881507 8.501663
4 7.631055 -6.662564
9 5.042375 0.609237
5 -0.185639 12.338058
5 -1.363965 12.338058
1 -5.022450 -4.752057
10 -7.647921 1.380197
2 -9.124853 -4.253660
5 -4.798680 -6.000957
5 -1.363965 7.785561
8 -6.042766 5.807668
7 -3.743413 7.600935
7 2.621381 1.619342
7 -2.514188 0.514089
7 -3.743413 7.600935
10 -7.647921 1.380197
8 -1.363965 12.338058
1 -0.083300 6.216036
9 8.431598 2.695421
10 -7.647921 1.380197
9 5.042375 -4.334743
7 -3.743413 7.600935
8 -18.305482 -4.049175
9 9.185509 0.609237
10 -3.006201 1.055634
7 7.698814 1.290340
8 9.374927 8.524816
9 3.807261 -0.675607
4 -9.426904 -3.361891
4 7.631055 -6.662564
5 -1.363965 7.785561
8 -1.363965 12.338058
4 7.631055 -6.662564
7 -3.743413 7.600935
10 -1.536096 -2.111768
10 4.700928 1.601674
4 7.631055 -6.662564
8 -1.363965 12.338058
3 -4.165319 -8.109975
7 -3.743413 7.600935
8 -18.187452 -2.876775
1 -5.022450 -4.752057
4 3.323034 -2.798472
4 7.631055 -2.798472
8 2.292018 -5.608139
9 9.617706 2.205962
5 -1.363965 7.785561
