10 100
K -0.998911 4.164937 3.873300
P 8.757472 -7.730863 11.868208 -2.741489
P 8.163684 0.487501 12.383498 5.048298
Z 1 -2.883239 7.548982 -3.756924 7.062490
K 9.934374 -0.097764 3.502955
P 8.283591 6.080426 11.946482 10.132463
Z 4 5.732562 2.795714 0.400506 -0.188654
Z 5 4.155691 4.221274 -8.759518 -0.342075
K 0.671265 4.157839 3.751848
K -6.338408 7.375170 3.116013
5 9.934374 -0.097764
2 11.868208 -7.730863
8 9.934374 -0.097764
7 3.379649 -3.658068
6 11.946482 6.080426
8 9.934374 -0.097764
4 -4.767567 10.933027
6 8.283591 10.132463
1 2.821401 -5.613753
5 9.934374 -0.097764
7 -4.767567 10.933027
3 12.383498 5.048298
1 -0.998911 4.164937
3 12.383498 5.048298
2 11.868208 -7.730863
3 5.327811 -6.296075
1 -0.998911 4.164937
4 -4.767567 10.933027
5 5.941390 -4.058938
2 8.757472 -7.730863
9 0.671265 4.157839
8 5.938296 11.211952
3 12.383498 0.487501
7 7.177949 -10.409567
6 -3.451320 9.369357
4 -6.559168 7.771523
10 -6.338408 7.375170
5 9.934374 -0.097764
2 8.757472 -7.730863
2 11.868208 -2.741489
4 7.819745 -0.730053
3 -1.778535 -4.563300
4 -0.998911 4.164937
9 0.671265 4.157839
3 12.383498 0.487501
6 -3.741906 7.094807
6 11.946482 6.080426
9 0.671265 4.157839
8 5.938296 11.211952
5 3.963011 -2.010082
1 9.635686 -5.019832
5 9.934374 -0.097764
5 9.934374 -0.097764
3 8.163684 5.048298
10 -6.338408 7.375170
3 12.383498 5.048298
10 9.966409 2.005780
6 11.946482 6.080426
3 12.383498 0.487501
7 7.177949 -10.409567
7 -4.767567 10.933027
1 -0.998911 4.164937
1 -0.998911 4.164937
8 5.938296 11.211952
8 5.131902 2.680171
8 5.938296 11.211952
10 5.354656 -4.188237
7 7.177949 -10.409567
7 -3.405930 0.579222
4 -4.767567 10.933027
7 -0.998911 4.164937
8 9.934374 -0.097764
1 8.844510 2.630658
1 -0.998911 4.164937
9 5.995420 -8.472515
6 11.946482 6.080426
6 0.528124 9.327667
6 11.946482 10.132463
7 3.379649 -3.658068
7 3.379649 -3.658068
5 9.934374 -0.097764
1 4.662876 5.417213
1 -0.998911 4.164937
8 -6.635718 7.812191
1 -5.531243 7.382898
2 8.757472 -7.730863
8 5.938296 11.211952
5 -1.339271 -6.950769
8 6.162001 8.929536
1 -2.444077 -4.626287
9 0.671265 4.157839
5 9.934374 -0.097764
5 9.934374 -0.097764
1 -4.018524 -7.707893
9 0.671265 4.157839
6 8.283591 10.132463
10 5.410358 -1.946137
4 -4.767567 10.933027
2 11.868208 -7.730863
9 0.671265 4.157839
2 8.757472 -7.730863
1 -0.998911 4.164937
1 -0.998911 4.164937
1 -4.621331 1.051254
7 5.400804 -4.225733
4 -0.998911 4.164937
4 6.926789 -4.878139
6 -0.606134 8.260858
6 8.283591 10.132463
2 8.757472 -2.741489
