10 100
K 7.583200 -0.597921 3.172852
K 5.365640 -1.832987 1.486465
Z 2 5.365640 -1.832987 5.544262 -0.849069
K -1.290214 5.746644 2.854520
P -1.672426 -5.652695 2.754394 -0.837277
K 1.814607 8.980493 1.392183
K 6.225474 -2.825594 3.432602
P -7.211736 -2.471463 -5.361692 -1.018778
K -0.495887 0.755294 4.236864
Z 9 -1.007890 4.961107 -2.000561 4.840263
2 5.3656 -1.8330
7 6.4403 9.9335
5 -9.4192 9.6348
7 6.2255 -2.8256
6 9.4703 -2.0098
1 -4.7093 8.9678
1 7.5832 -0.5979
6 1.8146 8.9805
5 -1.6724 -5.6527
9 7.9068 -3.4945
8 -5.3617 -1.0188
7 6.2255 -2.8256
10 8.4919 -0.9641
8 5.4148 4.0310
8 -7.2117 -2.4715
2 5.3656 -1.8330
2 5.3656 -1.8330
7 -0.8669 6.7920
8 -5.3617 -1.0188
8 -5.3617 -1.0188
8 -9.4584 -2.7818
5 -1.6724 -0.8373
6 1.8146 8.9805
6 1.8146 8.9805
1 7.5832 -0.5979
8 -5.3617 -2.4715
7 6.2676 -0.8681
6 1.8146 8.9805
5 2.7544 -5.6527
4 8.0406 -4.2704
8 -5.3617 -2.4715
4 -8.9349 -4.8628
2 7.9355 -8.9043
7 -5.0257 -2.2829
3 -1.5209 -8.6545
4 -1.2902 5.7466
3 5.3656 -1.8330
3 5.3656 -1.8330
3 -5.6306 1.3140
1 7.5832 -0.5979
9 -9.5259 -7.7134
1 7.5832 -0.5979
3 5.3656 -1.8330
5 2.7544 -0.8373
7 6.2255 -2.8256
6 1.8146 8.9805
2 -7.1829 -2.1215
4 -5.0214 5.9850
3 5.3656 -1.8330
4 -1.2902 5.7466
4 6.0964 -7.7665
8 -5.3617 -2.4715
5 -1.6724 -0.8373
2 5.3656 -1.8330
3 5.3656 -1.8330
5 6.2200 -5.4911
10 -0.6781 5.6713
7 6.2255 -2.8256
5 -8.3108 6.9056
8 -0.7293 -2.2576
7 6.2255 -2.8256
10 -1.5199 9.1669
3 -4.0906 -6.1809
8 -7.2117 -2.4715
9 8.2579 1.4028
5 -1.6724 -5.6527
8 2.9898 9.1794
7 6.2255 -2.8256
9 5.4252 1.3782
8 -5.3617 -1.0188
6 1.8146 8.9805
6 6.2299 -7.6006
7 6.2255 -2.8256
2 -9.6324 5.3280
2 5.3656 -1.8330
10 -1.5199 9.1669
1 7.5832 -0.5979
10 -0.4959 0.7553
8 6.0334 -6.6587
3 -0.8715 -2.5320
3 5.3656 -1.8330
4 -0.9027 -0.1846
7 6.2255 -2.8256
6 1.8146 8.9805
9 2.3452 -5.3472
10 -6.6949 9.9385
8 5.7958 3.6873
3 5.3656 -1.8330
7 6.2255 -2.8256
7 6.2255 -2.8256
7 9.3179 -8.6788
9 -0.4959 0.7553
3 9.3041 -6.3529
10 1.1000 2.2109
9 8.5915 3.1419
1 9.7030 5.0669
1 -9.4306 3.2154
3 5.3656 -1.8330
5 -1.6724 -5.6527
2 5.3656 -1.8330
