10 100
P -4.370567 -9.411115 -3.209414 -4.580887
Z 1 0.017901 -7.675659 -8.443559 6.392515
Z 1 0.900718 -8.265638 7.426989 8.276865
K -7.899146 3.564339 2.369735
K -6.764188 -1.693146 2.993847
K 4.358075 1.631689 3.829074
K -7.158219 5.409142 1.834669
K -9.907555 -8.680229 4.980655
Z 5 3.631373 7.612809 2.872899 -6.406709
Z 6 -7.776917 -6.668583 -2.730737 -2.287263
2 8.647073 -0.345459
3 7.267939 -9.172457
10 2.144332 4.181364
9 -5.267011 4.402622
8 -9.907555 -8.680229
3 1.523114 4.229136
5 3.827529 3.523468
2 -3.209414 -4.580887
6 4.358075 1.631689
6 4.358075 1.631689
1 5.029566 -6.568232
8 -9.907555 -8.680229
7 -7.158219 5.409142
6 0.895515 4.060717
5 -6.764188 -1.693146
4 -7.899146 3.564339
8 -9.907555 -8.680229
10 2.144332 4.181364
6 4.358075 1.631689
1 1.687282 5.959776
6 4.358075 1.631689
5 -8.015388 -7.968268
8 -9.907555 -8.680229
4 -7.899146 3.564339
5 -6.764188 -1.693146
9 12.962268 -2.760372
1 -4.370567 -4.580887
4 -7.899146 3.564339
3 -4.370567 -4.580887
2 2.954751 -3.827086
1 -3.209414 -9.411115
8 -9.907555 -8.680229
1 1.390969 2.226051
1 -3.209414 -4.580887
1 -8.571185 7.101334
2 1.069582 -0.569183
10 2.144332 4.181364
6 4.358075 1.631689
9 -6.764188 -1.693146
1 -4.370567 -9.411115
3 -4.370567 -9.411115
6 1.410238 6.614508
7 -7.158219 5.409142
3 -3.209414 -4.580887
10 2.144332 4.181364
10 3.486932 1.296673
4 6.079319 -6.285721
5 3.633335 -7.858508
10 -2.318555 7.264230
1 -3.209414 -9.411115
6 4.358075 1.631689
2 3.757175 -3.202337
2 -9.715353 7.150162
8 -9.907555 -8.680229
2 -3.209414 -9.411115
3 6.419555 -8.379664
3 3.970034 -12.701610
3 -4.370567 -4.580887
10 2.144332 4.181364
8 -9.907555 -8.680229
1 9.172744 -1.486875
1 -3.209414 -9.411115
1 -3.209414 -4.580887
7 -7.158219 5.409142
5 -6.764188 -1.693146
2 -0.981733 -2.259004
4 -0.582530 -3.644144
10 2.144332 4.181364
10 2.144332 4.181364
5 3.295300 -1.615187
2 -5.876241 -7.313708
1 -4.370567 -4.580887
6 4.358075 1.631689
4 2.419397 -3.324404
4 -7.899146 3.564339
1 -3.209414 -4.580887
4 -0.026087 -9.718842
7 -7.158219 5.409142
5 -6.764188 -1.693146
1 -9.504805 2.341072
3 7.970059 -5.989091
6 -2.109629 3.809896
6 4.358075 1.631689
3 3.121651 -11.908817
5 -3.866004 9.756446
3 7.267939 -9.172457
1 -6.618161 -1.307782
8 -9.907555 -8.680229
4 -4.544203 8.474885
5 -6.764188 -1.693146
3 -4.370567 -9.411115
7 -7.158219 5.409142
10 -8.302600 -4.347725
9 0.870116 -6.178128
3 5.560698 -4.758422
2 -4.370567 -4.580887
9 -6.764188 -1.693146
5 -6.764188 -1.693146
1 -4.370567 -9.411115
1 -3.209414 -9.411115
