10 100
P 8.260495 -3.728381 10.385481 -1.560728
P -0.835518 -2.694377 2.511801 0.123027
K -4.971082 8.981681 2.469152
P -6.740437 3.518395 -4.017332 7.210354
Z 4 4.902810 7.442334 9.305225 8.724853
Z 1 -7.079855 9.409194 -9.008896 -4.364669
P -4.908829 1.006596 -0.901268 2.269162
P -1.068601 -1.628630 1.061012 1.703945
Z 4 -6.740437 3.518395 -6.354943 2.595685
P 4.670922 8.573842 6.692228 12.395614
7 -0.9013 1.0066
10 6.6922 12.3956
10 4.6709 12.3956
7 -4.9088 1.0066
4 -6.7404 7.2104
3 -4.9711 8.9817
5 -5.0433 1.3849
5 -4.0173 7.2104
8 -8.8441 5.2539
1 8.2605 -3.7284
9 -6.7404 3.5184
2 -1.0295 -4.7706
6 -0.1705 -0.5735
8 -1.0686 -1.6286
2 2.5118 -2.6944
8 -2.2261 0.8142
10 4.5277 -9.7631
4 -6.7404 3.5184
9 -6.7404 7.2104
5 -5.0433 1.3849
3 -4.9711 8.9817
2 2.5118 -2.6944
9 0.8642 -9.3051
5 -4.7442 -9.1005
7 -0.9013 1.0066
3 -4.9711 8.9817
7 6.0419 -7.0587
10 4.6709 12.3956
1 10.3855 -3.7284
3 -4.9711 8.9817
6 9.9327 9.1347
1 10.3855 -3.7284
6 8.2605 -1.5607
1 10.3855 -1.5607
5 -5.8446 0.7134
2 2.5118 -2.6944
6 10.3855 -3.7284
10 6.6922 12.3956
5 -4.0173 3.5184
9 -7.1118 -0.3784
6 7.2140 4.5844
1 8.2605 -1.5607
4 -6.7404 7.2104
9 -6.7404 3.5184
7 6.3276 4.4778
8 5.7204 6.3674
6 8.2605 -3.7284
7 -2.6289 5.3788
5 -5.2973 -2.8500
1 10.3855 -1.5607
10 6.6922 8.5738
8 8.7593 -0.4299
6 4.6546 8.3011
3 -1.5202 -9.6831
7 -0.9013 1.0066
6 -24.8436 3.0755
10 6.6922 12.3956
7 0.9499 6.0719
3 -4.9711 8.9817
10 4.6709 12.3956
2 2.5118 -2.6944
6 8.2605 -1.5607
4 -6.7404 3.5184
1 10.3855 -1.5607
8 1.0610 1.7039
6 8.2605 -1.5607
5 -5.0433 1.3849
8 -3.8948 -6.4182
1 8.2605 -1.5607
10 4.6709 12.3956
10 -5.4884 -3.9602
7 2.2810 -3.6240
3 -4.9711 8.9817
2 6.2898 -2.1260
5 -2.7463 2.8473
6 -6.6260 0.6003
5 -6.7404 3.5184
10 6.6922 8.5738
3 -7.6583 1.5612
4 0.7279 9.2701
3 -8.4886 6.1326
5 -4.0173 7.2104
6 9.8579 7.3102
4 5.7363 -2.1390
4 3.7655 -1.8526
8 1.0610 1.7039
9 -2.8758 9.5243
1 10.3855 -1.5607
2 -0.8355 -2.6944
1 -6.7843 9.2293
9 -6.7404 3.5184
10 4.6709 8.5738
10 6.6922 12.3956
7 -0.9013 1.0066
6 0.6622 6.1839
7 -4.9088 2.2692
7 -4.9088 1.0066
6 10.3855 -1.5607
9 8.7230 9.1286
7 -0.9013 2.2692
