10 100
K 2.805885 -9.255337 4.808392
P 1.654908 -4.853092 6.252001 -2.539010
P -2.569624 5.546482 0.364491 8.230796
Z 1 2.805885 -9.255337 3.220715 -10.165236
Z 3 5.214572 7.248627 -5.528990 7.047404
P -2.551575 -5.325713 -0.680917 -2.179610
Z 6 -7.115887 -3.509901 2.951931 8.972102
K 2.273481 3.232879 2.928625
K 4.966251 -3.532470 3.141147
Z 5 -1.710147 1.861210 -9.421769 5.826320
6 -0.3402 -0.8939
2 6.2520 -2.5390
1 2.8059 -9.2553
9 4.4638 -6.9667
6 -0.6809 -5.3257
7 -5.0967 -6.9252
8 1.9935 6.5044
1 2.8059 -9.2553
1 2.8059 -9.2553
7 -2.5516 -2.1796
1 1.1528 6.6046
7 -10.2528 2.3948
8 2.2735 3.2329
5 3.9526 -9.1220
5 -2.6279 8.6581
9 -4.5154 -0.6430
6 9.7582 4.6885
7 -9.5542 2.1905
7 -0.6809 -5.3257
2 2.8150 4.9712
10 -2.6279 8.6581
9 4.9663 -3.5325
8 2.2735 3.2329
6 -0.6809 -5.3257
7 -4.9536 -9.5489
9 4.9663 -3.5325
4 2.8059 -9.2553
1 2.8059 -9.2553
2 1.6549 -2.5390
4 2.8059 -9.2553
6 -0.6809 -5.3257
3 -2.5696 5.5465
1 2.8059 -9.2553
8 2.2735 3.2329
7 8.7264 -7.0429
1 -8.2384 3.9356
9 4.9663 -3.5325
3 8.1049 -3.3018
2 9.6588 -4.4738
4 2.8059 -9.2553
3 -2.5696 5.5465
7 -7.1780 3.0608
1 2.8059 -9.2553
3 -2.5696 8.2308
3 -2.5696 5.5465
6 -7.6167 9.8360
2 6.2520 -4.8531
1 2.8059 -9.2553
5 0.3645 5.5465
4 2.8059 -9.2553
6 -2.5516 -2.1796
2 6.2520 -2.5390
5 -2.6279 8.6581
7 -7.1780 3.0608
9 8.0140 4.6639
6 5.6580 9.5140
3 -1.9430 -0.1318
9 4.9663 -3.5325
1 2.8059 -9.2553
8 2.2735 3.2329
9 4.9663 -3.5325
2 1.6549 -4.8531
2 1.6549 -2.5390
8 2.2735 3.2329
7 -2.6903 2.9478
4 2.8059 -9.2553
7 -10.2528 2.3948
9 4.9663 -3.5325
3 0.3645 5.5465
6 -0.6809 -2.1796
7 -0.6809 -5.3257
3 -8.9336 4.1806
2 1.6549 -2.5390
8 2.2735 3.2329
1 -1.6962 2.2558
3 -2.5696 8.2308
9 4.9663 -3.5325
1 2.8059 -9.2553
4 4.2868 -6.7892
3 -2.5696 8.2308
2 1.6549 -4.8531
2 6.2520 -4.8531
8 2.2735 3.2329
1 -2.8312 6.6191
8 2.2735 3.2329
2 1.6549 -2.5390
2 6.2520 -2.5390
7 -10.2528 2.3948
9 4.9663 -3.5325
4 3.9579 -2.2376
7 -2.5516 -2.1796
1 6.7262 5.0459
4 2.8059 -9.2553
9 -6.9718 -1.9155
5 2.2212 6.0133
4 2.8059 -9.2553
2 6.2520 -2.5390
10 -5.2226 -5.7254
7 -0.6809 -5.3257
6 -0.6809 -5.3257
