10 100
P 1.253723 -6.519036 3.154275 -3.608141
P 7.396416 7.467680 10.948169 10.477836
Z 2 10.948169 10.477836 11.940499 10.601447
Z 2 -2.198624 -5.015521 9.889969 2.330198
K -8.236503 7.615853 1.787776
K -8.894562 7.689045 3.004084
K -6.723314 1.593798 3.620808
Z 2 4.242991 -8.660277 -8.028243 -6.013496
K -6.542372 -7.015673 3.651672
K 8.544370 9.872681 4.766215
1 3.154275 -6.519036
8 3.704030 -26.118224
8 5.093701 5.252110
9 -6.542372 -7.015673
3 -5.198257 -1.143433
8 0.468057 -24.654180
5 -8.236503 7.615853
1 3.154275 -6.519036
10 0.311907 2.597048
2 7.396416 7.467680
4 10.948169 10.477836
7 -6.723314 1.593798
8 3.704030 -26.118224
3 7.396416 7.467680
10 8.544370 9.872681
7 -6.723314 1.593798
5 -8.236503 7.615853
10 8.544370 9.872681
2 1.275641 0.728557
4 10.948169 7.467680
9 -6.542372 -7.015673
4 7.396416 7.467680
6 4.146303 -7.720150
9 -6.542372 -7.015673
3 7.396416 10.477836
2 10.948169 7.467680
2 -7.826834 -0.337414
5 -8.236503 7.615853
3 7.396416 7.467680
8 1.513256 0.524501
10 2.434828 -7.659276
3 -5.736560 -9.544108
7 -6.723314 1.593798
5 7.730112 -9.413231
2 2.690327 0.665251
4 13.301215 -2.249642
9 -6.542372 -7.015673
5 -4.296792 5.795191
7 -3.716323 -7.900675
4 13.301215 -2.249642
1 5.511447 8.646940
4 2.719585 4.290610
4 9.856329 9.342123
7 -6.723314 1.593798
7 -6.723314 1.593798
4 15.972965 -3.636291
5 -8.236503 7.615853
7 -6.723314 1.593798
8 0.468057 -24.654180
6 -8.894562 7.689045
3 10.948169 7.467680
6 -8.894562 7.689045
5 0.121937 0.906011
4 13.301215 -2.249642
10 8.544370 9.872681
1 3.154275 -3.608141
2 10.948169 10.477836
9 -6.542372 -7.015673
4 -6.852545 -3.344229
5 -8.236503 7.615853
6 -4.688987 -1.869522
8 7.396416 10.477836
1 3.154275 -3.608141
8 0.468057 -24.654180
5 -8.236503 7.615853
1 1.253723 -6.519036
6 0.273430 5.242099
1 3.154275 -3.608141
5 -8.236503 7.615853
8 10.948169 10.477836
10 -6.629770 -9.784205
3 10.948169 10.477836
4 4.266815 9.205743
5 -8.236503 7.615853
6 -8.894562 7.689045
6 -8.894562 7.689045
1 8.310272 1.525536
1 3.154275 -6.519036
8 3.704030 -26.118224
3 4.823315 -1.033271
10 8.544370 9.872681
7 -6.723314 1.593798
10 8.544370 9.872681
1 -1.758007 -0.095146
1 -1.888449 5.670271
5 -8.236503 7.615853
4 -5.032610 -6.052878
2 7.396416 10.477836
7 5.627360 -2.428431
2 10.948169 10.477836
3 7.504956 9.606499
5 -8.236503 7.615853
4 0.522616 -0.517397
8 -4.746628 -9.370462
4 10.948169 7.467680
3 7.396416 7.467680
1 1.253723 -3.608141
5 -8.236503 7.615853
4 17.609104 -0.483833
2 10.948169 10.477836
