10 100
P 0.395887 0.075953 3.307503 1.924780
P -5.750836 3.703211 -1.166574 7.175972
P -1.921980 -2.092829 1.868886 2.602317
K 0.573866 -1.571446 1.784983
K -6.752449 -5.985181 2.606278
Z 4 1.790604 -2.877476 2.522280 -2.195824
K -1.435055 7.048835 1.671529
P 2.537786 5.245792 4.044149 9.842649
P 4.044772 -1.378648 5.556244 2.751128
Z 1 5.994109 4.494802 -1.537721 6.508500
8 3.466557 7.012410
2 -1.166574 3.703211
5 -6.752449 -5.985181
7 -1.435055 7.048835
6 0.573866 -1.571446
6 -1.646023 3.044493
7 6.597102 -8.739037
2 -5.750836 3.703211
9 -0.203636 -9.177070
10 4.948516 8.062658
10 -5.211217 -4.334895
1 0.395887 1.924780
8 2.537786 5.245792
9 -5.367258 -1.141635
7 -1.435055 7.048835
6 0.573866 -1.571446
2 4.278347 -2.202402
2 -8.086068 2.645497
9 5.556244 2.751128
7 -8.341874 -6.259067
9 4.044772 -1.378648
3 -2.139868 -4.198113
5 -6.752449 -5.985181
5 -4.735367 -1.697511
2 -5.750836 3.703211
1 0.395887 1.924780
9 5.556244 -1.378648
7 -1.435055 7.048835
6 3.007341 -4.183506
3 -1.921980 -2.092829
5 -6.752449 -5.985181
1 3.307503 0.075953
3 -9.378456 -6.314750
2 -5.750836 3.703211
10 -6.439622 -2.060963
3 -1.921980 -2.092829
4 0.573866 -1.571446
5 -6.752449 -5.985181
6 0.573866 -1.571446
1 0.395887 1.924780
2 -5.376951 -1.931879
9 8.733431 5.869999
1 0.292090 4.766710
2 -5.750836 3.703211
4 -3.307724 -6.996709
9 4.044772 -1.378648
1 0.395887 1.924780
5 -6.752449 -5.985181
5 -6.752449 -5.985181
7 -4.908022 -7.774321
6 5.671809 -3.851489
9 0.377101 -8.656615
2 -0.031052 -0.026012
4 0.573866 -1.571446
6 0.573866 -1.571446
5 -6.752449 -5.985181
6 0.573866 -1.571446
3 5.800612 -5.608039
10 3.406094 -7.238569
9 -2.809928 -1.819722
3 1.868886 -2.092829
10 -9.080649 -3.041936
8 2.537786 5.245792
8 -0.284220 6.696883
10 5.871164 9.664807
2 -5.750836 7.175972
7 9.693006 6.221248
2 -1.166574 7.175972
1 0.395887 1.924780
7 -1.435055 7.048835
1 3.307503 0.075953
6 3.007341 -4.183506
4 -0.207610 6.983934
10 5.871164 9.664807
9 4.044772 2.751128
1 3.307503 1.924780
1 0.395887 1.924780
2 -1.166574 3.703211
3 -1.921980 -2.092829
6 0.573866 -1.571446
8 4.044149 9.842649
6 3.007341 -4.183506
10 5.871164 9.664807
2 -5.750836 7.175972
6 -1.501062 8.475180
3 1.868886 -2.092829
10 2.626415 5.210706
4 -7.651375 -1.151556
2 -7.014841 8.741396
8 -2.767775 6.082579
5 -0.811637 8.533388
8 4.044149 9.842649
5 9.707754 8.694166
1 3.307503 0.075953
4 0.573866 -1.571446
7 -1.435055 7.048835
2 -9.127925 -7.905460
5 8.137663 -6.211151
2 -5.750836 3.703211
1 -1.505182 9.036101
