10 100
K 1.555228 -4.287063 2.938644
Z 1 7.111819 -4.496837 6.702379 -9.972526
Z 1 1.555228 -4.287063 1.084299 -5.169234
P 1.179896 -5.387886 6.164666 -0.696146
P -7.647320 8.720111 -5.053850 11.790085
Z 3 1.372823 5.666630 -1.921624 -0.708102
K -4.795658 -5.446112 3.097530
K -3.467920 1.639911 3.866037
K 0.313811 7.614236 3.992445
K 3.803075 2.665205 2.449152
2 12.6378 -5.1158
1 -0.3889 -0.5181
4 1.1799 -0.6961
6 1.5552 -4.2871
1 1.5552 -4.2871
7 -3.7191 5.5462
6 -5.9263 6.8327
3 1.5552 -4.2871
8 -3.4679 1.6399
8 -3.4679 1.6399
9 0.3138 7.6142
2 12.6378 -5.1158
3 1.5552 -4.2871
2 6.1142 -7.9304
7 -4.7957 -5.4461
9 0.3138 7.6142
8 -3.4679 1.6399
9 3.8874 -3.4364
2 12.6378 -5.1158
5 -2.8592 -6.8443
6 1.5552 -4.2871
5 -7.6473 8.7201
10 3.8031 2.6652
4 6.1647 -5.3879
9 -2.3640 1.3398
7 -4.7957 -5.4461
6 1.8738 5.0701
4 1.1799 -0.6961
10 9.5682 5.4144
1 -4.2736 -9.8227
4 6.1647 -5.3879
3 1.5552 -4.2871
8 -3.4679 1.6399
9 -1.3148 -5.9839
5 -7.6473 11.7901
9 -0.3250 -3.3111
2 1.5552 -4.2871
10 2.9105 4.2801
6 1.5552 -4.2871
4 -4.5318 4.6620
8 -3.4679 1.6399
10 3.8031 2.6652
5 -7.6473 11.7901
10 7.4337 9.8619
9 0.3138 7.6142
4 -5.1540 2.6247
7 2.0546 -4.9165
7 9.7786 -6.5912
7 -4.7957 -5.4461
4 -1.3760 0.7428
2 -2.3850 1.8897
2 12.6378 -5.1158
7 -4.7957 -5.4461
8 -7.4845 7.2078
2 12.6378 -5.1158
3 8.9411 -7.1533
7 7.3840 9.5594
1 1.5552 -4.2871
4 1.1799 -5.3879
9 0.3138 7.6142
5 -5.0539 8.7201
2 9.3638 7.3514
1 -1.6022 4.2407
4 1.1799 -0.6961
1 1.5552 -4.2871
4 1.1799 -5.3879
4 1.1799 -0.6961
6 -1.2365 -4.9108
7 -4.7957 -5.4461
4 1.1799 -5.3879
9 0.3138 7.6142
8 -3.4679 1.6399
3 1.5552 -4.2871
6 1.5552 -4.2871
7 -4.7957 -5.4461
8 -3.4679 1.6399
2 -0.4853 -3.5143
5 -5.0539 8.7201
8 4.2489 5.8351
3 1.5552 -4.2871
1 1.5552 -4.2871
5 3.8991 -3.9940
10 3.8031 2.6652
8 -3.4679 1.6399
3 1.5552 -4.2871
7 -4.7957 -5.4461
1 1.5552 -4.2871
2 -9.2018 0.8437
7 -4.7957 -5.4461
7 -4.7957 -5.4461
4 1.1799 -0.6961
2 12.6378 -5.1158
9 0.3138 7.6142
9 -8.5624 -9.9979
10 3.8031 2.6652
2 1.9270 -9.8798
2 4.0068 1.8524
5 -9.3558 -3.3681
2 1.5552 -4.2871
3 1.5552 -4.2871
