10 100
K 4.646311 2.826313 1.358590
P -2.590254 0.895134 -1.060984 3.941560
K 8.059050 -7.028110 1.911268
K -7.471389 -5.412212 3.402616
K -9.151614 6.007639 2.706326
Z 2 9.952740 -3.410129 -8.947940 -0.562680
P 5.175673 3.040387 6.356079 7.030377
Z 1 4.646311 2.826313 4.129523 3.682427
Z 6 -2.592401 -6.035509 -8.945877 8.853233
Z 8 -2.169820 7.511657 -1.470241 0.164712
7 5.1757 7.0304
10 4.6463 2.8263
8 4.6463 2.8263
10 4.6463 2.8263
10 4.6463 2.8263
9 8.9599 -3.6664
3 6.3212 -2.0526
10 9.1464 -5.0930
3 8.0591 -7.0281
1 1.7086 8.4154
10 3.3889 6.5504
7 -8.7257 -3.2394
1 -4.1788 8.6706
2 -5.3938 5.4135
9 -2.5903 0.8951
7 5.1757 7.0304
7 5.1757 7.0304
1 4.6463 2.8263
10 4.6463 2.8263
8 4.6463 2.8263
10 -5.5072 -0.1521
7 9.7559 -6.1569
10 4.9158 -0.1039
1 6.6318 -5.3870
7 9.7068 -6.5708
1 8.3056 0.6223
3 8.0591 -7.0281
3 8.0591 -7.0281
8 -9.6380 1.4841
7 5.1757 7.0304
8 5.8812 -8.2654
5 9.9402 3.4157
8 4.6463 2.8263
6 -2.5903 3.9416
10 -7.9792 1.6241
1 4.6463 2.8263
3 8.0591 -7.0281
4 4.7662 -3.4655
6 -2.7381 -7.1907
3 3.6616 -6.6318
6 -2.5903 0.8951
3 8.0591 -7.0281
9 -3.7790 -5.5960
1 4.6463 2.8263
5 -9.1516 6.0076
6 -2.5903 3.9416
2 1.2200 8.2413
10 -7.9792 1.6241
7 -7.0957 -1.2357
4 -7.4714 -5.4122
4 -7.4714 -5.4122
3 0.8635 -5.9947
6 -4.6282 -0.8851
4 7.0205 1.0892
8 4.6463 2.8263
9 2.7483 4.8455
6 -1.4839 4.2422
5 -9.1516 6.0076
5 -9.1516 6.0076
1 4.6463 2.8263
3 8.0591 -7.0281
2 -1.0610 3.9416
1 9.7445 -2.4409
7 6.3561 7.0304
4 2.0408 2.3665
8 4.6463 2.8263
4 -3.9223 9.3454
9 4.1149 -3.5307
5 -9.1516 6.0076
6 -2.5903 0.8951
7 5.1757 3.0404
7 6.3561 7.0304
8 -0.4044 6.7588
9 -0.9717 -5.3627
4 -7.4714 -5.4122
4 -7.4714 -5.4122
2 -7.4260 -0.5858
2 -2.5903 0.8951
6 -2.5903 0.8951
5 -9.1516 6.0076
5 5.2702 7.3092
9 -3.3019 -3.8289
1 4.6463 2.8263
8 4.6463 2.8263
7 5.1757 3.0404
6 1.6357 2.2934
2 -3.7523 4.8200
6 -1.0610 0.8951
10 4.6463 2.8263
7 6.3561 3.0404
2 -9.5509 8.7940
2 -1.0610 3.9416
8 4.6463 2.8263
4 -6.4984 3.3362
2 -0.9535 8.6665
7 0.4643 -5.0379
3 8.0591 -7.0281
1 4.6463 2.8263
10 1.8429 -9.7291
10 9.9348 9.9247
