10 100
P -3.763235 -4.176304 -0.082992 -0.958688
P -2.237125 -5.327600 -0.086472 -3.442258
P 1.151873 -2.564589 5.866088 2.274713
P -1.379557 -6.416233 1.162443 -3.500230
P -4.908647 -4.769295 -3.908233 -0.883410
P -9.124397 7.925241 -6.021062 12.127911
Z 5 -3.908233 -0.883410 -3.850377 0.114915
Z 3 5.866088 -2.564589 4.898692 -2.817855
K 1.453959 -4.835524 1.684660
K 6.940067 -4.431042 4.655270
8 8.237432 -6.783069
8 -1.709676 8.869391
2 -2.237125 -5.327600
4 -1.379557 -6.416233
1 -3.763235 -4.176304
5 7.519964 -3.135002
10 6.940067 -4.431042
3 1.151873 -2.564589
3 5.866088 2.274713
6 -6.021062 7.925241
1 -3.763235 -4.176304
2 -2.237125 -5.327600
5 -3.908233 -4.769295
7 -4.908647 -4.769295
8 1.151873 2.274713
10 6.940067 -4.431042
3 1.151873 -2.564589
1 -3.763235 -0.958688
6 -9.124397 7.925241
2 -0.341161 7.686779
1 -0.082992 -0.958688
2 -2.237125 -5.327600
3 -1.801182 0.491417
8 5.866088 -2.564589
3 1.151873 2.274713
2 -2.237125 -3.442258
7 -8.525508 1.426552
3 -1.511755 -0.318541
5 -4.908647 -4.769295
1 -3.005124 -7.772607
4 1.162443 -3.500230
3 1.151873 -2.564589
6 -9.124397 12.127911
4 -1.379557 -6.416233
1 -0.082992 -0.958688
1 -3.763235 -0.958688
9 1.453959 -4.835524
1 -3.763235 -0.958688
9 1.453959 -4.835524
9 1.453959 -4.835524
2 -2.237125 -3.442258
10 -0.010438 1.150284
9 1.453959 -4.835524
4 1.162443 -3.500230
1 -3.763235 -4.176304
1 -0.082992 -0.958688
10 6.940067 -4.431042
1 -3.763235 -0.958688
6 -9.124397 7.925241
8 5.866088 2.274713
5 0.968245 -1.380340
2 7.057227 3.851999
9 1.453959 -4.835524
1 -0.082992 -0.958688
6 -9.124397 7.925241
9 1.453959 -4.835524
7 -2.914517 -0.998976
3 5.866088 -2.564589
6 -6.021062 7.925241
1 -8.585976 -5.817655
10 6.940067 -4.431042
8 5.866088 -2.564589
8 -5.667373 -9.416112
5 -9.628892 -3.580181
7 -3.908233 -0.883410
3 5.866088 -2.564589
10 6.940067 -4.431042
1 -3.763235 -0.958688
5 -3.908233 -4.769295
9 1.453959 -4.835524
2 -0.086472 -3.442258
9 1.453959 -4.835524
5 -4.908647 -0.883410
4 9.691778 4.682489
2 -0.086472 -3.442258
5 0.019685 3.467653
1 8.811210 -9.808715
3 1.151873 2.274713
1 -3.763235 -0.958688
2 -2.237125 -5.327600
9 3.265554 -4.157999
9 -0.196135 -0.533099
5 -3.908233 -0.883410
5 -4.908647 -4.769295
4 -1.379557 -3.500230
1 9.269939 9.376668
5 -6.303289 -8.368490
3 1.151873 -2.564589
1 -3.763235 -0.958688
8 5.866088 -2.564589
1 5.836078 5.912157
2 -3.753368 -3.162773
8 5.866088 -2.564589
9 -8.979564 6.758777
3 5.866088 2.274713
6 -1.346656 -7.730654
6 -4.316411 0.368560
1 5.855071 -9.366025
9 1.453959 -4.835524
10 4.615171 8.505971
