10 100
P 2.050971 -1.940377 4.047748 0.571465
P -6.898915 -6.719400 -2.311177 -3.933494
K 0.154444 -2.910458 1.743401
K -8.882311 3.294782 1.162079
Z 1 4.047748 -1.940377 3.072460 -1.719437
Z 5 -4.925965 -3.489121 -8.168906 5.957422
P -5.869293 -1.996022 -3.079010 1.981992
P -4.829916 -9.184709 -1.455431 -7.755671
K -3.252701 -6.603217 3.084073
Z 6 -3.305033 2.242290 -2.958108 -3.669819
2 -6.8989 -3.9335
1 7.4310 -0.8481
6 -8.6738 -0.8717
6 -12.9588 -7.7786
9 9.5678 -1.8345
4 -8.8823 3.2948
8 -9.0727 -8.3051
4 -8.8823 3.2948
8 -8.0420 2.5402
2 -2.3112 -3.9335
6 2.9652 -4.2070
1 9.4638 6.9825
6 4.0477 -1.9404
4 -8.8823 3.2948
3 0.1544 -2.9105
10 -0.1123 -8.0069
10 2.0510 -1.9404
1 -4.6274 9.8193
6 4.0477 -1.9404
10 1.4256 -6.3473
9 -3.2527 -6.6032
3 0.1544 -2.9105
5 3.4471 -0.6920
1 2.0510 0.5715
7 -5.8693 1.9820
5 4.0477 -1.9404
6 -9.8190 -7.1167
6 6.6499 -3.0861
6 -10.7124 -8.9024
2 7.8106 -4.9514
3 0.1544 -2.9105
6 4.0477 -1.9404
1 2.0510 -1.9404
1 4.0477 -1.9404
1 3.6873 7.4498
1 -2.1142 0.4607
10 2.0510 0.5715
7 -5.8693 -1.9960
8 -1.4554 -7.7557
8 9.4005 7.9535
4 -8.8823 3.2948
8 3.5067 -0.8836
9 6.2006 8.6017
3 0.1544 -2.9105
8 -1.4554 -7.7557
1 -1.1587 9.0598
3 -4.6096 3.9731
2 -6.8989 -3.9335
1 2.0510 0.5715
8 0.4572 -3.8337
2 -6.8989 -3.9335
10 -10.1182 -2.7716
1 4.0477 0.5715
3 -6.6420 -9.0751
7 3.6478 9.3978
4 -1.3767 9.5319
8 -1.4554 -7.7557
9 -3.2527 -6.6032
3 0.1544 -2.9105
10 2.2459 -1.0798
1 2.0510 -1.9404
3 8.9095 -6.6796
4 -8.8823 3.2948
2 -2.3112 -3.9335
4 -8.8823 3.2948
1 4.0477 0.5715
6 2.9652 -4.2070
1 -9.4981 6.4631
5 2.2952 -0.0654
5 1.1634 -3.3465
3 0.1544 -2.9105
4 -8.8823 3.2948
1 2.0510 -1.9404
8 -4.8299 -7.7557
6 -4.8098 -4.2262
5 2.2459 -1.0798
7 -5.8693 -1.9960
4 -8.8823 3.2948
8 -2.8708 -0.4013
2 -2.3112 -3.9335
8 -1.4554 -7.7557
5 4.0477 -1.9404
6 2.0510 0.5715
6 2.0510 0.5715
2 5.4365 9.5899
9 -3.2527 -6.6032
1 2.0510 -1.9404
10 -6.2550 9.5956
6 2.9652 -4.2070
5 8.9387 0.7845
6 -1.8097 9.8412
3 0.1544 -2.9105
8 -1.4554 -9.1847
3 0.1544 -2.9105
9 -9.4410 0.2451
9 -3.2527 -6.6032
10 -9.8190 -7.1167
6 -10.7124 -8.9024
10 2.2459 -1.0798
9 5.7803 -8.4359
