10 100
K -2.550532 -5.274119 4.883294
P 4.148029 -6.481667 6.774981 -3.908921
Z 1 -2.788019 -0.396604 -3.786835 -0.445236
K -0.767438 -4.639153 3.257067
K -5.065804 -1.070484 1.503149
K -9.157662 4.014946 4.783343
K -1.476236 3.443428 1.574828
P -8.908931 -7.427015 -4.760445 -3.427242
K 5.735797 -7.768582 2.542427
Z 9 7.093783 -5.619207 6.248380 -5.085077
3 -0.6830 7.5498
2 6.7750 -6.4817
2 -0.8045 7.1504
6 7.0200 0.8428
3 -2.5505 -5.2741
1 -2.5505 -5.2741
2 -0.5715 -1.3572
2 6.7750 -3.9089
1 -2.5505 -5.2741
6 -9.1577 4.0149
1 -6.5698 -2.8509
9 4.0287 -7.7074
8 -8.9089 -7.4270
9 5.7358 -7.7686
8 3.5582 -6.2286
1 -2.5505 -5.2741
9 -7.9890 5.1145
4 -0.7674 -4.6392
9 5.7358 -7.7686
5 -5.0658 -1.0705
1 4.4199 -3.4607
4 6.9582 6.8310
2 -7.2281 -8.1674
8 -1.4924 6.6557
7 -1.4762 3.4434
7 -1.4762 3.4434
8 -8.9089 -3.4272
10 5.7358 -7.7686
1 -2.5505 -5.2741
6 -9.1577 4.0149
7 -8.0011 1.3530
4 -0.7674 -4.6392
5 2.4861 -7.9500
4 -0.7674 -4.6392
9 4.7647 -2.1621
2 4.1480 -3.9089
10 -3.2206 -8.4608
5 0.7075 -9.5504
10 8.4518 -3.4698
9 5.7358 -7.7686
6 -9.1577 4.0149
6 -9.1577 4.0149
7 -1.4762 3.4434
7 -9.5650 9.4570
9 9.6758 9.2908
6 -9.1577 4.0149
3 -3.0255 4.4809
3 -3.0255 4.4809
5 -1.3400 5.3689
6 -9.1577 4.0149
8 3.1861 3.6422
6 -8.4700 2.2562
8 -0.1437 9.4810
8 -8.9089 -3.4272
6 -9.1577 4.0149
10 8.4518 -3.4698
4 -0.7674 -4.6392
4 3.9728 -2.3655
9 5.7358 -7.7686
10 8.4518 -3.4698
6 -9.1577 4.0149
6 -9.1577 4.0149
10 5.7358 -7.7686
9 5.7358 -7.7686
1 -2.5505 -5.2741
6 -9.1577 4.0149
1 -2.5505 -5.2741
4 -0.7674 -4.6392
3 -2.5505 -5.2741
5 -5.0658 -1.0705
6 -9.1577 4.0149
3 -4.4058 6.0996
6 -9.1577 4.0149
3 -2.5505 -5.2741
4 -7.5706 7.8817
2 6.7750 -6.4817
10 8.4518 -3.4698
7 -1.4762 3.4434
9 5.7358 -7.7686
3 -2.5505 -5.2741
1 -2.5505 -5.2741
8 -0.5575 -6.0616
5 -5.0658 -1.0705
3 7.8047 8.5345
9 5.7358 -7.7686
6 -9.1577 4.0149
5 -8.2266 -1.1397
7 -1.4762 3.4434
3 -2.5505 -5.2741
3 -3.0255 4.4809
6 -9.1577 4.0149
8 -4.7604 -7.4270
4 2.5550 4.8477
8 -4.7604 -3.4272
3 -2.5505 -5.2741
4 -0.7674 -4.6392
3 -3.0255 4.4809
6 -9.1577 4.0149
6 0.6193 -9.2135
8 -8.9089 -7.4270
