10 100
P 0.935733 6.421261 4.139522 8.279780
K -0.343711 -9.495115 1.080483
Z 1 -6.994231 -3.086079 1.178771 1.764135
Z 2 0.750163 -1.234028 0.941848 -7.975481
Z 1 4.139522 8.279780 5.132599 8.162309
P -9.808884 7.816074 -5.012102 9.018877
K -1.263047 -7.109067 2.887386
Z 4 -0.343711 -9.495115 -0.955312 -8.703949
Z 8 -0.343711 -9.495115 0.656201 -9.508382
K -1.914266 2.076795 3.505360
1 0.9357 6.4213
8 2.3117 -9.4196
3 -6.9680 -1.5633
8 2.3117 -9.4196
9 2.3087 -9.6410
6 -5.0121 7.8161
10 -1.9143 2.0768
7 -1.2630 -7.1091
4 -0.3437 -9.4951
2 -0.3437 -9.4951
2 -1.2435 7.7326
8 -0.3437 -9.4951
5 4.1395 6.4213
2 -0.3437 -9.4951
4 2.3117 -9.4196
7 -1.2630 -7.1091
9 -2.6525 1.5980
5 1.4578 10.8345
1 4.1395 8.2798
10 3.5401 -6.9603
3 6.7815 -1.5708
5 4.5731 10.0870
1 -9.4223 -0.2214
2 -0.3437 -9.4951
5 4.1395 8.2798
10 -0.4689 -9.8338
5 4.5731 10.0870
9 -0.3437 -9.4951
2 9.0513 -6.8268
1 4.1395 6.4213
5 1.9550 3.9450
7 3.4027 4.9690
6 -0.9404 -6.2122
8 -0.3437 -9.4951
7 -1.2630 -7.1091
8 6.3389 8.8478
4 2.3117 -9.4196
5 0.9357 6.4213
4 -8.0151 -8.7177
1 -0.6992 -4.1392
1 0.9357 8.2798
10 -1.9143 2.0768
4 -0.3437 -9.4951
9 -0.3437 -9.4951
1 4.1395 8.2798
4 -0.3437 -9.4951
2 -0.3437 -9.4951
2 -0.3437 -9.4951
10 -1.9143 2.0768
1 7.8312 6.8924
10 -1.9143 2.0768
7 1.3785 -3.1184
1 1.6047 -0.0272
1 4.1395 8.2798
1 0.9357 8.2798
1 4.1395 8.2798
4 -0.3437 -9.4951
3 0.9357 6.4213
4 -0.3437 -9.4951
10 -1.9143 2.0768
6 6.5884 2.7169
8 2.3117 -9.4196
6 -5.0121 9.0189
3 0.9357 6.4213
8 -0.3437 -9.4951
9 -0.3437 -9.4951
7 -1.2630 -7.1091
4 6.4289 -4.3266
10 -1.9143 2.0768
2 0.0742 -5.5231
6 -5.0121 7.8161
3 5.1502 -0.6804
9 2.3117 -9.4196
5 -6.5702 4.4424
7 -1.2630 -7.1091
10 4.0243 1.6859
6 -9.4961 2.6917
7 -9.1901 5.9210
5 1.4578 10.8345
5 -6.3394 -8.6327
3 4.1395 6.4213
5 8.0566 3.2534
10 -1.9143 2.0768
2 -0.3437 -9.4951
8 -0.3437 -9.4951
5 0.9357 8.2798
1 -6.9649 4.1899
8 2.0175 6.4327
10 -1.9143 2.0768
1 4.1395 6.4213
8 -1.0856 -12.0459
8 -1.0856 -12.0459
4 5.7553 4.4510
9 -1.0177 -6.9256
3 0.6374 2.0557
5 4.1395 8.2798
6 -9.8089 9.0189
9 -1.0177 -6.9256
2 -0.3437 -9.4951
7 -1.2630 -7.1091
