10 100
P 6.839674 -7.950251 7.911134 -5.328108
Z 1 5.609181 -9.144747 -4.763896 5.255225
P -7.254235 9.392269 -4.543807 12.241536
Z 3 7.953020 -2.802189 4.489452 3.798088
P 1.177063 -6.152406 5.919851 -4.697041
P -9.112870 -9.718823 -5.169499 -5.093239
K -4.926603 2.000416 2.681266
K -2.360447 9.404632 2.333787
K 1.447838 -0.623597 4.854954
K -0.689634 7.570117 3.887784
5 7.7738 -2.7815
5 1.1771 -4.6970
4 2.6736 16.0290
2 -2.6388 3.1353
6 -9.1129 -9.7188
7 9.2270 1.9143
6 -9.1129 -5.0932
1 6.8397 -5.3281
3 -7.2542 9.3923
9 -6.7708 1.8124
3 1.3822 7.5447
2 6.8397 -7.9503
3 6.6435 3.0655
4 5.0183 14.4101
1 1.6843 1.8420
1 6.8397 -5.3281
7 -4.9266 2.0004
9 1.4478 -0.6236
5 1.1771 -4.6970
4 6.7922 3.4958
9 1.4478 -0.6236
2 7.9111 -5.3281
10 -0.6896 7.5701
2 -3.7626 -8.5119
3 -7.2542 9.3923
8 -2.3604 9.4046
5 -1.2053 -5.7059
6 -6.6593 -7.8275
2 -5.0251 -3.9584
1 7.9111 -5.3281
5 1.1771 -4.6970
4 -7.2542 12.2415
5 1.1771 -4.6970
5 -5.6546 7.6227
8 -2.3604 9.4046
9 1.4478 -0.6236
5 -8.2905 -7.9753
9 0.3112 9.2694
7 -4.9266 2.0004
9 1.4478 -0.6236
2 1.5993 -9.1030
2 7.9111 -7.9503
6 8.7064 2.9453
1 0.2981 -6.8688
3 -4.5438 9.3923
3 -7.2542 9.3923
6 -8.9590 7.5468
1 -4.4356 -7.0537
10 3.4892 -7.3819
1 6.8397 -7.9503
6 5.0977 -3.9176
10 -2.5324 2.2928
1 7.9111 -7.9503
2 7.9111 -5.3281
7 -4.9266 2.0004
9 -4.3454 -3.1967
4 4.2136 18.2594
5 5.9199 -6.1524
7 -4.9266 2.0004
7 -4.9266 2.0004
6 -5.1695 -9.7188
3 -4.6386 -0.2271
5 5.9199 -4.6970
4 6.5583 16.6406
8 -2.3604 9.4046
7 0.1072 7.2918
5 -9.0772 -0.8543
10 -0.6896 7.5701
9 7.3937 -9.3625
10 -0.6896 7.5701
9 5.5375 -5.5314
2 7.9111 -7.9503
1 6.8397 -5.3281
6 -9.1129 -9.7188
10 -0.6896 7.5701
4 -1.6435 -3.9229
5 1.1771 -6.1524
8 -2.3604 9.4046
7 -4.9266 2.0004
4 -4.5438 12.2415
10 -0.6896 7.5701
9 4.7314 5.5977
1 7.4776 5.2413
2 6.8397 -7.9503
4 2.6736 16.0290
7 -4.9266 2.0004
8 -7.9627 6.4397
9 1.4478 -0.6236
4 8.3016 3.5458
6 -5.1695 -9.7188
7 6.6407 -2.3129
4 -4.9393 9.7325
4 4.7432 -9.7088
10 -0.6896 7.5701
4 -1.0497 4.1603
10 0.5511 -1.2055
9 1.4478 -0.6236
4 -3.8064 -9.9009
8 4.3881 -7.4215
4 3.7490 -4.1853
