10 100
K -3.183876 4.575280 3.600957
K -7.823067 7.537479 1.078267
Z 1 -7.760359 -8.591709 8.634719 3.130125
K -9.061313 -9.194858 4.351123
K 5.711517 -9.736053 3.938357
Z 3 6.179107 -8.520524 6.737952 -7.691252
Z 6 6.179107 -8.520524 5.287014 -8.972375
P 0.647879 -2.040911 5.181633 2.600870
K 4.025984 -8.891594 4.754974
P 9.369719 -4.087967 13.935145 -1.435015
5 -3.104566 6.923518
4 -9.061313 -9.194858
10 9.369719 -1.435015
10 9.369719 -1.435015
2 -2.096869 -7.695462
7 -7.008123 2.117487
3 6.179107 -8.520524
6 1.581290 0.119694
1 -1.515772 7.285066
4 -9.061313 -9.194858
5 7.170749 -9.954187
6 7.210432 -4.588393
10 8.609573 -1.068067
4 -9.061313 -9.194858
1 -0.826199 0.468002
1 -3.183876 4.575280
1 -3.183876 4.575280
5 5.711517 -9.736053
10 13.935145 -1.435015
3 6.179107 -8.520524
9 -7.660575 -1.976210
5 5.711517 -9.736053
1 -3.183876 4.575280
10 9.369719 -4.087967
6 -1.263300 2.520444
2 -7.823067 7.537479
7 1.444187 -3.900702
8 -2.176662 5.289838
10 2.286737 9.881065
4 -9.061313 -9.194858
9 4.025984 -8.891594
7 21.831925 -12.282815
2 5.616342 -8.180733
3 -3.183876 4.575280
2 -7.823067 7.537479
2 -0.122595 6.478772
3 -3.183876 4.575280
6 -4.088771 6.947927
4 -1.327479 -8.424224
7 6.179107 -8.520524
8 -7.882405 -3.514941
5 5.711517 -9.736053
1 -3.183876 4.575280
9 4.025984 -8.891594
1 -0.383734 -0.299295
2 -4.798581 -2.322634
6 6.179107 -8.520524
2 -5.089965 7.039111
2 5.653950 -9.616726
1 -3.183876 4.575280
10 13.935145 -1.435015
9 4.025984 -8.891594
6 5.805500 0.878060
7 9.574636 5.670400
5 5.711517 -9.736053
5 5.711517 -9.736053
1 -3.183876 4.575280
3 6.179107 -8.520524
7 11.197040 -23.817122
8 2.764653 1.194821
6 5.083429 -3.065441
5 5.711517 -9.736053
9 4.025984 -8.891594
6 -3.183876 4.575280
9 4.025984 -8.891594
3 -9.983614 -0.684799
3 -0.771295 -9.362158
8 0.647879 2.600870
1 -3.183876 4.575280
7 -3.531078 8.413635
2 -7.823067 7.537479
4 -9.061313 -9.194858
2 -7.823067 7.537479
2 -7.823067 7.537479
8 0.647879 2.600870
5 9.849369 1.222532
4 -9.061313 -9.194858
8 8.736120 -5.259960
4 -9.061313 -9.194858
9 4.658623 7.044489
9 -4.723642 -5.640260
6 2.489912 6.587377
7 6.179107 -8.520524
10 9.369719 -1.435015
4 -9.061313 -9.194858
9 4.025984 -8.891594
7 -3.183876 4.575280
7 11.197040 -23.817122
6 21.831925 -12.282815
7 6.179107 -8.520524
5 5.711517 -9.736053
1 -9.876750 -2.322875
7 11.197040 -23.817122
5 -2.845727 3.593341
8 5.181633 -2.040911
10 9.369719 -1.435015
3 -3.183876 4.575280
8 0.647879 -2.040911
4 9.233899 -3.048799
8 0.647879 2.600870
