10 100
K 7.298481 4.947744 2.157694
Z 1 7.298481 4.947744 7.504171 5.926361
P -7.959353 -4.011881 -3.486517 -1.974715
K 3.799289 6.556752 3.027173
K -0.263308 4.562827 3.415216
K 9.492977 0.284252 1.436756
Z 1 7.298481 4.947744 8.054460 5.602340
P -1.171275 3.138567 2.242725 4.497411
K 0.883972 -4.407907 4.527081
P -0.789999 8.786055 3.889656 9.971233
5 -0.2633 4.5628
2 -3.2254 4.7515
8 -4.8676 -0.6621
10 -0.7900 9.9712
1 7.3723 -0.4090
2 7.2985 4.9477
4 3.7993 6.5568
5 -0.2633 4.5628
6 -7.7181 -2.2854
4 3.7993 6.5568
10 2.7853 7.8631
5 -0.2633 4.5628
5 -0.2633 4.5628
1 7.2985 4.9477
10 3.8897 8.7861
2 7.8260 -3.8994
9 0.8840 -4.4079
6 9.4930 0.2843
3 -7.9594 -1.9747
2 -7.0370 -9.7187
6 9.4930 0.2843
6 9.4930 0.2843
3 -7.9594 -4.0119
2 6.9103 -6.0192
6 9.4930 0.2843
7 7.2985 4.9477
10 -4.6609 5.6836
4 3.7993 6.5568
1 -3.0440 -2.1645
3 2.4702 -6.8443
10 -0.7900 8.7861
7 -3.6346 0.0491
2 7.2985 4.9477
9 7.4469 4.8336
10 6.0858 2.4886
7 7.2985 4.9477
3 -7.9594 -1.9747
6 9.4930 0.2843
7 9.3947 1.0186
1 7.2985 4.9477
9 0.8840 -4.4079
2 -6.0183 -3.6074
1 0.8752 2.5512
4 3.7993 6.5568
7 7.2985 4.9477
1 -3.1523 4.3027
10 3.8897 8.7861
2 7.2985 4.9477
1 7.2985 4.9477
5 -6.1900 -1.6279
2 7.2985 4.9477
8 -1.1713 4.4974
9 -9.2563 2.1878
4 3.7993 6.5568
9 3.4844 -5.8700
4 3.7993 6.5568
3 -7.9594 -1.9747
9 0.8840 -4.4079
9 0.8840 -4.4079
2 7.2985 4.9477
9 0.8840 -4.4079
10 -0.7900 8.7861
7 7.2985 4.9477
1 -3.5950 2.2801
7 7.2038 5.5834
6 9.4930 0.2843
9 -0.3752 1.7724
7 0.7055 0.5912
2 1.7197 6.3210
10 -0.7900 9.9712
3 3.2633 8.9358
3 -7.9594 -4.0119
5 -6.5103 -0.2291
7 -5.2671 -5.2843
10 0.2132 1.0610
10 3.8897 8.7861
9 0.8840 -4.4079
10 6.1059 -4.8096
4 3.7993 6.5568
7 7.2985 4.9477
5 -0.2633 4.5628
10 3.8897 8.7861
9 0.8840 -4.4079
9 0.8840 -4.4079
4 3.7993 6.5568
9 0.8840 -4.4079
6 -4.2075 -9.8340
8 2.2427 3.1386
5 -8.8218 -9.6728
2 7.2985 4.9477
1 7.2985 4.9477
5 -7.0456 -3.6239
8 1.8929 6.2180
2 7.2985 4.9477
1 7.2985 4.9477
2 7.2985 4.9477
4 5.7180 7.2961
9 0.8840 -4.4079
7 7.2985 4.9477
2 7.2985 4.9477
