10 100
P -9.925912 -9.334895 -8.111549 -6.973549
K -8.811626 -7.602696 2.421563
Z 2 -10.095354 -9.655988 -9.247434 -10.186112
K -5.064354 -2.511318 1.063264
K 0.431674 -8.897065 4.744420
P 0.828202 1.953536 2.334247 6.616023
Z 5 0.431674 -8.897065 -0.463027 -9.343731
Z 3 -13.731079 -12.285542 -13.493107 -13.256815
Z 1 0.967430 -3.590653 -7.728526 4.021856
K -5.786544 2.601324 3.727433
7 -1.9962 -0.2907
4 -5.0644 -2.5113
6 0.8282 1.9535
3 -11.3791 -11.7093
3 -8.8116 -7.6027
2 -8.8116 -7.6027
4 -5.0644 -2.5113
6 2.3342 6.6160
2 -8.8116 -7.6027
8 -3.4799 6.5464
8 -20.2581 -10.4072
5 0.4317 -8.8971
6 0.8282 6.6160
8 -8.8116 -7.6027
6 2.3342 1.9535
9 -4.5795 -2.2855
7 0.4317 -8.8971
8 -8.8116 -7.6027
1 -8.1115 -6.9735
2 7.1651 -8.3926
6 0.8282 6.6160
5 0.4317 -8.8971
3 -11.3791 -11.7093
10 -5.7865 2.6013
2 -1.7517 -3.1828
8 2.6586 -4.9816
1 -3.6040 -3.0295
8 -8.8116 -7.6027
6 0.8282 6.6160
2 -8.8116 -7.6027
10 -7.2758 0.6614
9 -9.3118 8.5776
1 -9.9259 -6.9735
7 -8.5048 -9.0388
7 0.4317 -8.8971
5 0.4317 -8.8971
4 -5.0644 -2.5113
5 0.4317 -8.8971
4 -5.0644 -2.5113
5 0.4317 -8.8971
1 3.9520 3.1453
6 -6.8248 0.6175
7 0.4317 -8.8971
3 -11.3791 -11.7093
2 4.3169 3.7540
5 0.4317 -8.8971
1 -9.9259 -6.9735
8 -11.3791 -11.7093
3 -8.8116 -7.6027
10 -5.7865 2.6013
8 -8.8116 -7.6027
4 -5.0644 -2.5113
3 -11.3791 -11.7093
5 0.4317 -8.8971
8 -20.2581 -10.4072
3 -8.8116 -7.6027
1 8.8055 9.9746
10 -5.7865 2.6013
7 0.4317 -8.8971
6 0.8282 1.9535
1 -8.1115 -6.9735
4 -5.0644 -2.5113
5 0.4317 -8.8971
10 -5.7865 2.6013
9 7.1297 1.8692
6 0.8282 1.9535
9 -6.8585 4.6355
8 -20.2581 -10.4072
3 -11.3791 -11.7093
10 -5.7865 2.6013
4 7.8507 -3.2024
9 2.7743 -2.0147
5 0.4317 -8.8971
3 -8.8116 -7.6027
7 0.4317 -8.8971
8 -11.3791 -11.7093
4 -5.0644 -2.5113
7 0.4317 -8.8971
3 -8.8116 -7.6027
2 -8.8116 -7.6027
4 -5.0644 -2.5113
10 -5.7865 2.6013
2 7.9282 9.5828
5 0.4317 -8.8971
9 -9.9259 -6.9735
5 0.4317 -8.8971
5 7.0590 3.5035
1 -8.1115 -9.3349
5 0.4317 -8.8971
1 -8.1115 -6.9735
3 -11.3791 -11.7093
7 7.7921 -7.5319
4 -5.0644 -2.5113
1 -8.1115 -9.3349
3 -8.8116 -7.6027
10 -5.7865 2.6013
9 -9.9259 -9.3349
6 2.3342 6.6160
10 -5.7865 2.6013
3 -8.4466 -9.0556
