10 100
K 0.292645 7.557007 3.925415
P 8.474268 -1.484786 11.729279 -0.425732
P -0.907281 -3.944010 2.085536 -0.000270
P 2.337294 -8.942311 5.260831 -4.763851
K 9.185987 7.369545 3.679165
Z 5 12.579825 5.948940 12.965947 6.871388
K -7.465652 3.364422 1.960404
K 9.629582 7.233286 4.741272
Z 6 12.623995 8.679641 12.267910 9.614094
K 9.508082 2.380731 3.051292
10 9.5081 2.3807
1 0.2926 7.5570
1 0.2926 7.5570
5 9.1860 7.3695
4 4.7297 0.2651
7 7.1681 4.4611
10 9.5081 2.3807
3 2.0855 -0.0003
10 -9.2705 8.5878
1 0.2926 7.5570
10 9.5081 2.3807
6 15.9737 4.5283
3 -0.9073 -3.9440
9 12.8864 3.3519
7 -7.4657 3.3644
6 15.9737 4.5283
7 -7.4657 3.3644
7 -7.4657 3.3644
6 -6.5054 0.1576
5 -9.2871 -4.7523
2 11.7293 -1.4848
8 9.6296 7.2333
1 -1.5302 -4.9145
7 -8.8675 9.7227
4 2.3373 -4.7639
1 0.2926 7.5570
6 9.1860 7.3695
4 9.2774 -3.5538
1 0.2926 7.5570
1 0.2926 7.5570
6 15.9737 4.5283
1 0.2926 7.5570
8 9.6296 7.2333
1 0.2926 7.5570
3 -5.4889 -9.2712
1 0.2926 7.5570
6 9.1860 7.3695
10 9.5081 2.3807
5 9.1860 7.3695
4 -0.8788 6.6959
4 2.7688 8.0057
4 5.2608 -8.9423
9 15.9737 4.5283
5 9.1860 7.3695
3 -2.0760 -2.8611
5 2.5064 1.7577
7 -7.4657 3.3644
9 9.1860 7.3695
6 -2.3991 -8.3864
6 -0.1579 2.1008
4 2.3373 -8.9423
2 8.4743 -0.4257
9 9.1860 7.3695
3 -0.9073 -0.0003
6 9.1860 7.3695
9 15.9737 4.5283
6 15.9737 4.5283
6 15.9737 4.5283
6 9.1860 7.3695
8 0.0103 6.5615
3 -5.4071 7.1786
6 9.1860 7.3695
10 9.5081 2.3807
6 8.0063 -0.7969
4 2.3373 -4.7639
5 9.1860 7.3695
2 11.7293 -1.4848
5 3.5085 -9.2292
1 0.2926 7.5570
3 8.6812 0.3842
10 9.5081 2.3807
5 5.9952 -1.0932
8 9.6296 7.2333
6 9.1860 7.3695
3 2.0855 -3.9440
8 4.0496 7.6048
2 -6.3040 -2.8649
1 -4.6825 -5.8930
5 -4.1076 -5.6773
4 2.3373 -4.7639
6 15.9737 4.5283
8 8.7279 1.1648
1 0.2926 7.5570
10 5.0508 0.0801
9 12.8864 3.3519
8 9.6296 7.2333
8 9.6296 7.2333
10 9.5081 2.3807
4 2.3373 -4.7639
4 2.3373 -8.9423
9 -6.4867 -2.6269
2 -8.5849 0.7228
2 11.7293 -0.4257
4 2.3373 -8.9423
3 7.7124 0.4896
9 12.8864 3.3519
3 2.0855 -0.0003
8 9.6296 7.2333
6 15.9737 4.5283
3 -0.9073 -0.0003
