10 100
P 3.531483 -0.921710 6.476237 2.392216
P 1.128157 0.335902 3.204000 1.679326
P -6.611542 2.049783 -2.151009 4.530829
P 0.449968 -1.729597 3.644070 0.165777
K 8.388053 7.447208 3.521381
P -1.670199 -8.035782 2.882629 -4.271530
Z 3 -0.135227 4.711012 9.180390 -3.649689
Z 6 2.882629 -8.035782 1.944559 -7.689339
Z 4 3.644070 0.165777 2.824277 0.738437
Z 7 4.113569 -4.843474 6.719854 -5.923985
1 3.531483 -0.921710
8 -9.822713 -4.625233
3 0.229387 -2.791604
9 2.922310 1.390458
7 5.426530 0.685244
10 -3.785572 -0.240992
5 8.388053 7.447208
8 -3.023988 -7.937203
8 -1.670199 -4.271530
10 7.087987 -2.600593
3 -4.703594 2.519758
8 -7.430555 6.724379
5 8.388053 7.447208
4 4.667670 -8.666125
10 1.812818 11.436331
1 2.396360 -6.696642
5 8.388053 7.447208
1 8.402753 6.556096
7 -3.969121 -1.257673
9 3.644070 -1.729597
6 2.882629 -4.271530
5 -8.695166 5.288910
2 3.204000 1.679326
1 -2.229899 5.924695
3 -2.151009 2.049783
7 -9.858892 -4.224979
2 3.204000 0.335902
1 3.531483 -0.921710
7 0.664698 5.945120
6 -0.237870 -0.345407
5 8.388053 7.447208
2 7.842135 6.870247
7 5.899180 6.993876
9 7.057125 -0.972522
10 -3.852901 -4.232255
1 6.476237 2.392216
10 -10.098265 -3.879448
8 2.779985 -3.451286
6 8.302917 -5.818613
10 -6.611542 2.049783
8 2.882629 -4.271530
8 0.435949 -10.896439
7 -1.041212 -8.327921
2 3.204000 0.335902
4 0.449968 0.165777
5 -0.310864 -7.897697
4 0.449968 0.165777
1 6.476237 2.392216
4 4.507405 -8.788754
3 -6.611542 4.530829
3 -6.611542 4.530829
1 2.108687 -2.874869
1 6.476237 -0.921710
6 8.224345 -8.421998
3 -6.611542 4.530829
5 6.768366 -2.053342
7 -0.173254 6.734474
9 0.449968 0.165777
3 -2.151009 4.530829
6 -1.670199 -8.035782
7 -6.611542 4.530829
4 3.644070 0.165777
2 1.128157 0.335902
4 -0.846360 -2.439133
9 3.644070 -1.729597
7 -6.611542 2.049783
8 -8.032090 -1.331720
10 -6.946159 -7.035487
10 -9.031029 -14.719965
6 2.882629 -4.271530
4 2.087941 -7.781814
5 8.388053 7.447208
9 9.328280 3.938299
1 3.531483 2.392216
4 3.644070 -1.729597
10 1.812818 11.436331
2 3.204000 0.335902
1 6.476237 -0.921710
7 -2.151009 2.049783
2 1.128157 0.335902
8 -5.252801 -6.674436
1 -9.337670 7.247837
8 2.882629 -8.035782
10 -2.151009 4.530829
2 3.204000 0.335902
6 2.882629 -4.271530
8 6.840074 7.038710
2 1.128157 1.679326
7 2.293353 7.001758
2 3.204000 0.335902
10 0.735180 5.410370
9 -5.237466 -2.088289
2 1.128157 1.679326
4 3.932443 -7.657639
6 2.882629 -8.035782
2 3.204000 0.335902
5 8.388053 7.447208
7 -2.019025 0.918720
7 -0.653788 11.169047
4 3.644070 0.165777
