10 100
P -3.718371 4.390206 -0.235045 9.058961
Z 1 -1.160561 4.505957 -5.879468 1.126802
K -3.363730 -8.445048 1.179567
K 8.142683 -8.659598 3.232093
P 7.056505 8.812259 11.037429 11.046548
Z 4 11.151466 -9.840127 11.516718 -8.909219
Z 2 -6.819631 8.332885 2.339541 -8.160158
K 3.945686 4.923326 1.977735
Z 3 -3.912866 -9.488996 -3.027840 -9.954537
P 2.046440 -5.018377 3.174089 -0.457719
5 -4.3860 -4.6818
4 8.1427 -8.6596
1 -3.7184 4.3902
3 -3.3637 -8.4450
10 -9.5998 -3.2600
1 -0.2350 9.0590
6 8.1427 -8.6596
1 -3.7184 9.0590
10 2.0464 -5.0184
3 -8.1386 9.1202
8 3.9457 4.9233
4 6.5191 3.5056
9 -4.4620 -10.5329
5 11.0374 11.0465
7 -10.9165 3.1272
1 -0.2350 4.3902
10 -1.3804 -5.2083
8 -2.0853 5.8982
6 -0.5460 1.5815
9 -0.4721 -2.8851
5 11.0374 8.8123
10 2.0464 -0.4577
4 8.1427 -8.6596
5 7.0565 11.0465
5 -8.1761 9.0598
8 3.9457 4.9233
9 -3.3637 -8.4450
5 11.0374 8.8123
9 -3.3637 -8.4450
3 -1.4609 8.1395
8 3.9457 4.9233
10 3.1741 -5.0184
7 -2.0939 2.1217
8 3.9457 4.9233
9 -4.4620 -10.5329
4 9.8880 -1.6782
8 3.9457 4.9233
6 8.1427 -8.6596
9 -4.4620 -10.5329
8 3.9457 4.9233
7 3.4479 3.9158
4 -8.7104 -1.0478
2 -5.5100 3.6975
9 -7.3941 6.2424
4 7.9369 -2.0295
8 3.9457 4.9233
4 1.5773 -8.5469
2 0.8772 4.8732
5 9.1602 3.4037
10 0.5077 0.6534
5 11.0374 8.8123
7 -0.2350 9.0590
4 8.1427 -8.6596
3 -6.6499 1.2197
6 14.1602 -11.0207
4 3.7491 5.1240
10 2.0464 -0.4577
8 3.9457 4.9233
5 7.0565 8.8123
1 -3.7184 4.3902
8 3.9457 4.9233
5 7.0565 11.0465
2 -0.2350 9.0590
2 -3.7184 4.3902
7 -3.7184 9.0590
3 5.7368 -9.0751
8 3.9457 4.9233
5 11.0374 11.0465
5 2.0866 7.3421
6 8.1427 -8.6596
3 -3.3637 -8.4450
8 3.9457 4.9233
9 -3.3637 -8.4450
2 -5.7633 9.6658
2 -3.7184 4.3902
10 3.1741 -5.0184
1 -0.2350 4.3902
2 2.3261 0.6181
6 8.1427 -8.6596
5 11.0374 8.8123
5 -6.6779 7.1780
5 11.0374 8.8123
6 0.2576 -3.7863
4 8.1427 -8.6596
2 -0.9721 5.4194
5 7.0565 11.0465
10 2.0464 -5.0184
9 1.1709 -8.7132
9 -4.4620 -10.5329
10 3.1741 -0.4577
9 -4.4620 -10.5329
7 -9.0753 6.0841
6 2.1170 0.7533
3 -3.3637 -8.4450
8 3.9457 4.9233
3 7.2173 4.1622
9 7.4646 3.8113
3 -3.3637 -8.4450
1 -0.2350 9.0590
5 -1.2267 -3.3189
