10 100
P 0.483864 7.765659 1.557390 12.475957
P -0.200926 -8.961836 4.523896 -7.907656
Z 1 1.557390 12.475957 0.977277 13.290493
P 8.632255 -0.202279 13.368881 2.822948
P -6.418916 2.860887 -4.012135 6.896991
Z 3 -7.258958 9.151683 8.490998 -4.316519
Z 4 -8.733316 5.392853 -9.776660 4.593990
Z 4 8.632255 -0.202279 8.815655 0.780760
Z 3 1.557390 12.475957 1.979241 11.569292
P -1.841968 -2.474675 -0.333611 1.196366
10 -5.902387 -1.217412
5 -6.418916 6.896991
5 -6.418916 6.896991
3 1.439649 -1.196061
6 0.248739 9.504218
1 0.483864 7.765659
5 -0.818318 3.360673
8 5.305094 4.327358
2 4.523896 -7.907656
5 -6.418916 2.860887
6 -4.521081 0.657386
9 0.483864 7.765659
1 -9.419023 0.185050
2 0.416979 6.691839
3 0.483864 12.475957
3 1.557390 7.765659
7 -8.369903 28.189356
3 0.483864 7.765659
5 -9.578190 2.397956
1 -3.781852 -4.686682
1 1.557390 12.475957
3 4.793664 1.875553
1 1.445402 5.268055
4 13.368881 -0.202279
5 7.528117 2.124567
1 1.557390 7.765659
1 -4.394794 -0.302551
10 -0.333611 1.196366
7 13.368881 -0.202279
9 2.751983 -3.597121
9 1.557390 12.475957
9 6.008840 10.935985
10 5.377538 0.956587
3 1.557390 12.475957
1 0.483864 7.765659
5 -6.418916 2.860887
5 -4.012135 2.860887
3 0.483864 7.765659
5 4.184079 -4.180563
2 -2.455089 -8.420775
9 1.557390 7.765659
7 -6.684838 22.827624
6 1.908366 13.490489
4 -0.379875 1.600781
6 -5.145659 -5.121930
1 -1.858594 1.685999
7 -9.259648 -6.396502
4 8.632255 -0.202279
3 6.359815 11.950517
1 0.483864 12.475957
8 -2.931511 -2.413776
7 3.781102 2.226527
4 -8.962688 5.113414
3 1.557390 12.475957
2 -6.120537 6.227677
7 8.632255 -0.202279
3 1.557390 12.475957
2 -0.200926 -8.961836
9 0.483864 12.475957
5 -4.012135 6.896991
8 -2.210977 -6.469774
4 8.632255 -0.202279
1 0.483864 7.765659
2 -0.200926 -7.907656
6 1.557390 7.765659
2 4.523896 -7.907656
8 5.305094 4.327358
3 6.008840 10.935985
10 -0.333611 1.196366
2 -0.200926 -8.961836
1 1.557390 12.475957
4 8.632255 -0.202279
4 8.632255 -0.202279
9 1.557390 7.765659
10 -0.333611 -2.474675
1 0.483864 12.475957
8 9.723083 2.619439
3 -3.201808 7.486114
1 -1.582559 -5.005644
6 1.908366 13.490489
10 -1.841968 1.196366
8 13.368881 2.822948
7 8.632255 2.822948
3 6.008840 10.935985
9 6.008840 10.935985
6 1.908366 13.490489
4 8.632255 -0.202279
8 -8.554064 -8.845666
10 -6.363418 -6.656592
8 8.632255 -0.202279
4 13.368881 -0.202279
6 0.992693 3.658018
6 1.557390 12.475957
4 8.632255 2.822948
2 4.523896 -8.961836
9 1.557390 12.475957
4 8.632255 2.822948
1 9.243752 0.114722
8 7.030980 -4.525845
5 -6.418916 2.860887
