10 100
P -1.996198 -4.458233 1.432419 0.051315
P 5.933913 -3.294802 7.194424 -0.793334
Z 2 -1.826789 -8.275106 -6.534528 -6.951153
P 3.253379 0.872271 6.250304 5.214073
P -0.940544 -7.523180 1.339481 -5.104884
Z 5 -8.412612 2.679932 -9.474714 9.602114
P -3.889948 6.022324 -1.016365 8.294002
P 0.149377 -9.502004 2.853230 -7.984772
K 3.684676 5.151967 4.785977
Z 1 -7.517810 4.307760 -8.424189 -4.681219
3 7.1944 -3.2948
8 0.1494 -7.9848
8 0.1494 -9.5020
2 7.1944 -0.7933
4 -9.0600 -3.5587
2 5.9339 -0.7933
5 -0.9405 -7.5232
4 2.7506 -5.0866
10 -1.9962 0.0513
2 5.9339 -0.7933
2 7.1944 -0.7933
5 5.8694 -0.4263
4 3.2534 5.2141
9 3.6847 5.1520
2 5.9339 -3.2948
8 3.5333 -4.6021
4 -8.4431 -6.2776
4 -7.3731 0.3905
10 1.4324 -4.4582
7 -3.8899 6.0223
1 1.4324 -4.4582
9 2.3266 -8.4963
4 6.2503 5.2141
9 9.5969 -7.9506
2 5.9339 -3.2948
4 6.2503 0.8723
6 -0.9405 -7.5232
6 1.3395 -5.1049
10 -1.2464 -5.2568
8 2.8532 -9.5020
6 -13.2070 -6.9870
8 0.1494 -9.5020
7 -1.0164 8.2940
6 -13.2070 -6.9870
2 5.9339 -0.7933
10 -18.0379 -2.4950
5 3.4341 2.2106
1 -7.6180 5.3874
7 -4.0948 5.4145
10 -18.0379 -2.4950
5 1.3395 -5.1049
3 2.2004 -16.5705
1 -1.9962 0.0513
10 1.4324 -4.4582
8 0.1494 -7.9848
3 7.1944 -3.2948
1 1.4324 0.0513
4 6.2503 0.8723
1 1.4324 0.0513
8 2.8532 -7.9848
9 2.7483 -5.0202
8 2.8532 -9.5020
10 5.0087 9.4203
10 -18.0379 -2.4950
4 3.2534 5.2141
8 2.8532 -9.5020
8 2.8532 -7.9848
3 5.9339 -0.7933
10 -1.9962 -4.4582
9 3.6847 5.1520
3 -9.2764 -9.6791
9 3.6847 5.1520
7 -1.0164 8.2940
8 2.8532 -7.9848
2 5.9339 -0.7933
6 -13.2070 -6.9870
3 7.2658 4.7486
4 7.5585 7.2304
10 -17.1376 1.9238
10 -18.0379 -2.4950
3 7.1944 -0.7933
4 3.2534 0.8723
7 -3.8899 8.2940
7 -5.6350 4.5675
1 5.3352 4.3265
8 2.8532 -9.5020
9 3.6847 5.1520
9 4.3362 6.5491
2 -9.5402 -9.9865
1 -0.2013 -3.5134
7 -4.4268 7.2045
9 3.6847 5.1520
1 -0.6938 9.5614
9 -0.1363 9.1836
2 4.6521 -8.7939
3 0.8965 -18.7053
4 0.7929 -9.0529
9 3.6847 5.1520
3 7.1944 -0.7933
9 3.6847 5.1520
9 3.6847 5.1520
5 -8.9713 -1.7089
9 3.6847 5.1520
4 2.8541 0.0909
2 -3.1179 1.1959
5 8.9880 -3.6620
6 1.3395 -7.5232
7 -1.0164 6.0223
7 -1.0164 6.0223
9 3.6847 5.1520
