10 100
P -2.871298 2.024960 -0.184135 6.951231
K 5.959337 -5.340084 1.867635
K -0.258886 2.567096 2.203628
Z 1 -9.827491 -7.109707 9.976053 7.954971
Z 3 1.957399 -3.196856 -7.121210 6.435046
P 9.422659 -9.835139 11.082156 -6.485621
Z 5 -4.997984 1.111291 -5.794461 0.506622
Z 3 1.429827 3.982802 0.787384 4.749135
K -4.786185 9.870139 2.496753
Z 6 6.862737 2.589736 2.976516 5.605572
6 0.220347 2.220140
5 -3.665519 -0.643847
10 9.422659 -6.485621
4 -0.184135 6.951231
6 -1.321251 4.872056
7 -6.330449 2.866430
8 -0.258886 2.567096
3 -0.258886 2.567096
6 4.060622 -9.091261
10 11.082156 -6.485621
1 -2.871298 6.951231
7 -3.665519 -0.643847
6 11.082156 -6.485621
4 -0.349973 4.646410
3 -0.750088 5.986089
5 -0.258886 2.567096
4 5.579941 -4.158497
4 0.486551 -3.760920
6 11.082156 -6.485621
4 0.832355 -2.843744
2 5.959337 -5.340084
7 -3.665519 -0.643847
2 0.868205 5.138045
10 -1.364814 -1.662689
7 7.564514 1.356445
6 9.422659 -9.835139
1 -2.871298 2.024960
5 -0.258886 2.567096
10 9.919458 9.115180
7 -5.151238 7.299779
9 -4.786185 9.870139
3 -0.258886 2.567096
2 -1.122253 -7.232009
4 -2.871298 2.024960
4 1.549521 -0.254050
10 16.701493 0.755483
1 -0.184135 2.024960
9 -7.128738 9.355996
5 -0.258886 2.567096
8 3.118541 5.398507
10 -8.346176 -8.886073
10 4.168052 8.417441
10 16.701493 0.755483
8 3.432799 7.143909
8 -0.258886 2.567096
3 -0.258886 2.567096
6 11.082156 -6.485621
9 -4.786185 9.870139
1 -0.184135 6.951231
8 3.118541 5.398507
3 -0.258886 2.567096
9 -4.786185 9.870139
10 9.422659 -6.485621
9 -4.786185 9.870139
9 -4.786185 9.870139
1 -5.044059 6.455705
8 3.118541 5.398507
7 -0.258886 2.567096
10 -5.443221 -2.193437
4 -0.184135 2.024960
8 -0.258886 2.567096
10 0.392991 -5.127323
6 9.422659 -9.835139
4 -2.871298 2.024960
6 11.082156 -9.835139
7 -3.665519 -0.643847
8 3.118541 5.398507
8 -0.258886 2.567096
7 -0.258886 2.567096
8 -0.258886 2.567096
8 -0.751783 1.871750
9 3.734098 -4.851276
7 7.416981 -8.272677
2 1.147373 -8.528674
6 9.422659 -6.485621
1 -2.871298 2.024960
7 -0.258886 2.567096
8 -0.938357 -8.309312
9 -4.786185 9.870139
5 -3.665519 -0.643847
5 -9.750047 -9.996946
6 9.422659 -9.835139
6 11.082156 -9.835139
4 -2.871298 2.024960
4 -0.931953 -0.185249
1 1.354160 -3.656238
2 5.959337 -5.340084
6 11.082156 -6.485621
1 -2.871298 2.024960
3 6.765579 2.668632
2 5.959337 -5.340084
1 4.991899 3.502226
2 5.959337 -5.340084
8 3.821552 1.793033
6 9.422659 -9.835139
2 5.192453 2.884017
4 -7.709354 1.001269
7 -7.348425 6.593509
8 -0.258886 2.567096
7 -6.330449 2.866430
