10 100
P 1.758544 -5.479717 6.369393 -3.066025
K -5.014828 3.518636 3.577058
P -9.684612 0.475414 -7.588941 3.680533
K -6.089070 7.121883 4.685595
Z 4 -1.513501 8.131323 -1.728936 9.107841
P -3.767029 1.938217 -2.710806 3.258544
Z 5 5.471827 -0.803890 -7.863405 2.666996
P -0.822854 8.063425 0.767223 11.643798
P -5.033866 -0.680768 -0.189314 2.866983
K 1.154244 6.801859 3.823767
2 -5.014828 3.518636
10 1.154244 6.801859
7 -6.089070 7.121883
5 -6.089070 7.121883
9 -5.033866 -0.680768
4 -6.089070 7.121883
3 -7.459673 -2.329364
6 -3.767029 3.258544
2 8.088462 0.552852
9 -0.189314 2.866983
6 8.416662 -4.463820
10 1.154244 6.801859
6 -3.767029 1.938217
2 -7.427314 9.633945
3 -7.588941 0.475414
9 -0.189314 -0.680768
3 -7.588941 0.475414
8 -0.822854 8.063425
9 -0.189314 2.866983
6 -3.767029 1.938217
4 5.058144 -1.464741
9 -0.189314 -0.680768
9 -0.189314 2.866983
9 -7.099807 0.072921
6 -2.710806 3.258544
10 1.154244 6.801859
2 9.337916 5.594766
5 3.062068 9.140763
7 -1.480473 -8.311792
10 1.154244 6.801859
10 1.154244 6.801859
8 -0.822854 11.643798
5 -6.089070 7.121883
9 -0.081897 -9.452449
7 -8.486118 -2.087634
1 6.369393 -5.479717
5 3.062068 9.140763
2 -6.690617 -5.683235
9 -5.033866 -0.680768
9 -1.880629 5.981697
1 1.758544 -3.066025
3 -9.684612 3.680533
3 -9.684612 3.680533
3 3.149777 -0.655373
9 -5.033866 -0.680768
3 -9.684612 0.475414
7 4.274824 -8.378551
5 3.062068 9.140763
7 -6.089070 7.121883
4 -6.089070 7.121883
9 -5.033866 2.866983
10 -1.775546 -3.871552
2 -5.014828 3.518636
5 0.840998 2.132022
2 -5.014828 3.518636
7 -8.486118 -2.087634
4 -6.089070 7.121883
6 -3.767029 3.258544
2 -9.904514 -6.401422
3 -7.588941 3.680533
8 -0.822854 11.643798
5 3.062068 9.140763
4 -7.442065 0.834990
10 1.154244 6.801859
2 5.371319 -2.018113
8 -0.822854 11.643798
1 6.369393 -3.066025
3 -7.588941 3.680533
9 4.691486 6.751764
5 3.062068 9.140763
3 8.912146 5.836572
9 -0.189314 2.866983
7 -6.089070 7.121883
9 -0.189314 -0.680768
10 1.154244 6.801859
6 5.265759 -2.494538
2 2.533449 7.006975
5 -6.089070 7.121883
5 5.508063 9.243880
8 0.767223 8.063425
2 2.391097 7.513793
6 2.243473 7.786947
4 -4.294380 -2.675685
7 3.062068 9.140763
8 -0.822854 8.063425
4 -6.089070 7.121883
1 1.758544 -3.066025
8 6.282326 -5.501812
4 0.595923 -3.215793
8 4.518249 0.034503
6 -3.767029 1.938217
5 -6.606194 -7.156214
9 -5.033866 2.866983
4 -6.089070 7.121883
2 -5.014828 3.518636
5 -6.089070 7.121883
2 -5.014828 3.518636
4 -6.089070 7.121883
1 4.054964 -4.919033
5 3.062068 9.140763
