10 100
P 9.543240 -4.842028 13.364958 -3.155393
Z 1 13.364958 -4.842028 12.830387 -5.687151
K 0.268448 -6.452257 3.060731
P 0.067156 -4.258242 3.509933 -2.417656
P -1.530985 -4.038143 1.583391 -2.714153
Z 1 -5.849115 1.031695 -7.270015 2.039159
K 2.145274 -0.757130 1.167441
K -3.649878 -9.380181 2.583935
K 9.288317 -0.629297 4.723335
P -8.021761 -6.539888 -4.029646 -5.471465
10 -1.4354 -9.7357
6 1.7932 4.5798
4 0.0672 -2.4177
7 2.1453 -0.7571
7 2.1453 -0.7571
5 1.5834 -4.0381
9 9.4768 3.0657
5 2.3115 9.1437
7 2.1453 -0.7571
8 -3.6499 -9.3802
3 0.2684 -6.4523
7 -5.1623 0.7047
8 8.2348 -9.8172
4 0.0672 -2.4177
10 5.2699 2.4722
2 15.0024 -8.2952
3 0.2684 -6.4523
6 3.1956 -12.1079
3 0.2684 -6.4523
3 0.2684 -6.4523
7 2.1453 -0.7571
2 -1.2781 3.6339
1 -4.6404 7.8889
1 9.5432 -4.8420
10 -8.0218 -5.4715
2 13.3650 -4.8420
7 2.1453 -0.7571
5 -1.5310 -2.7142
8 -3.6499 -9.3802
5 -0.5376 -9.8724
10 -4.0296 -5.4715
10 -4.0296 -6.5399
4 3.5099 -4.2582
9 9.2883 -0.6293
8 -3.6499 -9.3802
2 -3.8211 7.7069
2 9.5432 -3.1554
2 15.0024 -8.2952
4 0.0672 -2.4177
6 -7.0246 0.4810
10 -4.0296 -6.5399
9 -7.6046 1.3692
8 -3.6499 -9.3802
1 13.3650 -3.1554
9 9.2883 -0.6293
8 4.1038 -1.7503
10 -6.5202 6.9762
1 13.3650 -3.1554
7 2.1453 -0.7571
5 1.5834 -4.0381
3 -2.1676 -6.6679
1 9.5432 -4.8420
4 0.0672 -2.4177
3 0.2684 -6.4523
10 -4.0296 -5.4715
4 -4.5483 6.4408
3 7.7402 -2.7829
9 9.2883 -0.6293
2 -8.0670 -4.1789
6 -3.8343 -3.4144
9 9.2883 -0.6293
5 1.5834 -2.7142
9 7.9189 -9.3493
6 9.5432 -4.8420
2 13.3650 -4.8420
8 8.3039 -3.1743
9 9.2883 -0.6293
7 2.1453 -0.7571
4 0.0672 -4.2582
6 4.4603 -15.7143
8 -3.6499 -9.3802
3 0.2684 -6.4523
6 3.1956 -12.1079
9 9.2883 -0.6293
7 2.1453 -0.7571
1 9.5432 -3.1554
5 -1.5310 -4.0381
9 9.2883 -0.6293
2 13.3650 -4.8420
8 -3.6499 -9.3802
9 1.6910 -2.5280
7 2.1453 -0.7571
6 4.4603 -15.7143
7 7.7133 8.0279
9 9.2883 -0.6293
10 -8.0218 -6.5399
3 0.2684 -6.4523
5 -1.5310 -4.0381
5 -1.5310 -4.0381
9 4.9685 -1.9768
10 -8.0218 -5.4715
9 -1.1919 7.6779
2 -2.8979 3.3625
9 9.2883 -0.6293
7 1.7310 -1.7160
4 3.5099 -2.4177
10 -4.0296 -5.4715
7 2.1453 -0.7571
4 3.1043 9.6997
2 9.5432 -3.1554
