10 100
K -5.187473 4.613461 1.173990
K -3.800572 -2.314794 3.918139
P -0.016545 9.410575 1.474249 12.740741
Z 3 4.282393 -9.663399 1.047449 -4.228976
Z 2 -3.547548 7.993939 5.783792 7.731450
K -4.071601 -1.257788 1.177265
Z 6 -3.394045 -0.295047 -4.211822 0.280487
P -7.033741 0.945059 -5.764687 2.079591
K 9.359914 -8.126416 4.301019
P 6.101143 1.052194 7.935643 2.782804
3 -5.1516 -2.0883
10 7.9356 1.0522
4 1.4742 12.7407
9 0.9402 -8.8658
7 1.6346 1.3339
7 -2.7165 0.6677
2 -7.6402 -4.5309
6 -4.0716 -1.2578
1 -0.5711 6.2585
7 -2.7165 0.6677
2 -6.5890 3.8102
7 -3.5344 -2.9801
10 6.1011 2.7828
1 -5.1875 4.6135
7 -2.7165 0.6677
3 -6.1983 1.2171
4 6.7719 -7.0751
9 9.3774 2.5814
1 -5.1875 4.6135
2 -3.8006 -2.3148
10 7.9356 2.7828
2 -3.8006 -2.3148
5 -3.2207 18.3006
3 7.3923 -7.1685
6 -4.0716 -1.2578
8 -5.7647 2.0796
1 -9.0830 4.4229
9 9.3599 -8.1264
1 -9.5753 7.6446
4 1.4742 12.7407
2 9.2205 6.5106
3 -6.6567 6.2928
5 -3.2207 18.3006
1 2.9485 -6.1299
8 7.7601 4.9427
6 -4.0716 -1.2578
8 -5.7647 2.0796
6 8.3305 -7.7689
1 -5.1875 4.6135
6 -4.0716 -1.2578
10 6.1011 2.7828
7 -2.7165 0.6677
4 6.0349 -3.4667
5 -3.2207 18.3006
3 -0.0165 9.4106
8 6.0664 9.0400
8 -5.7647 0.9451
7 -4.0716 -1.2578
5 6.7958 -3.4798
7 -2.7165 0.6677
1 -5.1875 4.6135
8 -7.0337 0.9451
6 4.3020 -3.9378
3 9.0868 -8.4342
9 -3.6617 -2.4176
10 -1.6760 7.1383
6 -4.0716 -1.2578
6 -4.0716 -1.2578
8 -6.4768 1.5083
1 -5.1875 4.6135
9 9.3599 -8.1264
7 8.5335 2.3257
8 -7.0337 0.9451
4 1.9116 -9.2533
6 -4.0716 -1.2578
10 6.9002 -4.0882
4 1.4742 9.4106
2 -3.8006 -2.3148
3 1.4742 12.7407
1 -8.4334 6.6055
7 2.8946 3.5582
3 -9.9612 1.7243
9 9.3599 -8.1264
3 1.4742 12.7407
10 6.1011 2.7828
5 -1.8793 1.3937
1 5.8227 9.4507
3 -0.0165 9.4106
6 -4.0716 -1.2578
6 -4.0716 -1.2578
9 9.3599 -8.1264
5 -3.8006 -2.3148
2 6.4051 -7.9725
3 -0.0165 12.7407
10 7.9356 1.0522
10 -1.5643 -0.5597
5 -3.2207 18.3006
3 -2.7445 5.8947
1 7.5235 -8.3153
5 -3.2207 18.3006
10 7.9356 1.0522
7 0.7279 0.0296
8 -2.4880 -6.5849
1 -5.1875 4.6135
4 -13.3626 4.7963
9 9.3599 -8.1264
6 -4.0716 -1.2578
10 6.1011 1.0522
2 7.6457 -2.9346
9 9.3599 -8.1264
