10 100
K -7.311782 0.754394 4.728537
P -0.931270 -7.575695 2.304267 -4.475240
K 7.599531 1.690434 4.961320
K -6.316796 5.834114 4.922683
Z 3 9.077713 -3.045564 10.032297 -2.747623
P 4.137138 2.380914 5.497038 3.693129
P 1.437469 0.962456 5.051511 2.528963
P 6.502693 -5.208549 8.117138 -0.495613
Z 1 6.033528 -4.078878 -3.753623 5.014553
Z 7 -5.919483 -0.178116 9.817377 -1.934631
6 5.4970 2.3809
7 1.4375 2.5290
3 7.5995 1.6904
6 -6.5224 6.9294
10 1.4375 0.9625
5 3.1792 0.7865
1 -7.3118 0.7544
8 6.5027 -0.4956
6 -3.2371 -3.1193
9 9.5705 3.9982
1 -7.3118 0.7544
5 2.3725 -0.1414
4 -6.3168 5.8341
9 0.2339 8.8758
7 1.4375 2.5290
2 -0.9313 -7.5757
2 -0.9313 -4.4752
9 -7.3118 0.7544
1 -7.3118 0.7544
1 -0.9190 8.9731
2 -0.9313 -4.4752
10 4.5300 -3.7096
1 -7.3118 0.7544
4 -6.3168 5.8341
9 7.3282 8.3175
4 -6.3168 5.8341
4 -4.1487 7.4017
8 8.1171 -5.2085
6 3.1774 -8.8568
5 7.5995 1.6904
2 2.3043 -4.4752
5 10.5559 -7.7816
7 -7.4183 -0.0632
10 5.0515 2.5290
1 -7.3118 0.7544
9 -7.3118 0.7544
8 -3.2640 -9.6149
4 7.8592 -7.9356
9 -2.0475 -1.7184
7 3.4489 8.1269
4 2.5889 7.0780
4 -6.3168 5.8341
10 -0.2326 3.2920
5 7.5995 1.6904
3 7.5995 1.6904
2 2.3043 -7.5757
6 -2.5953 8.7122
3 7.5995 1.6904
4 -6.3168 5.8341
8 6.5027 -5.2085
6 4.9262 -5.4438
6 5.0021 7.9687
3 5.4249 8.9629
4 -6.3168 5.8341
5 10.5559 -7.7816
10 0.6595 -4.4407
1 -7.3118 0.7544
7 -8.6946 -2.2311
7 -9.9287 1.9461
3 7.5995 1.6904
8 6.5027 -0.4956
6 5.4970 2.3809
1 -7.3118 0.7544
1 -7.3118 0.7544
5 7.5995 1.6904
1 -7.3118 0.7544
1 -7.3118 0.7544
3 7.5995 1.6904
2 2.3043 -4.4752
9 3.8664 0.2277
5 1.4165 -4.5788
8 6.5027 -5.2085
5 7.5995 1.6904
5 8.7477 -3.0511
8 6.5027 -5.2085
9 -7.3118 0.7544
9 3.5939 5.7869
1 -7.3118 0.7544
4 -6.3168 5.8341
3 7.5995 1.6904
5 -9.7626 4.9597
3 7.5995 1.6904
7 5.0515 2.5290
2 2.3043 -7.5757
8 6.5027 -0.4956
6 4.1371 3.6931
4 -6.3168 5.8341
1 -7.3118 0.7544
7 5.6348 -2.2129
4 -6.3168 5.8341
6 4.1371 2.3809
1 -0.4740 -3.7852
7 1.4375 2.5290
8 -1.8581 7.7586
5 10.5559 -7.7816
6 4.1371 3.6931
10 5.0515 2.5290
1 -7.3118 0.7544
6 4.1371 3.6931
4 -6.3168 5.8341
