10 100
P 8.908394 7.077652 11.324454 11.613826
K 4.195477 -1.282385 2.013484
Z 1 9.269211 2.816734 -8.586538 7.117843
Z 2 6.981401 4.070658 7.566382 4.112188
Z 1 -9.467242 0.001923 3.918782 3.963879
Z 5 8.908394 11.613826 9.655991 10.949672
K -5.121068 -5.703908 3.566475
P 9.384368 -3.705702 14.237781 -1.910955
Z 1 0.977995 -1.983714 -5.551261 -2.185677
K 3.804894 5.026162 3.012608
7 -5.121068 -5.703908
3 6.814950 5.971943
1 11.324454 7.077652
4 4.195477 -1.282385
4 5.101381 0.115985
10 -7.113278 8.918629
10 3.804894 5.026162
3 8.908394 11.613826
10 3.804894 5.026162
8 14.237781 -3.705702
9 -2.076922 0.404401
7 -6.641404 -3.433394
9 -6.227668 -8.432825
5 11.826200 5.382432
10 -2.273128 -3.494112
9 11.324454 11.613826
5 8.908394 7.077652
3 8.908394 7.077652
7 1.399081 4.015475
9 11.324454 7.077652
1 8.908394 7.077652
3 2.628670 1.325081
3 4.613345 4.484101
9 9.733627 -15.065122
3 4.706903 -9.337116
8 9.384368 -3.705702
10 3.804894 5.026162
7 -5.121068 -5.703908
6 -7.268716 2.625916
2 2.150644 -3.729311
3 4.942290 -4.851172
3 9.442232 6.025062
8 14.237781 -1.910955
9 11.324454 7.077652
1 -4.925953 -8.650418
8 14.237781 -1.910955
7 -5.121068 -5.703908
5 9.799351 4.067432
5 -4.529079 -5.807664
8 9.384368 -3.705702
10 3.804894 5.026162
1 11.324454 7.077652
9 9.733627 -15.065122
5 0.071054 -4.577455
1 2.303040 3.692293
4 3.467174 8.976436
2 4.195477 -1.282385
2 4.195477 -1.282385
6 -8.912692 3.606016
4 3.467174 8.976436
2 2.017282 9.083226
1 8.908394 11.613826
10 3.804894 5.026162
3 8.908394 11.613826
6 -3.401029 0.720065
7 -5.121068 -5.703908
9 11.864710 -10.388296
8 9.100055 -7.347591
9 8.908394 11.613826
8 14.237781 -3.705702
4 2.897225 -4.873881
5 -7.744262 6.509694
3 7.007798 -0.812539
6 8.908394 11.613826
8 2.814697 -4.837570
9 8.908394 11.613826
4 4.195477 -1.282385
6 13.697597 9.748950
6 9.193006 9.214589
2 4.195477 -1.282385
7 5.572484 1.429840
9 0.997619 3.618622
10 3.804894 5.026162
4 4.195477 -1.282385
2 6.395066 -5.094908
6 8.908394 11.613826
6 -0.915980 -2.460872
4 3.863337 6.369554
3 7.007798 -0.812539
5 9.799351 4.067432
7 -1.578196 -7.938560
5 9.484291 -5.543620
9 11.324454 11.613826
4 1.759133 6.642409
1 8.908394 7.077652
9 12.145068 -14.915798
6 11.324454 11.613826
4 4.195477 -1.282385
5 12.268274 0.262003
3 9.158856 -1.912671
8 14.237781 -1.910955
4 4.195477 -1.282385
7 -5.121068 -5.703908
6 8.908394 7.077652
6 20.576972 9.614586
9 -9.215383 -1.118790
8 9.384368 -3.705702
6 9.193006 9.214589
4 4.195477 -1.282385
6 11.826200 5.382432
