10 100
K 4.100789 1.292222 3.449093
Z 1 0.740884 2.071503 0.514946 1.097361
Z 1 3.737245 3.658644 4.935784 -9.007800
K 3.054463 0.173857 4.985170
Z 4 6.110889 2.763404 6.509655 5.719302
P -0.519156 -2.250060 0.652376 1.368194
Z 6 0.652376 -2.250060 1.646178 -2.361222
K 0.371291 0.267189 4.767291
K 4.573940 -9.520899 4.770463
Z 8 0.371291 0.267189 0.583465 -0.710042
9 4.573940 -9.520899
3 3.824015 1.266033
5 0.439386 3.722907
4 3.054463 0.173857
4 3.054463 0.173857
3 3.824015 1.266033
1 4.100789 1.292222
6 -0.519156 -2.250060
7 -0.147061 -5.778894
9 -3.795563 4.256376
10 0.371291 0.267189
3 3.824015 1.266033
8 2.885739 -2.909708
8 0.371291 0.267189
3 4.100789 1.292222
4 3.054463 0.173857
3 4.100789 1.292222
5 8.371857 -0.543486
7 0.652376 -2.250060
4 4.075448 5.520591
1 4.100789 1.292222
3 3.824015 1.266033
3 3.824015 1.266033
10 -2.856773 -5.244423
4 3.054463 0.173857
5 3.054463 0.173857
3 4.100789 1.292222
4 3.054463 0.173857
10 0.371291 0.267189
2 5.038449 5.466059
2 4.100789 1.292222
4 3.054463 0.173857
3 3.824015 1.266033
5 8.371857 -0.543486
6 0.567690 9.728623
2 4.100789 1.292222
10 0.371291 0.267189
2 4.100789 1.292222
1 4.100789 1.292222
2 -2.619022 2.850784
5 -4.555565 -5.090892
9 4.573940 -9.520899
6 6.133011 3.126960
9 7.405504 -9.379554
7 4.494760 5.020655
7 -0.147061 -5.778894
3 4.100789 1.292222
9 -1.357835 -3.304302
7 6.540870 -5.054078
9 -3.718338 4.003845
9 5.091229 1.656207
6 -0.519156 -2.250060
3 1.017210 1.368803
5 -8.984276 0.402994
7 0.652376 1.368194
5 8.371857 -0.543486
3 4.100789 1.292222
3 -2.897344 -9.664559
10 0.371291 0.267189
10 0.371291 0.267189
6 -9.790991 7.319562
6 1.020372 -0.041464
1 4.100789 1.292222
7 0.652376 -2.250060
8 0.371291 0.267189
10 0.371291 0.267189
8 0.371291 0.267189
1 9.471063 3.008067
10 0.371291 0.267189
3 4.100789 1.292222
8 -0.590747 9.328192
5 3.054463 0.173857
4 -0.954204 -6.956955
1 4.100789 1.292222
6 -0.519156 1.368194
1 4.100789 1.292222
5 3.054463 0.173857
9 4.573940 -9.520899
8 0.371291 0.267189
8 0.371291 0.267189
9 4.573940 -9.520899
8 0.371291 0.267189
10 0.371291 0.267189
3 4.100789 1.292222
7 -1.289640 -5.520049
3 3.824015 1.266033
9 4.573940 -9.520899
9 4.573940 -9.520899
10 0.371291 0.267189
6 -0.519156 1.368194
9 4.573940 -9.520899
5 3.054463 0.173857
3 6.816166 1.834619
2 8.540253 -0.324119
2 4.100789 1.292222
7 -7.319703 -0.681989
7 5.631368 -6.253347
7 6.312084 1.759903
2 2.007369 9.812021
8 5.643706 8.730763
