10 100
K -7.396943 -8.813619 4.498584
Z 1 -7.396943 -8.813619 -7.529666 -7.822466
Z 1 -7.718111 -4.326515 -8.715559 -4.397908
K 5.277045 -5.022530 4.206190
P 8.424548 -2.847173 12.549286 0.607464
Z 3 -5.217800 3.664376 -5.996665 4.291568
P 9.665801 7.716374 12.906580 8.755256
Z 4 5.277045 -5.022530 6.091002 -4.441604
K 3.121710 -6.089896 1.660446
K 8.614031 7.063531 4.270922
7 -9.505371 1.147938
10 -4.702740 -2.476821
8 5.277045 -5.022530
9 3.121710 -6.089896
6 -7.396943 -8.813619
4 -0.476780 6.716372
6 -2.396323 7.168162
7 9.665801 7.716374
8 5.277045 -5.022530
10 2.752639 8.831827
7 7.502102 -2.984911
1 -7.396943 -8.813619
10 -3.341237 -7.734414
6 -7.396943 -8.813619
7 12.906580 8.755256
5 8.424548 0.607464
4 5.277045 -5.022530
3 -7.396943 -8.813619
3 -7.396943 -8.813619
3 -7.396943 -8.813619
8 -6.817964 1.466269
8 5.277045 -5.022530
2 -7.396943 -8.813619
3 -8.039278 0.160589
10 8.614031 7.063531
2 8.224321 -0.063221
6 -5.276411 9.367419
7 12.906580 7.716374
9 6.833408 9.764125
5 8.424548 0.607464
6 -8.039278 0.160589
6 -8.039278 0.160589
5 8.424548 0.607464
5 -5.865421 -6.257601
10 8.614031 7.063531
10 8.614031 7.063531
9 3.121710 -6.089896
1 -7.396943 -8.813619
1 -5.833485 0.339647
7 12.906580 8.755256
9 3.121710 -6.089896
8 5.277045 -5.022530
9 4.634512 5.105664
9 3.121710 -6.089896
5 12.549286 -2.847173
4 5.277045 -5.022530
7 12.906580 7.716374
1 -7.396943 -8.813619
7 9.665801 7.716374
3 -8.039278 0.160589
3 -1.125438 -7.091312
4 -2.629217 -8.402399
8 5.277045 -5.022530
9 3.121710 -6.089896
3 -8.039278 0.160589
1 -7.396943 -8.813619
8 5.277045 -5.022530
3 -8.282321 4.243279
5 12.549286 -2.847173
8 5.512886 -0.564485
2 -7.396943 -8.813619
4 5.277045 -5.022530
4 8.054532 2.313741
9 3.121710 -6.089896
2 -7.396943 -8.813619
10 8.614031 7.063531
3 -7.396943 -8.813619
10 8.614031 7.063531
5 8.424548 -2.847173
6 -3.564094 -1.179171
2 -7.396943 -8.813619
8 -6.684772 -9.121202
8 5.277045 -5.022530
2 -7.396943 -8.813619
6 1.250354 -0.227026
7 12.906580 7.716374
3 -1.363623 -9.443184
10 -8.041025 3.564973
6 -7.396943 -8.813619
4 5.277045 -5.022530
2 -7.396943 -8.813619
5 8.424548 -2.847173
1 -7.396943 -8.813619
6 -9.942551 6.198296
7 12.906580 8.755256
2 -7.396943 -8.813619
4 5.277045 -5.022530
9 3.121710 -6.089896
5 -8.642784 -6.413363
10 8.614031 7.063531
2 -7.396943 -8.813619
1 -1.135903 -0.310522
8 5.277045 -5.022530
3 -7.396943 -8.813619
6 -6.975569 -9.508836
9 -6.511455 7.975008
5 12.549286 0.607464
1 -7.396943 -8.813619
8 7.943122 1.237598
7 12.906580 7.716374
