10 100
P -0.873823 8.011998 3.324889 11.786778
K 5.347899 4.275874 3.952688
K -8.581791 2.743136 3.982518
P -5.968326 5.159553 -4.628603 8.495417
P 8.633062 -7.834045 10.685188 -3.354484
Z 4 9.335884 -7.551563 -6.824968 3.767209
Z 1 0.624900 2.660430 4.984891 1.852863
Z 1 9.705449 -9.337674 7.389660 4.321850
K -3.374028 -9.521246 3.650283
K -3.373358 1.660553 4.425341
9 -6.4137 9.4239
5 -3.8175 9.7449
7 -4.0431 -5.3237
5 10.6852 -7.8340
7 1.2291 -3.3031
2 5.3479 4.2759
10 -7.9807 -0.2940
6 -3.3712 -5.1832
2 -1.9658 7.9491
1 -0.8738 8.0120
1 4.8196 -0.9083
8 10.0110 9.1455
5 10.6852 -7.8340
1 -1.7535 0.7692
10 -3.3734 1.6606
5 8.6331 -7.8340
7 7.1277 2.3886
2 -9.1053 -3.4961
1 -8.4272 1.9935
4 -5.9683 5.1596
3 -6.1326 6.0652
6 -7.8407 2.4863
9 -3.3740 -9.5212
10 -3.3734 1.6606
8 3.3249 11.7868
4 6.9641 4.2483
9 -3.3740 -9.5212
6 -4.6286 8.4954
9 -3.3740 -9.5212
2 5.3479 4.2759
1 -1.8368 -4.4725
1 -0.8738 11.7868
6 -7.8407 2.4863
2 5.3479 4.2759
3 -8.5818 2.7431
3 -8.5818 2.7431
6 -4.1030 -2.8764
5 10.6852 -3.3545
4 -5.9683 5.1596
8 -0.9797 9.1553
7 5.3896 -9.2752
6 1.2769 -2.3484
10 -9.1127 -1.7538
6 -7.7105 9.7009
6 -8.5818 3.1806
1 3.3249 8.0120
2 5.3479 4.2759
3 -2.1181 3.6425
1 -0.8738 8.0120
6 -4.6286 5.1596
3 6.2803 6.7673
2 5.3479 4.2759
4 5.0568 -5.7553
1 3.3249 8.0120
3 -8.5818 2.7431
9 -3.3740 -9.5212
6 -7.8407 2.4863
2 5.3479 4.2759
3 -8.5818 2.7431
6 2.4745 2.8565
10 -3.3734 1.6606
5 8.6331 -3.3545
4 -4.6286 8.4954
7 3.3249 11.7868
4 -2.1874 4.7387
7 -4.0431 -5.3237
2 9.5201 -5.5993
4 7.3958 -8.7907
9 -3.3740 -9.5212
5 10.6852 -3.3545
2 5.3479 4.2759
1 -8.2986 -5.0944
9 -3.3740 -9.5212
6 -7.3827 1.2272
2 5.3479 4.2759
8 -0.8738 8.0120
5 9.8344 0.7348
3 -9.9453 -2.1603
7 6.5885 8.2949
10 -3.3734 1.6606
6 -4.6286 5.1596
8 2.9975 2.6014
1 8.1029 9.0179
6 -4.6286 5.1596
9 -3.3740 -9.5212
2 5.3479 4.2759
2 8.4926 -2.8774
2 -3.3559 6.0180
5 9.9996 -5.1725
4 -1.2632 -8.7799
10 -3.3734 1.6606
6 -8.6736 -5.5519
3 -8.5818 2.7431
2 -7.8450 5.7698
8 10.0110 9.1455
1 3.3249 11.7868
7 -4.0431 -5.3237
8 3.3249 8.0120
9 -3.3740 -9.5212
8 13.9751 10.5294
