10 100
P 4.800995 4.275400 7.364834 8.776605
P -9.615018 -2.641160 -5.995434 -0.862689
Z 1 8.240867 1.833916 8.241785 -3.365585
K -2.912441 7.295399 4.551856
Z 1 7.553178 -0.448770 -8.191898 1.377411
Z 1 6.597616 1.511199 -3.123066 1.693924
P -2.614326 6.473532 -1.274439 10.726036
K -5.682019 -4.006981 4.324932
Z 7 -1.274439 10.726036 -0.469675 11.319631
K -8.604096 1.267134 3.381581
1 4.8010 4.2754
6 4.8010 4.2754
9 7.3773 -7.9451
9 5.9735 1.8488
5 -6.1363 4.0894
8 -6.6071 -0.6324
1 8.9702 -5.3747
5 7.3648 8.7766
2 -5.9954 -2.6412
10 -8.6041 1.2671
1 -2.2934 -3.0618
1 4.8010 8.7766
4 -2.9124 7.2954
4 -2.9124 7.2954
1 4.8010 4.2754
6 4.5292 -5.6816
8 -0.4328 9.5720
1 7.3648 8.7766
2 -4.8574 5.8002
2 -5.2711 -5.8365
2 -5.9954 -2.6412
7 -2.6143 10.7260
6 4.8010 8.7766
1 7.3648 4.2754
5 -7.2261 -3.1874
4 -2.9124 7.2954
2 4.4029 -1.9482
6 4.8010 8.7766
6 4.5292 -5.6816
8 -5.6820 -4.0070
6 4.8010 4.2754
6 4.6984 -1.1835
7 -1.3692 9.8334
4 5.5598 -2.2511
4 -2.9124 7.2954
1 0.5001 -1.2370
2 -9.6150 -2.6412
4 8.9291 7.9232
8 -5.6820 -4.0070
9 -2.6143 10.7260
8 -5.6820 -4.0070
9 0.3990 -3.6343
1 7.3648 4.2754
1 7.3648 4.2754
8 -5.1570 8.6525
10 -8.6041 1.2671
4 -2.9124 7.2954
4 -2.9124 7.2954
8 -5.6820 -4.0070
10 -8.6041 1.2671
4 7.2453 1.2518
7 -5.4510 -4.3154
2 -5.9954 -2.6412
1 7.3648 4.2754
1 4.8010 4.2754
8 -5.6820 -4.0070
8 2.4011 -5.7525
9 -1.6604 3.6811
8 -8.8959 -7.0721
4 5.1876 7.9473
1 4.8010 4.2754
8 6.9497 -1.9944
2 -9.6150 -0.8627
4 -2.9124 7.2954
8 -8.5528 -3.9756
2 -5.9954 -0.8627
2 -5.9954 -0.8627
1 1.7998 7.3290
7 4.7032 6.0478
8 -5.6820 -4.0070
8 -5.6820 -4.0070
2 -9.6150 -0.8627
7 -9.8042 -2.4221
5 2.7625 -8.7993
5 7.3648 8.7766
8 3.9018 -3.9608
10 -8.6041 1.2671
8 -5.6820 -4.0070
5 4.8010 4.2754
4 -2.9124 7.2954
6 7.2604 -1.2799
6 7.3648 8.7766
1 7.3648 4.2754
6 -4.4703 9.8690
10 -9.9164 -0.5279
2 -9.6150 -0.8627
10 -8.6041 1.2671
8 -5.6820 -4.0070
7 -1.2744 6.4735
6 3.6132 9.6058
10 -8.6041 1.2671
10 -8.6041 1.2671
6 7.2604 -1.2799
8 -7.3663 9.2425
5 7.3648 8.7766
6 4.5292 -5.6816
4 -2.9124 7.2954
1 4.8010 4.2754
1 6.1870 -8.8477
6 4.5292 -5.6816
