10 100
P -6.399889 -2.996553 -2.736601 -1.007596
P 5.710337 6.029036 9.957060 8.531988
K -7.754282 7.562268 4.528445
P 5.471181 4.477052 10.108735 9.043157
Z 4 5.471181 4.477052 4.738046 3.796968
K -0.857301 -7.423005 4.601596
K 6.291094 -6.836245 1.792283
P 7.920414 -3.759660 12.897423 0.992858
Z 6 -1.176320 5.895867 -5.586812 -5.773796
P 8.000678 3.654974 11.025535 7.353276
3 -7.7543 7.5623
4 10.1087 4.4771
10 8.0007 7.3533
4 10.1087 9.0432
10 6.7842 5.2927
10 9.2392 -5.6009
5 5.4712 9.0432
3 -7.7543 7.5623
9 -0.8573 -7.4230
1 -2.7366 -1.0076
6 -8.6931 7.4097
2 5.7103 6.0290
2 5.7103 8.5320
9 -0.8573 -7.4230
8 7.9204 -3.7597
4 5.4712 9.0432
9 -0.8573 -7.4230
1 -4.0803 -0.6986
6 -0.8573 -7.4230
1 -6.3999 -1.0076
3 -7.7543 7.5623
7 6.2911 -6.8362
5 5.4712 4.4771
8 0.2981 -8.2546
4 5.4712 4.4771
7 -7.5325 9.0776
7 6.2911 -6.8362
2 4.7693 -9.3986
1 -2.7366 -1.0076
9 -2.3001 -1.9937
6 -0.8573 -7.4230
9 -0.8573 -7.4230
7 -8.2365 6.0912
10 -7.0403 -7.1175
8 7.9204 0.9929
8 7.9204 -3.7597
8 12.8974 0.9929
6 -0.8573 -7.4230
8 12.8974 0.9929
3 -7.7543 7.5623
3 8.0767 -8.3190
1 -6.3999 -1.0076
7 -3.4672 -5.4976
4 10.1087 4.4771
9 1.6929 -1.6887
9 -10.2249 -3.8826
8 7.9204 -3.7597
1 6.5538 -1.8291
5 7.7006 -7.2552
5 10.1087 9.0432
10 11.0255 7.3533
5 5.8189 9.1016
1 -6.3999 -1.0076
10 8.0007 7.3533
8 7.9204 0.9929
9 5.0242 7.9586
5 -9.6008 -9.7765
2 9.9571 6.0290
4 6.8039 0.4350
2 -6.9098 -1.7315
8 7.9204 -3.7597
6 -0.8573 -7.4230
5 -2.6279 -3.3793
7 2.6708 7.2256
1 -7.4466 2.0668
8 12.8974 -3.7597
2 5.7103 8.5320
8 12.8974 0.9929
1 -2.7366 -1.0076
7 6.2911 -6.8362
8 -7.8137 8.6234
1 -6.3999 -1.0076
10 8.0007 7.3533
2 -2.0887 5.2948
7 0.0985 5.8249
2 5.7103 8.5320
10 8.0007 7.3533
1 0.1049 -4.0120
10 9.9397 -9.0740
1 -6.3999 -2.9966
1 -6.3999 -1.0076
6 -0.8573 -7.4230
4 5.4712 4.4771
7 6.2911 -6.8362
4 5.4712 4.4771
1 -2.4592 6.8603
2 5.7103 8.5320
9 2.0581 0.9214
2 5.7103 6.0290
2 5.7103 6.0290
2 5.7103 8.5320
2 5.7103 6.0290
9 -10.2249 -3.8826
10 8.0007 7.3533
5 10.1087 9.0432
5 5.7114 0.6506
5 5.4712 9.0432
10 11.0255 3.6550
6 -0.8573 -7.4230
9 -5.5154 -6.7405
