10 100
K 4.242103 -7.958717 3.089550
Z 1 -5.232643 9.328615 9.251005 4.119304
P 0.617480 -6.357129 5.600136 -1.811739
K 1.819845 -8.960082 3.872426
K -6.088035 -4.916586 2.644955
P -6.485120 -2.683893 -5.313552 -0.524901
P 4.159184 4.636169 9.039196 6.197109
K 7.959456 -6.949882 3.089965
K 8.215956 -8.253402 1.386216
P -5.464128 -0.630163 -1.188559 4.300945
8 7.9595 -6.9499
2 13.0826 16.6208
4 5.6335 -1.3235
6 -6.4851 -0.5249
4 -3.6535 3.2789
2 9.6636 7.1981
6 -5.3136 -0.5249
6 -1.0839 -8.9222
9 8.2160 -8.2534
8 7.9595 -6.9499
5 -6.0880 -4.9166
4 0.1929 6.8695
8 7.9595 -6.9499
5 1.2203 -8.0132
2 4.2421 -7.9587
2 13.0826 16.6208
5 -6.0880 -4.9166
8 7.9595 -6.9499
10 -1.1886 -0.6302
4 1.8198 -8.9601
1 4.2421 -7.9587
3 5.6001 -6.3571
7 4.1592 4.6362
10 5.6922 -8.8370
9 7.0956 8.0396
1 4.2421 -7.9587
9 8.2160 -8.2534
5 4.2586 1.6540
5 -6.0880 -4.9166
2 13.0826 16.6208
4 1.8198 -8.9601
1 -3.2403 0.3884
6 -5.3136 -0.5249
2 2.9964 -6.1313
5 -1.4137 3.1643
2 5.5539 2.2514
5 -6.0880 -4.9166
7 4.1592 6.1971
7 -1.5881 -8.1624
6 -6.4851 -0.5249
10 -1.1886 -0.6302
5 -6.0880 -4.9166
10 -1.1886 4.3009
1 4.2421 -7.9587
2 4.2421 -7.9587
1 4.2421 -7.9587
3 5.6001 -1.8117
3 5.5148 -9.5613
10 -1.1886 -0.6302
6 6.2446 2.8617
7 9.0392 4.6362
2 4.2421 -7.9587
8 -2.0177 -9.2391
5 1.2568 -5.0527
1 7.7579 2.9374
7 9.0392 6.1971
2 4.2421 -7.9587
10 -1.1886 -0.6302
3 0.6175 -6.3571
9 5.5553 -4.8639
7 1.3031 3.3592
1 4.2421 -7.9587
8 7.9595 -6.9499
1 2.9885 3.9982
2 13.0826 16.6208
9 8.2160 -8.2534
5 -6.0880 -4.9166
6 -5.3136 -0.5249
7 5.6066 6.9556
4 1.8198 -8.9601
2 4.2421 -7.9587
7 -6.4025 0.6435
4 1.8198 -8.9601
3 0.6175 -1.8117
5 6.5279 -0.1562
3 1.8942 5.3543
8 7.9595 -6.9499
8 -7.4886 -8.6479
5 -6.0880 -4.9166
4 6.1355 -1.3001
4 1.8198 -8.9601
8 -3.7977 -4.9449
7 4.1592 4.6362
7 9.0392 6.1971
6 9.3138 1.8905
1 4.2421 -7.9587
9 8.2160 -8.2534
2 -2.0476 5.6093
1 4.2421 -7.9587
1 4.2421 -7.9587
8 7.9595 -6.9499
10 -5.4641 4.3009
6 -5.3136 -0.5249
3 2.5138 2.8937
6 6.6876 -5.0055
3 0.6175 -6.3571
2 4.8240 -7.4482
7 4.1592 4.6362
1 4.2421 -7.9587
3 3.5236 3.3296
