10 100
K 6.805610 -5.971138 4.879119
K 8.405711 -0.558143 3.936164
P -3.266289 -9.418311 0.708139 -7.958622
K 5.998469 4.587195 2.334862
Z 2 1.713206 -1.511775 7.803632 -7.934471
Z 2 4.572345 0.335556 4.345297 -0.638327
K 2.070666 -3.000753 3.277616
K 1.161381 8.946594 2.236129
P -4.794206 -3.338607 -0.940760 -0.794892
Z 5 -4.512204 -9.112736 -1.417606 2.171599
3 0.708139 -7.958622
6 8.405711 -0.558143
10 -11.259190 4.834729
8 1.161381 8.946594
2 8.405711 -0.558143
9 -4.794206 -3.338607
10 -11.259190 4.834729
1 6.805610 -5.971138
6 0.738980 1.229256
10 0.405746 -8.144239
9 7.838720 4.150995
8 -0.044972 5.005855
2 8.405711 -0.558143
8 1.161381 8.946594
2 8.405711 -0.558143
6 8.405711 -0.558143
5 1.967075 4.194732
9 -4.794206 -0.794892
9 -0.940760 -0.794892
10 7.341294 0.840908
7 6.086179 -3.213512
3 3.002566 5.887718
2 8.405711 -0.558143
3 0.708139 -7.958622
7 -5.281148 -0.476569
7 2.070666 -3.000753
1 6.805610 -5.971138
3 -7.419207 0.483251
3 1.032644 -5.840048
10 -8.248128 -5.771014
10 5.520860 2.221037
8 -7.508021 2.397993
1 7.817085 5.983733
9 -4.794206 -3.338607
2 8.405711 -0.558143
6 -8.888279 5.640068
5 0.405746 -8.144239
9 -4.794206 -3.338607
7 2.070666 -3.000753
8 1.161381 8.946594
7 -7.995678 3.261604
5 8.405711 -0.558143
9 -3.048449 7.067850
5 8.405711 -0.558143
4 5.998469 4.587195
2 -9.659452 2.751713
9 9.410342 1.316027
5 -5.266474 9.462609
9 -6.164623 -9.774824
7 -8.661085 -5.005106
2 -9.820254 0.692559
4 4.154332 -8.261905
10 5.816880 0.550006
8 1.161381 8.946594
3 -3.069784 0.222069
2 8.405711 -0.558143
9 -4.794206 -3.338607
7 2.070666 -3.000753
2 8.405711 -0.558143
10 -11.259190 4.834729
9 0.204807 -3.105274
1 6.805610 -5.971138
10 8.405711 -0.558143
7 6.482624 -3.530933
2 8.405711 -0.558143
5 6.237108 3.466089
10 5.009492 -9.274306
5 8.405711 -0.558143
1 6.805610 -5.971138
8 -5.343908 -3.658941
9 2.935772 -3.742714
1 9.949303 7.739204
5 3.137515 -1.081806
6 8.405711 -0.558143
10 0.405746 -8.144239
3 -8.539553 -0.792925
5 8.065659 -0.375080
10 8.405711 -0.558143
9 -0.139086 7.561738
7 2.070666 -3.000753
8 1.161381 8.946594
9 -4.794206 -3.338607
7 2.070666 -3.000753
7 2.070666 -3.000753
7 0.340243 -4.879852
3 0.708139 -7.958622
8 1.161381 8.946594
7 2.070666 -3.000753
10 0.405746 -8.144239
8 1.161381 8.946594
4 5.998469 4.587195
6 -6.226446 -0.903195
7 2.070666 -3.000753
5 0.405746 -8.144239
10 -8.248128 -5.771014
10 8.405711 -0.558143
10 0.405746 -8.144239
10 8.405711 -0.558143
4 4.675123 -7.515556
1 -4.862646 0.705552
