10 100
P -3.727425 0.134661 0.109208 4.811728
K 9.173516 5.194037 3.243212
K -4.207049 -3.801361 3.912480
P -1.424465 -7.510323 1.543950 -5.922505
K -9.167772 7.267498 2.227531
P -6.925518 -0.178987 -4.239149 3.952714
K 3.381241 8.631385 3.774802
K -7.148881 -0.642875 2.299659
P -8.276217 -0.385972 -5.980444 4.241447
P 3.887077 5.789657 6.222790 7.957566
5 -9.167772 7.267498
4 8.545411 8.043123
2 -4.271027 0.646406
7 3.381241 8.631385
5 -9.167772 7.267498
10 6.222790 5.789657
8 -7.148881 -0.642875
4 1.543950 -5.922505
4 -1.424465 -5.922505
7 3.381241 8.631385
7 3.381241 8.631385
10 3.887077 7.957566
3 -4.207049 -3.801361
3 -4.207049 -3.801361
9 -5.980444 -0.385972
10 3.887077 5.789657
5 -9.167772 7.267498
10 8.445369 -2.198414
6 -4.816677 7.536805
1 0.109208 0.134661
9 0.643744 -1.099312
10 6.222790 7.957566
3 -4.207049 -3.801361
4 2.778568 -8.853174
10 3.887077 7.957566
7 3.381241 8.631385
2 9.793257 7.438788
7 3.381241 8.631385
3 -4.207049 -3.801361
7 3.381241 8.631385
3 -4.207049 -3.801361
6 3.792460 -7.803796
3 -7.476463 -4.472258
4 1.543950 -7.510323
3 -4.207049 -3.801361
4 1.543950 -7.510323
7 9.385668 6.612097
8 4.555216 0.229583
9 -8.276217 -0.385972
3 -4.207049 -3.801361
8 -7.148881 -0.642875
10 6.222790 7.957566
5 -9.167772 7.267498
9 9.869633 -6.642286
10 6.222790 5.789657
7 3.381241 8.631385
10 3.887077 7.957566
5 -9.167772 7.267498
4 1.543950 -5.922505
7 3.381241 8.631385
10 6.222790 7.957566
1 0.109208 4.811728
6 -3.091023 7.741726
9 1.541636 0.134679
3 -4.207049 -3.801361
4 -0.042197 -0.549141
5 -9.167772 7.267498
2 6.138621 -1.508619
8 -7.148881 -0.642875
2 9.173516 5.194037
3 -4.207049 -3.801361
9 5.030081 -1.090465
3 2.288641 6.204961
6 -6.925518 3.952714
5 -9.167772 7.267498
6 -5.302267 1.116711
9 -5.980444 -0.385972
4 9.528032 -4.482962
3 -2.411941 -2.576505
5 -9.167772 7.267498
8 -7.148881 -0.642875
4 1.543950 -5.922505
10 6.222790 5.789657
5 -1.366061 4.709734
7 1.269812 -4.039794
1 2.579763 3.644668
9 6.005425 -7.015432
5 -9.167772 7.267498
2 9.173516 5.194037
4 -0.918954 -4.287333
4 -3.908933 -4.801227
8 -7.148881 -0.642875
4 -1.424465 -5.922505
1 9.354094 -5.426882
5 -9.167772 7.267498
5 -9.167772 7.267498
7 9.141194 1.221379
10 3.887077 5.789657
7 3.381241 8.631385
6 8.626517 3.684632
6 -4.239149 3.952714
6 -4.239149 3.952714
2 9.173516 5.194037
6 -4.239149 3.952714
7 -5.549590 2.047065
3 -4.207049 -3.801361
7 3.381241 8.631385
3 -4.207049 -3.801361
5 -9.167772 7.267498
2 -8.146861 6.311755
