10 100
K 1.717698 -0.258802 2.562228
P -8.567065 4.769603 -4.817980 9.476848
P 5.242634 3.856883 9.504100 5.440169
Z 1 -0.774772 -0.852607 -0.543019 -1.825382
K -6.140096 6.217769 3.070481
P -0.576714 -6.382720 1.382731 -1.439471
P 4.408460 1.628956 9.008123 3.235998
P -6.447170 -3.628542 -4.715370 -0.293057
K -5.911987 3.581847 4.635495
K 1.317538 7.862480 2.553355
2 1.418500 -8.923809
3 5.242634 3.856883
2 -8.567065 9.476848
10 1.317538 7.862480
4 -3.267243 -1.446412
3 1.775304 -7.953523
9 -1.879183 -6.077543
2 3.287314 -9.317090
5 -0.709987 3.649200
7 0.985646 0.483946
4 -3.267243 -1.446412
7 4.408460 1.628956
2 -8.567065 4.769603
4 1.717698 -0.258802
4 -3.267243 -1.446412
1 6.432376 -6.507252
10 1.317538 7.862480
6 1.382731 -6.382720
4 2.240642 9.791322
8 -6.447170 -3.628542
2 -7.643189 -1.506640
2 -4.817980 4.769603
8 -6.447170 -3.628542
5 -6.140096 6.217769
9 -5.911987 3.581847
9 -5.911987 3.581847
10 9.223295 0.496199
3 9.504100 3.856883
7 8.163567 -1.649544
6 3.614045 7.639658
9 -5.911987 3.581847
7 4.408460 3.235998
6 -0.576714 -6.382720
5 -6.140096 6.217769
5 -7.116471 -1.424065
4 -3.267243 -1.446412
9 -5.911987 3.581847
6 -9.844547 3.657757
9 -5.911987 3.581847
6 1.382731 -1.439471
9 9.692959 -5.641420
6 1.382731 -6.382720
10 1.317538 7.862480
5 -6.140096 6.217769
6 -0.576714 -1.439471
6 -7.915004 0.530166
6 -0.576714 -1.439471
4 1.717698 -0.258802
6 -0.576714 -1.439471
2 -8.567065 4.769603
8 9.613428 3.567737
10 1.317538 7.862480
8 -6.447170 -3.628542
9 -5.911987 3.581847
4 -3.267243 -1.446412
8 -4.131733 -4.840155
10 1.317538 7.862480
8 -4.715370 -0.293057
4 1.717698 -0.258802
10 1.317538 7.862480
2 -4.817980 4.769603
8 -6.447170 -0.293057
1 1.717698 -0.258802
10 1.317538 7.862480
5 -9.759447 1.974389
1 1.717698 -0.258802
2 4.905457 -1.701787
9 -5.264956 8.840855
6 -0.576714 -1.439471
7 3.590742 5.274618
3 9.504100 5.440169
3 8.186942 -2.477500
6 -0.576714 -6.382720
1 -2.196580 -9.545308
5 -6.140096 6.217769
2 -8.567065 9.476848
8 -6.447170 -3.628542
2 -8.567065 4.769603
3 9.504100 5.440169
4 1.717698 -0.258802
1 1.717698 -0.258802
5 -6.140096 6.217769
10 6.124313 -3.155990
4 1.717698 -0.258802
5 0.138240 -5.045022
6 8.894915 -9.361723
8 -4.715370 -0.293057
10 1.317538 7.862480
5 -6.140096 6.217769
2 -8.567065 4.769603
6 1.382731 -6.382720
2 -8.567065 4.769603
7 4.408460 3.235998
8 0.259126 -1.085661
6 -4.786269 7.818770
1 1.717698 -0.258802
4 -3.267243 -1.446412
5 -6.140096 6.217769
9 -5.911987 3.581847
3 5.242634 3.856883
