10 100
P 3.522125 -3.792539 8.126448 1.140977
P -1.885918 0.357129 0.758382 4.980297
K 5.149204 -5.218633 1.262131
K -8.755484 3.581680 3.966647
Z 2 -0.017711 -0.165500 2.928252 8.210850
K 0.092411 -1.323794 4.237944
P 7.992885 2.501771 12.768013 3.795749
P -4.253121 1.150795 0.460748 3.858888
K -4.996497 -9.652364 1.772954
Z 3 5.149204 -5.218633 4.162044 -5.378364
3 5.1492 -5.2186
3 5.1492 -5.2186
3 5.1492 -5.2186
4 7.0856 -2.8059
7 7.9929 3.7957
5 4.6740 2.4618
2 0.7584 0.3571
7 12.7680 3.7957
4 -8.7555 3.5817
10 1.4426 9.7708
5 2.5982 4.3332
3 5.1492 -5.2186
9 -4.9965 -9.6524
8 0.4607 1.1508
10 4.6876 8.2874
9 -4.9965 -9.6524
10 -1.8628 5.6960
3 5.1492 -5.2186
4 -8.7555 3.5817
2 7.1273 4.5791
9 -4.9965 -9.6524
6 4.1784 -2.0792
3 8.9660 -7.5353
1 8.1264 -3.7925
10 5.1492 -5.2186
1 8.1264 1.1410
6 0.0924 -1.3238
8 0.4607 3.8589
8 0.4607 1.1508
2 0.7584 0.3571
6 0.0924 -1.3238
6 0.0924 -1.3238
1 8.1264 1.1410
7 -9.1612 -5.5035
9 -4.9965 -9.6524
8 4.2404 -0.3149
5 8.6626 -0.4328
5 0.7584 0.3571
2 -1.8859 0.3571
6 8.2048 -4.1071
8 3.9302 4.5347
10 -9.4571 2.4689
9 -4.9965 -9.6524
6 -6.6415 -8.5212
8 -4.2531 3.8589
7 7.0198 4.9178
10 5.1492 -5.2186
4 -8.7555 3.5817
2 -1.8859 4.9803
7 6.8166 -3.8230
9 2.3845 -4.9632
6 0.0924 -1.3238
10 5.1492 -5.2186
8 -4.2531 3.8589
2 2.7904 -4.4682
3 5.1492 -5.2186
2 -1.8859 4.9803
1 3.5221 1.1410
8 0.4607 3.8589
4 -8.7555 3.5817
3 5.1492 -5.2186
6 0.0924 -1.3238
7 7.9929 3.7957
3 5.1492 -5.2186
4 8.4595 -8.5585
10 5.1492 -5.2186
4 -1.9223 -9.2156
2 0.7584 4.9803
6 0.0924 -1.3238
5 -8.9339 -7.1128
4 -8.7555 3.5817
8 -4.2531 3.8589
9 -4.9965 -9.6524
2 0.7584 0.3571
3 5.1492 -5.2186
9 -4.9965 -9.6524
2 0.7584 0.3571
3 5.1492 -5.2186
1 8.1264 -3.7925
8 0.4607 1.1508
6 0.0924 -1.3238
9 -4.9965 -9.6524
3 5.1492 -5.2186
7 7.9929 3.7957
1 3.5221 1.1410
2 -1.8859 0.3571
8 4.4679 -3.0328
5 -1.8859 4.9803
8 -3.6545 4.1387
6 0.0924 -1.3238
7 4.0209 6.4159
4 -8.7555 3.5817
6 0.0924 -1.3238
1 3.5221 1.1410
2 -1.8859 4.9803
5 3.3679 -2.5815
1 8.1264 -3.7925
10 5.1492 -5.2186
1 3.5221 -3.7925
5 1.7664 -0.9274
