10 100
P -2.669044 -5.031283 0.690193 -3.370855
Z 1 -2.669044 -5.031283 -3.661690 -5.152342
K -3.292000 -2.122626 2.588122
Z 2 7.949613 8.192316 7.057909 6.153837
P -2.895999 -5.861838 2.040029 -2.706805
P -1.256449 -1.961202 -0.045505 0.471702
K 4.707747 3.403171 1.839262
K -2.438898 5.076689 1.512820
K 5.392182 3.181424 2.646435
K 1.011785 4.389115 1.366272
8 3.3809 4.0267
9 5.3922 3.1814
9 5.3922 3.1814
9 5.3922 3.1814
9 6.4848 5.9053
7 3.7995 -8.6175
10 1.0118 4.3891
8 -2.4389 5.0767
9 5.3922 3.1814
1 -6.9945 -4.6074
1 1.2718 8.0747
2 -2.6690 -5.0313
8 2.0773 9.5489
8 -2.4389 5.0767
2 0.5917 -4.2239
5 -4.9456 6.4638
2 -2.6690 -5.0313
7 4.7077 3.4032
8 4.6900 1.4356
2 0.9908 -5.8357
10 1.0118 4.3891
10 4.5467 -7.0399
7 4.7077 3.4032
3 -3.2920 -2.1226
3 -3.2920 -2.1226
8 -2.4389 5.0767
6 -1.2564 -1.9612
2 -2.2700 -6.6430
9 -2.7729 9.4593
8 -4.3167 1.4793
6 -8.0194 5.9321
10 -3.8605 -6.3044
9 5.3922 3.1814
3 1.5572 -8.7124
3 -3.2920 -2.1226
1 -2.6690 -3.3709
9 8.2514 1.6815
9 5.3922 3.1814
4 2.3715 -6.4397
8 -6.3124 -4.7551
3 -5.0592 -5.5212
3 -1.9016 2.3675
8 -2.4389 5.0767
6 -4.3961 5.3828
3 -3.2920 -2.1226
4 5.4464 -8.5813
5 0.2175 -8.0434
5 -2.8960 -5.8618
5 3.9272 8.3653
5 -3.4988 1.9521
7 0.2915 1.0757
5 -2.8960 -2.7068
2 0.5917 -4.2239
5 -2.8960 -5.8618
7 -1.1706 -8.7865
8 -6.6168 5.9045
9 5.3922 3.1814
7 4.7077 3.4032
6 6.3507 3.1596
9 5.3922 3.1814
5 2.0400 -5.8618
2 -2.6690 -5.0313
9 5.3922 3.1814
3 -3.2920 -2.1226
3 -3.2920 -2.1226
2 -2.6690 -5.0313
5 7.4893 -2.4566
7 -9.6376 8.8511
4 -2.2700 -6.6430
4 8.8339 -6.6544
9 5.3922 3.1814
4 3.9919 -9.3822
10 1.0118 4.3891
5 7.0724 -5.0228
2 6.1763 4.6461
9 -1.5121 4.0812
5 2.0400 -2.7068
8 -2.4389 5.0767
10 -7.2189 3.5537
6 -0.0455 -1.9612
2 0.9908 -5.8357
8 -5.0912 2.3044
7 4.7077 3.4032
1 0.6902 -3.3709
4 2.6406 1.3813
4 5.4464 -8.5813
10 1.0118 4.3891
1 -2.6690 -3.3709
10 1.0118 4.3891
8 7.3714 -1.8558
10 0.3769 -5.4833
1 -9.4196 -3.9169
8 -2.4389 5.0767
2 0.9908 -5.8357
7 4.7077 3.4032
3 -3.2920 -2.1226
5 -2.8960 -2.7068
7 4.7077 3.4032
3 -3.2920 -2.1226
3 -1.1722 -4.7007
