10 100
K -2.388193 -2.376214 1.753277
Z 1 8.255193 8.757911 7.740468 -1.477865
Z 2 6.712494 -3.708339 3.521666 5.548825
Z 1 9.445199 1.983827 -7.670216 -2.290387
K 0.454790 5.098840 4.746097
Z 4 5.901873 -8.051354 6.907739 6.187489
K -5.421506 2.549145 3.162424
K -8.936982 9.971330 2.148282
K 7.874811 -0.103474 4.315321
K 5.780158 1.076112 4.347135
9 7.8748 -0.1035
2 17.7279 -3.3878
5 0.4548 5.0988
3 17.7279 -3.3878
1 -2.3882 -2.3762
3 -2.1609 -10.2432
10 5.7802 1.0761
2 -2.3882 -2.3762
10 5.7802 1.0761
7 -5.4215 2.5491
8 -8.9370 9.9713
10 5.5726 -1.3110
7 -7.5573 6.2839
6 15.9332 -1.0723
10 3.7954 -7.5199
8 -9.7332 -9.5481
1 -2.3882 -2.3762
1 -2.3882 -2.3762
7 3.8085 9.4090
10 5.7802 1.0761
6 1.5598 5.3314
5 7.2044 -7.3382
7 -5.4215 2.5491
8 -9.4958 5.7359
5 0.2733 -5.5625
4 -3.0487 0.2686
10 -6.8729 -5.5392
4 -3.0487 0.2686
6 -1.7503 -8.5278
1 -2.3882 -2.3762
9 7.8748 -0.1035
4 -3.0487 0.2686
3 -2.3882 -2.3762
6 14.9074 -3.5980
8 -8.9370 9.9713
10 5.7802 1.0761
1 -2.3882 -2.3762
5 0.4548 5.0988
7 -5.4215 2.5491
1 -2.3882 -2.3762
1 -2.3882 -2.3762
7 -5.4215 2.5491
3 13.0595 2.9484
4 -2.3882 -2.3762
7 -5.4215 2.5491
2 -2.6119 0.8241
8 -8.9370 9.9713
6 2.5521 5.4887
8 -8.9370 9.9713
1 -4.6126 8.9948
9 7.8748 -0.1035
10 -6.8712 8.7263
7 -5.4215 2.5491
2 17.7279 -3.3878
4 -3.0487 0.2686
9 7.8748 -0.1035
3 -2.3882 -2.3762
3 -2.3882 -2.3762
10 5.7802 1.0761
6 1.5474 0.6095
10 5.7802 1.0761
6 -3.0487 0.2686
6 14.9074 -3.5980
4 -2.3882 -2.3762
2 17.7279 -3.3878
10 -6.7988 9.3563
4 -2.3882 -2.3762
7 -1.3118 -8.7447
9 2.4276 8.8522
8 -8.9370 9.9713
5 0.4548 5.0988
9 7.8748 -0.1035
7 -7.9852 -6.3890
6 -3.0487 0.2686
5 0.1309 -1.0416
7 7.5984 9.8718
8 -8.9370 9.9713
1 -2.3882 -2.3762
1 -2.3882 -2.3762
2 17.7279 -3.3878
1 -2.3882 -2.3762
6 -2.4657 2.5658
10 5.7802 1.0761
8 -2.2654 1.4357
10 5.7802 1.0761
2 17.7279 -3.3878
1 -2.3882 -2.3762
5 0.4548 5.0988
6 -0.9998 -8.8530
2 17.7279 -3.3878
10 -6.6156 -9.7158
4 -2.9875 3.2216
4 -2.3882 -2.3762
2 -5.8506 -9.8458
3 5.9380 7.5611
2 -4.2628 -3.4982
10 5.7802 1.0761
10 5.7802 1.0761
6 8.5648 2.2455
2 17.7279 -3.3878
