10 100
K 3.389610 -2.384828 1.448917
K 3.473883 -0.574823 2.325605
Z 1 2.396960 6.119458 -1.808030 7.014205
K 7.030203 -2.577263 3.334632
P -7.333512 -2.724140 -3.655572 2.015119
P 1.405883 3.363035 2.994063 8.355588
Z 5 -5.899182 3.789319 -5.465938 5.317548
K 1.970280 4.311320 4.735029
K -1.904677 8.252859 2.474093
P 2.570017 7.731353 6.964639 9.664067
4 7.0302 -2.5773
9 -1.9047 8.2529
9 -1.9047 8.2529
10 6.9646 9.6641
5 -7.3335 2.0151
5 -7.3335 2.0151
3 3.3896 -2.3848
7 -5.6094 1.5263
4 7.3342 5.5160
4 7.0302 -2.5773
3 3.3896 -2.3848
5 -3.6556 2.0151
2 -2.9927 4.5831
8 1.9703 4.3113
10 7.3413 -6.6483
5 -4.3532 -3.2978
10 2.5700 7.7314
7 -11.2273 -0.5776
3 3.3896 -2.3848
5 -7.3335 -2.7241
8 1.9703 4.3113
1 3.3896 -2.3848
1 3.3896 -2.3848
7 -7.3335 -2.7241
5 -7.3335 2.0151
1 3.3896 -2.3848
5 8.5569 3.6556
4 -8.1009 -5.2476
8 1.9703 4.3113
10 6.9646 7.7314
2 3.4739 -0.5748
8 7.5092 4.6656
10 6.9646 7.7314
10 2.5700 7.7314
7 -11.2273 -0.5776
1 3.3896 -2.3848
6 2.9941 8.3556
2 -8.6583 5.5800
2 3.4739 -0.5748
7 -3.6556 -2.7241
6 1.4059 3.3630
3 3.3896 -2.3848
9 -7.0979 0.0630
7 2.1674 -4.6559
5 -1.7161 8.5296
4 7.0302 -2.5773
3 3.3896 -2.3848
5 -3.6556 2.0151
8 1.9703 4.3113
1 3.3896 -2.3848
8 1.9703 4.3113
1 3.3896 -2.3848
7 -5.6094 1.5263
1 -4.5858 -9.7248
3 6.7660 13.4829
7 -5.6094 1.5263
9 -1.7276 -1.6669
5 7.6174 -5.4495
9 -1.9047 8.2529
3 -4.3751 -4.9959
5 -7.3335 2.0151
2 3.4739 -0.5748
9 -1.9047 8.2529
8 0.9727 -6.6198
6 2.9941 3.3630
9 -1.9047 8.2529
7 4.5993 7.5190
1 -9.7923 -4.2879
3 9.5947 -4.3700
6 1.4059 8.3556
4 7.0302 -2.5773
2 -2.2118 6.4082
5 5.5047 7.6220
3 6.7660 13.4829
1 -2.1664 -6.2675
3 6.0972 4.7603
9 -1.9047 8.2529
7 -7.3335 -2.7241
4 7.0302 -2.5773
7 -8.0966 -2.5078
4 7.0302 -2.5773
8 -4.5555 7.2003
8 1.9703 4.3113
7 -7.9712 -1.5245
10 2.5700 9.6641
9 0.7172 -3.9052
10 6.9646 9.6641
10 2.5700 9.6641
4 -3.0713 2.9940
8 1.9703 4.3113
5 -7.3335 2.0151
2 3.4739 -0.5748
10 1.6607 -5.4598
7 -3.6556 -2.7241
7 -11.2273 -0.5776
6 1.4059 8.3556
7 -11.2273 -0.5776
6 1.4059 3.3630
9 -1.9047 8.2529
1 -9.1210 6.3684
