10 100
P -7.609962 8.408032 -5.330409 11.182747
Z 1 -8.144278 1.529136 -2.408265 2.212210
P -9.078299 -6.732177 -4.087939 -3.975052
Z 2 -3.084512 -0.656779 -9.077602 -7.112943
K 9.420092 6.802320 2.903448
P 9.118410 7.395223 11.346729 8.604775
K 1.939371 8.889534 3.302050
K 3.568343 -1.906584 2.665617
K -2.815456 9.269111 2.852948
K 8.976035 9.394266 1.326033
7 1.9394 8.8895
5 9.4201 6.8023
4 -6.1759 7.4487
1 9.9496 2.1440
4 -9.9306 9.2503
5 9.4201 6.8023
2 -5.3304 11.1827
2 -3.7937 -4.4966
4 -6.8799 6.1383
6 11.3467 7.3952
10 8.9760 9.3943
5 9.4201 6.8023
10 8.9760 9.3943
9 -2.8155 9.2691
9 -2.8155 9.2691
10 8.9760 9.3943
2 -5.3304 11.1827
1 -1.5627 0.0145
4 6.2914 -4.4963
9 -2.8155 9.2691
5 9.4201 6.8023
3 -9.0783 -6.7322
5 5.2727 9.3318
9 -2.8155 9.2691
6 11.3467 8.6048
8 3.5683 -1.9066
6 11.3467 7.3952
10 8.9760 9.3943
8 3.5683 -1.9066
8 3.5683 -1.9066
3 -9.0783 -6.7322
5 9.4201 6.8023
6 11.3467 7.3952
5 9.4201 6.8023
1 -9.1875 0.2597
3 -9.0783 -3.9751
1 -7.6100 11.1827
10 8.9760 9.3943
6 11.3467 8.6048
7 1.9394 8.8895
8 3.5683 -1.9066
7 1.9394 8.8895
9 -2.8155 9.2691
5 9.4201 6.8023
7 -1.6639 8.2714
5 -9.6816 -2.1775
2 -8.5916 1.0946
8 3.5683 -1.9066
9 -2.8155 9.2691
6 9.1184 7.3952
2 -5.3304 8.4080
6 11.3467 7.3952
8 -6.4750 7.2978
3 -9.0783 -6.7322
1 -5.3304 11.1827
7 -8.1409 3.7026
8 2.3809 -3.0150
6 11.3467 8.6048
8 4.3292 8.9916
2 -5.3304 8.4080
7 1.9394 8.8895
6 9.1184 8.6048
5 9.4201 6.8023
7 1.9394 8.8895
1 7.3356 2.0040
1 -5.3304 11.1827
1 -4.5314 3.4282
9 -2.8155 9.2691
8 3.5683 -1.9066
9 -2.0921 -9.2196
1 -2.4192 9.0353
10 2.0288 -1.9964
6 5.1678 1.4365
3 -4.0879 -6.7322
8 3.5683 -1.9066
8 3.5683 -1.9066
6 -1.2986 -5.7168
5 -1.3650 1.3866
5 -2.8715 5.2726
3 -4.0879 -6.7322
5 9.4201 6.8023
10 5.7215 1.1803
9 -2.8155 9.2691
7 -4.2884 6.5394
9 -2.8155 9.2691
6 9.1184 7.3952
6 9.1184 8.6048
2 7.4327 7.1070
10 8.9760 9.3943
1 -0.8296 7.9653
4 0.8595 1.2082
1 -5.3304 8.4080
1 -5.3304 11.1827
4 6.2914 -4.4963
9 1.0075 -4.7794
3 -9.0783 -6.7322
1 -5.3304 8.4080
4 -2.5446 -3.6019
6 11.3467 7.3952
10 8.9760 9.3943
