10 100
P -0.467184 1.814734 4.201815 4.605110
P 7.827904 -0.202796 8.944799 3.309661
P -9.722192 8.745467 -7.906719 10.752702
Z 3 9.399284 5.188367 1.482185 3.749752
Z 3 -7.906719 10.752702 -7.993419 9.756468
Z 2 -0.104266 0.350939 -6.916427 -8.418130
P -6.611686 -0.923621 -1.840465 2.899967
K 6.386174 1.593426 4.208406
P -2.463955 0.814776 2.461069 2.223857
K 6.919970 2.485573 1.529230
8 -6.1354 -2.8584
1 4.2018 1.8147
4 -7.2484 -4.8683
7 -6.6117 2.9000
8 -3.5263 -1.7670
8 6.3862 1.5934
2 7.8279 3.3097
4 -5.5490 -4.2297
3 3.7236 8.4407
3 -7.9067 10.7527
8 6.3862 1.5934
9 2.4611 0.8148
6 2.4644 8.9283
4 -2.7432 -2.1397
6 8.9448 -0.2028
5 -9.7222 8.7455
4 -4.0322 -1.7960
6 4.6121 5.6156
10 -9.2639 9.6028
10 6.4760 -8.7560
3 -2.6213 0.1808
6 -2.6023 7.8998
4 -0.0699 -0.1220
5 -6.1185 10.4391
2 8.9448 3.3097
2 -6.4731 0.4817
2 8.9448 3.3097
8 6.3862 1.5934
9 -2.4640 0.8148
8 6.3862 1.5934
9 -2.4640 2.2239
10 6.9200 2.4856
7 -1.8405 2.9000
9 -0.1092 1.0254
6 4.3127 2.5406
6 0.8010 8.7684
9 2.4611 0.8148
4 -7.9067 8.7455
3 -9.7222 8.7455
10 6.9200 2.4856
1 -0.4672 4.6051
9 1.8461 2.4228
10 -4.4901 -6.2476
3 -7.9067 10.7527
6 8.9448 -0.2028
9 -2.4640 0.8148
1 4.2018 1.8147
9 2.4611 0.8148
9 0.8433 -7.3120
4 -7.9067 8.7455
2 7.8279 -0.2028
5 -9.5572 1.9662
4 -7.2484 -4.8683
9 -2.4640 2.2239
9 -2.4640 2.2239
7 -0.1847 -5.7098
7 -6.6117 -0.9236
3 -2.2153 6.1399
2 8.9448 3.3097
8 5.6128 2.8824
10 6.9200 2.4856
6 7.8279 -0.2028
2 8.9448 -0.2028
7 9.1002 -5.5727
9 -2.4640 0.8148
3 -9.7222 10.7527
7 5.9530 -9.0669
2 8.9448 -0.2028
4 -9.7222 10.7527
9 -2.4640 2.2239
1 -0.4672 4.6051
10 3.9610 -9.6099
1 4.2018 1.8147
6 0.5248 9.8506
8 -2.7756 -6.9245
4 -5.5490 -4.2297
8 6.3862 1.5934
7 -1.8405 2.9000
2 6.5220 2.5065
7 0.3336 -3.2293
3 -9.7222 8.7455
8 6.3862 1.5934
7 -6.6117 2.9000
7 -7.1654 -1.7714
8 -6.8954 -0.3303
7 -6.6117 2.9000
1 -6.3863 7.9552
2 7.8279 3.3097
8 6.3862 1.5934
7 9.6696 1.6142
3 -9.7222 8.7455
1 4.2018 1.8147
1 4.2018 4.6051
5 -6.8902 9.2846
9 6.8286 5.5516
10 6.9200 2.4856
6 -2.2754 -3.1971
10 6.9200 2.4856
8 4.3917 0.9021
2 -5.3438 -9.9139
