10 100
P -3.647757 7.807928 -2.259286 11.590890
Z 1 -6.040494 -2.433139 -0.758204 -8.932330
P 9.134679 -9.895016 11.317738 -5.963595
K -7.858395 -9.686851 4.467319
K 7.062112 4.264356 1.514348
P 6.839051 0.056683 11.275063 4.380612
K -6.784365 -4.992529 4.040882
Z 4 -7.551941 -5.230056 -8.549586 -5.161457
Z 4 -7.858395 -9.686851 -8.762677 -10.113788
K -1.820956 3.881916 1.000155
3 9.134679 -5.963595
3 9.781245 9.343377
4 -7.858395 -9.686851
5 3.785789 9.642376
9 -7.858395 -9.686851
5 7.062112 4.264356
4 -7.858395 -9.686851
10 7.166130 -5.215252
4 4.063001 -8.866932
1 -3.647757 11.590890
9 -7.858395 -9.686851
8 2.100269 8.564209
5 7.062112 4.264356
6 11.275063 0.056683
3 9.134679 -9.895016
6 2.389925 -6.254252
8 -7.245488 -0.773260
5 7.062112 4.264356
3 9.134679 -9.895016
1 5.476294 -3.562649
3 11.317738 -5.963595
10 -1.820956 3.881916
5 -5.251748 2.149583
4 5.651464 -9.482064
1 -2.259286 7.807928
4 -9.784246 -0.952589
2 -20.257516 -1.908877
10 -1.820956 3.881916
5 -8.707753 -6.286613
8 -7.858395 -9.686851
8 -7.245488 -0.773260
6 11.275063 0.056683
2 -5.571237 4.881934
3 9.134679 -9.895016
4 3.599126 8.863388
3 4.244646 -0.703476
4 -7.858395 -9.686851
5 4.722052 4.060507
6 -4.148349 -7.252049
4 -7.858395 -9.686851
2 -2.259286 7.807928
7 -6.784365 -4.992529
7 -6.784365 -4.992529
7 -6.784365 -4.992529
4 3.100760 0.852252
4 8.390775 9.893143
2 -16.838222 -4.041265
8 -7.858395 -9.686851
4 -7.351758 -9.798251
7 -6.784365 -4.992529
10 -1.820956 3.881916
7 -3.099123 1.211013
6 7.401539 8.141761
3 9.134679 -5.963595
10 -1.820956 3.881916
3 9.134679 -9.895016
10 4.480298 -9.045228
1 -3.647757 11.590890
9 -7.858395 -9.686851
2 -3.647757 11.590890
1 -3.647757 7.807928
2 -1.297705 -4.857835
8 -7.858395 -9.686851
7 -6.784365 -4.992529
10 -1.820956 3.881916
2 -20.257516 -1.908877
1 -3.647757 7.807928
1 -3.647757 11.590890
10 -4.590985 -0.629656
2 -9.849740 -1.899086
6 3.523597 5.795202
9 -7.858395 -9.686851
7 9.880803 9.866570
4 -8.084942 8.963054
5 7.062112 4.264356
8 -0.494386 -7.268375
5 9.471343 -4.782581
7 8.958921 5.740699
6 11.275063 0.056683
9 8.648641 1.815234
3 11.317738 -5.963595
4 -7.858395 -9.686851
2 -0.361311 -4.861355
7 -6.784365 -4.992529
2 -2.259286 7.807928
4 -8.512045 9.825139
10 -1.820956 3.881916
7 -9.282554 -2.246055
3 9.134679 -9.895016
5 7.062112 4.264356
7 -6.784365 -4.992529
3 11.317738 -5.963595
3 11.317738 -5.963595
10 -1.820956 3.881916
10 2.804198 8.528792
2 -16.554421 -2.682107
3 11.317738 -9.895016
9 -2.520600 -6.909485
1 -3.647757 11.590890
10 -1.820956 3.881916
