10 100
K 8.561281 -6.987892 2.167710
Z 1 8.561281 -6.987892 9.538297 -7.201062
P 1.442122 8.483051 3.586248 12.328001
P -6.578968 -6.327622 -1.714851 -3.761876
P 4.771972 -3.402564 7.790567 -0.316085
K -9.311704 -0.933571 1.425830
P -7.664389 -5.240191 -4.356974 -1.336417
P -2.764314 6.896022 1.780712 11.409770
P -7.393008 1.317745 -4.996788 6.128651
P 7.382450 -0.242235 10.561315 4.169025
1 8.561281 -6.987892
8 -2.764314 11.409770
6 -9.311704 -0.933571
6 -9.311704 -0.933571
1 -8.933028 -7.890839
9 -4.996788 6.128651
8 9.359493 0.758358
4 -3.361315 -1.588167
1 8.561281 -6.987892
9 -7.393008 1.317745
9 -7.393008 6.128651
3 3.586248 8.483051
3 3.586248 8.483051
4 -0.887881 -3.433468
4 -1.714851 -6.327622
9 -7.393008 6.128651
10 10.561315 4.169025
7 -4.356974 -5.240191
10 -0.815189 -0.520499
8 -7.417232 8.958015
9 -7.393008 1.317745
5 7.790567 -3.402564
4 -3.536968 4.772472
6 -2.285106 3.166052
3 1.442122 8.483051
4 -6.578968 -3.761876
6 3.035749 0.362716
2 8.561281 -6.987892
8 1.780712 6.896022
6 6.946905 0.170266
2 8.561281 -6.987892
9 -4.996788 1.317745
8 -2.764314 11.409770
10 7.382450 4.169025
4 -1.714851 -3.761876
5 3.001924 -4.722966
6 -9.311704 -0.933571
7 -7.664389 -5.240191
2 8.561281 -6.987892
4 -1.714851 -3.761876
2 8.915208 7.089010
9 -7.393008 6.128651
5 4.771972 -3.402564
1 8.561281 -6.987892
4 -6.578968 -3.761876
3 1.442122 8.483051
7 -4.356974 -1.336417
5 7.790567 -0.316085
10 10.561315 -0.242235
9 -7.393008 1.317745
4 -6.578968 -6.327622
10 7.382450 4.169025
5 7.790567 -3.402564
9 7.317486 -9.548682
1 8.561281 -6.987892
3 1.442122 8.483051
10 7.382450 4.169025
2 5.107277 7.992314
1 8.561281 -6.987892
5 4.771972 -0.316085
9 -7.393008 6.128651
5 2.608915 0.220818
1 8.561281 -6.987892
1 8.561281 -6.987892
10 7.382450 -0.242235
8 -2.764314 6.896022
7 -4.356974 -5.240191
8 -2.565039 0.818952
8 -2.427865 6.096083
6 5.267622 -7.837232
1 8.561281 -6.987892
5 7.790567 -3.402564
5 -7.707774 -2.390321
9 -4.996788 6.128651
5 7.790567 -3.402564
8 -4.333552 -7.377221
5 4.771972 -3.402564
6 -9.311704 -0.933571
7 9.704561 3.444050
2 7.034643 5.915970
4 -7.617886 5.574450
1 -7.832326 9.911200
7 0.151454 5.678134
2 8.561281 -6.987892
10 -9.708158 9.075241
10 -7.247092 -7.983867
10 10.561315 -0.242235
7 1.061971 7.075598
4 6.286018 -9.097695
9 9.564969 -5.425798
3 6.845374 2.276457
7 -4.356974 -5.240191
2 8.561281 -6.987892
8 1.780712 6.896022
4 -1.714851 -3.761876
1 8.561281 -6.987892
6 -9.311704 -0.933571
10 7.551465 2.574716
10 10.561315 4.169025
9 6.651405 -1.727706
