10 100
K 6.168640 3.592811 1.286208
Z 1 6.168640 3.592811 5.818133 4.529371
Z 1 7.349987 4.101486 6.954503 5.019959
P -1.793600 3.819484 -0.268692 8.701424
Z 3 8.531334 4.610161 7.582246 4.925172
P 7.473910 8.528249 11.039886 11.582964
K -3.456725 -5.410447 1.741006
P 1.512477 -7.923814 5.041235 -4.211553
K -7.804729 7.618212 3.370926
K -0.667381 -4.000752 3.270678
4 -0.1305 7.7256
7 -6.9491 2.0821
10 -0.6674 -4.0008
5 6.1686 3.5928
7 -3.4567 -5.4104
1 -1.8281 -9.9983
1 6.1686 3.5928
7 -3.4567 -5.4104
10 -0.6674 -4.0008
2 6.1686 3.5928
7 -3.4567 -5.4104
6 11.0399 8.5282
2 -4.6043 -0.3549
4 -1.7936 8.7014
6 7.4739 11.5830
4 8.2910 -6.4752
4 8.4274 -2.0462
6 11.0399 8.5282
3 -2.7585 -9.9882
10 -8.7109 -8.6813
4 -1.7936 8.7014
5 6.1686 3.5928
8 5.0412 -7.9238
5 8.5313 4.6102
7 -3.4567 -5.4104
8 1.5125 -4.2116
10 -0.6674 -4.0008
7 -3.4567 -5.4104
5 9.6129 5.7212
3 6.1686 3.5928
6 11.0399 8.5282
7 0.2013 4.3413
10 -7.1307 -1.1594
4 -7.2222 9.9525
8 5.0412 -7.9238
4 8.9842 1.5597
7 -3.4249 -1.7924
5 6.1686 3.5928
5 6.1686 3.5928
1 0.0940 0.9367
4 8.0038 -9.4519
9 -7.8047 7.6182
8 -0.4906 7.5984
5 7.2459 6.8384
6 11.0399 11.5830
9 -7.8047 7.6182
9 -1.6947 5.2213
2 6.1686 3.5928
2 6.1686 3.5928
8 5.0412 -4.2116
3 6.1686 3.5928
5 -6.9845 -0.7322
8 1.5125 -7.9238
3 8.5313 4.6102
6 11.0399 11.5830
9 -2.1303 9.7256
9 -5.7924 -1.8023
5 8.5313 4.6102
3 1.7776 -4.0949
10 -0.6674 -4.0008
1 6.1686 3.5928
10 4.3465 -0.7810
6 7.4739 11.5830
10 -0.6674 -4.0008
9 -7.8047 7.6182
9 -7.8047 7.6182
10 -7.3179 -3.3836
10 -0.6674 -4.0008
10 -0.6674 -4.0008
4 -1.7936 8.7014
4 4.6671 9.8731
9 -7.8047 7.6182
5 1.5160 -3.1798
7 -3.4567 -5.4104
1 6.1686 3.5928
8 1.5125 -7.9238
7 -3.4567 -5.4104
10 -0.6674 -4.0008
5 7.2459 6.8384
10 -0.6674 -4.0008
10 -0.6674 -4.0008
3 2.2209 0.5712
8 5.0412 -4.2116
2 0.0633 -6.4301
4 -1.7936 8.7014
4 -2.6188 1.6734
8 5.0412 -4.2116
6 11.0399 8.5282
6 7.4739 8.5282
9 -6.2855 9.8957
5 -2.0755 5.6157
5 7.2459 6.8384
8 5.0412 -4.2116
3 8.5313 4.6102
8 8.3070 2.2690
6 4.3825 4.6340
5 -4.6877 1.5856
7 -3.4567 -5.4104
5 8.5313 4.6102
4 -0.2687 8.7014
