10 100
K -1.711375 3.826212 1.519032
K 6.589028 -5.721866 1.017124
Z 2 6.959201 -4.774494 6.027779 -4.410553
P 5.934960 8.961570 8.569967 11.868573
K -3.046789 -2.024958 2.333246
P -3.260187 0.231123 0.787741 1.708898
Z 1 1.876847 4.492015 -5.794537 3.492304
K -3.892086 -4.766119 4.638484
K -1.055908 -7.492092 3.028488
K -9.083824 -3.218490 4.552690
8 -6.3040 2.8020
9 -1.0559 -7.4921
10 -9.0838 -3.2185
5 9.0226 8.1876
7 -1.7622 4.2160
5 -3.0468 -2.0250
1 -1.7114 3.8262
8 -3.8921 -4.7661
1 -1.7114 3.8262
6 -3.2602 1.7089
4 5.9350 11.8686
7 -1.7114 3.8262
1 7.3304 8.2877
3 7.3294 -3.8271
3 7.3294 -3.8271
5 -3.0468 -2.0250
8 -3.8921 -4.7661
2 6.5890 -5.7219
7 -1.7114 3.8262
3 7.3294 -3.8271
7 -1.7622 4.2160
6 0.7877 0.2311
10 -9.0838 -3.2185
4 6.8027 -9.5943
8 -3.8921 -4.7661
3 5.2248 5.6261
4 5.9350 8.9616
8 -4.9560 4.3849
4 8.5700 11.8686
2 6.5890 -5.7219
3 -9.4917 0.0609
10 4.5585 -2.9235
10 0.3020 7.1458
1 -1.7114 3.8262
10 -9.0838 -3.2185
7 -1.7622 4.2160
2 -4.2908 7.9777
6 -0.9797 0.9134
3 6.5890 -5.7219
10 -9.0838 -3.2185
1 -1.7114 3.8262
5 -3.0468 -2.0250
1 2.8770 -9.7459
1 2.7798 9.1293
4 5.9350 11.8686
1 -1.7114 3.8262
1 -1.7114 3.8262
1 -0.0502 -0.6246
3 7.3294 -3.8271
7 -1.7114 3.8262
2 6.5890 -5.7219
7 -6.2730 -5.1461
6 -9.8146 -4.0366
3 6.5890 -5.7219
9 5.4719 -0.1488
8 4.7155 9.4978
5 -3.0468 -2.0250
6 -3.2602 0.2311
9 -1.0559 -7.4921
2 6.5890 -5.7219
3 7.3294 -3.8271
4 8.5700 8.9616
7 -0.9310 8.0798
10 -9.0838 -3.2185
5 -3.0468 -2.0250
8 -6.7454 8.6567
4 5.9350 8.9616
2 -8.7255 5.6485
3 6.5890 -5.7219
1 -1.7114 3.8262
4 8.5700 8.9616
10 -5.0833 9.7564
8 -5.3191 6.7133
5 -8.2635 -1.6607
7 -1.7114 3.8262
2 6.5890 -5.7219
3 7.3294 -3.8271
2 -9.4355 4.7440
8 -3.8921 -4.7661
8 2.0471 -3.5249
5 -3.0468 -2.0250
6 0.7877 0.2311
2 -1.7165 -6.9621
2 6.5890 -5.7219
2 6.9435 -3.2241
4 5.9350 11.8686
3 6.5890 -5.7219
2 -6.3002 0.1888
2 -6.5655 4.7785
2 6.5890 -5.7219
3 8.9371 -6.2044
6 -1.0917 6.5320
7 5.6617 -7.9236
3 6.5890 -5.7219
3 6.5890 -5.7219
4 8.5700 11.8686
4 -5.7548 4.7352
6 4.9825 -1.1829
7 -1.7114 3.8262
3 7.3294 -3.8271
