10 100
P -6.644438 2.397055 -4.518261 5.187991
P 7.304162 6.037649 11.703756 9.974911
Z 2 -3.046432 5.203412 1.483746 -3.611874
P 6.634282 3.938060 9.253169 6.930650
P 9.447276 -4.686395 12.089657 -2.053706
Z 1 4.797688 -4.782592 -9.990294 1.022031
K -5.733940 -5.756688 2.303310
Z 5 -3.097754 5.342956 5.265446 2.663389
K 9.906567 -6.744494 4.357002
K -9.562082 -3.538738 1.444157
9 9.9066 -6.7445
3 -12.9517 -0.4346
2 4.8791 8.7655
1 -4.5183 5.1880
9 7.7880 -7.2677
1 -6.6444 2.3971
3 1.9674 -0.7942
8 9.4473 -4.6864
7 3.0274 -7.7877
9 1.4727 -6.7966
1 -4.5183 5.1880
3 11.7038 9.9749
7 -2.4775 6.3770
2 7.3042 9.9749
4 9.2532 6.9306
7 9.5408 1.8761
7 -5.7339 -5.7567
1 -4.5183 2.3971
1 -6.6444 2.3971
1 -8.5028 3.5319
5 12.0897 -2.0537
2 7.3042 6.0376
5 3.4010 9.0827
2 11.7038 6.0376
2 -7.4897 -6.9053
8 13.5603 2.5363
7 -6.0482 -1.9154
6 -6.6444 5.1880
2 7.3042 6.0376
4 6.6343 6.9306
8 8.0980 4.0829
9 9.9066 -6.7445
5 12.0897 -4.6864
5 12.0897 -2.0537
9 9.9066 -6.7445
10 -9.5621 -3.5387
8 9.4473 -2.0537
10 -9.5621 -3.5387
4 9.2532 6.9306
2 7.3042 6.0376
2 7.3042 9.9749
5 9.4473 -4.6864
3 -12.3117 -6.3039
9 5.0931 -2.5988
1 -6.6444 2.3971
6 -6.9147 -3.7081
6 -10.3717 -4.3076
4 9.2532 6.9306
2 7.3042 9.9749
3 11.7038 9.9749
5 12.0897 -4.6864
8 12.0897 -2.0537
2 7.3042 6.0376
3 9.4951 3.0102
9 9.9066 -6.7445
4 6.6343 3.9381
10 -9.1897 9.9881
1 -2.4556 0.2924
5 9.4473 -4.6864
4 6.6343 3.9381
7 -5.7339 -5.7567
7 0.9006 9.8106
10 -9.5621 -3.5387
6 -10.3717 -4.3076
10 -9.5621 -3.5387
5 12.0897 -2.0537
6 -8.8132 -5.7539
8 -9.7981 6.6833
1 -6.6444 2.3971
2 11.7038 9.9749
6 -2.3286 9.4330
1 -6.6444 2.3971
6 -1.5478 1.9108
3 5.1674 0.2858
10 -1.9097 1.3669
9 9.9066 -6.7445
7 -5.7339 -5.7567
8 0.0092 1.8787
4 -6.8543 8.1558
7 -3.9185 -5.6771
3 1.7637 -4.2913
8 15.0903 4.6788
4 4.6117 -3.2659
7 -5.7339 -5.7567
10 -9.5621 -3.5387
5 0.6929 -4.5417
9 9.9066 -6.7445
4 -9.6927 -2.3327
6 -8.4732 -2.2618
5 9.4473 -4.6864
1 -4.5183 5.1880
4 6.6343 3.9381
7 7.6759 -2.1911
7 -5.7339 -5.7567
2 7.3042 9.9749
1 -6.6444 5.1880
9 9.9066 -6.7445
7 -5.7339 -5.7567
10 -9.5621 -3.5387
2 5.5491 -3.6658
