10 100
K -9.273099 4.163207 2.771478
Z 1 -9.273099 4.163207 -9.363224 5.159137
Z 2 -11.970290 3.525828 -11.740313 2.552632
P -7.689781 2.875814 -3.054060 6.350200
Z 1 -9.273099 4.163207 -9.398397 3.171088
P -4.794982 -5.748777 -3.564331 -3.913773
Z 5 -12.035517 4.387123 -12.116310 3.390392
K 8.454965 9.220776 3.210014
K 5.316091 7.517361 4.944858
K 5.038975 -0.926415 4.771156
7 -9.273099 4.163207
8 -2.360531 2.587972
10 3.934271 4.805225
3 -9.273099 4.163207
5 -0.043494 6.078745
7 -9.273099 4.163207
2 -6.222679 9.680121
8 8.454965 9.220776
7 -9.273099 4.163207
3 -14.667482 2.888450
5 -9.273099 4.163207
3 -9.273099 4.163207
9 0.071399 9.566950
2 9.299908 8.933218
3 -0.188048 1.198373
10 -1.675291 -2.576671
4 -3.054060 2.875814
7 -9.273099 4.163207
7 -14.797935 4.611039
1 -6.274839 8.633689
5 -9.273099 4.163207
4 -7.689781 2.875814
10 5.038975 -0.926415
1 -9.273099 4.163207
6 -3.564331 -5.748777
6 -4.794982 -3.913773
4 -3.054060 2.875814
9 5.316091 7.517361
3 2.085157 9.887622
10 5.038975 -0.926415
7 2.975288 -7.773765
6 -3.564331 -5.748777
5 0.982033 3.403652
4 -7.689781 2.875814
8 0.744932 5.392190
10 5.038975 -0.926415
1 -9.273099 4.163207
4 -4.410436 9.505849
3 -14.667482 2.888450
3 4.790248 5.784235
5 1.742963 9.888894
3 -9.273099 4.163207
6 -3.564331 -3.913773
10 -2.391943 7.846246
6 -4.794982 -3.913773
4 -7.689781 6.350200
10 5.038975 -0.926415
5 -9.273099 4.163207
1 -9.273099 4.163207
5 9.014393 -9.549548
9 5.316091 7.517361
1 -9.273099 4.163207
10 -5.027764 2.661915
8 3.313537 -3.648825
10 5.038975 -0.926415
6 -5.823533 -9.601400
4 -3.054060 2.875814
6 6.750994 6.924183
10 5.038975 -0.926415
2 -9.273099 4.163207
7 -0.695032 -1.402056
2 7.547798 -7.284020
9 5.316091 7.517361
5 -9.273099 4.163207
8 8.454965 9.220776
1 -9.273099 4.163207
9 5.316091 7.517361
6 -4.794982 -5.748777
2 -9.273099 4.163207
6 -4.794982 -3.913773
9 5.316091 7.517361
6 -3.564331 -5.748777
2 -9.273099 4.163207
1 3.043387 2.809959
3 -9.273099 4.163207
3 -6.690121 5.626235
9 5.316091 7.517361
2 -9.273099 4.163207
2 3.077846 0.443181
10 5.038975 -0.926415
4 -7.689781 2.875814
1 5.808814 -0.314646
10 5.038975 -0.926415
6 -3.564331 -3.913773
1 -9.273099 4.163207
9 5.316091 7.517361
6 -9.055977 1.740081
8 8.454965 9.220776
2 -9.273099 4.163207
7 -3.829963 -9.946187
1 -9.273099 4.163207
2 -9.273099 4.163207
10 8.180028 5.580811
9 5.316091 7.517361
3 -9.273099 4.163207
10 5.038975 -0.926415
5 -9.273099 4.163207
10 5.038975 -0.926415
8 -7.334440 -8.165339
4 -7.689781 6.350200
