10 100
P -5.401895 -2.839018 -0.671004 -1.063830
P 6.753589 0.568672 8.251540 3.827599
Z 1 -0.671004 -2.839018 -1.193593 -1.986433
Z 3 -7.642646 -1.759548 -0.156597 -9.392740
Z 4 2.954069 9.638951 8.552147 -7.071869
Z 4 -11.730404 -9.218060 -11.594907 -8.227282
K -2.419769 4.726870 1.389303
Z 1 4.045026 -2.934385 6.639296 7.567307
P 8.542883 7.088269 12.636782 11.765213
P -6.311950 -9.476824 -1.791251 -7.758666
2 8.2515 0.5687
2 6.7536 3.8276
7 -2.4198 4.7269
8 -4.7639 4.4296
10 -6.3119 -7.7587
3 1.4759 1.3767
8 -0.6710 -1.0638
1 -5.4019 -2.8390
10 -1.7913 -7.7587
2 8.2515 3.8276
2 6.7536 3.8276
4 0.2673 9.1178
6 -2.2529 -2.0334
10 -6.3119 -9.4768
1 9.2574 -3.3806
3 3.8434 5.2283
10 -1.7913 -9.4768
8 -2.4861 -7.0915
8 -9.0379 5.1765
1 5.9131 -7.5074
1 -5.4019 -2.8390
4 8.5598 5.8388
9 12.6368 7.0883
3 -0.1060 2.1823
10 0.7795 1.6760
7 -2.4198 4.7269
4 -6.6991 -8.7509
1 -0.6710 -2.8390
3 -0.6710 -2.8390
6 -0.6710 -2.8390
3 -0.6710 -1.0638
4 -0.9102 7.8985
1 -5.4019 -1.0638
10 7.5846 7.4602
5 -0.6710 -2.8390
2 5.5457 -3.5325
9 8.5429 7.0883
2 8.2515 3.8276
1 -5.4019 -1.0638
1 -5.4019 -2.8390
4 4.3313 2.6047
4 -7.4737 -7.1536
9 4.0250 9.1198
7 4.2268 3.6767
2 6.7536 3.8276
3 -9.8900 -5.7970
3 0.7846 3.4967
5 9.1111 3.9345
3 1.0106 1.2401
3 2.2480 -6.7549
9 12.6368 7.0883
3 -2.2529 -2.0334
2 8.2515 0.5687
9 0.1513 -5.7778
1 -2.3873 4.8792
6 9.1276 -8.6651
3 -0.6710 -1.0638
7 -2.4198 4.7269
3 -0.1060 2.1823
7 -2.4198 4.7269
9 -5.8004 1.4027
3 -5.4019 -2.8390
8 9.0896 -3.4750
10 -6.3119 -9.4768
8 9.0896 -3.4750
10 -6.3119 -7.7587
7 -2.4198 4.7269
1 -9.3183 4.8769
1 -0.6710 -1.0638
1 -5.4019 -2.8390
6 -16.4516 -7.4171
9 12.6368 11.7652
6 6.3926 0.5524
2 8.5220 -8.6770
1 -5.4019 -2.8390
1 -0.6710 -1.0638
2 3.5595 1.6806
3 -0.6710 -2.8390
10 -1.7913 -9.4768
5 7.0579 -1.6355
6 -16.4516 -7.4171
7 -2.4198 4.7269
2 7.8931 7.4009
6 -20.6710 -0.1039
10 -6.3119 -9.4768
1 3.2172 -8.9427
3 5.2276 8.2100
1 6.3402 -4.0026
1 -5.4019 -2.8390
7 -2.4198 4.7269
6 -2.2529 -2.0334
5 1.0977 -0.5104
6 -2.2529 -2.0334
6 -15.6372 0.3359
10 -1.7913 -9.4768
8 -0.6710 -1.0638
8 1.4927 -6.9219
3 -0.6710 -2.8390
9 12.6368 11.7652
2 8.2515 3.8276
