10 100
K 2.761521 2.302645 3.022164
K -3.728978 6.520729 2.074361
K -5.873538 -1.458728 3.119199
K 0.619412 1.118700 3.169443
P -8.199803 9.044536 -5.856784 11.803092
P 5.859143 6.278256 7.694672 7.361294
P 1.589577 4.919870 5.709992 8.267404
P 0.862891 -3.324977 3.508861 0.461753
P -1.109293 -5.519532 3.656290 -2.994920
P 1.558203 -7.139122 5.024551 -4.836121
2 8.9442 -4.7176
10 5.0246 -7.1391
9 3.6563 -2.9949
10 -7.6321 3.2754
4 -6.7727 -8.4635
4 4.3291 7.0840
2 -8.8940 0.2220
6 7.6947 7.3613
6 -8.7156 1.7487
2 6.5625 9.7065
10 5.0246 -4.8361
3 -9.9410 -2.4521
8 3.5089 0.4618
9 -1.1093 -2.9949
10 1.5582 -4.8361
9 -2.5109 -7.0647
6 5.8591 7.3613
7 9.5951 -0.2822
4 0.6194 1.1187
9 -1.1093 -5.5195
8 3.5089 -3.3250
4 0.6194 1.1187
7 -0.8313 5.0587
3 6.4927 -3.1681
5 -5.8568 9.0445
8 -1.6198 9.9124
10 1.5582 -4.8361
8 0.0321 -4.5888
4 0.6194 1.1187
3 -5.8735 -1.4587
6 -9.8176 -6.9332
5 -5.8568 9.0445
5 -8.1998 11.8031
5 -5.8568 11.8031
3 -5.8735 -1.4587
5 -5.8568 11.8031
1 2.7615 2.3026
10 5.0246 -4.8361
5 -5.8568 11.8031
1 2.7615 2.3026
6 7.6947 7.3613
7 1.5896 8.2674
9 -3.5065 -7.3267
8 0.8629 0.4618
3 -9.6954 -3.8038
10 -9.9006 -3.2012
6 5.8591 6.2783
4 0.6194 1.1187
6 5.8591 7.3613
8 0.8629 -3.3250
8 0.8629 0.4618
10 -8.4524 -2.1000
1 2.7615 2.3026
1 -2.1128 -2.5286
6 5.8591 6.2783
4 0.6194 1.1187
4 0.6194 1.1187
4 0.6194 1.1187
8 3.5089 -3.3250
8 3.5089 0.4618
10 5.0246 -4.8361
2 -3.7290 6.5207
3 -3.3245 -3.9560
9 8.6912 -1.6395
3 -5.8735 -1.4587
6 4.8422 -7.9704
1 2.7615 2.3026
5 -5.8568 11.8031
4 -9.2522 1.2095
6 -6.5447 8.4163
10 5.0246 -7.1391
1 2.7615 2.3026
9 3.6563 -2.9949
10 5.0246 -7.1391
6 -4.6942 -0.6204
9 -7.4953 6.5602
6 0.6304 -8.8747
9 3.6563 -5.5195
9 -1.1093 -5.5195
5 -5.8568 9.0445
4 0.6194 1.1187
9 3.6563 -2.9949
10 5.0246 -7.1391
9 3.8344 -8.4269
3 3.1889 8.0520
5 -5.1613 -5.2102
2 -3.7290 6.5207
1 2.9575 -2.9163
5 -8.1998 11.8031
2 9.4479 -6.8697
5 -3.5019 -2.6936
3 0.4134 -1.5951
4 -9.5797 -3.0450
10 2.7525 1.0013
3 -5.8735 -1.4587
5 0.1223 7.1993
1 2.7041 5.6284
8 8.0981 7.6721
2 -1.8247 -4.8874
4 0.6194 1.1187
