10 100
K -8.431284 8.579392 1.216167
P -4.946456 5.155865 -0.457967 9.832224
P 4.105094 -6.803536 5.832328 -3.147850
P 5.095344 -8.529043 8.871795 -6.847372
K -8.246829 -5.817861 1.868854
Z 5 -10.055946 -5.349128 -10.306758 -6.317164
P 0.614301 4.714382 3.787024 9.098686
Z 2 -3.617259 -2.025230 -6.116578 0.207578
P 0.052015 -8.531225 1.196447 -5.462277
K 4.292152 -5.441057 1.942519
10 4.292152 -5.441057
1 -8.431284 8.579392
10 8.614395 -3.607703
1 -8.431284 8.579392
7 0.614301 4.714382
10 4.292152 -5.441057
2 4.863477 5.701424
2 -4.946456 9.832224
7 0.614301 9.098686
1 -8.431284 8.579392
9 8.757705 7.295149
4 5.095344 -8.529043
10 -1.133443 7.352458
7 0.614301 9.098686
5 -1.803247 -8.467125
9 0.052015 -5.462277
1 4.793456 2.270607
1 1.341408 -0.404761
8 -2.805597 -5.377995
10 4.292152 -5.441057
5 -8.246829 -5.817861
2 -0.457967 5.155865
9 -0.529144 0.582751
10 4.292152 -5.441057
3 -3.103403 -8.687981
1 -1.717912 -5.705258
8 -4.946456 5.155865
3 5.832328 -3.147850
3 -9.648247 -6.918909
10 4.292152 -5.441057
1 -8.431284 8.579392
2 -5.902977 -7.634128
4 5.095344 -6.847372
9 -0.238421 8.759766
5 9.617453 -5.362752
3 4.105094 -6.803536
2 -0.457967 9.832224
9 1.196447 -8.531225
7 3.787024 9.098686
2 -4.946456 9.832224
4 7.572299 1.229056
5 8.364198 7.120551
5 -8.246829 -5.817861
9 1.196447 -5.462277
6 -8.246829 -5.817861
5 -8.246829 -5.817861
7 0.614301 9.098686
3 4.105094 -6.803536
10 4.292152 -5.441057
2 -2.201721 -0.253191
7 0.139638 5.570725
2 -0.457967 5.155865
6 -8.246829 -5.817861
8 3.064314 1.283671
7 -0.815204 6.123184
1 -0.172791 -0.718515
9 0.052015 -5.462277
9 4.785759 4.930911
1 -8.431284 8.579392
2 -4.946456 5.155865
8 -4.946456 9.832224
3 3.337355 8.183580
8 -2.951984 -8.922623
10 -5.259901 4.133363
2 2.275057 -3.702660
3 4.105094 -6.803536
8 -0.342626 4.422635
8 -0.457967 9.832224
5 -8.246829 -5.817861
2 0.859183 -5.045708
8 -15.548976 -2.035826
7 -3.094768 8.500485
2 -2.092966 -1.737208
3 4.105094 -3.147850
6 -11.865062 -4.880396
10 4.292152 -5.441057
9 0.052015 -8.531225
4 5.095344 -8.529043
2 3.791022 7.196648
8 -8.735358 -6.794363
1 -1.270812 -4.901615
7 0.614301 9.098686
6 -11.865062 -4.880396
7 -8.254373 -3.356777
4 5.095344 -6.847372
1 -8.431284 8.579392
6 -11.865062 -4.880396
2 -0.457967 9.832224
7 3.787024 4.714382
1 -8.431284 8.579392
6 -11.865062 -4.880396
7 0.614301 9.098686
8 -10.902189 -1.510751
7 -7.355618 3.212335
2 -4.946456 9.832224
10 4.292152 -5.441057
7 3.247059 8.613109
7 3.787024 4.714382
3 8.893449 -9.667904
3 4.105094 -6.803536
