10 100
P 2.725331 -2.806304 3.780676 1.035896
P 3.310795 6.090802 8.077763 8.059144
Z 1 4.880067 4.857161 4.795843 -4.011377
P -5.886989 -3.654113 -4.846144 1.280537
Z 1 5.463104 1.770879 -7.442242 -6.119057
Z 2 8.077763 6.090802 9.023762 5.766634
P -7.653176 -1.528728 -4.646496 1.961984
K -5.109389 0.139010 1.410231
Z 6 8.222487 -0.243573 9.462773 -0.981941
P -5.205780 -5.610961 -2.726137 -4.454002
3 0.3511 -1.1829
7 -7.6532 1.9620
1 2.7253 -2.8063
7 -7.6532 -1.5287
9 3.1054 7.4598
1 3.7807 -2.8063
7 9.6550 -8.2470
5 0.1124 -7.3022
5 3.7807 -2.8063
10 -2.7261 -5.6110
1 9.4508 8.2609
8 -5.1094 0.1390
7 -7.6532 -1.5287
5 3.7807 -2.8063
3 5.3297 -1.5492
6 3.1054 7.4598
2 2.8439 3.0601
8 -6.3423 1.6678
1 2.7253 1.0359
5 0.1411 1.4206
5 3.5609 -0.3309
9 0.3128 1.0549
5 2.7253 1.0359
4 -5.8870 -3.6541
8 -5.1094 0.1390
7 -9.2236 5.0647
6 8.0778 8.0591
1 3.7807 1.0359
2 3.3108 6.0908
8 -5.1094 0.1390
7 -4.6465 1.9620
7 -7.6532 -1.5287
7 -7.6532 1.9620
5 0.6222 2.3599
5 5.6513 6.7144
1 -7.7654 6.2170
10 7.7079 8.8161
4 -4.8461 1.2805
7 -7.6532 -1.5287
4 -4.8461 1.2805
9 2.5850 -3.1357
10 -2.7261 -4.4540
9 -1.1745 -5.6915
1 2.7253 1.0359
1 3.8776 9.6670
4 -5.8870 -3.6541
8 -5.1094 0.1390
7 -4.6465 -1.5287
9 8.0778 8.0591
8 9.8031 7.7061
7 -8.3106 -7.1598
1 -7.0144 -8.6192
1 4.8992 4.8834
5 3.5609 -0.3309
3 0.2349 7.3170
6 6.0405 6.2862
6 4.3127 9.0145
9 6.4800 -4.7853
6 6.8705 4.5361
2 3.3108 6.0908
10 -5.2058 -5.6110
7 -7.6532 1.9620
9 8.0778 8.0591
9 2.5850 -3.1357
4 8.1459 2.8973
8 -1.7537 7.8543
1 3.7807 1.0359
8 -5.1094 0.1390
10 -5.2058 -4.4540
2 3.3108 8.0591
6 -9.2873 -0.4866
6 5.4135 -0.6373
3 7.2878 -6.9869
4 -4.8461 -3.6541
6 4.3127 9.0145
1 2.7253 1.0359
8 -5.1094 0.1390
10 -2.7261 -4.4540
7 -4.6465 -1.5287
3 -1.4828 -5.8848
5 4.0420 0.6085
9 6.2091 -0.0077
4 0.9529 3.1896
2 8.0778 6.0908
2 3.3108 8.0591
8 -5.1094 0.1390
6 3.3108 8.0591
1 8.3710 2.2957
10 -2.7261 -5.6110
6 6.8705 4.5361
8 -5.1094 0.1390
5 2.7253 -2.8063
1 2.7253 1.0359
1 0.4811 -5.8579
10 -5.2058 -5.6110
5 0.1411 1.4206
10 -2.7261 -4.4540
1 8.2765 -5.7990
9 3.3763 -1.3334
2 3.3108 6.0908
