10 100
K -0.842310 0.483176 2.059250
P 5.495815 1.074961 8.641770 5.544465
Z 1 8.624365 1.200303 1.496381 6.463391
P -1.787512 -0.476213 3.014254 4.295774
P -4.654233 -4.258833 -0.729131 -1.735575
P 9.204881 8.899251 10.691773 10.070965
K -2.579642 -7.462794 2.807889
Z 3 0.801107 1.724019 0.198537 2.522085
K 1.985580 3.464482 4.558729
K -9.014711 1.337543 4.977216
4 3.014254 4.295774
4 2.162429 8.244110
6 10.691773 10.070965
3 3.317554 3.283831
4 3.014254 -0.476213
1 -0.842310 0.483176
10 -9.147971 -8.417335
8 2.444524 2.964861
5 -4.654233 -1.735575
5 -4.654233 -4.258833
7 -1.874942 3.623403
3 7.167162 -5.804516
10 0.274050 -6.205205
2 5.495815 5.544465
6 9.204881 8.899251
2 2.231664 1.766581
1 5.167101 -9.871627
2 8.641770 1.074961
6 10.691773 10.070965
1 -0.842310 0.483176
4 -1.787512 4.295774
2 5.495815 1.074961
6 9.204881 8.899251
4 3.014254 -0.476213
5 -7.690067 -6.122691
1 -0.842310 0.483176
2 5.495815 5.544465
5 -4.654233 -1.735575
7 -5.662601 5.792988
4 -1.787512 -0.476213
7 -2.579642 -7.462794
7 -2.579642 -7.462794
1 4.564332 7.266330
2 5.495815 1.074961
7 -2.579642 -7.462794
8 -0.842310 0.483176
2 5.495815 5.544465
9 1.985580 3.464482
5 -0.729131 -1.735575
6 9.204881 8.899251
8 -0.842310 0.483176
9 1.985580 3.464482
7 -2.579642 -7.462794
5 -0.729131 -4.258833
5 -0.729131 -1.735575
8 -2.333911 -9.263278
1 -0.842310 0.483176
3 3.949444 -9.357814
5 -4.654233 -1.735575
6 5.819848 9.665265
2 5.495815 1.074961
2 8.641770 5.544465
2 8.641770 1.074961
10 -9.014711 1.337543
4 -6.074631 0.865427
7 -2.579642 -7.462794
8 -4.671811 -5.341312
7 -2.579642 -7.462794
4 -1.787512 4.295774
10 -9.014711 1.337543
4 3.014254 -0.476213
10 -9.014711 1.337543
6 2.949316 -2.555846
5 9.328766 6.154261
2 8.641770 1.074961
1 -0.842310 0.483176
6 10.691773 10.070965
7 -2.579642 -7.462794
6 9.292749 5.626552
6 9.204881 8.899251
10 -9.014711 1.337543
7 -2.579642 -7.462794
2 8.641770 5.544465
7 -2.579642 -7.462794
7 -2.579642 -7.462794
8 6.523310 10.458693
7 -6.972214 -7.250174
4 7.471511 0.212708
7 -2.579642 -7.462794
5 -4.654233 -4.258833
5 -0.729131 -1.735575
4 1.385130 -7.461896
5 -5.901215 5.280549
2 5.495815 5.544465
8 -9.166586 -1.387772
2 8.641770 1.074961
1 -8.479602 9.913243
4 -3.957838 9.274424
6 -0.061887 7.518196
5 -4.654233 -4.258833
6 -8.048033 -4.124751
7 -2.579642 -7.462794
10 -9.014711 1.337543
6 -0.432635 7.903174
8 5.349465 0.605887
5 -0.729131 -1.735575
2 4.979933 4.416850
7 -2.579642 -7.462794
7 -2.579642 -7.462794
9 1.985580 3.464482
