10 100
K 0.666484 -4.292628 2.769665
K 6.626264 -5.301879 4.148905
K 5.791142 1.804277 3.393200
P 9.329763 -0.488438 13.790222 2.511764
P 2.316992 0.405439 4.069916 3.804686
K -8.941431 -7.900260 3.593095
K -3.239598 2.159817 3.271944
P -8.885114 -1.542028 -6.758522 2.109756
P -1.687658 -6.148144 -0.122790 -2.820604
K 3.748140 0.301533 3.328878
1 0.666484 -4.292628
7 -3.239598 2.159817
2 6.626264 -5.301879
3 -6.677892 7.580022
8 -6.758522 -1.542028
5 2.316992 3.804686
1 0.666484 -4.292628
5 -9.610623 8.842104
7 -3.239598 2.159817
1 0.666484 -4.292628
9 -0.122790 -2.820604
2 6.626264 -5.301879
1 0.666484 -4.292628
4 13.790222 -0.488438
10 3.748140 0.301533
8 4.207205 8.526597
1 0.666484 -4.292628
6 1.391403 4.609489
4 13.790222 -0.488438
9 8.241873 -2.257032
7 -8.863057 1.083421
3 5.791142 1.804277
1 0.666484 -4.292628
10 -5.767417 -4.912122
7 -3.239598 2.159817
5 2.316992 0.405439
3 5.791142 1.804277
1 0.666484 -4.292628
6 4.882885 -5.750408
4 -2.805095 8.453369
4 13.790222 -0.488438
5 4.069916 0.405439
1 0.666484 -4.292628
2 -9.255405 -4.851387
2 -5.154581 7.117327
1 0.666484 -4.292628
6 -8.941431 -7.900260
9 -0.122790 -2.820604
1 0.666484 -4.292628
6 -8.941431 -7.900260
9 -0.122790 -6.148144
8 -6.758522 -1.542028
9 -1.687658 -6.148144
7 -3.239598 2.159817
8 -6.758522 -1.542028
7 -3.239598 2.159817
8 3.400586 6.218079
1 0.666484 -4.292628
9 -1.687658 -6.148144
1 -7.319482 -3.504170
9 -0.122790 -2.820604
7 -3.239598 2.159817
3 -3.655139 5.190295
4 13.790222 -0.488438
10 3.748140 0.301533
3 5.791142 1.804277
10 3.748140 0.301533
9 -1.687658 -6.148144
7 -3.239598 2.159817
5 4.069916 0.405439
5 4.069916 0.405439
7 -3.239598 2.159817
8 -6.758522 2.109756
1 0.666484 -4.292628
6 -9.453978 -0.416576
8 -6.758522 2.109756
10 3.748140 0.301533
1 6.903109 5.564804
3 5.791142 1.804277
10 3.748140 0.301533
7 1.634523 -8.726683
7 -3.239598 2.159817
6 -8.941431 -7.900260
9 7.100962 -6.230347
2 6.626264 -5.301879
7 -3.239598 2.159817
6 -8.941431 -7.900260
9 -1.687658 -2.820604
9 -0.122790 -6.148144
4 13.790222 2.511764
10 -1.191823 -6.811206
8 5.620797 8.707684
10 3.748140 0.301533
7 -3.239598 2.159817
5 4.069916 3.804686
9 -0.765734 -8.834933
7 -3.239598 2.159817
2 -4.611621 -4.941104
1 0.666484 -4.292628
6 -8.941431 -7.900260
4 9.329763 -0.488438
8 -8.885114 2.109756
3 9.230700 9.419573
4 -0.269918 7.827171
1 0.666484 -4.292628
10 3.748140 0.301533
10 -7.278704 -6.988074
10 3.748140 0.301533
3 -9.995764 2.382392
6 -8.941431 -7.900260
