10 100
P -1.561124 -1.088006 2.644851 2.375863
Z 1 -4.072830 8.698455 -9.300196 7.983623
P 7.556719 2.647657 10.892430 5.492165
K 3.151013 -3.528139 1.210719
K -7.233354 0.794501 3.904490
Z 4 -8.599529 -7.709007 7.680313 8.199626
P 6.540034 -9.665768 8.813516 -8.376671
K -9.285117 7.391880 3.171396
P -3.652227 3.320820 0.218174 5.366304
Z 4 3.151013 -3.528139 4.008444 -4.042736
9 -3.6522 5.3663
4 3.1510 -3.5281
6 3.4456 6.8803
2 9.9253 9.5763
4 3.1510 -3.5281
4 -8.0794 -6.8677
1 -1.5611 2.3759
1 2.6449 -1.0880
7 -1.7190 5.3182
1 4.7967 -3.7764
2 1.6354 -1.6272
8 1.8873 1.0623
2 -1.5611 2.3759
10 3.1510 -3.5281
4 3.1510 -3.5281
3 7.5567 2.6477
6 -3.9558 -5.2495
7 -8.1159 -7.4438
4 8.4885 -6.8019
10 3.1510 -3.5281
3 -0.1924 -2.6751
7 -7.9062 -5.6354
10 3.1510 -3.5281
6 -4.1488 3.9420
2 -4.2808 18.8000
3 10.8924 2.6477
5 -2.9111 3.2800
8 -2.7316 9.9121
6 -4.1488 3.9420
5 -7.2334 0.7945
9 0.2182 5.3663
10 -2.3420 6.6098
8 -9.2851 7.3919
2 -4.2808 18.8000
3 10.8924 2.6477
2 2.6449 2.3759
3 10.8924 5.4922
1 -5.1691 7.7250
9 0.2182 3.3208
9 0.2182 3.3208
8 -9.2851 7.3919
8 -3.4821 -9.1000
2 -4.2808 18.8000
2 -1.5611 2.3759
2 -4.1874 6.2637
6 -4.1488 3.9420
2 -4.2808 18.8000
9 -3.6522 5.3663
3 10.8924 2.6477
6 3.1510 -3.5281
3 10.8924 5.4922
9 -3.5898 3.3748
2 -7.8876 -1.4810
4 3.1510 -3.5281
4 3.1510 -3.5281
3 7.5567 2.6477
8 0.7161 -0.0217
6 -4.1488 3.9420
3 7.5567 5.4922
2 2.6449 -1.0880
7 -5.5503 6.3697
4 -0.4352 -5.6865
4 3.1510 -3.5281
10 3.1510 -3.5281
3 1.0144 3.5858
8 1.7944 4.2040
8 -9.2851 7.3919
7 6.7674 2.3214
4 -6.4743 -0.4079
2 -7.2520 1.3739
3 10.8924 2.6477
3 10.8924 5.4922
5 -7.2334 0.7945
1 2.6449 2.3759
10 -9.8277 5.1059
2 -0.2292 19.9292
2 -3.3508 15.4633
3 10.8924 5.4922
6 -1.6442 6.3200
10 -4.8183 -0.0977
2 2.6449 -1.0880
8 -1.2392 -2.3283
5 -7.2334 0.7945
6 3.1510 -3.5281
1 2.6449 2.3759
9 0.2182 3.3208
9 -3.6522 5.3663
6 3.1510 -3.5281
7 -7.8387 -8.4562
5 9.1064 0.1230
5 4.3273 -5.3274
1 9.6333 -7.5160
2 2.6449 -1.0880
6 3.1510 -3.5281
9 6.2177 -2.9595
8 -0.1094 1.3084
7 6.5400 -8.3767
9 0.2182 5.3663
1 2.6449 -1.0880
3 7.5567 2.6477
