10 100
K 1.321801 9.866232 4.933332
K -7.136021 -3.286024 2.169589
Z 1 -0.278936 5.199820 0.666958 4.875346
P 1.732577 -5.912533 3.941524 -2.964949
Z 3 -3.074850 7.628549 -2.621266 6.737336
Z 5 6.280314 6.840957 -1.962289 -6.802331
P 6.813789 3.358088 8.717737 7.680840
Z 1 0.126843 5.079810 1.097064 4.837588
P 5.994876 8.887327 8.779053 10.991952
Z 7 8.110409 -5.318844 2.434865 -7.933990
3 -1.879673 0.533407
2 0.864326 0.670510
8 -3.162461 1.367490
6 -1.879673 0.533407
5 1.958049 2.486622
9 5.994876 8.887327
2 -6.692669 -7.601189
4 3.941524 -2.964949
3 -8.680020 4.874522
2 -7.136021 -3.286024
2 -7.136021 -3.286024
7 8.717737 3.358088
10 -0.214495 6.857575
7 -8.159442 1.852341
8 1.321801 9.866232
8 -8.386576 -1.293690
9 8.779053 10.991952
8 1.321801 9.866232
10 18.386823 -13.303576
8 1.321801 9.866232
6 4.436573 0.989220
1 1.519350 5.694223
9 5.994876 10.991952
3 1.321801 9.866232
9 8.779053 8.887327
7 8.717737 7.680840
8 1.321801 9.866232
6 -7.146712 -9.566523
6 0.216064 -8.428372
2 -7.136021 -3.286024
7 8.717737 7.680840
9 8.779053 8.887327
8 8.245324 -8.487607
7 8.717737 7.680840
2 -9.832693 -9.523036
5 -1.879673 0.533407
6 4.436573 0.989220
7 8.717737 7.680840
9 5.994876 10.991952
3 1.321801 9.866232
4 1.732577 -5.912533
4 0.928535 -3.919673
6 4.932890 2.518078
1 -4.680910 7.789090
7 -4.213550 -7.918353
5 -1.879673 0.533407
1 1.321801 9.866232
8 7.737725 4.821808
4 1.732577 -5.912533
4 3.941524 -2.964949
7 6.813789 3.358088
7 7.415056 4.638759
4 3.941524 -2.964949
6 1.321801 9.866232
5 -9.865945 4.264838
8 -1.068115 0.293387
8 -1.068115 0.293387
7 6.813789 3.358088
10 7.151988 6.056534
1 1.321801 9.866232
3 9.163421 -3.720656
2 -7.136021 -3.286024
3 -5.053946 -7.104472
9 5.994876 8.887327
7 8.717737 7.680840
3 1.321801 9.866232
2 -7.136021 -3.286024
6 -7.471501 5.390867
10 6.813789 7.680840
9 -8.988703 0.526378
8 -1.068115 0.293387
4 -3.072952 8.071965
4 3.941524 -5.912533
9 8.779053 10.991952
8 3.906270 -9.776355
7 6.813789 7.680840
7 9.198668 -1.395335
4 3.941524 -2.964949
5 -1.879673 0.533407
4 -0.583470 4.935233
6 1.321801 9.866232
1 -5.460495 -7.702663
9 5.994876 8.887327
5 1.321801 9.866232
2 -8.054447 7.171446
4 1.732577 -2.964949
6 4.492901 -3.316588
8 -1.068115 0.293387
6 6.468481 -3.577492
2 -7.136021 -3.286024
9 9.616432 8.683958
7 9.474319 8.766581
3 1.321801 9.866232
4 1.732577 -5.912533
5 -7.471501 5.390867
4 1.732577 -2.964949
4 1.732577 -5.912533
6 -1.879673 0.533407
1 1.321801 9.866232
1 1.321801 9.866232
