10 100
P -8.312675 -9.457230 -4.505722 -8.047734
P 0.491925 -7.628410 5.157225 -6.219524
K -3.460814 -8.149546 4.110939
P -8.835441 9.609143 -6.062267 13.377235
K -5.026757 -6.623177 1.345186
Z 5 -3.867769 -7.306020 -3.360150 -6.444438
K -6.389022 1.851548 3.048129
P 5.437484 -8.134882 10.251702 -5.847869
P 2.064296 0.415794 3.967838 2.947785
Z 2 0.491925 -6.219524 -0.210422 -5.507690
10 5.157225 -7.628410
3 -3.460814 -8.149546
9 3.967838 2.947785
3 -3.460814 -8.149546
6 -2.708782 -7.988862
7 -6.389022 1.851548
6 -2.708782 -7.988862
5 -5.026757 -6.623177
4 -6.062267 13.377235
1 -8.312675 -8.047734
4 -6.062267 9.609143
7 -6.389022 1.851548
7 2.149289 -6.640669
1 0.206712 -7.979819
9 -0.427175 1.675623
6 -5.026757 -6.623177
8 -1.641910 1.227672
5 -5.026757 -6.623177
2 5.157225 -6.219524
7 7.794156 -5.655579
8 10.251702 -8.134882
8 10.251702 -5.847869
8 5.437484 -5.847869
2 5.157225 -6.219524
6 -2.708782 -7.988862
5 -5.026757 -6.623177
9 3.967838 2.947785
4 -0.102370 -3.278084
10 -1.732010 9.556079
1 -8.312675 -8.047734
5 7.355647 2.212185
4 0.242128 6.523493
4 1.992992 8.798024
1 3.725768 -1.079495
9 3.967838 0.415794
3 -3.460814 -8.149546
9 2.064296 0.415794
7 -6.389022 1.851548
6 -5.026757 -6.623177
5 -5.026757 -6.623177
6 -8.326734 -4.728473
6 -6.813471 3.365503
8 3.022023 -3.049975
9 2.064296 0.415794
6 -5.026757 -6.623177
5 -5.026757 -6.623177
7 -6.389022 1.851548
2 0.491925 -6.219524
8 10.251702 -8.134882
10 5.157225 -7.628410
9 2.064296 2.947785
10 5.157225 -7.628410
3 -3.460814 -8.149546
8 5.509290 -6.175716
2 4.560461 1.322461
3 -3.460814 -8.149546
4 -6.062267 13.377235
3 -3.460814 -8.149546
6 -3.505697 6.843989
8 -1.781939 9.530912
2 0.491925 -7.628410
8 10.251702 -8.134882
7 -6.389022 1.851548
8 5.437484 -8.134882
5 -8.598743 1.127430
1 -8.312675 -9.457230
3 -4.221845 5.074928
3 8.524737 -7.181642
2 -1.858291 -2.897089
8 5.437484 -8.134882
3 -3.460814 -8.149546
9 3.967838 2.947785
8 10.251702 -5.847869
10 1.126424 -9.969592
3 -3.460814 -8.149546
9 2.064296 2.947785
4 -6.062267 9.609143
1 -4.505722 -8.047734
9 2.064296 2.947785
5 -5.026757 -6.623177
3 4.642532 -7.648616
9 9.474495 -3.024767
8 7.775734 4.872377
10 5.157225 -6.219524
4 -6.062267 13.377235
4 5.573260 -4.917870
9 -1.303848 0.273079
7 -6.389022 1.851548
6 -5.026757 -6.623177
3 -3.460814 -8.149546
4 -6.062267 9.609143
8 5.437484 -5.847869
4 -6.062267 9.609143
2 0.491925 -6.219524
1 3.969520 2.494630
1 -5.448181 5.475682
9 -1.616243 -3.681493
2 5.157225 -6.219524
8 5.437484 -5.847869
2 0.491925 -7.628410
