10 100
K 4.453716 -3.245885 3.448548
K 9.294185 -4.108667 2.991426
P -7.412304 -5.704117 -4.401641 -4.699577
K 1.157315 -7.303118 4.900865
Z 3 -7.510676 -0.963987 5.380242 0.081386
Z 2 -3.520864 -3.631765 7.903931 -2.192992
P 1.655519 3.314964 3.279164 6.139252
Z 1 -9.645971 -6.978603 5.935221 -7.120554
P 0.568082 4.659212 5.441514 7.114882
Z 3 1.728369 -7.135951 -5.945825 8.540693
3 -7.412304 -4.699577
2 -7.581724 4.105482
8 3.436117 -9.985066
6 9.294185 -4.108667
10 6.204144 0.961548
7 -9.236261 2.144413
8 4.383368 -10.967588
6 9.294185 -4.108667
6 0.542101 -9.374442
8 4.383368 -10.967588
2 9.294185 -4.108667
6 8.775810 0.007563
2 1.455799 6.156156
8 4.383368 -10.967588
3 -4.401641 -5.704117
4 -4.360155 4.876237
1 4.453716 -3.245885
8 4.453716 -3.245885
6 9.294185 -4.108667
9 -3.058510 1.516541
8 -2.535823 -0.641236
9 0.568082 4.659212
6 8.775810 0.007563
9 5.441514 4.659212
9 6.201541 -0.414581
7 1.655519 3.314964
2 -9.203125 -9.875636
10 -9.550171 -7.143687
9 5.441514 7.114882
8 -8.088793 -7.529987
7 1.655519 6.139252
7 2.797270 5.636459
6 8.775810 0.007563
3 -7.412304 -4.699577
5 8.525431 7.786812
7 -8.763740 -8.989609
2 9.294185 -4.108667
5 -7.412304 -4.699577
2 9.294185 -4.108667
1 4.453716 -3.245885
4 1.157315 -7.303118
8 -4.111903 -2.385519
5 8.627185 0.983401
7 -2.879986 -0.090243
5 -4.243111 -9.032075
10 -7.412304 -4.699577
8 -5.421199 -9.845484
6 9.294185 -4.108667
7 3.279164 3.314964
10 5.185023 3.469623
4 1.157315 -7.303118
10 -4.401641 -4.699577
10 5.410763 1.577705
4 1.157315 -7.303118
10 4.357488 -1.416257
6 8.775810 0.007563
7 1.655519 3.314964
7 7.042349 -8.280742
9 5.441514 7.114882
3 -7.412304 -4.699577
4 1.157315 -7.303118
7 1.655519 3.314964
9 0.568082 4.659212
4 1.157315 -7.303118
8 4.453716 -3.245885
1 -4.222905 3.908619
3 -7.412304 -4.699577
3 -4.401641 -4.699577
4 -7.083641 4.336597
4 1.157315 -7.303118
9 0.568082 4.659212
6 8.775810 0.007563
10 -4.401641 -4.699577
3 -4.401641 -5.704117
3 -7.412304 -5.704117
7 -2.474093 7.014444
9 0.568082 4.659212
5 -7.412304 -5.704117
6 9.294185 -4.108667
6 -8.942033 9.988281
4 -5.570028 -7.409222
3 -4.401641 -4.699577
5 -7.412304 -5.704117
1 4.453716 -3.245885
1 4.453716 -3.245885
2 9.294185 -4.108667
10 4.357488 -1.416257
5 -4.401641 -5.704117
4 -6.840262 -7.676221
5 -7.412304 -4.699577
8 4.453716 -3.245885
10 6.518832 -6.872790
2 9.294185 -4.108667
8 4.453716 -3.245885
5 -7.412304 -5.704117
9 5.441514 4.659212
10 4.357488 -1.416257
1 3.554459 -5.963873
2 9.294185 -4.108667
6 9.294185 -4.108667
