10 100
P 4.066728 6.712270 8.473410 10.202238
Z 1 8.473410 6.712270 7.596021 7.192050
P 4.967042 -4.804246 7.687821 -0.737121
P 4.339687 8.091918 7.254564 9.784821
P -9.169288 -3.775892 -5.753594 -0.936832
P 2.897211 -1.420736 7.207655 1.876292
P 6.410580 6.964824 11.017812 10.564012
P -0.529953 -1.052475 0.969321 1.108489
K 2.827423 5.171903 2.648188
K 3.650809 3.875070 2.766070
10 3.650809 3.875070
9 2.827423 5.171903
7 5.765562 -6.970226
4 7.254564 9.784821
3 7.687821 -4.804246
2 6.095465 10.422286
3 4.967042 -0.737121
1 8.473410 10.202238
10 3.650809 3.875070
9 2.827423 5.171903
7 11.017812 10.564012
8 -0.529953 1.108489
5 -5.753594 -3.775892
1 4.066728 10.202238
10 3.650809 3.875070
10 3.650809 3.875070
5 -7.779289 -9.739883
1 8.473410 6.712270
10 3.650809 3.875070
7 6.656587 7.604496
9 -6.123484 -6.075816
4 3.908837 -6.126226
9 2.827423 5.171903
9 2.827423 5.171903
8 -0.529953 -1.052475
2 3.157236 8.539020
3 4.597452 1.948019
8 0.969321 1.108489
7 11.017812 10.564012
8 -0.529953 1.108489
2 8.473410 6.712270
3 7.687821 -0.737121
8 0.969321 1.108489
9 -8.935616 0.846257
7 4.945477 4.504277
4 4.339687 8.091918
7 11.017812 6.964824
2 8.960724 -3.579622
9 2.827423 5.171903
6 7.207655 1.876292
2 8.473410 10.202238
8 -0.529953 -1.052475
8 0.969321 -1.052475
2 4.066728 6.712270
3 7.687821 -4.804246
1 4.066728 10.202238
5 -9.169288 -3.775892
8 -0.529953 -1.052475
3 -9.955410 -5.674583
2 3.157236 8.539020
8 0.969321 1.108489
10 3.650809 3.875070
4 4.339687 8.091918
6 2.897211 1.876292
3 4.967042 -4.804246
4 7.254564 9.784821
6 7.207655 -1.420736
7 6.410580 6.964824
3 -7.644703 -8.444156
9 2.827423 5.171903
7 3.237259 6.311215
4 4.339687 8.091918
10 0.388815 5.600234
5 -9.169288 -0.936832
2 2.766890 7.605205
7 11.017812 10.564012
2 8.473410 6.712270
1 4.066728 6.712270
10 3.650809 3.875070
10 3.650809 3.875070
1 9.384139 -8.673515
2 6.095465 10.422286
9 2.827423 5.171903
7 -5.163286 -8.379730
2 -0.999694 -5.629187
10 3.650809 3.875070
4 4.339687 9.784821
9 2.827423 5.171903
6 1.828954 2.240988
10 3.650809 3.875070
6 1.707751 -9.090125
1 8.473410 10.202238
2 -5.377444 4.884908
1 -8.477646 9.673703
3 -4.959636 5.465153
3 0.387197 9.965445
6 2.897211 1.876292
9 6.476961 -6.760555
6 7.207655 1.876292
3 7.687821 -4.804246
10 3.650809 3.875070
8 -0.529953 -1.052475
4 7.254564 8.091918
6 2.897211 -1.420736
2 4.066728 6.712270
10 3.650809 3.875070
10 -5.888883 -7.224708
8 -2.436669 -1.430806
7 7.373719 -5.270378
8 0.969321 1.108489
