10 100
K -2.182761 -3.593517 3.467485
K -3.536563 -1.488479 4.095688
P 3.307002 -2.038835 4.434749 1.783381
P -0.291815 -1.944509 2.793909 2.453801
Z 1 3.082122 3.086381 1.958411 -4.043445
K -8.924722 0.246877 2.029680
P 8.190728 -8.141654 10.839978 -5.611531
Z 1 -2.182761 -3.593517 -2.686441 -4.457407
K 9.731468 1.040289 2.719679
Z 4 5.782779 -7.541948 -0.658263 1.942443
8 5.650955 5.917671
7 4.377551 -3.331815
9 -3.198520 2.791745
4 -0.291815 -1.944509
6 8.593713 0.836974
6 6.005601 -7.381884
9 1.370260 -4.977691
7 10.839978 -5.611531
7 10.839978 -8.141654
10 -2.045071 -5.661116
3 -8.001039 -0.032515
3 4.434749 1.783381
1 -2.182761 -3.593517
5 3.212711 1.999531
4 2.793909 2.453801
7 8.190728 -5.611531
1 -2.182761 -3.593517
4 -0.291815 2.453801
7 -0.278559 0.369775
1 -3.656880 7.678570
3 3.152351 0.881015
3 4.434749 -2.038835
6 -8.924722 0.246877
1 -2.182761 -3.593517
10 -0.969262 8.417213
1 -2.182761 -3.593517
8 -9.615365 -4.650526
1 -2.182761 -3.593517
5 -2.182761 -3.593517
5 -5.895854 -3.027588
1 -2.182761 -3.593517
5 -5.643956 8.339174
7 10.839978 -5.611531
5 6.037222 -4.889044
3 1.262588 -1.054106
2 -3.536563 -1.488479
1 -2.182761 -3.593517
7 10.839978 -5.611531
4 -0.291815 -1.944509
2 -7.683333 8.928528
5 -2.490402 -6.832803
9 -6.303878 -8.858631
5 -2.182761 -3.593517
4 -0.291815 -1.944509
2 -3.536563 -1.488479
10 2.793909 -1.944509
5 -2.182761 -3.593517
8 -5.576379 -1.060234
10 -0.291815 2.453801
8 -2.182761 -3.593517
4 2.793909 -1.944509
6 1.215665 -3.268508
3 3.307002 1.783381
10 5.499980 0.242458
10 0.906697 3.708300
4 2.793909 2.453801
3 -8.635278 7.747119
8 -2.182761 -3.593517
10 -1.268710 1.790372
1 -2.182761 -3.593517
6 -9.855365 -7.043959
8 -2.182761 -3.593517
2 -3.536563 -1.488479
6 -8.924722 0.246877
7 8.190728 -8.141654
9 9.731468 1.040289
4 2.793909 2.453801
8 -8.458840 -8.627265
6 -8.289223 1.521665
8 -2.182761 -3.593517
7 -6.969259 -7.221289
3 3.307002 -2.038835
3 3.307002 -2.038835
1 1.346334 4.379312
8 -2.182761 -3.593517
9 9.731468 1.040289
7 10.839978 -8.141654
3 3.307002 -2.038835
1 -2.182761 -3.593517
6 -8.924722 0.246877
10 1.715806 1.750268
9 9.731468 1.040289
9 -3.260275 2.453696
1 -2.182761 -3.593517
1 -2.182761 -3.593517
10 -1.268710 1.790372
3 8.998726 0.320268
7 8.190728 -8.141654
9 9.731468 1.040289
2 -3.536563 -1.488479
4 -0.291815 -1.944509
7 10.839978 -5.611531
2 -3.536563 -1.488479
10 -7.757171 -3.111980
3 7.890100 -7.577469
10 1.681862 -2.699723
5 6.037222 -4.889044
1 -2.182761 -3.593517
2 -3.536563 -1.488479
8 -2.182761 -3.593517
