10 100
K 1.658387 -3.325298 3.320372
K -2.865435 -3.428359 3.650627
P -2.393912 9.263325 0.693486 10.893589
K 3.580470 4.166527 3.374463
Z 3 0.693486 9.263325 1.573523 9.738230
K -5.178635 5.166783 3.380110
P -0.395571 -0.888678 4.571075 3.347007
K 3.370664 0.341810 4.330193
K 3.259701 5.986082 3.124447
P -9.840402 0.363908 -8.706958 1.952968
7 -0.3956 3.3470
1 1.6584 -3.3253
4 3.5805 4.1665
7 4.5711 3.3470
9 7.5945 8.6285
2 5.9643 0.3309
8 3.3707 0.3418
10 -8.7070 0.3639
7 -0.3956 3.3470
5 0.3614 5.7878
8 3.3707 0.3418
5 0.6935 10.8936
7 4.5711 3.3470
9 3.2597 5.9861
1 1.6584 -3.3253
9 3.2597 5.9861
3 -2.3939 10.8936
9 1.8201 -6.3494
6 -5.1786 5.1668
4 3.5805 4.1665
8 3.3707 0.3418
3 9.6794 1.7515
3 -7.0624 -9.3628
4 -5.4543 -9.1707
1 1.6584 -3.3253
3 -3.0896 8.9158
4 3.5805 4.1665
1 8.3780 -7.2555
2 8.7751 -1.1660
7 -0.3956 3.3470
2 -2.8654 -3.4284
1 1.6584 -3.3253
8 -1.5946 -3.6063
6 -5.1786 5.1668
1 -4.1066 -3.9746
2 -2.8654 -3.4284
10 -8.7070 1.9530
8 3.3707 0.3418
10 -8.7070 1.9530
7 4.5711 -0.8887
6 -5.1786 5.1668
1 5.8611 -5.7341
10 -8.7070 0.3639
8 3.3707 0.3418
7 -9.8314 5.8174
6 -5.1786 5.1668
9 3.2597 5.9861
8 4.4634 8.7573
8 3.3707 0.3418
10 5.0994 -3.1894
9 -9.4673 -4.5225
7 1.7987 9.0347
7 4.5711 3.3470
6 -5.1786 5.1668
7 4.5711 -0.8887
6 -5.1786 5.1668
5 -2.3939 10.8936
4 -9.4514 -4.8531
5 -2.3939 10.8936
1 1.6584 -3.3253
2 -2.8654 -3.4284
1 1.6584 -3.3253
8 3.3707 0.3418
1 -4.5291 -6.6860
9 4.8142 0.0168
1 1.6584 -3.3253
5 0.1772 -3.1239
3 0.6935 10.8936
7 6.2678 2.2123
4 3.5805 4.1665
8 -1.6659 -5.5483
4 3.5805 4.1665
10 -8.7070 0.3639
4 3.5805 4.1665
2 -2.8654 -3.4284
6 0.8136 -2.9247
3 -5.3895 -1.9344
6 -5.1786 5.1668
1 1.6584 -3.3253
7 4.5711 3.3470
9 3.2597 5.9861
7 4.5711 -0.8887
6 9.2629 -8.2305
6 -5.1786 5.1668
1 1.6584 -3.3253
2 2.0635 -0.0264
9 3.2597 5.9861
4 3.5805 4.1665
6 -5.1786 5.1668
2 -2.8654 -3.4284
5 0.6935 10.8936
6 -9.0500 -9.0597
10 -6.4331 6.4694
5 -2.3939 9.2633
5 0.3614 5.7878
2 -2.8654 -3.4284
8 3.3707 0.3418
7 0.1384 -5.5186
3 8.6779 2.4823
6 -5.1786 5.1668
