10 100
K -4.962552 -5.108033 2.368454
P -2.722093 4.978438 0.259287 8.317885
Z 2 -7.058466 -3.514592 -0.599588 -8.847008
Z 2 0.259287 4.978438 0.750775 4.107554
Z 2 9.051439 5.753496 -2.079760 -9.139110
K 6.812312 5.020822 4.671592
Z 3 -5.732694 -1.689839 -7.635710 -4.059224
P 6.281495 -2.939576 9.653365 1.664712
Z 3 0.259287 8.317885 -0.492628 7.658625
Z 5 3.579789 2.288322 -1.947305 2.423438
6 6.3046 7.9011
1 7.0540 -1.1265
6 6.8123 5.0208
3 -14.5768 -9.3806
10 -2.7221 8.3179
3 -2.7221 4.9784
6 6.8123 5.0208
3 0.2593 4.9784
5 0.2593 4.9784
2 1.2942 -6.2428
6 6.8123 5.0208
3 0.2593 4.9784
3 6.8975 -6.7684
2 6.1345 -3.7909
9 -23.1112 -6.3025
10 -8.6153 -9.5512
3 -4.6284 -7.7665
3 -17.2914 -12.9403
5 0.2593 4.9784
10 -2.7221 8.3179
2 -5.2294 -0.9753
2 0.2593 8.3179
7 -14.3145 -12.0653
9 -8.0292 -1.1155
8 1.4639 -5.5063
4 0.2593 4.9784
5 6.9421 -8.6068
6 6.8123 5.0208
8 9.6534 1.6647
7 3.3898 3.4090
2 -2.7221 4.9784
9 -2.7221 8.3179
1 4.2405 -3.0846
3 0.2593 8.3179
7 -2.7221 8.3179
10 -3.9798 -4.7478
5 3.2269 4.2589
7 0.2593 8.3179
9 -20.2827 -7.2449
2 0.2593 8.3179
6 6.8123 5.0208
5 -9.5154 -8.6643
1 -4.9626 -5.1080
2 9.4393 8.5531
5 14.0005 -1.9527
1 -4.9626 -5.1080
3 -17.2914 -12.9403
7 2.7466 6.3202
8 6.2815 1.6647
10 -3.5442 -8.1896
8 6.2815 -2.9396
9 -20.2827 -7.2449
1 -4.9626 -5.1080
5 -0.9721 -2.2258
8 -1.4580 3.8219
6 6.8123 5.0208
10 10.7977 -2.8983
10 -3.0092 -3.4261
6 -1.5172 -7.5143
7 -1.2535 -0.0183
2 9.3687 0.2131
9 -0.3792 -3.9676
8 6.2815 -2.9396
1 -4.9626 -5.1080
7 -14.2245 -15.4036
10 -3.9045 6.1225
9 -2.7221 4.9784
2 -2.7221 4.9784
9 0.2593 8.3179
1 -4.9626 -5.1080
8 9.8425 0.1421
4 4.2283 -6.8124
6 6.8123 5.0208
4 6.7401 -0.8587
2 -7.5999 -5.2761
8 6.2815 1.6647
10 14.1952 6.0151
9 0.2593 8.3179
2 -7.6539 3.1927
8 -2.5347 5.9614
6 6.8123 5.0208
3 0.2593 8.3179
9 -3.0515 8.7545
5 -2.7221 4.9784
8 9.6534 1.6647
2 -2.7221 4.9784
10 15.1781 8.8298
7 -14.0123 -12.3080
7 -9.2886 8.1727
9 0.2593 8.3179
8 9.6534 -2.9396
8 -5.2279 -3.3068
3 -1.9737 -8.3131
5 3.8473 7.8968
4 -2.7221 8.3179
2 0.2593 8.3179
3 0.2593 4.9784
1 -4.9981 -5.1869
2 0.2593 4.9784
10 -0.0314 -3.5718
