10 100
K -9.438405 4.182796 4.656035
Z 1 1.872641 7.551627 -9.491543 -2.385010
P 2.369740 1.161003 6.245076 6.158152
Z 3 4.394618 5.998955 -2.090246 7.378961
P 4.134597 -8.124566 6.765071 -4.703721
K -2.565487 -1.591923 1.858593
Z 3 5.552616 -7.543204 -2.429805 6.565835
K -4.138547 -3.069770 2.842932
P 0.376356 5.233216 2.862027 7.177109
Z 9 -5.760072 -7.869740 3.363020 -9.095023
6 -2.5655 -1.5919
10 2.8620 7.1771
8 2.0038 -7.0761
3 6.2451 6.1582
1 -9.4384 4.1828
3 6.2451 1.1610
10 2.8620 7.1771
2 -9.4384 4.1828
6 -2.5655 -1.5919
2 -9.4384 4.1828
1 8.6664 -5.3636
4 2.4804 6.6780
4 -2.0734 -9.2471
3 2.3697 1.1610
3 2.3697 1.1610
10 -3.8112 -24.0025
5 4.1346 -8.1246
7 -2.2650 -3.6537
10 -0.9008 -22.7833
8 -4.1385 -3.0698
3 6.2451 6.1582
5 6.7651 -8.1246
5 6.7651 -4.7037
10 -0.9008 -22.7833
3 2.3697 1.1610
5 6.7651 -4.7037
8 9.8905 0.8136
2 -2.9754 -3.2087
9 2.8620 5.2332
10 -3.2983 -22.1275
4 -3.8462 1.9049
3 2.3697 6.1582
10 2.8620 7.1771
1 -9.4384 4.1828
5 4.1346 -8.1246
8 -4.1385 -3.0698
2 1.9161 -0.2396
5 6.9649 -8.3362
4 6.0199 5.1001
7 -0.2690 -0.3319
6 -2.5655 -1.5919
3 0.9072 -5.9359
4 8.0682 -7.6148
4 8.0546 9.6643
5 4.1346 -4.7037
9 2.8620 5.2332
6 3.4378 -1.7110
3 2.3697 6.1582
4 2.3697 1.1610
4 6.2451 1.1610
2 -6.3058 8.2404
8 -4.1385 -3.0698
5 6.7651 -8.1246
2 -7.4459 -8.3968
6 6.2093 2.7603
3 2.3697 1.1610
10 -0.9008 -22.7833
2 -2.9754 -3.2087
9 3.1646 4.2545
3 2.3697 6.1582
6 -2.5655 -1.5919
5 6.1814 6.5625
1 -9.4384 4.1828
2 -9.4384 4.1828
4 -7.1290 2.7360
2 -2.9754 -3.2087
1 -9.2348 5.0883
6 -2.5655 -1.5919
7 8.6629 -1.6169
6 -2.5655 -1.5919
10 0.3764 5.2332
6 -2.5655 -1.5919
10 2.8620 7.1771
2 -2.9754 -3.2087
9 -1.4101 -3.0146
1 -9.4384 4.1828
9 0.3764 5.2332
9 -3.2670 8.4508
8 -4.1385 -3.0698
5 4.4504 5.4678
10 2.8620 5.2332
5 6.7651 -8.1246
8 -5.3517 4.9961
4 2.3697 1.1610
8 -7.2195 5.4249
6 -2.5655 -1.5919
7 -0.2690 -0.3319
2 8.3720 0.7890
8 -6.1308 -5.1798
10 -7.6103 -6.6768
1 -9.4384 4.1828
1 -9.4384 4.1828
10 1.1319 4.6268
1 7.8924 0.9672
1 -9.9167 -7.1553
6 -2.5655 -1.5919
4 2.3697 6.1582
2 -2.9754 -3.2087
7 -2.2650 -3.6537
8 -4.1385 -3.0698
