10 100
K -8.517927 -4.590785 4.971430
Z 1 2.536800 -7.573213 8.248596 -5.184654
K -0.161693 9.061166 1.240834
K 4.902693 -2.820152 1.342424
P 2.066464 2.625102 4.679553 6.023828
P 4.910774 4.794691 6.992956 6.968838
Z 6 8.157542 -4.929152 -5.155844 0.713469
Z 1 -8.517927 -4.590785 -7.827551 -5.314235
K -7.788071 -2.281063 4.620589
P -1.506191 -6.554842 0.344261 -2.587506
2 -8.5179 -4.5908
6 -6.6593 -6.6389
8 -3.2441 8.8165
5 -7.7002 4.9563
1 -4.4288 6.7221
9 -7.7881 -2.2811
4 -3.1228 -3.6104
2 -8.5179 -4.5908
8 2.7513 -9.0143
5 2.0665 2.6251
3 -0.1617 9.0612
9 -7.7881 -2.2811
7 6.9930 6.9688
8 0.6444 -4.4333
5 2.0665 6.0238
6 4.9108 6.9688
1 -8.5179 -4.5908
9 -7.7881 -2.2811
10 -7.4459 -2.0777
8 9.0265 -7.9017
1 -8.5179 -4.5908
9 -2.3453 -4.5408
7 4.9108 6.9688
8 -8.5179 -4.5908
3 -0.1617 9.0612
3 -6.3090 6.8110
2 3.3824 -5.4299
4 4.9027 -2.8202
2 -8.5179 -4.5908
2 -5.0538 -2.7070
8 -8.5179 -4.5908
3 -0.1617 9.0612
6 6.9930 6.9688
7 4.9108 4.7947
1 -8.8574 -5.2910
4 4.9027 -2.8202
4 -4.6558 -5.1392
2 -3.1039 -17.5373
5 4.6796 2.6251
6 6.9930 6.9688
7 4.9108 6.9688
1 -8.5179 -4.5908
3 -0.1617 9.0612
1 -8.5179 -4.5908
8 -8.5179 -4.5908
2 -3.1039 -17.5373
8 -8.5179 -4.5908
5 2.0665 6.0238
7 -7.4034 8.5858
5 -1.3342 -0.1292
7 5.9125 3.9611
8 -8.5179 -4.5908
9 0.3462 -7.4993
2 -3.1039 -17.5373
2 -8.5179 -4.5908
1 -8.5179 -4.5908
2 -8.5179 -4.5908
2 -8.5179 -4.5908
4 4.9027 -2.8202
5 2.0665 6.0238
4 4.9027 -2.8202
7 6.9930 6.9688
10 -1.5062 -6.5548
2 -5.5375 -8.6872
1 -2.7175 8.2052
2 -3.1039 -17.5373
1 2.8988 -8.5043
4 7.6921 -0.3228
4 4.9027 -2.8202
9 -7.7881 -2.2811
2 -8.5179 -4.5908
4 -7.3092 3.6737
6 6.9930 6.9688
8 -5.6937 5.8419
7 6.6216 9.1678
2 -8.5179 -4.5908
3 -0.1617 9.0612
4 -7.4557 -4.3952
3 -8.4125 -9.4378
5 2.0665 6.0238
8 -8.5179 -4.5908
7 -2.6501 -10.8705
10 -7.9896 0.5034
6 6.9930 4.7947
9 -7.7881 -2.2811
8 -8.5179 -4.5908
10 0.3443 -2.5875
3 -1.3836 9.6050
6 0.2763 -6.2986
5 2.0665 6.0238
1 -8.5179 -4.5908
8 -8.5179 -4.5908
3 -0.1617 9.0612
6 -8.6562 8.2002
10 -1.5062 -2.5875
5 -9.7354 0.9418
7 6.9930 4.7947
7 8.1303 9.1333
1 0.6408 -6.6657
3 -0.1617 9.0612
