10 100
P 7.503254 -6.515383 9.520086 -4.747925
P -0.191865 9.914773 1.701154 11.218030
P -1.123959 8.034865 2.725371 12.464474
K -0.692573 -8.585702 4.554962
P -5.936666 6.010188 -4.747678 10.201503
Z 1 3.378190 -0.989506 1.469433 -0.985405
K -4.657853 6.665867 2.540671
K 4.563996 9.138453 2.020111
Z 8 2.604744 9.630575 2.361133 8.660702
P -9.762614 8.292794 -4.906637 11.767105
4 -0.6926 -8.5857
8 4.5640 9.1385
7 -4.6579 6.6659
10 9.2933 -6.3956
8 4.5640 9.1385
9 -0.5130 5.9076
1 9.6220 4.0249
10 0.5542 3.6803
1 7.5033 -4.7479
4 -0.6926 -8.5857
3 -1.1240 8.0349
8 4.5640 9.1385
8 2.6027 2.8103
2 1.7012 11.2180
2 -3.6611 -6.3555
4 -3.2364 8.5805
5 -5.9367 10.2015
9 4.5640 9.1385
2 -2.1650 9.5385
9 4.5640 9.1385
1 -5.5373 -8.0780
10 9.1498 5.9680
6 -1.3411 -7.5530
5 -2.6093 9.0625
7 -4.6579 6.6659
1 9.5201 -4.7479
8 -6.3578 -2.4954
9 -0.3342 1.2769
7 -4.6579 6.6659
7 7.5264 -9.7111
5 -4.7477 10.2015
2 -0.1919 9.9148
8 7.4870 -9.1547
6 8.0121 7.0155
10 -9.7626 8.2928
8 4.5044 -9.9497
2 1.7012 9.9148
9 0.6455 10.1227
5 -5.9367 6.0102
7 -4.6579 6.6659
8 4.5640 9.1385
8 4.5640 9.1385
10 9.7761 7.5503
9 -3.0039 -5.6432
5 -4.7477 6.0102
9 4.5640 9.1385
7 -5.7658 6.3493
5 -4.7477 10.2015
4 -0.6926 -8.5857
7 -4.6579 6.6659
7 0.3165 -4.4306
4 -0.6926 -8.5857
6 -4.2604 7.1524
5 -5.9367 10.2015
2 1.7012 11.2180
8 -5.7960 2.3423
7 7.3878 8.2432
1 9.5201 -4.7479
2 1.7012 9.9148
9 0.6455 10.1227
4 -0.0274 8.1756
4 -2.8468 9.3417
3 -4.0634 4.8063
8 4.5640 9.1385
10 -9.7626 8.2928
8 4.5640 9.1385
4 5.2162 6.1880
8 4.5640 9.1385
2 -0.0310 6.1232
3 2.7254 8.0349
2 -7.8397 0.0749
1 4.9462 -5.0663
6 -8.3846 -1.7917
4 -4.8547 -7.1053
1 7.5033 -6.5154
8 4.5640 9.1385
2 1.7012 9.9148
10 9.1124 -5.3455
7 5.7620 -2.8367
6 9.9590 9.5176
8 4.5640 9.1385
4 -0.6926 -8.5857
8 4.5640 9.1385
6 8.3424 9.2253
3 2.7254 12.4645
7 0.5493 -0.2079
10 -9.7626 8.2928
8 4.5640 9.1385
5 2.4802 9.7552
1 9.5201 -4.7479
1 9.5201 -4.7479
5 -4.7477 6.0102
3 -5.2460 -1.6035
2 1.7012 9.9148
5 -5.9367 10.2015
9 -8.8837 -3.6027
4 5.2602 0.1497
4 -0.6926 -8.5857
3 -4.6737 3.9767
8 4.5640 9.1385
