10 100
P 5.067445 2.488832 8.456160 5.644869
Z 1 4.883333 8.414625 5.859502 2.876026
P 0.656837 2.883453 3.326642 6.331884
P 0.491861 4.065334 4.124236 6.003387
Z 2 8.456160 2.488832 7.854624 1.689986
P 0.641202 -9.236030 5.004934 -7.932180
Z 5 -4.868033 4.554337 4.772355 -0.399849
Z 5 12.129095 -2.681028 12.694077 -1.855925
Z 1 -1.866449 -0.578130 0.403359 6.505667
P 8.668053 -5.893826 12.076297 -3.989162
10 -5.5333 3.8674
7 -9.5179 6.7173
8 13.4703 -5.5379
4 1.7185 -7.0129
5 1.5545 -7.8771
2 5.0674 2.4888
5 11.4893 3.3609
5 8.4562 5.6449
8 1.5732 -0.4699
5 5.0674 5.6449
4 -6.1685 3.2960
9 2.0390 -7.9835
6 -0.0402 -8.5830
4 4.1242 4.0653
4 -0.7853 8.9542
7 2.4727 4.5903
7 2.4727 4.5903
3 3.3266 6.3319
3 3.3266 6.3319
7 8.9806 -2.4636
7 -4.8546 9.6283
1 -5.9118 6.4321
2 8.4562 2.4888
10 12.0763 -3.9892
4 0.4919 6.0034
8 5.0674 2.4888
10 8.6681 -3.9892
4 0.4919 6.0034
9 -0.7895 7.6504
3 3.3266 6.3319
3 3.3266 2.8835
9 3.7197 -9.8772
5 9.2141 0.9171
8 19.1734 -5.7333
5 5.0674 5.6449
3 -6.7253 -4.6811
6 8.7928 -2.0924
3 0.6568 2.8835
1 -1.7974 8.3785
3 3.3266 2.8835
2 5.0674 2.4888
5 8.4562 5.6449
4 -6.1549 7.1380
4 4.1242 6.0034
4 -7.6082 7.8175
5 8.9806 -2.4636
10 12.0763 -3.9892
5 -4.6223 -1.6013
1 8.4562 2.4888
9 -5.7267 5.9475
5 12.4257 0.1041
8 21.2197 -3.0949
9 8.4562 2.4888
2 5.0674 5.6449
7 7.1197 -2.6492
5 2.4727 4.5903
7 11.4893 3.3609
8 21.2197 -3.0949
2 5.0674 2.4888
4 4.1242 4.0653
10 -1.5931 5.6802
8 19.5026 -7.3955
1 -8.6941 -9.9281
6 5.0049 -9.2360
9 -3.8924 8.5158
8 12.1291 -2.6810
2 2.4727 4.5903
3 0.6568 6.3319
3 3.3266 2.8835
1 5.5509 1.3564
6 5.0049 -7.9322
7 12.1291 -2.6810
6 0.6412 -9.2360
9 -5.7267 5.9475
8 -4.8433 1.6026
9 -8.9837 -2.4218
10 12.0763 -5.8938
10 7.6364 8.0268
3 3.3266 2.8835
7 9.3925 -0.7680
5 2.4727 4.5903
5 2.4727 4.5903
9 -4.0689 -5.4283
7 1.2775 0.9546
10 -9.3057 0.6186
3 0.6568 2.8835
1 5.0674 2.4888
7 0.0294 -4.1588
8 8.4562 2.4888
2 6.9924 -1.4378
3 0.6568 6.3319
10 -2.0160 2.2521
3 -1.3448 -7.3073
2 5.0674 5.6449
7 8.8181 -6.9159
10 8.6681 -5.8938
7 3.5517 1.6244
6 9.7314 -8.5865
1 5.0674 2.4888
4 -5.7718 -1.4312
