10 100
K -5.439337 -9.710336 3.778689
Z 1 -6.806312 -6.187572 -7.738584 -6.549331
P -0.986569 -0.860079 0.770206 1.610887
K -7.688588 -4.499161 4.415517
P 5.133388 -5.323148 9.289733 -1.393049
K 6.543459 2.374405 3.999759
K 7.630704 8.203353 2.929631
P -8.758290 -3.493070 -5.855741 0.626947
P 1.363479 8.169891 4.033987 12.488763
K 8.591148 -7.186928 2.951483
1 -5.439337 -9.710336
10 -5.272930 8.640203
9 4.033987 12.488763
10 8.591148 -7.186928
10 -5.133336 4.774116
2 -8.173288 -2.664807
3 -0.986569 -0.860079
4 -7.688588 -4.499161
2 -8.173288 -2.664807
6 3.600470 -6.866826
4 -4.633432 7.914594
5 9.289733 -1.393049
1 -5.439337 -9.710336
2 -2.694498 8.108100
6 6.543459 2.374405
7 7.630704 8.203353
1 -5.439337 -9.710336
6 6.543459 2.374405
8 -5.855741 -3.493070
7 7.630704 8.203353
6 6.543459 2.374405
3 -0.986569 -0.860079
5 4.784817 0.121227
10 -8.290936 -1.181276
2 -8.173288 -2.664807
3 8.685051 6.684725
5 5.133388 -5.323148
1 5.650248 -8.198669
3 -0.986569 1.610887
7 -5.725207 -9.279283
8 -5.855741 -3.493070
9 1.363479 8.169891
8 -1.829008 -0.453621
5 5.133388 -5.323148
2 -5.439337 -9.710336
2 -5.439337 -9.710336
6 -9.069103 3.750549
1 -9.151733 -0.961960
2 -7.182933 -1.169795
3 -0.986569 1.610887
7 7.630704 8.203353
4 -7.688588 -4.499161
1 -5.439337 -9.710336
5 5.133388 -1.393049
4 -7.688588 -4.499161
9 1.363479 8.169891
2 -8.173288 -2.664807
7 7.630704 8.203353
7 7.630704 8.203353
8 8.934218 9.693722
9 4.033987 12.488763
3 8.367212 7.632622
8 -5.855741 0.626947
5 9.289733 -1.393049
2 -8.173288 -2.664807
4 -7.688588 -4.499161
9 1.363479 8.169891
9 -7.498334 3.731805
1 3.049898 -3.592446
3 -5.681515 -6.895977
3 -0.986569 1.610887
5 0.657908 -0.838036
2 -5.439337 -9.710336
1 -5.439337 -9.710336
10 1.077696 9.652345
10 8.591148 -7.186928
5 5.133388 -1.393049
1 -5.439337 -9.710336
2 -8.173288 -2.664807
10 8.591148 -7.186928
6 6.543459 2.374405
6 -4.760017 5.561674
6 8.475784 7.631254
10 8.591148 -7.186928
8 -2.101503 3.869580
5 0.185992 -9.556407
8 -5.855741 -3.493070
2 -9.033196 -0.142001
5 5.133388 -5.323148
7 7.630704 8.203353
4 -7.688588 -4.499161
10 -2.529949 5.478576
1 -5.439337 -9.710336
7 7.630704 8.203353
4 5.307873 9.315332
10 8.591148 -7.186928
10 8.591148 -7.186928
8 -5.855741 0.626947
1 -5.439337 -9.710336
3 -0.986569 1.610887
8 -8.758290 -3.493070
8 -8.758290 0.626947
4 -7.688588 -4.499161
9 1.363479 8.169891
4 -7.688588 -4.499161
7 7.630704 8.203353
5 5.133388 -1.393049
8 6.871581 -1.004945
7 7.630704 8.203353
3 -0.986569 1.610887
