10 100
K 6.954870 8.949100 4.977756
Z 1 9.788145 13.041851 8.965937 13.611038
K 6.835095 -6.995748 3.548905
Z 3 -1.822003 -9.250351 -4.706773 0.431276
P 3.090375 -3.638790 6.969839 -2.309068
K 8.725574 -6.648086 4.654755
P 2.362814 2.193632 6.391221 6.149271
K -7.637972 5.685074 4.100173
Z 4 -13.832994 -12.450601 -13.734698 -13.445759
P -0.520699 -0.696082 3.778275 4.177487
3 -7.9225 5.0641
7 1.7005 5.2948
2 12.6214 17.1346
10 -0.5207 4.1775
8 -3.5752 6.7736
7 2.3628 6.1493
4 3.7476 3.1122
5 0.1818 3.5289
1 -5.3435 2.7101
3 6.8351 -6.9957
3 6.8351 -6.9957
2 2.5501 -7.1903
1 5.2748 -2.0517
1 6.9549 8.9491
9 -9.6001 5.4493
5 -8.8957 1.5932
7 2.3628 6.1493
3 6.8351 -6.9957
4 6.8351 -6.9957
4 6.8351 -6.9957
6 8.7256 -6.6481
7 2.3628 6.1493
9 -17.3647 -12.7994
5 -6.8740 -6.0257
7 6.3912 2.1936
6 8.7256 -6.6481
2 -7.0379 -4.9142
9 -0.6153 -8.2516
8 -7.6380 5.6851
10 3.7783 -0.6961
2 6.9549 8.9491
8 1.2107 1.7577
1 6.9549 8.9491
9 6.8351 -6.9957
8 -7.6380 5.6851
3 6.8351 -6.9957
1 6.9549 8.9491
2 12.6214 17.1346
8 -7.6380 5.6851
6 8.7256 -6.6481
9 6.8351 -6.9957
9 -17.3647 -12.7994
4 6.8351 -6.9957
10 -0.5207 -0.6961
3 6.8351 -6.9957
4 5.4507 2.5309
7 6.3912 2.1936
10 3.7783 -0.6961
1 6.9549 8.9491
2 -1.4947 -1.7989
2 6.9549 8.9491
8 -1.3924 -5.8084
1 6.9549 8.9491
5 3.0904 -2.3091
7 -1.8829 3.1201
8 -0.6843 -1.2239
2 6.9549 8.9491
7 6.3912 2.1936
6 8.7256 -6.6481
7 6.3912 2.1936
5 6.9698 -3.6388
2 12.6214 17.1346
4 -6.5614 0.2531
5 6.9698 -3.6388
3 6.8351 -6.9957
10 9.8090 7.8777
10 -0.5207 -0.6961
1 6.9549 8.9491
3 6.8351 -6.9957
1 0.6204 -7.5882
4 6.8351 -6.9957
10 3.7783 4.1775
8 -7.6380 5.6851
7 2.3628 6.1493
5 3.0904 -2.3091
4 -10.3013 -12.1018
2 12.6214 17.1346
6 8.7256 -6.6481
9 -17.3647 -12.7994
2 12.6214 17.1346
6 8.7256 -6.6481
10 2.9239 -2.7225
7 -2.2873 -6.0070
3 -1.0252 -0.4112
2 8.0748 -6.3460
4 -7.4463 -2.5467
6 -4.1853 -4.0711
6 8.7256 -6.6481
3 6.8351 -6.9957
1 6.9549 8.9491
6 5.3426 -1.1556
3 6.8351 -6.9957
5 1.6763 5.4684
1 -0.9411 -6.3630
4 6.8351 -6.9957
8 -4.8044 -4.3581
8 -7.6380 5.6851
7 6.3912 2.1936
9 4.4784 3.0837
8 -7.6380 5.6851
