10 100
P 8.626666 9.107817 11.642977 13.096892
K 3.005695 9.072522 1.256878
P -8.978449 0.611648 -6.164652 4.735422
K -3.980368 3.716427 1.952166
Z 4 -3.457560 5.597284 -4.421032 5.865093
P -9.400231 -1.546390 -6.530182 0.157390
P 0.433780 -4.500709 2.572935 -1.579158
K -0.698792 3.346484 4.245665
Z 8 -0.698792 3.346484 -1.497357 3.948393
P 6.589472 -3.077436 11.317536 -1.042916
8 -0.698792 3.346484
2 0.166974 5.949190
8 -0.698792 3.346484
7 2.572935 -1.579158
2 -0.012151 7.700428
7 2.572935 -4.500709
3 -6.164652 0.611648
8 -0.698792 3.346484
6 5.326246 6.503970
3 -6.164652 4.735422
5 -2.934753 7.478142
4 -3.980368 3.716427
6 -9.400231 0.157390
7 4.017042 5.206043
3 -6.164652 4.735422
5 -5.368734 -6.491728
4 -3.980368 3.716427
4 -3.980368 3.716427
7 0.433780 -1.579158
9 -7.717887 9.142646
10 -4.895394 -0.706342
2 -9.979165 -2.248691
4 -3.980368 3.716427
9 -0.698792 3.346484
4 -3.980368 3.716427
9 -0.698792 3.346484
9 -0.698792 3.346484
7 0.433780 -1.579158
5 -2.934753 7.478142
5 7.013907 9.047888
7 2.572935 -4.500709
10 4.650413 -1.916625
2 3.005695 9.072522
7 2.572935 -1.579158
8 3.238759 -3.188096
4 8.437911 -2.507766
10 11.317536 -1.042916
10 -7.996497 -0.050047
2 -8.285819 0.398813
1 11.642977 13.096892
2 3.005695 9.072522
2 3.005695 9.072522
9 -0.698792 3.346484
5 -2.934753 7.478142
1 -1.437167 5.661039
3 -8.978449 0.611648
6 -6.530182 -1.546390
6 -6.530182 0.157390
10 6.589472 -1.042916
3 9.562169 8.017259
7 0.433780 -1.579158
2 3.005695 9.072522
7 0.433780 -1.579158
5 -3.980368 3.716427
4 -0.843460 -6.915582
1 8.626666 13.096892
10 11.317536 -3.077436
8 -0.698792 3.346484
3 -8.978449 0.611648
2 3.005695 9.072522
8 9.409717 -0.175680
6 -9.400231 0.157390
10 11.317536 -1.042916
2 -2.912099 1.229918
7 2.572935 -4.500709
5 -2.934753 7.478142
10 6.589472 -3.077436
5 8.998241 8.397367
2 3.005695 9.072522
9 -0.698792 3.346484
6 -6.285694 6.214160
7 2.572935 -1.579158
8 3.586178 -4.320065
2 9.321827 2.049923
5 2.354940 -6.064622
4 -3.980368 3.716427
3 -6.164652 0.611648
5 -0.691972 -8.336555
4 9.770432 -0.339541
6 3.764310 6.625882
10 6.589472 -3.077436
6 -4.847173 -9.132459
6 7.305024 1.311786
7 0.433780 -4.500709
3 -6.164652 0.611648
7 0.019301 7.920457
2 3.005695 9.072522
5 -3.980368 3.716427
4 -3.980368 3.716427
3 -8.978449 4.735422
2 3.005695 9.072522
3 -8.978449 4.735422
6 7.041574 0.814462
4 -3.059126 -3.507195
3 -6.164652 0.611648
8 -0.698792 3.346484
6 -6.530182 -1.546390
7 0.433780 -4.500709
8 -0.698792 3.346484
1 8.626666 13.096892
