10 100
P -1.753391 1.488555 2.993517 3.382319
K 4.739250 -2.525539 1.321706
Z 1 -2.637720 -7.618817 -1.201139 -8.958376
Z 3 -13.550279 -9.268994 -14.237822 -9.995138
P 9.260969 6.616436 10.554537 10.555383
K 2.202859 9.719757 4.203020
P -7.337521 9.285661 -3.975865 13.470138
Z 3 -11.329747 -13.872114 -11.510108 -14.855715
K 6.297889 -1.726533 4.031581
K 8.647227 5.591598 4.277651
3 -1.7534 1.4886
1 -9.9632 4.1574
3 -11.3297 -13.8721
7 -3.5864 7.2656
5 9.2610 6.6164
8 -4.3470 -5.1046
6 2.2029 9.7198
7 -7.3375 13.4701
7 -7.3375 13.4701
4 -1.8206 7.9405
7 1.2773 5.3878
1 1.5146 8.5409
10 8.6472 5.5916
8 3.0881 5.7618
10 8.6472 5.5916
7 -3.9759 13.4701
7 -7.3375 9.2857
4 2.9935 3.3823
8 2.9935 3.3823
4 0.4785 -8.6187
5 9.2610 6.6164
2 4.7393 -2.5255
2 4.7393 -2.5255
1 -7.6415 -6.6719
6 3.9581 7.2541
3 2.9935 3.3823
8 -9.7182 -6.1178
7 -7.3375 13.4701
6 -4.4023 -9.6626
6 2.2029 9.7198
4 -1.7534 3.3823
2 4.7393 -2.5255
8 -6.8416 -0.9311
7 1.9092 -2.0050
1 5.9662 -8.4969
4 9.0607 -9.1363
9 6.2979 -1.7265
5 10.5545 6.6164
7 -7.3375 13.4701
10 -3.0702 -7.6041
9 6.2979 -1.7265
9 6.2979 -1.7265
10 8.6472 5.5916
5 9.2610 10.5554
6 2.2029 9.7198
2 4.7393 -2.5255
5 9.2610 10.5554
9 6.2979 -1.7265
2 8.4172 0.9498
3 -11.3297 -13.8721
10 8.6472 5.5916
9 6.2979 -1.7265
5 9.2610 6.6164
10 8.6472 5.5916
4 9.1103 -6.3845
3 -13.5503 -9.2690
4 7.9423 -7.3267
2 -4.0979 2.7417
2 4.7393 -2.5255
8 -11.6611 -9.1368
5 8.8356 6.5232
9 -5.2849 6.9116
5 9.2610 10.5554
5 10.5545 6.6164
10 8.6472 5.5916
1 2.9935 1.4886
10 -3.4140 9.9991
5 -6.2193 -1.0407
10 8.6472 5.5916
7 -6.7384 1.3723
5 9.2610 6.6164
1 -1.7534 1.4886
8 2.9935 3.3823
3 -13.5503 -9.2690
3 -11.3297 -13.8721
4 -13.5503 -9.2690
4 -3.7115 7.8372
10 2.0053 -4.7223
5 10.5545 6.6164
5 9.2610 10.5554
8 -3.1438 -7.7853
8 -14.8330 3.8869
7 -3.9759 9.2857
2 4.7393 -2.5255
3 8.9936 5.2135
1 4.3537 -9.3996
8 -7.6205 -10.3563
1 -1.7534 1.4886
3 -1.7534 1.4886
5 10.5545 6.6164
3 -1.7534 1.4886
7 -3.9759 9.2857
5 10.5545 10.5554
4 -13.5503 -9.2690
3 5.9595 4.2734
10 4.7913 9.7463
7 2.8937 3.5486
3 2.9935 3.3823
6 2.2167 -1.9193
4 -3.4525 3.0973
