10 100
K -0.852592 8.919820 1.283711
K -0.067272 8.431561 3.806462
Z 1 -0.852592 8.919820 -0.357118 8.051197
K -0.411701 6.876582 4.831752
K -2.829459 6.833346 3.504783
K -6.136567 6.897712 4.176543
K -6.192752 -2.526666 4.825881
P -6.787940 -8.389636 -2.696165 -6.779473
P -9.063052 -6.246314 -6.303645 -3.614321
P -3.769311 -1.118220 -0.570759 1.916319
3 -0.852592 8.919820
3 -0.852592 8.919820
7 -6.192752 -2.526666
7 -6.192752 -2.526666
10 -0.570759 -1.118220
1 -0.852592 8.919820
5 -2.829459 6.833346
4 -0.411701 6.876582
1 1.175778 -9.851371
5 -2.829459 6.833346
5 0.675586 9.111574
1 -0.852592 8.919820
3 -0.852592 8.919820
1 -2.534725 -2.386691
7 -6.192752 -2.526666
1 0.357305 6.723281
6 -6.136567 6.897712
2 -0.067272 8.431561
10 0.685832 -0.598618
7 -6.192752 -2.526666
8 3.205149 -3.545953
5 0.210515 1.184914
9 -6.303645 -3.614321
9 -9.063052 -6.246314
2 -0.067272 8.431561
5 -2.829459 6.833346
3 -4.562208 -1.083536
1 -0.852592 8.919820
10 7.708837 6.999171
4 3.398749 -2.386651
10 -7.443369 5.880588
6 -6.136567 6.897712
6 -7.802665 -6.780579
2 -0.067272 8.431561
1 -0.852592 8.919820
5 -2.829459 6.833346
9 -6.303645 -6.246314
1 -0.852592 8.919820
3 -6.240763 -1.476709
10 6.407733 -9.751393
3 4.084197 7.674341
4 8.680333 -8.554182
2 -0.067272 8.431561
9 -6.303645 -6.246314
1 -0.852592 8.919820
8 -2.696165 -6.779473
3 9.658149 5.069703
7 -6.192752 -2.526666
5 -2.829459 6.833346
1 -0.852592 8.919820
8 -2.696165 -6.779473
1 2.495026 -6.146901
5 -2.829459 6.833346
8 -6.787940 -6.779473
5 -2.829459 6.833346
7 -6.192752 -2.526666
10 -0.570759 1.916319
5 -2.829459 6.833346
8 -6.787940 -6.779473
2 8.435400 6.321131
5 -2.829459 6.833346
8 5.615671 1.785384
7 -8.415628 6.435398
5 -2.829459 6.833346
1 8.242168 -4.339880
5 -2.829459 6.833346
8 -5.290073 -1.827453
5 -8.735629 -7.489157
4 -0.411701 6.876582
3 -0.852592 8.919820
1 4.557529 7.502159
10 -0.570759 -1.118220
5 -1.760652 -0.063976
9 6.719704 4.506070
1 -0.852592 8.919820
5 -7.459874 -5.771001
3 -0.852592 8.919820
1 7.471048 -3.740490
10 -0.570759 -1.118220
1 -0.852592 8.919820
9 -9.063052 -3.614321
6 4.352792 1.217565
2 -0.735748 -0.987146
7 -0.695602 -1.929103
5 -2.829459 6.833346
6 -6.136567 6.897712
10 -3.769311 1.916319
4 5.558843 2.957680
5 7.239638 -8.107981
3 -0.852592 8.919820
7 -6.192752 -2.526666
7 -6.192752 -2.526666
3 -0.852592 8.919820
5 -2.829459 6.833346
10 -3.769311 1.916319
6 -6.136567 6.897712
9 -9.063052 -3.614321
7 -2.283494 -3.082851
5 -2.829459 6.833346
8 -5.503698 -2.761874
