10 100
K 4.344836 5.124414 3.241644
Z 1 4.344836 5.124414 4.817565 4.243205
P -8.310751 1.981598 -5.999415 5.856123
K 0.935824 -6.868390 1.834941
Z 3 -8.310751 5.856123 -7.317463 5.740449
K -0.244542 2.395843 3.236041
K -1.568669 1.828735 2.035686
K -6.215183 -8.188929 4.661133
K -1.156405 -7.597009 1.771738
P 4.484432 5.095287 6.792152 6.531143
8 1.348628 2.534676
9 2.333818 -9.092352
2 4.344836 5.124414
10 6.792152 5.095287
1 4.344836 5.124414
3 -5.999415 5.856123
5 5.300727 8.668580
1 4.344836 5.124414
10 6.792152 5.095287
7 3.860336 -9.915364
5 -8.310751 5.856123
4 0.935824 -6.868390
3 -5.999415 1.981598
10 6.792152 6.531143
6 -0.244542 2.395843
6 -0.244542 2.395843
7 -1.568669 1.828735
2 8.792958 -4.652958
5 -7.420402 9.626962
5 -6.061269 5.324989
6 -0.244542 2.395843
5 3.919199 -1.127798
4 0.935824 -6.868390
4 0.935824 -6.868390
3 -8.310751 1.981598
9 -1.156405 -7.597009
8 -6.215183 -8.188929
7 -1.568669 1.828735
1 4.344836 5.124414
7 -5.725305 -5.620852
4 0.935824 -6.868390
2 4.344836 5.124414
1 4.344836 5.124414
5 9.847015 -1.836213
7 -1.568669 1.828735
6 -0.244542 2.395843
1 4.514955 9.189872
10 -2.735403 7.662806
10 4.484432 5.095287
5 -5.170920 9.095828
8 -3.781872 9.305562
7 -1.952708 2.344945
6 0.551771 2.981373
9 -1.156405 -7.597009
8 9.716510 6.329909
5 -4.026425 0.008187
9 -1.156405 -7.597009
2 4.344836 5.124414
8 -6.215183 -8.188929
10 0.598682 -0.838344
5 -8.310751 5.856123
7 -1.568669 1.828735
2 4.344836 5.124414
2 4.344836 5.124414
2 0.663141 -4.729770
6 -0.244542 2.395843
2 9.426473 -0.713625
1 4.885041 -3.914943
6 -0.244542 2.395843
2 4.344836 5.124414
8 7.836278 -3.518781
10 4.484432 6.531143
4 0.935824 -6.868390
8 -6.215183 -8.188929
7 -1.568669 1.828735
6 -0.244542 2.395843
9 -1.303619 8.074695
3 -5.999415 1.981598
8 -6.215183 -8.188929
3 -8.310751 5.856123
4 3.167489 0.037011
1 4.344836 5.124414
10 -1.238199 -1.675978
9 -1.156405 -7.597009
9 1.725456 6.187066
4 0.935824 -6.868390
1 4.344836 5.124414
2 3.174982 -9.132677
2 4.344836 5.124414
9 -6.475801 -6.896782
2 9.676822 -4.139711
8 -6.215183 -8.188929
4 0.935824 -6.868390
5 -8.310751 1.981598
9 5.632433 -2.257232
5 -7.420402 9.626962
1 3.328368 -0.562852
8 -6.215183 -8.188929
3 -5.999415 1.981598
7 -1.568669 1.828735
6 -0.244542 2.395843
8 -6.215183 -8.188929
5 -8.310751 5.856123
2 4.344836 5.124414
3 5.505182 0.914790
10 6.792152 5.095287
3 -5.999415 5.856123
7 -1.568669 1.828735
9 2.465736 -2.596629
7 -1.568669 1.828735
