10 100
K 5.126482 -5.619248 3.192501
Z 1 8.291304 -6.038732 8.422701 -5.047402
Z 2 -8.556271 1.133374 5.487326 -4.796737
K -2.773715 4.792758 1.920607
K -6.607561 -3.371398 2.389116
P 4.373638 2.982398 6.705223 7.158835
K 3.903892 0.339637 1.718242
Z 7 3.903892 0.339637 4.053239 1.328422
Z 4 -4.862045 -5.938524 -3.870860 -8.137096
K -5.398055 3.502531 1.439161
7 3.9039 0.3396
8 6.0162 3.1259
7 3.9039 0.3396
2 -6.6936 0.9268
10 -4.6135 5.5848
7 3.9039 0.3396
8 -2.2180 -5.3799
9 -14.2864 -0.3975
9 -14.2864 -0.3975
8 3.9612 -2.1809
10 -5.3981 3.5025
9 -2.7737 4.7928
2 11.4561 -6.4582
3 11.4561 -6.4582
2 11.4561 -6.4582
3 -7.6004 -1.5152
6 0.7618 -8.3732
1 5.1265 -5.6192
2 11.4561 -6.4582
4 -2.7737 4.7928
9 -2.7737 4.7928
5 -6.6076 -3.3714
4 -3.9375 -8.0773
9 -4.7539 0.8650
5 -6.6076 -3.3714
3 5.8252 -3.9645
10 -5.3981 3.5025
6 -5.6761 9.1172
7 3.9039 0.3396
6 6.7052 7.1588
3 -7.2799 8.2980
1 5.1265 -5.6192
2 5.2442 6.0329
5 -6.6076 -3.3714
9 -14.2864 -0.3975
6 9.3889 -6.4444
10 -5.0256 5.4366
1 -6.9655 0.9233
5 -1.2480 0.1910
9 6.2298 7.2087
3 11.4561 -6.4582
1 5.1265 -5.6192
10 -5.3981 3.5025
1 5.1265 -5.6192
4 1.1948 3.7205
9 -2.7737 4.7928
6 6.7052 2.9824
7 -6.4397 7.7493
8 2.5479 8.7613
3 -9.4318 5.0963
1 5.1265 -5.6192
4 7.9916 -6.1780
8 3.9039 0.3396
8 3.9039 0.3396
9 -2.7737 4.7928
6 5.0387 -7.4358
3 5.1265 -5.6192
6 4.6116 3.7113
1 5.1265 -5.6192
6 6.7052 7.1588
2 6.4228 -2.6237
7 -3.6545 -7.1182
9 -2.7737 4.7928
9 -14.2864 -0.3975
4 -2.7737 4.7928
2 -6.9374 -9.3669
2 11.4561 -6.4582
6 -0.1609 8.4119
7 3.9039 0.3396
7 3.9039 0.3396
4 1.5971 -6.8394
4 -2.7737 4.7928
6 6.7052 7.1588
1 9.7326 4.1446
7 3.9039 0.3396
9 -9.7974 -9.8242
1 5.1265 -5.6192
10 -4.9020 -9.1711
5 -6.6076 -3.3714
6 6.7052 7.1588
10 -5.3981 3.5025
2 6.0158 -0.8716
8 3.9039 0.3396
1 5.1265 -5.6192
9 -2.7737 4.7928
10 -5.3981 3.5025
3 -2.0508 0.1107
9 1.6774 -1.7603
5 -6.6076 -3.3714
2 9.0581 -2.1901
5 7.6219 0.4259
8 3.9039 0.3396
8 3.9039 0.3396
8 3.9039 0.3396
2 11.4561 -6.4582
3 10.8405 -7.9161
2 5.1265 -5.6192
2 5.1265 -5.6192
3 5.1265 -5.6192
8 -6.6520 -5.9766
