10 100
P 5.082396 6.933445 8.071082 8.890481
Z 1 9.190759 0.963940 -1.888895 3.670670
K -7.035124 -2.424758 2.618272
P -9.750266 1.413767 -7.873730 2.632774
P 5.140772 -8.717608 10.007757 -4.599271
K -7.511112 -8.569813 3.491958
Z 2 -3.023657 -6.319082 3.982442 0.048063
P 7.501956 4.932423 11.110127 8.441545
K -6.407950 -8.828422 1.833396
Z 9 -4.684821 5.603751 -4.727568 7.394202
1 8.0711 8.8905
4 2.0005 -7.1400
3 -7.0351 -2.4248
10 -2.6313 -1.7289
5 10.0078 -8.7176
4 -7.8737 1.4138
7 0.2745 1.8722
7 8.0711 6.9334
7 11.2263 3.4616
1 5.0824 6.9334
4 -7.8737 1.4138
5 5.1408 -8.7176
3 -7.0351 -2.4248
5 10.0078 -4.5993
2 5.0824 6.9334
2 2.7928 -2.4389
3 -7.0351 -2.4248
6 -8.1888 4.2058
6 5.3464 6.2711
8 9.8762 0.4240
3 -7.0351 -2.4248
7 5.4448 -3.8169
1 5.0824 6.9334
4 6.2512 -8.0077
10 -2.2749 -8.7297
5 5.1408 -8.7176
5 5.1408 -8.7176
9 -6.4079 -8.8284
9 -6.4079 -8.8284
8 2.1830 1.8953
4 -0.3010 4.1695
4 -7.8737 2.6328
9 -6.4079 -8.8284
9 -2.9500 5.9292
6 -7.5111 -8.5698
5 10.0078 -4.5993
4 -9.7503 1.4138
2 5.3546 -7.9403
6 -7.5111 -8.5698
1 8.0711 8.8905
10 -2.2749 -8.7297
1 5.0824 6.9334
2 -8.5300 -2.5840
4 -7.8737 2.6328
6 7.8217 -2.3117
3 -7.0351 -2.4248
1 1.7870 -0.1399
8 11.1101 8.4415
4 8.0235 8.5073
9 -6.4079 -8.8284
9 -6.4079 -8.8284
2 4.5425 -5.5535
2 -5.6975 -4.9364
4 -9.7503 2.6328
4 -9.7503 2.6328
6 -7.5111 -8.5698
6 -7.5111 -8.5698
9 -6.4079 -8.8284
6 2.4315 -9.4601
5 -5.1445 0.9104
6 -0.0257 6.4918
9 -6.4079 -8.8284
9 -6.4079 -8.8284
3 -6.3858 8.8350
10 -2.2749 -8.7297
2 3.3877 -0.7254
1 8.0711 8.8905
9 -6.4079 -8.8284
2 5.4448 -3.8169
6 -7.5111 -8.5698
6 -7.5111 -8.5698
9 -6.4079 -8.8284
7 4.2356 7.0033
1 -5.7817 -6.4197
2 -5.2050 -9.9479
3 -7.0351 -2.4248
5 10.0078 -8.7176
5 10.0078 -8.7176
7 -7.2430 -3.9317
10 -6.4079 -8.8284
1 -1.7571 -2.5009
9 -6.4079 -8.8284
4 -9.7503 2.6328
6 -7.5111 -8.5698
10 8.6963 6.9946
3 -7.0351 -2.4248
3 -7.2499 3.8876
8 2.6782 -4.3955
5 10.0078 -8.7176
8 7.5020 8.4415
6 8.8425 -7.5388
6 -7.5111 -8.5698
10 -6.4079 -8.8284
6 5.1553 -7.4917
2 5.0824 8.8905
6 -7.5111 -8.5698
3 -7.0351 -2.4248
10 -2.2749 -8.7297
9 -6.4079 -8.8284
4 -9.5675 -9.9431
