10 100
P -1.444044 -9.808342 2.608442 -6.112062
K 9.181891 -8.327202 2.561111
K -0.608006 -3.132991 1.624363
Z 2 9.548063 -0.055615 7.672931 -0.495652
Z 1 -9.192301 -8.254838 4.636650 -6.965923
Z 3 -0.608006 -3.132991 -1.292962 -2.404407
K 0.671777 -6.125322 1.619094
P -8.201417 -2.955673 -6.163012 -1.184983
K 3.573232 0.650812 3.529498
Z 3 -0.608006 -3.132991 -0.100557 -3.994673
9 3.573232 0.650812
4 9.181891 -8.327202
4 9.181891 -8.327202
7 0.671777 -6.125322
8 -6.163012 -1.184983
1 -1.444044 -9.808342
3 -0.608006 -3.132991
2 1.720458 -0.734247
8 -8.201417 -1.184983
5 -2.163062 4.706361
1 -1.444044 -6.112062
1 -1.444044 -6.112062
2 9.181891 -8.327202
3 -0.110934 -2.393264
8 -7.123296 0.053543
6 8.355787 -8.267058
9 3.573232 0.650812
3 -0.608006 -3.132991
6 -0.608006 -3.132991
5 -1.444044 -6.112062
6 6.778744 9.351438
2 9.181891 -8.327202
2 -8.807908 0.199302
7 4.164119 -3.478009
9 8.481209 -4.697033
2 9.181891 -8.327202
3 -0.608006 -3.132991
10 -0.608006 -3.132991
5 2.801173 -8.179896
5 8.929250 2.938171
6 -9.638545 -1.371521
7 1.224444 -1.616273
6 -0.608006 -3.132991
6 4.999641 -0.209251
3 -0.608006 -3.132991
5 -1.444044 -6.112062
5 9.769793 -2.858121
7 -8.311011 4.516434
3 -0.608006 -3.132991
7 0.671777 -6.125322
2 9.181891 -8.327202
1 -1.444044 -9.808342
2 9.181891 -8.327202
6 -0.608006 -3.132991
10 -0.608006 -3.132991
6 -0.608006 -3.132991
3 -0.608006 -3.132991
1 -1.444044 -9.808342
5 2.118090 -4.547282
8 -8.201417 -1.184983
7 0.671777 -6.125322
6 -0.608006 -3.132991
5 -1.181512 -8.928807
4 -1.221211 -7.553714
6 -3.629860 -9.336637
6 -0.608006 -3.132991
6 -0.608006 -3.132991
4 5.837167 7.534716
2 9.181891 -8.327202
8 -3.686507 -9.241506
8 4.475582 3.193037
6 -7.186135 2.965596
5 2.801173 -8.179896
1 2.608442 -6.112062
1 2.608442 -6.112062
9 7.412876 -7.757835
3 8.051741 9.366279
6 8.956467 4.004919
9 3.573232 0.650812
9 3.573232 0.650812
4 5.563701 -2.855911
5 -1.444044 -6.112062
2 9.181891 -8.327202
10 5.709580 -8.710132
2 9.181891 -8.327202
8 -8.201417 -1.184983
5 2.118090 -4.547282
7 0.671777 -6.125322
7 0.671777 -6.125322
7 0.671777 -6.125322
2 9.181891 -8.327202
7 1.201682 -2.984497
7 0.671777 -6.125322
8 -6.163012 -2.955673
9 3.573232 0.650812
6 -0.608006 -3.132991
9 5.493690 5.651483
4 -8.312240 1.398174
4 5.540571 7.189605
6 -0.608006 -3.132991
1 -1.444044 -9.808342
4 9.181891 -8.327202
4 5.540571 7.189605
1 2.608442 -9.808342
3 1.585877 -9.540304
6 6.739139 3.375401
9 3.573232 0.650812
6 3.822309 -4.603987
4 1.731579 -0.825088
8 9.945089 -2.473508
