10 100
K -1.492280 -5.937053 2.998036
P -8.674204 -0.554130 -3.814154 2.164366
K -6.254006 -4.214316 4.175255
K 4.397613 -4.584028 2.906554
P -4.747037 -7.583121 -1.148717 -3.242637
Z 1 -0.206174 -3.228888 -1.109487 -2.799906
Z 5 -1.148717 -7.583121 -0.660787 -6.710239
P 6.441959 6.329696 8.041737 8.326213
P -4.293895 4.817386 -0.238852 9.625209
P 7.202339 -4.732062 9.713728 -1.795447
10 0.838961 -2.132996
10 7.202339 -4.732062
7 -6.028838 -7.900307
7 -1.148717 -3.242637
8 8.041737 6.329696
5 -1.148717 -3.242637
7 8.941333 7.278403
4 -4.859818 -1.659741
1 -1.492280 -5.937053
4 -6.469222 1.497462
2 6.915596 -8.609451
10 -3.177686 -1.122209
6 -1.492280 -5.937053
10 9.713728 -4.732062
5 0.456694 -2.336596
4 4.397613 -4.584028
3 -6.254006 -4.214316
4 4.397613 -4.584028
1 -1.492280 -5.937053
5 -0.992352 3.778597
7 4.125953 -0.312205
8 8.041737 8.326213
6 1.079931 -0.520724
7 -4.747037 -3.242637
10 7.202339 -1.795447
3 -6.254006 -4.214316
1 -6.776628 -3.051201
6 -1.492280 -5.937053
1 -1.492280 -5.937053
2 9.286561 -6.080622
3 -6.254006 -4.214316
10 7.202339 -1.795447
10 9.713728 -1.795447
4 4.397613 -4.584028
3 -6.254006 -4.214316
4 4.397613 -4.584028
2 -8.674204 2.164366
2 -8.674204 2.164366
4 -0.638504 -1.380338
3 -6.254006 -4.214316
10 9.713728 -1.795447
2 -3.814154 2.164366
8 8.041737 6.329696
8 8.041737 8.326213
1 -1.492280 -5.937053
7 0.736253 -10.648213
10 7.202339 -1.795447
6 1.079931 -0.520724
2 -8.674204 -0.554130
8 8.041737 6.329696
5 -1.148717 -3.242637
1 -1.492280 -5.937053
10 -4.484736 2.911891
8 8.041737 8.326213
7 2.548560 -5.309370
8 8.041737 8.326213
8 8.041737 6.329696
4 4.397613 -4.584028
8 -5.351022 -5.344046
2 1.947728 -6.202923
3 -1.038423 9.313725
8 6.441959 8.326213
9 -0.238852 9.625209
1 -3.848780 -8.196715
10 9.713728 -4.732062
3 -6.254006 -4.214316
1 -1.492280 -5.937053
4 4.397613 -4.584028
5 -1.148717 -3.242637
4 4.397613 -4.584028
1 -1.492280 -5.937053
3 -6.254006 -4.214316
4 4.397613 -4.584028
6 1.079931 -0.520724
10 7.202339 -4.732062
7 1.678603 9.959339
3 -3.585483 4.196908
4 4.397613 -4.584028
5 -1.148717 -3.242637
8 6.441959 6.329696
4 4.397613 -4.584028
2 -8.674204 2.164366
8 6.441959 8.326213
10 7.202339 -4.732062
7 -1.148717 -3.242637
10 9.713728 -1.795447
6 -1.492280 -5.937053
7 -1.148717 -3.242637
8 -5.964576 7.919989
8 6.441959 6.329696
9 -0.238852 9.625209
8 6.441959 8.326213
10 2.600138 3.463337
6 -1.561677 6.595366
3 -6.254006 -4.214316
9 2.817002 -1.077680
5 -4.747037 -3.242637
6 -1.492280 -5.937053
10 7.202339 -4.732062
6 1.079931 -0.520724
