10 100
P 0.952559 -1.470292 3.176351 1.272498
K 1.977936 -3.132102 4.073294
Z 2 1.977936 -3.132102 2.889088 -3.544173
P -9.288853 -4.823354 -8.038412 -1.244397
Z 4 -9.288853 -1.244397 -8.329011 -1.524937
K -2.277371 -3.665819 3.735425
Z 3 6.026942 -3.576264 6.135984 -2.582227
Z 6 -2.277371 -3.665819 -3.269788 -3.542899
K 5.536619 8.081956 4.210081
P 8.741128 1.504315 10.111503 2.575861
3 0.705417 -8.475280
8 3.702729 -0.076267
4 -9.288853 -1.244397
5 -3.264566 -3.488013
5 -9.288853 -1.244397
2 1.977936 -3.132102
3 8.628612 -7.100818
8 -2.277371 -3.665819
7 9.594577 4.641036
1 8.979069 6.207473
2 1.977936 -3.132102
4 -8.038412 -1.244397
10 10.111503 2.575861
4 -9.288853 -4.823354
1 0.952559 1.272498
9 9.635123 -2.219788
10 10.111503 1.504315
3 1.977936 -3.132102
8 -2.277371 -3.665819
8 1.651300 8.637905
3 1.977936 -3.132102
9 5.536619 8.081956
3 -1.889301 9.567075
7 1.977936 -3.132102
9 5.536619 8.081956
5 -8.038412 -1.244397
6 -2.277371 -3.665819
2 1.977936 -3.132102
10 8.057028 7.893152
8 -2.277371 -3.665819
5 -9.288853 -4.823354
1 0.952559 1.272498
7 10.075948 -4.020426
8 -2.277371 -3.665819
1 6.651803 5.830141
8 -2.277371 -3.665819
1 3.176351 1.272498
3 6.643995 -8.881201
7 -0.593062 -8.164595
1 3.176351 1.272498
8 -2.277371 -3.665819
7 -5.627455 -6.664785
6 -2.277371 -3.665819
7 -9.698094 0.520954
7 10.075948 -4.020426
10 8.741128 2.575861
3 1.977936 -3.132102
5 -6.611427 -2.361871
3 -1.027034 -7.870364
1 0.952559 -1.470292
8 -2.277371 -3.665819
5 -8.235239 -1.917820
10 8.741128 2.575861
5 4.109188 -1.545663
5 -7.919046 -6.313926
1 -7.630365 5.676076
3 1.977936 -3.132102
9 5.536619 8.081956
3 8.591354 2.319399
4 -9.288853 -4.823354
10 8.741128 1.504315
6 5.757617 -4.382010
5 -8.235239 -1.917820
7 1.977936 -3.132102
8 -9.010387 -2.353350
7 1.977936 -3.132102
9 5.536619 8.081956
8 -2.277371 -3.665819
8 8.410955 -3.185793
8 -2.277371 -3.665819
8 8.916839 -5.886267
9 5.536619 8.081956
1 3.176351 1.272498
5 -6.307796 1.097790
9 5.536619 8.081956
5 -8.038412 -4.823354
6 -2.277371 -3.665819
1 3.176351 -1.470292
9 5.536619 8.081956
9 5.536619 8.081956
5 -8.038412 -1.244397
9 -2.788633 -6.019592
9 5.536619 8.081956
2 1.977936 -3.132102
8 -2.277371 -3.665819
7 1.977936 -3.132102
9 5.536619 8.081956
3 1.977936 -3.132102
5 -7.361410 1.771213
4 -9.288853 -4.823354
6 -2.277371 -3.665819
1 -4.402356 -9.740612
9 5.536619 8.081956
6 -2.277371 -3.665819
10 8.741128 2.575861
3 1.977936 -3.132102
10 8.741128 1.504315
1 0.952559 1.272498
7 10.075948 -4.020426
3 1.977936 -3.132102
