10 100
K -3.580850 -2.325006 2.390483
Z 1 -5.841794 -3.101240 -5.517075 -4.047051
P 0.817938 -6.865809 5.786309 -4.101396
Z 3 -1.976353 -3.233357 -5.793271 -1.401702
Z 2 -10.346846 -3.053830 -10.691397 -3.992598
K -4.126150 8.490531 3.037577
Z 1 -3.580850 -2.325006 -2.843323 -1.649688
K -7.312707 -9.827868 3.389282
P -6.160178 -9.751601 -2.399810 -8.563346
P 9.915190 -5.773089 13.386969 -1.376883
1 -3.580850 -2.325006
4 -8.446767 -8.595903
10 9.915190 -1.376883
5 9.121559 -5.653832
1 -3.580850 -2.325006
5 -3.580850 -2.325006
3 -4.029940 5.501699
3 -2.718801 -5.875131
6 -4.126150 8.490531
10 13.386969 -5.773089
5 -8.102738 -3.877475
9 -6.160178 -9.751601
7 -3.580850 -2.325006
7 9.382982 7.245624
9 -2.233051 1.156122
5 8.072620 -2.215697
10 2.050372 3.569783
6 -0.730151 0.086938
1 -8.158144 -0.632551
1 -3.580850 -2.325006
3 5.786309 -6.865809
3 0.817938 -4.101396
7 -3.580850 -2.325006
9 -2.399810 -9.751601
1 -3.580850 -2.325006
2 -8.102738 -3.877475
3 0.817938 -6.865809
8 -7.312707 -9.827868
3 5.786309 -4.101396
4 9.687705 -1.346676
8 -7.312707 -9.827868
2 -8.102738 -3.877475
2 2.449292 -5.035194
3 5.786309 -6.865809
3 0.817938 -4.101396
6 -4.126150 8.490531
5 -8.102738 -3.877475
4 5.786309 -4.101396
4 7.628274 -8.448377
4 5.786309 -4.101396
2 -2.473855 -9.027354
8 -7.312707 -9.827868
7 0.970580 3.381117
5 -8.102738 -3.877475
5 -6.800905 1.504212
8 -7.312707 -9.827868
2 -3.580850 -2.325006
7 -3.580850 -2.325006
8 -4.399115 -1.862754
6 -4.126150 8.490531
5 -12.590953 -2.230186
3 5.786309 -4.101396
2 -8.102738 -3.877475
2 6.025649 -7.783552
4 3.557462 -8.746007
4 0.817938 -4.101396
1 0.346921 -0.433924
6 -4.126150 8.490531
8 -7.312707 -9.827868
9 -2.399810 -9.751601
8 -7.312707 -9.827868
9 -6.160178 -8.563346
9 -6.160178 -8.563346
9 -2.399810 -9.751601
7 -3.580850 -2.325006
9 -6.160178 -8.563346
3 -1.017765 1.530246
3 5.786309 -4.101396
5 -3.580850 -2.325006
4 0.817938 -6.865809
1 -3.580850 -2.325006
4 5.786309 -6.865809
10 1.671248 6.417222
7 -3.580850 -2.325006
3 0.817938 -6.865809
10 -4.611586 8.457242
3 5.786309 -6.865809
10 9.915190 -1.376883
7 -3.580850 -2.325006
4 2.605586 -3.140596
4 2.223333 -6.960325
5 -3.580850 -2.325006
9 -6.160178 -9.751601
3 5.786309 -6.865809
6 -4.126150 8.490531
10 6.724294 -2.654544
6 6.396514 -9.809257
10 9.915190 -1.376883
6 -4.126150 8.490531
8 -7.312707 -9.827868
1 3.993945 -7.258390
3 5.650253 -7.302200
7 -3.580850 -2.325006
8 -7.312707 -9.827868
2 -8.102738 -3.877475
7 8.127807 -0.531926
3 -4.320052 6.230092
10 13.386969 -5.773089
4 5.714009 -7.016473
9 -6.160178 -9.751601
