10 100
P -3.091006 5.624401 -1.025135 8.129413
K -3.773603 -4.496194 3.499840
K -7.003641 -1.997662 3.015322
P -2.427497 8.264933 1.695485 9.716805
Z 4 1.695485 8.264933 2.291138 7.461691
P 0.770980 -2.519365 4.121583 -0.284334
K 2.861466 -2.096932 2.464486
P -0.675833 -8.605482 1.225139 -4.049092
Z 2 -3.758966 2.174987 9.179540 -3.607389
K 9.935155 -4.398880 3.056615
6 0.770980 -2.519365
1 8.900367 7.275025
9 -3.773603 -4.496194
5 0.306179 8.686548
7 2.861466 -2.096932
10 9.935155 -4.398880
1 -1.025135 5.624401
9 -3.773603 -4.496194
4 2.070497 -6.914778
3 9.153525 -9.336583
6 1.427281 -3.578118
2 -3.773603 -4.496194
9 -3.773603 -4.496194
4 1.886700 -9.398520
1 -3.091006 5.624401
1 -1.025135 8.129413
3 -7.003641 -1.997662
4 -2.427497 8.264933
6 9.874965 7.925417
7 2.861466 -2.096932
10 9.935155 -4.398880
4 1.695485 9.716805
3 -7.003641 -1.997662
6 4.121583 -0.284334
7 2.861466 -2.096932
4 1.695485 8.264933
5 1.695485 9.716805
5 -3.999703 -1.652925
6 0.770980 -0.284334
10 9.935155 -4.398880
5 1.695485 8.264933
6 2.797307 -2.974875
10 -6.679552 -1.990202
3 -7.003641 -1.997662
6 0.770980 -0.284334
6 0.770980 -0.284334
5 1.503470 12.631859
5 1.503470 12.631859
8 -5.857473 -5.823203
1 -3.091006 5.624401
2 2.766965 -2.982328
3 -7.003641 -1.997662
3 -7.003641 -1.997662
4 1.695485 9.716805
10 -1.389212 6.362523
8 -0.675833 -8.605482
8 1.225139 -8.605482
9 -3.773603 -4.496194
6 0.770980 -0.284334
7 2.861466 -2.096932
10 9.935155 -4.398880
8 -8.445486 7.596507
6 9.832668 -5.491877
7 2.861466 -2.096932
1 -3.091006 5.624401
5 2.892776 12.210244
8 1.225139 -4.049092
9 -6.768033 -2.312856
5 -9.853443 8.839261
7 2.861466 -2.096932
6 4.121583 -0.284334
3 -7.003641 -1.997662
5 -2.427497 8.264933
1 -3.091006 5.624401
6 -7.352478 8.357791
10 6.242099 4.363588
5 2.892776 12.210244
3 -5.631118 -5.100396
7 -9.611936 -3.989329
7 8.973268 -6.655415
6 -5.605890 -4.047486
3 2.113466 8.220719
3 -2.425674 7.329598
7 2.861466 -2.096932
2 -3.773603 -4.496194
6 0.770980 -2.519365
4 1.695485 9.716805
10 -0.236291 -4.502379
5 3.131215 9.022388
2 -3.773603 -4.496194
4 1.695485 9.716805
6 0.770980 -0.284334
7 2.861466 -2.096932
3 -7.003641 -1.997662
3 1.702472 2.865405
9 -6.081647 6.896359
2 -3.773603 -4.496194
9 -3.773603 -4.496194
10 7.330842 -2.173534
5 1.695485 9.716805
2 -3.773603 -4.496194
2 -3.773603 -4.496194
7 2.861466 -2.096932
5 0.306179 8.686548
10 9.935155 -4.398880
10 9.935155 -4.398880
6 9.794545 2.829368
9 -3.773603 -4.496194
7 7.252623 3.212922
6 9.324217 -7.633364
