10 100
P -7.573096 -3.628633 -4.302409 -1.188970
P -7.187375 -4.545976 -4.337099 -2.170695
Z 1 5.856230 4.106350 -9.594703 -1.807477
Z 2 -7.187375 -2.170695 -6.192859 -2.066106
P -4.278092 -6.206803 -0.785964 -1.495594
K -6.844374 4.484248 4.148339
P -1.244424 -9.520174 2.640110 -7.737338
P 2.384981 -3.457679 3.388727 -0.350816
Z 3 -6.870841 3.081853 -7.854179 3.263640
K -4.791214 -1.619735 3.394158
6 -3.517502 5.088785
8 3.388727 -3.457679
7 2.640110 -7.737338
2 -4.337099 -2.170695
3 -7.676761 -0.918127
3 -7.573096 -1.188970
5 -4.203700 -8.101485
5 -0.785964 -6.206803
8 3.388727 -3.457679
3 7.526973 -0.012862
1 2.080673 9.139327
6 -6.844374 4.484248
5 -0.785964 -6.206803
8 2.384981 -3.457679
3 -2.515980 1.403138
2 3.524287 0.509380
10 -4.791214 -1.619735
6 2.115495 9.260101
8 -7.616697 1.691922
2 -4.337099 -4.545976
9 -2.073067 8.430576
4 -4.399456 -1.577753
8 4.932950 -3.878980
5 -4.278092 -6.206803
9 -4.700260 4.195646
6 7.147723 7.727140
4 -4.337099 -2.170695
4 -4.337099 -2.170695
8 3.388727 -3.457679
7 2.640110 -9.520174
5 -0.785964 -6.206803
3 -9.305686 0.898068
6 -6.844374 4.484248
4 -4.399456 -1.577753
4 -4.337099 -4.545976
1 -7.573096 -1.188970
9 -6.193444 7.105593
3 -7.676761 -0.918127
3 -1.892903 5.167096
5 1.699462 -8.841039
6 9.274402 -2.691886
5 3.723503 9.381894
9 -2.396000 -4.928025
4 -7.187375 -2.170695
8 9.412542 7.491735
1 -9.221917 5.244668
4 -4.399456 -1.577753
8 3.388727 -0.350816
4 -7.187375 -2.170695
4 -7.187375 -4.545976
8 3.388727 -0.350816
8 1.404383 -8.699827
10 2.379205 -1.910857
5 -4.278092 -1.495594
4 -7.681504 0.152622
10 -4.791214 -1.619735
1 -0.878081 8.547072
6 -6.844374 4.484248
8 2.384981 -3.457679
2 -4.337099 -4.545976
10 -4.791214 -1.619735
7 -3.077423 1.098101
1 -4.302409 -1.188970
10 -5.224528 -4.494236
4 -7.187375 -4.545976
6 9.946990 7.416467
10 -4.791214 -1.619735
3 -4.302409 -1.188970
9 -6.870841 3.081853
7 2.640110 -7.737338
7 -3.574660 0.022485
4 -6.663839 7.198597
6 -6.844374 4.484248
3 -8.378504 3.486902
10 -4.791214 -1.619735
5 -3.403729 8.979928
3 -4.302409 -1.188970
5 -0.785964 -6.206803
1 -7.573096 -1.188970
5 -4.278092 -1.495594
4 -4.337099 -2.170695
5 -0.785964 -1.495594
8 2.384981 -3.457679
10 -4.791214 -1.619735
5 -4.278092 -6.206803
7 2.640110 -7.737338
9 -5.241916 1.265659
5 6.501297 0.285968
5 -0.785964 -6.206803
9 -2.073067 8.430576
9 -4.302409 -3.628633
9 8.101040 -9.881262
5 -0.785964 -6.206803
5 0.742556 8.202237
3 6.095338 -0.858175
9 -5.999801 7.321474
10 -4.791214 -1.619735
1 -4.302409 -3.628633
2 -7.187375 -4.545976
10 -4.791214 -1.619735
