10 100
P -2.839724 -8.169121 0.338527 -6.624495
P 7.230663 6.390323 10.291830 9.097484
Z 1 5.240749 3.643255 -5.857430 8.692996
K 4.372656 0.005386 2.029846
Z 4 4.925128 -1.947829 5.887376 -1.675655
K -3.173636 -4.285638 1.999694
K -1.892317 -3.724151 4.270422
K -3.882096 -7.305656 3.141116
Z 3 -2.839724 -8.169121 -1.855981 -8.348699
P 8.378381 -8.957517 11.881558 -7.293464
7 5.8043 4.0287
1 -2.8397 -6.6245
10 11.8816 -8.9575
2 10.2918 9.0975
6 1.4574 -8.8179
1 -1.3139 -1.2999
1 0.3385 -8.1691
5 4.3727 0.0054
2 10.2918 6.3903
7 -1.8923 -3.7242
2 10.2918 6.3903
4 4.3727 0.0054
4 -4.4813 1.6325
10 8.3784 -7.2935
8 -3.8821 -7.3057
4 4.3727 0.0054
8 1.2622 0.1584
7 -1.8923 -3.7242
1 -7.2660 8.2420
2 7.2307 9.0975
10 11.8816 -8.9575
5 5.4776 -3.9010
4 4.3727 0.0054
9 -1.7140 -34.9437
6 3.3825 -8.1875
10 8.3784 -8.9575
1 2.6194 1.8945
4 4.3727 0.0054
6 -3.1736 -4.2856
1 0.3385 -8.1691
10 11.8816 -8.9575
1 3.5428 -6.0988
4 4.3727 0.0054
3 10.9259 15.0994
10 8.3784 -8.9575
6 -8.9273 5.1342
9 8.8379 17.4956
3 0.3385 -6.6245
1 0.3385 -6.6245
3 -9.1966 -0.9591
1 -2.8397 -8.1691
8 -3.8821 -7.3057
8 -3.8821 -7.3057
7 0.8963 5.2802
10 8.3784 -8.9575
9 1.9707 1.9849
3 0.3385 -6.6245
10 8.3784 -7.2935
5 5.4776 -3.9010
7 3.1637 -1.7223
10 8.3784 -7.2935
9 10.9259 15.0994
8 -3.8821 -7.3057
7 -1.8923 -3.7242
2 4.8601 -3.0438
7 -1.8923 -3.7242
3 -2.8397 -8.1691
6 -0.5553 4.2472
6 -3.1736 -4.2856
9 -1.7140 -34.9437
5 5.4776 -3.9010
7 -1.8923 -3.7242
7 5.8951 -4.6255
2 10.2918 9.0975
9 1.8455 -6.8021
2 7.2307 9.0975
9 0.1335 -9.2921
3 2.1754 6.7910
5 5.4776 -3.9010
2 10.2918 6.3903
4 4.3727 0.0054
5 5.4776 -3.9010
10 11.8816 -8.9575
8 -3.8821 -7.3057
7 -1.8923 -3.7242
7 -1.8923 -3.7242
6 -3.1736 -4.2856
5 5.4776 -3.9010
10 8.3784 -8.9575
9 -2.8397 -8.1691
3 7.6733 16.4808
10 11.8816 -7.2935
8 -3.8821 -7.3057
8 -4.2657 -0.0861
10 5.3296 -1.5001
7 -1.8923 -3.7242
8 6.4590 -5.3870
9 0.3385 -6.6245
4 4.3727 0.0054
8 -3.8821 -7.3057
7 -1.8923 -3.7242
10 11.8816 -8.9575
2 10.2918 6.3903
6 -3.1736 -4.2856
2 7.2307 9.0975
4 6.8723 -7.0473
4 4.3727 0.0054
10 8.3784 -7.2935
5 0.2141 -4.5479
8 -8.3141 6.7535
