10 100
P 2.219591 -5.660319 3.864638 -1.594068
P -9.419110 -7.527247 -6.736310 -4.905010
Z 2 7.913125 6.072396 -2.126156 8.688364
P -1.617576 -9.953607 -0.298269 -6.771980
P 4.504765 5.049312 8.002377 7.378186
K -5.156004 9.651035 4.084214
P -5.749702 4.160815 -1.205738 9.055216
Z 6 -5.156004 9.651035 -5.505950 10.587805
K -2.814635 0.947848 2.323408
K 5.972715 5.491584 3.457467
1 4.317676 7.693315
10 -7.236118 -8.363696
10 5.972715 5.491584
10 5.972715 5.491584
3 -0.578318 26.400998
10 5.972715 5.491584
9 -2.814635 0.947848
10 5.972715 5.491584
6 -5.156004 9.651035
8 -5.156004 9.651035
9 -7.355677 6.864539
1 2.219591 -1.594068
4 -8.810500 6.943594
2 -9.419110 -7.527247
1 2.219591 -5.660319
1 3.864638 -1.594068
9 -2.814635 0.947848
4 -0.298269 -9.953607
4 -0.298269 -9.953607
8 -5.156004 9.651035
9 -2.814635 0.947848
2 -6.736310 -7.527247
8 9.740821 -6.551414
7 -5.749702 9.055216
2 -6.736310 -7.527247
5 8.002377 5.049312
5 4.504765 5.049312
3 -8.383235 2.019202
4 -1.617576 -6.771980
7 -5.749702 9.055216
5 4.504765 5.049312
6 -8.504613 4.027252
1 -6.766644 8.903854
3 -1.089954 8.173418
1 2.219591 -1.594068
2 -9.419110 -4.905010
6 -5.156004 9.651035
5 -8.989426 5.560333
8 -5.156004 9.651035
7 -1.544162 1.594615
8 5.662847 -9.404044
7 -1.205738 4.160815
7 -1.205738 9.055216
1 2.219591 -5.660319
2 -6.736310 -7.527247
7 -1.205738 4.160815
1 2.219591 -1.594068
3 -1.858000 24.112211
4 4.373313 7.014007
9 -5.798893 9.915096
3 -0.578318 26.400998
8 -5.156004 9.651035
10 5.972715 5.491584
4 -0.298269 -6.771980
2 -6.736310 -4.905010
8 -5.156004 9.651035
8 -5.156004 9.651035
6 -5.156004 9.651035
6 -8.602893 4.451566
2 -9.419110 -7.527247
9 -2.814635 0.947848
9 2.544037 -9.017526
2 -9.419110 -4.905010
5 8.002377 5.049312
6 -5.156004 9.651035
4 -0.298269 -9.953607
8 -5.156004 9.651035
2 -6.736310 -4.905010
1 -0.385294 5.523717
6 -5.156004 9.651035
7 -5.749702 4.160815
5 8.002377 7.378186
9 -2.814635 0.947848
8 9.559215 -8.980632
6 -5.156004 9.651035
2 -1.844990 -4.553925
5 4.504765 7.378186
1 3.864638 -5.660319
4 -0.298269 -6.771980
8 -5.156004 9.651035
6 -5.156004 9.651035
5 8.002377 7.378186
4 -0.298269 -6.771980
2 -5.922392 -4.823086
9 6.460140 4.923832
3 -6.736310 -4.905010
2 -2.747730 8.044542
7 9.031152 9.971467
6 -0.649401 -0.120808
9 -2.814635 0.947848
10 9.280041 8.413633
9 -2.814635 0.947848
4 -0.298269 -9.953607
9 -2.814635 0.947848
3 -9.419110 -7.527247
7 7.047557 0.316072
8 -5.156004 9.651035
4 -0.298269 -9.953607
10 -3.580841 3.812070
3 0.483648 22.802974
