10 100
P 5.826073 2.922319 9.772179 5.272099
P -0.294924 7.644089 1.568481 11.173209
Z 2 -0.294924 11.173209 0.677739 11.405429
Z 3 -0.621087 -4.305347 -8.043079 0.023910
K 9.291396 -7.602025 1.692315
Z 1 -7.184633 -9.975542 1.000241 4.398682
P -0.460892 -1.744443 2.244618 0.925677
K -4.017279 6.440805 2.443569
Z 4 5.679885 -4.885707 0.916419 8.729834
K -5.967519 7.208079 1.266053
2 -0.2949 11.1732
5 9.2914 -7.6020
8 -4.0173 6.4408
2 1.5685 11.1732
5 9.2914 -7.6020
1 9.7722 5.2721
4 -0.2267 15.1635
8 -4.0173 6.4408
1 5.8261 2.9223
5 9.2914 -7.6020
9 -0.2949 7.6441
4 -13.8481 -14.0703
3 -0.2267 15.1635
1 -1.4771 3.2633
9 2.5404 8.6361
4 0.5149 -4.8323
9 7.7616 2.1993
10 0.9539 -0.5444
2 -0.2949 7.6441
2 -2.7530 1.4960
2 -0.2949 11.1732
1 5.8261 2.9223
10 -5.9675 7.2081
7 -4.7905 -5.2363
6 -1.7829 5.8808
1 0.9045 -8.9258
10 -5.9675 7.2081
6 -2.7250 12.3882
8 -4.0173 6.4408
1 5.8261 5.2721
3 3.5015 -4.3014
10 -5.9675 7.2081
7 2.2446 0.9257
6 -2.7250 12.3882
8 2.8045 -9.6787
6 -3.1324 1.0687
9 22.0961 1.0589
7 2.2446 -1.7444
9 -0.2267 15.1635
8 5.4268 -4.1601
10 -5.9675 7.2081
9 7.9316 -8.8052
4 -9.6397 8.7048
10 -5.9675 7.2081
2 1.5685 11.1732
5 7.3222 2.9438
4 -17.4591 -12.3711
3 1.3675 12.0150
7 2.2446 0.9257
10 -5.9675 7.2081
2 1.5685 11.1732
8 -4.0173 6.4408
3 -0.2949 11.1732
10 -5.9675 7.2081
5 9.2914 -7.6020
7 -0.4609 -1.7444
1 5.8261 5.2721
2 6.8804 -6.3758
10 -3.8470 3.8541
3 -0.2949 11.1732
1 5.8261 5.2721
10 -5.9675 7.2081
5 9.2914 -7.6020
10 3.5597 -6.6122
7 2.2446 -1.7444
3 -1.8892 14.3217
1 0.7820 8.7171
6 -7.8607 -6.5626
10 -2.1794 -5.5534
10 5.3062 -1.2903
2 -8.8672 6.4824
9 25.8750 -0.2245
8 -4.0173 6.4408
2 -0.2949 7.6441
7 -5.6787 4.1677
10 -5.9675 7.2081
7 2.2446 -1.7444
9 25.5810 1.6156
4 -9.9445 -12.0936
5 9.2914 -7.6020
4 -1.8892 14.3217
3 -0.2949 11.1732
7 -0.4609 -1.7444
5 9.2914 -7.6020
5 9.2914 -7.6020
5 9.2914 -7.6020
6 -1.9984 -3.1594
6 5.8261 2.9223
2 -7.8773 0.5579
7 -8.9823 1.3143
5 -6.4646 3.0895
7 -0.4609 -1.7444
5 9.7786 4.3803
3 1.5685 11.1732
4 -0.2949 7.6441
5 9.2914 -7.6020
5 9.2914 -7.6020
1 9.7722 5.2721
6 9.7722 5.2721
2 1.5685 7.6441
