10 100
K 2.854383 2.021819 3.912854
Z 1 2.854383 2.021819 2.157520 1.304615
P 2.178640 -0.502516 6.413419 3.058959
K -6.125617 -2.141805 1.514862
P 8.197545 0.544555 11.032888 4.026182
P 4.508830 -8.240766 7.151664 -4.070029
Z 2 2.854383 2.021819 2.352351 2.886668
K -5.855812 3.448099 4.328111
K 1.025014 -4.300070 4.429070
K 7.278386 8.753601 2.803713
6 -0.440932 1.304318
10 7.278386 8.753601
9 1.025014 -4.300070
8 -5.855812 3.448099
8 -5.855812 3.448099
8 5.628209 -1.812629
2 2.854383 2.021819
9 -4.424893 -1.373002
8 -5.855812 3.448099
5 11.032888 4.026182
9 1.025014 -4.300070
1 2.168663 -4.036099
5 11.032888 0.544555
10 7.278386 8.753601
3 -5.374882 -0.342097
4 -6.125617 -2.141805
1 0.603166 -7.720214
10 -7.169511 -1.785039
5 8.197545 0.544555
5 11.032888 0.544555
5 -7.813052 6.302388
6 3.097675 -1.744630
1 4.523049 5.474281
8 -5.855812 3.448099
7 2.854383 2.021819
3 2.178640 3.058959
6 7.151664 -8.240766
5 11.032888 0.544555
7 4.445976 2.847993
9 1.025014 -4.300070
4 -6.125617 -2.141805
10 7.278386 8.753601
3 -3.911131 7.859586
9 1.025014 -4.300070
9 6.520485 -2.952690
7 2.854383 2.021819
1 7.018485 4.422401
4 -6.125617 -2.141805
8 4.323327 4.558555
8 -8.991338 -9.985447
3 6.413419 -0.502516
10 8.404676 3.256887
4 -6.125617 -2.141805
3 6.413419 3.058959
10 3.208873 8.012862
3 2.178640 -0.502516
2 -4.984380 -6.683539
2 2.854383 2.021819
2 2.854383 2.021819
10 7.278386 8.753601
8 -5.855812 3.448099
8 6.054546 2.119461
2 5.024009 2.578298
9 1.025014 -4.300070
5 8.197545 0.544555
10 7.278386 8.753601
5 11.032888 4.026182
5 11.032888 4.026182
9 1.025014 -4.300070
6 7.151664 -8.240766
2 2.854383 2.021819
8 -5.855812 3.448099
10 7.278386 8.753601
8 9.429631 -3.412182
3 9.960699 -7.584024
10 7.278386 8.753601
9 1.025014 -4.300070
1 2.854383 2.021819
10 7.278386 8.753601
7 2.854383 2.021819
4 -6.125617 -2.141805
8 -5.855812 3.448099
1 2.854383 2.021819
6 4.508830 -8.240766
4 0.180055 9.973548
1 2.854383 2.021819
5 -3.990595 8.007461
7 2.854383 2.021819
2 2.854383 2.021819
3 8.274248 8.444025
6 7.151664 -4.070029
7 2.854383 2.021819
6 7.151664 -8.240766
9 1.025014 -4.300070
3 2.541076 -3.330090
5 9.149592 7.528430
2 2.727316 6.433027
4 -6.125617 -2.141805
5 11.032888 4.026182
4 -8.424328 8.380775
8 -2.499340 4.391003
5 -0.042471 -0.934807
1 2.854383 2.021819
1 2.854383 2.021819
7 2.854383 2.021819
3 -4.063169 3.186137
8 8.426831 -0.116776
6 7.151664 -8.240766
9 3.030269 -3.939748
4 -6.125617 -2.141805
