10 100
K 4.858343 -1.798912 4.885180
K 5.260052 -7.757710 1.429602
K -5.189369 6.499426 1.559983
K 4.232172 -0.585992 3.423868
P -8.736598 -8.575677 -6.977037 -7.139501
P 5.421829 -1.496826 9.322904 1.296599
P -2.427706 2.130323 1.376910 6.686988
Z 2 6.216370 -6.695063 5.473054 -6.026123
P 2.822354 4.878076 4.703428 8.261476
Z 7 -0.659706 8.697379 -0.231014 1.151787
1 -0.3342 2.1886
10 -2.4277 6.6870
9 4.7034 8.2615
6 5.4218 1.2966
8 7.1727 -5.6324
1 4.1808 0.2067
10 0.6103 2.9815
1 4.8583 -1.7989
9 2.8224 4.8781
8 5.2601 -7.7577
5 -2.4168 -7.9666
5 -7.2014 2.4743
1 6.7557 7.0680
6 0.8241 2.4051
4 4.2322 -0.5860
8 5.2601 -7.7577
5 -6.9770 -7.1395
5 8.8725 0.4839
6 9.7171 -5.7919
7 1.3769 2.1303
3 -5.1894 6.4994
3 -5.1894 6.4994
6 5.4218 1.2966
1 4.8583 -1.7989
5 -6.9770 -8.5757
1 4.8583 -1.7989
9 4.7034 4.8781
4 4.2322 -0.5860
2 -2.8804 -3.1457
6 5.4218 -1.4968
3 8.2449 -5.6281
2 5.2601 -7.7577
3 -8.7537 2.9164
6 5.4218 1.2966
3 0.9785 8.9748
5 -8.7366 -7.1395
10 1.8407 2.3728
3 -5.1894 6.4994
1 4.8583 -1.7989
6 9.3229 1.2966
7 -2.4277 2.1303
9 4.3493 0.5568
6 1.6234 -9.5192
4 4.2322 -0.5860
6 9.3229 1.2966
7 0.4852 9.3457
5 -6.9770 -7.1395
9 4.7034 4.8781
8 5.2601 -7.7577
1 4.8583 -1.7989
2 5.2601 -7.7577
1 4.8583 -1.7989
7 1.3769 2.1303
3 -5.1894 6.4994
7 -4.8268 -5.8167
9 8.9973 5.8935
4 8.9033 5.8888
8 7.1727 -5.6324
9 -0.4220 -2.1673
3 4.6682 -6.7209
6 9.3229 -1.4968
3 -5.1894 6.4994
8 0.6867 1.1290
8 7.1727 -5.6324
8 5.2601 -7.7577
7 1.3769 2.1303
5 -6.9770 -8.5757
9 4.7034 8.2615
7 1.3769 6.6870
6 5.4218 1.2966
5 -8.7366 -8.5757
5 -6.9770 -8.5757
4 4.2322 -0.5860
7 1.3769 6.6870
7 1.3769 2.1303
2 5.3682 -2.9971
4 -7.8295 -9.8697
1 7.7650 -9.2106
3 0.9037 1.9327
1 4.8583 -1.7989
2 9.6080 -9.3506
9 2.8224 8.2615
1 4.8583 -1.7989
1 4.8583 -1.7989
2 -4.0708 -4.3248
1 0.4936 -1.6075
4 2.8771 -5.5604
5 -6.9770 -7.1395
4 4.2322 -0.5860
2 2.3171 4.1582
3 -8.0510 8.0109
1 4.8583 -1.7989
5 0.7593 -1.2758
5 -2.7148 -8.3079
5 -8.7366 -7.1395
6 7.7759 1.9239
4 4.2322 -0.5860
1 4.8583 -1.7989
4 4.2322 -0.5860
1 4.8583 -1.7989
