10 100
K -2.098142 -1.177206 1.368720
K -0.384047 -4.036067 3.148703
K -3.301677 -3.955178 2.621121
K -4.886409 3.456448 2.276890
K -0.721678 2.495147 3.100820
P 9.679892 2.762574 14.118060 4.193895
P -5.307011 2.447221 -4.087975 3.944604
P 3.552207 -4.407064 8.406426 -1.672883
P 3.622513 -7.328705 6.457424 -5.420984
P 8.620652 6.888288 13.505876 10.555293
1 9.5828 -4.0446
10 13.5059 10.5553
7 -5.3070 2.4472
5 -0.7217 2.4951
5 -2.3677 5.9709
2 -0.3840 -4.0361
10 -7.3584 -5.9814
1 3.5254 -9.0022
4 -4.8864 3.4564
8 3.1419 -6.4259
7 0.4687 5.6747
8 4.7552 -0.5683
5 -0.7217 2.4951
9 -8.7373 5.3526
8 3.5522 -4.4071
4 -3.7953 4.4849
2 -0.3840 -4.0361
4 6.8345 6.4944
6 14.1181 4.1939
8 3.5522 -4.4071
5 -0.7217 2.4951
3 4.0459 8.4378
1 -2.0981 -1.1772
9 1.8624 -6.9928
5 -0.7217 2.4951
1 -2.0981 -1.1772
4 -4.8864 3.4564
3 -2.2059 3.3666
4 -4.8864 3.4564
1 -2.0981 -1.1772
7 -4.0880 2.4472
1 3.5703 -5.0279
1 -2.0981 -1.1772
3 -3.7824 1.2697
7 -5.3070 3.9446
7 -5.3070 3.9446
3 6.2409 -3.7685
1 -2.0981 -1.1772
5 -0.7217 2.4951
2 -0.3840 -4.0361
2 7.1097 7.1519
7 -9.9025 6.5725
4 -3.7782 5.6390
6 -1.1282 -4.3423
3 3.0781 1.1676
7 1.3857 8.6285
7 -4.0880 2.4472
7 -4.7190 1.7787
5 6.9240 -5.9481
6 9.6799 2.7626
6 9.6799 4.1939
7 2.2821 -1.1922
4 1.4554 -4.5942
8 7.4016 -7.3644
2 -4.8878 -0.2170
4 -4.8864 3.4564
9 3.6225 -7.3287
5 0.0460 6.4617
6 9.6799 2.7626
4 -4.8864 3.4564
1 -2.0981 -1.1772
8 8.4064 -1.6729
2 -0.3840 -4.0361
7 -5.3070 3.9446
4 -4.8864 3.4564
4 -4.8864 3.4564
6 14.1181 4.1939
1 -2.0981 -1.1772
3 -6.4057 9.4841
10 8.2467 8.5299
9 -4.2290 -9.1229
7 5.6602 -7.1852
2 -0.3840 -4.0361
6 14.1181 4.1939
9 6.4574 -7.3287
9 8.1888 1.3516
10 -0.6395 -8.3223
7 -5.3070 3.9446
7 -4.0880 2.4472
7 -4.0880 2.4472
4 -4.8864 3.4564
1 -2.0981 -1.1772
8 0.5705 8.5426
5 -0.7217 2.4951
4 -4.8864 3.4564
6 9.6799 4.1939
10 7.6129 -3.1502
2 3.2536 6.2425
9 3.6225 -7.3287
3 -3.3017 -3.9552
4 -4.8864 3.4564
4 -4.8864 3.4564
4 5.9182 -0.7641
1 -2.0981 -1.1772
7 6.0298 -1.7850
3 -3.3017 -3.9552
1 -7.1899 -4.1253
6 9.6799 2.7626
10 13.5059 6.8883
10 13.5059 6.8883
