10 100
K 2.689967 5.487951 1.892929
P 7.835532 -7.767639 10.664443 -6.295953
K 5.118080 6.885793 3.864097
P 5.284053 9.411627 9.075452 11.555315
P -7.314249 7.544203 -6.137955 11.849738
P 5.712168 -1.175323 8.393234 1.367353
P 8.851037 2.258907 11.326133 6.362111
P -8.012774 8.769788 -3.016886 13.548224
P 7.781833 1.917809 11.142380 3.640782
K -0.474240 6.662313 2.833835
1 2.826825 -6.329742
6 -4.559658 6.994812
1 2.689967 5.487951
6 8.393234 1.367353
3 5.118080 6.885793
6 5.712168 1.367353
5 -8.004090 3.833694
5 -8.673506 -5.651666
7 4.634052 4.904502
10 -0.474240 6.662313
3 -1.249608 5.518478
10 -2.140851 -9.487073
10 -0.474240 6.662313
5 -7.314249 7.544203
7 5.582085 -4.488767
9 7.781833 3.640782
7 11.326133 2.258907
1 2.689967 5.487951
6 8.393234 -1.175323
2 10.664443 -7.767639
3 5.118080 6.885793
4 9.075452 11.555315
9 7.781833 3.640782
10 -0.474240 6.662313
1 2.689967 5.487951
2 -9.273358 8.063971
5 -7.314249 11.849738
9 11.142380 1.917809
4 5.284053 9.411627
4 -4.726825 9.079292
10 -6.358445 -7.240011
1 -4.601493 -3.001221
9 7.781833 1.917809
3 5.118080 6.885793
6 0.831607 -3.073619
7 -3.822964 -9.295601
7 6.361189 6.989909
1 2.689967 5.487951
3 5.118080 6.885793
9 -3.763458 -8.414842
10 -0.474240 6.662313
2 10.664443 -6.295953
6 8.393234 1.367353
9 11.142380 1.917809
8 -8.012774 8.769788
5 -6.137955 11.849738
3 5.118080 6.885793
9 2.082669 -8.093755
1 -7.319048 2.677898
10 -0.474240 6.662313
5 9.366475 0.421078
9 11.142380 1.917809
7 8.851037 2.258907
7 5.660049 -6.381822
1 2.689967 5.487951
1 2.689967 5.487951
3 5.118080 6.885793
9 7.781833 1.917809
10 -0.474240 6.662313
9 11.142380 1.917809
3 7.740092 6.869408
3 -5.572730 -2.375285
3 -5.451512 -3.415892
5 9.104999 5.646908
7 -0.395789 3.383871
8 -3.016886 13.548224
9 -7.091552 -5.517455
2 10.664443 -6.295953
6 8.393234 -1.175323
2 -8.072801 -9.448534
4 9.075452 11.555315
2 7.835532 -7.767639
10 6.332511 9.531544
1 3.729205 -0.903036
6 1.896514 -4.204115
2 7.614878 8.501442
5 -7.314249 11.849738
9 7.781833 3.640782
3 5.118080 6.885793
1 2.689967 5.487951
5 -7.314249 7.544203
6 -7.330105 6.887123
2 -9.710944 -4.916694
5 5.899377 -4.389317
10 -0.193403 1.710445
3 2.794593 -7.875824
7 8.851037 2.258907
1 -3.202652 -7.373950
7 8.851037 6.362111
3 5.118080 6.885793
3 -5.939980 4.465500
5 -7.314249 7.544203
2 -4.424514 2.429401
9 11.142380 3.640782
4 -1.221686 4.803312
6 1.199699 4.120224
7 9.090536 -2.857890
2 -5.093166 -2.587215
9 4.683300 7.891023
6 -8.760735 -1.621963
