10 100
P -7.746310 -7.339116 -6.322866 -3.213637
P 6.830698 2.937309 10.152901 4.889483
Z 1 -7.746310 -7.339116 -6.850486 -6.894707
Z 1 7.512356 -3.636840 2.138319 2.013370
Z 3 8.707571 -3.219535 5.495795 1.300100
K -0.340493 3.850780 1.672354
K 4.304030 3.717208 3.883419
P 7.575608 -5.379243 9.183514 -3.813530
K 1.075305 4.026453 4.876363
K 6.053922 -5.954447 4.960214
4 -7.7463 -7.3391
2 10.1529 2.9373
7 3.8129 -1.9386
10 6.0539 -5.9544
5 -7.7463 -7.3391
3 -7.7463 -3.2136
1 -6.2488 -4.8406
5 17.9329 6.6004
5 -3.6003 -8.7017
8 0.6311 -0.0630
3 0.8341 -6.0501
9 1.0753 4.0265
10 6.0539 -5.9544
8 7.5756 -5.3792
8 -0.8534 -6.6196
1 -6.3763 -6.1555
7 4.3040 3.7172
4 1.9210 0.4060
6 -0.3405 3.8508
4 -6.3229 -3.2136
6 -0.3405 3.8508
9 1.0753 4.0265
8 7.5756 -5.3792
2 10.1529 2.9373
2 6.8307 2.9373
9 1.0753 4.0265
7 -0.3647 0.8113
6 -0.3405 3.8508
4 7.8537 11.6239
5 18.0098 10.9639
1 -1.8368 -0.6445
2 6.8307 2.9373
2 5.2135 7.7346
6 -0.3405 3.8508
4 7.7824 10.2022
7 -8.8854 7.8791
4 -7.7463 -3.2136
4 -6.7871 2.3016
5 7.5279 9.1452
3 -6.3229 -3.2136
1 -3.0947 -0.6305
4 -6.3229 -7.3391
5 -6.8851 -6.2057
2 6.8307 2.9373
1 -1.6904 7.2548
7 4.3040 3.7172
5 9.9773 -1.5140
6 -0.3405 3.8508
8 9.1835 -3.8135
5 14.1139 12.3208
8 9.1835 -5.3792
8 3.6634 -1.8723
3 -4.4615 -9.8350
5 -4.4615 -9.8350
2 10.1529 2.9373
4 11.9740 11.4173
9 1.0753 4.0265
4 8.7045 -5.3974
5 18.0098 10.9639
4 -7.7463 -7.3391
7 4.3040 3.7172
5 -2.7437 -5.1040
3 -3.6003 -8.7017
5 -6.3229 -7.3391
7 4.3040 3.7172
6 -0.3405 3.8508
6 1.5048 8.9248
9 1.3995 -2.2778
6 -0.3405 3.8508
10 6.0539 -5.9544
5 16.6562 10.5234
2 10.1529 4.8895
10 6.0539 -5.9544
2 10.1529 2.9373
10 -4.7618 -3.7665
5 13.6457 10.9766
9 7.5693 3.7749
3 0.6149 0.6641
3 -6.8851 -6.2057
4 -7.7463 -3.2136
3 -7.7463 -7.3391
7 4.3040 3.7172
2 10.1529 4.8895
4 -2.9196 9.2631
1 2.3143 -1.0743
6 -0.3405 3.8508
10 -5.1936 -2.9131
5 -2.3040 -5.2208
7 4.3040 3.7172
3 -4.4615 -9.8350
4 -6.3229 -7.3391
6 -0.3405 3.8508
3 -7.7463 -7.3391
1 -7.7463 -3.2136
8 5.4124 -6.7622
6 -3.7493 -5.7584
7 -1.4672 5.5928
9 6.7614 3.3779
1 -9.9520 -6.8254
1 -0.5175 -9.1005
