10 100
K -0.906704 -1.570277 4.622785
Z 1 -9.920543 6.854639 9.233826 -0.108114
P 2.810275 5.514581 5.245741 10.296529
K -4.772146 1.077155 3.488047
P -2.807363 6.354865 0.467656 10.142583
Z 2 3.383389 -3.292266 3.755889 -2.364234
P 0.644002 4.346321 5.323443 9.255288
Z 7 6.224221 -4.384449 6.166170 -4.859832
P 2.823018 -8.688763 6.820367 -5.517163
P 0.391436 3.237833 5.141364 4.465544
9 2.8230 -8.6888
10 3.5382 9.7438
6 -0.9067 -1.5703
7 5.3234 4.3463
7 0.6440 4.3463
6 -0.9067 -1.5703
7 7.0263 9.5656
10 5.1414 3.2378
7 0.6440 9.2553
2 -3.3825 -5.0104
8 0.6440 9.2553
10 0.3914 3.2378
3 2.8103 10.2965
8 7.8173 -8.3792
6 2.3993 7.5246
2 -0.9067 -1.5703
1 3.5258 -5.1360
1 -0.9067 -1.5703
5 -2.8074 6.3549
2 2.3993 7.5246
3 2.8103 10.2965
1 -0.9067 -1.5703
2 8.0469 -2.6252
7 -8.6748 0.0136
2 -0.9067 -1.5703
9 6.8204 -8.6888
7 0.6440 4.3463
6 -8.2329 -1.5935
1 -0.9067 -1.5703
8 10.3808 8.6377
10 0.3914 3.2378
1 -0.9067 -1.5703
1 -0.9067 -1.5703
10 -3.5517 -0.7475
8 5.3234 4.3463
8 13.7415 2.7469
9 6.9574 -3.9153
7 5.3234 9.2553
3 2.8103 10.2965
3 1.1591 1.7604
10 5.1414 4.4655
4 -4.7721 1.0772
4 -9.5330 2.4660
9 2.8230 -5.5172
6 11.5730 3.8424
3 -0.7667 0.1588
6 2.3993 7.5246
3 2.8103 5.5146
7 5.3234 9.2553
4 -4.7721 1.0772
9 2.8230 -8.6888
2 2.3993 7.5246
10 0.3914 3.2378
5 0.4677 10.1426
6 2.3993 7.5246
3 2.8103 5.5146
8 -0.3544 4.6966
5 0.4677 10.1426
1 -0.9067 -1.5703
9 2.9777 -1.7767
6 11.5730 3.8424
1 -0.9067 -1.5703
9 6.8204 -5.5172
4 -4.7721 1.0772
7 -4.7663 5.9236
6 2.3993 7.5246
5 -2.8074 10.1426
9 6.8204 -8.6888
4 -6.8920 3.7652
9 2.8230 -5.5172
10 5.1414 4.4655
2 2.3993 7.5246
7 0.6440 4.3463
6 11.5730 3.8424
5 0.4677 10.1426
9 2.8230 -5.5172
4 -4.7721 1.0772
10 5.1414 3.2378
6 11.5730 3.8424
1 -0.9067 -1.5703
9 6.8204 -8.6888
6 5.9638 -2.8803
8 -0.2108 7.7556
7 9.7381 -4.5904
6 3.5145 1.4023
7 1.3283 -3.0504
6 -0.9067 -1.5703
7 -5.3651 -6.8072
1 -0.9067 -1.5703
9 2.8230 -5.5172
1 -0.9067 -1.5703
6 -0.9067 -1.5703
4 -4.7721 1.0772
4 4.0954 4.7415
2 2.3993 7.5246
7 0.6440 4.3463
6 -7.9194 -8.0344
7 9.1556 -7.8633
3 5.2457 10.2965
10 -6.6260 -7.8612
