10 100
P -4.279468 -5.673376 -0.717188 -2.915649
Z 1 -6.360638 -9.031641 -1.815465 9.530025
P 7.933036 4.779618 9.097271 6.807072
P 4.374688 2.191166 6.583935 6.372012
P -3.918443 8.674584 -2.591731 11.535174
Z 5 -3.918443 8.674584 -2.937001 8.866346
P 4.080242 9.315488 6.931265 13.168579
P -8.635897 7.312600 -5.855486 10.072728
P -9.121716 -0.155038 -6.138963 3.040833
Z 1 -8.601920 6.641765 5.442224 -6.770354
10 1.308181 -0.794838
5 5.293690 3.940569
3 -2.311344 -6.273288
2 8.800336 -3.008234
4 1.358198 -6.369936
6 -2.689304 9.173966
3 9.097271 6.807072
1 -9.898130 -4.920597
3 9.097271 4.779618
8 1.983105 0.251957
7 6.931265 13.168579
7 6.931265 9.315488
2 -8.539806 -1.000133
1 0.670079 -3.052339
10 1.308181 -0.794838
5 -2.591731 11.535174
8 -8.635897 7.312600
4 6.583935 6.372012
6 0.621994 4.703308
1 -0.717188 -5.673376
1 -4.279468 -2.915649
7 1.234824 -8.370178
9 -6.138963 -0.155038
7 6.931265 9.315488
5 -2.454957 6.819515
3 6.650533 -9.382628
3 9.097271 6.807072
8 -5.855486 7.312600
8 -5.855486 7.312600
4 4.374688 2.191166
7 -9.090891 -5.192164
1 -9.323261 1.280737
8 -5.855486 10.072728
7 6.931265 13.168579
2 -3.095537 -0.653476
2 -5.380554 -2.646027
7 4.080242 13.168579
1 -0.717188 -2.915649
7 4.080242 9.315488
6 -4.138446 0.756985
3 7.933036 6.807072
3 9.097271 4.779618
6 -3.918443 8.674584
6 -3.918443 8.674584
5 -2.591731 8.674584
8 -8.635897 10.072728
4 4.374688 2.191166
10 4.801993 9.686402
2 -0.717188 -5.673376
1 2.060032 -1.178715
1 -7.656059 -7.660890
2 -0.717188 -2.915649
5 -2.591731 11.535174
3 1.438777 8.343239
1 -4.279468 -2.915649
10 -3.927065 -1.135703
9 9.145887 -7.997531
10 1.308181 -0.794838
4 6.583935 2.191166
4 5.261465 -7.869675
6 -3.918443 8.674584
8 -5.855486 7.312600
2 -6.654717 -5.091752
10 3.899072 2.890564
5 -2.663149 7.856964
7 4.080242 13.168579
1 -4.279468 -2.915649
9 -9.121716 3.040833
6 -3.918443 11.535174
9 -0.138117 -3.826685
5 -3.918443 8.674584
5 -2.591731 11.535174
1 -4.279468 -2.915649
4 -2.400927 1.154166
8 -8.635897 7.312600
8 -8.635897 7.312600
5 -2.591731 8.674584
9 -9.121716 3.040833
10 3.061703 7.926998
10 4.062987 -0.667943
6 -2.841701 6.024377
7 4.080242 9.315488
1 -4.279468 -5.673376
6 -2.591731 11.535174
9 -6.138963 3.040833
8 -1.550701 8.141164
2 -8.539806 -1.000133
5 -3.918443 8.674584
8 -9.370966 7.608369
4 6.583935 2.191166
8 -8.635897 7.312600
5 -3.918443 11.535174
9 -6.138963 3.040833
4 6.583935 6.372012
4 9.737398 7.091435
5 9.969006 3.659219
8 -8.635897 10.072728
1 -4.279468 -5.673376
3 7.933036 4.779618
7 6.931265 13.168579
