10 100
P -6.379857 0.499647 -2.536640 2.832428
K 2.371319 -4.680234 2.201620
K 9.847002 -3.180530 4.055027
K 3.867794 -9.283831 4.544685
K 6.191438 4.638189 1.092084
P 8.462378 7.697829 11.518382 9.006809
P -6.482000 4.100598 -2.188838 6.056588
P -8.734560 8.415566 -5.858739 13.149202
K 2.722065 -9.674335 4.601523
Z 3 3.070488 0.394861 -7.426615 5.063660
8 -8.7346 8.4156
6 11.5184 7.6978
1 -6.3799 2.8324
6 11.5184 9.0068
10 -4.4325 9.4884
2 2.3713 -4.6802
1 -6.3799 0.4996
1 -6.3799 0.4996
8 5.0729 -5.4074
6 8.4624 7.6978
9 2.7221 -9.6743
8 4.8945 1.1341
1 -6.3799 2.8324
4 2.9484 -9.9816
1 -2.5366 0.4996
2 2.3713 -4.6802
8 -8.5306 3.2824
4 3.8678 -9.2838
2 -6.0778 -7.8092
3 9.8470 -3.1805
5 5.8322 -0.3679
3 1.5562 -4.0796
1 -6.3799 0.4996
9 2.7221 -9.6743
6 11.5184 7.6978
5 -8.1252 -0.1340
6 -2.9932 -9.3314
7 -2.1888 4.1006
4 -4.9437 9.0691
1 1.8671 4.0361
8 -8.7346 13.1492
3 9.8470 -3.1805
7 -2.1888 4.1006
9 2.7221 -9.6743
9 -0.4537 2.5628
9 2.7221 -9.6743
10 10.2639 -2.2432
7 4.3387 -4.7103
9 -8.3341 5.9026
2 2.3713 -4.6802
9 2.7221 -9.6743
5 7.6720 0.0984
1 -6.3799 0.4996
4 3.8678 -9.2838
7 -2.1888 4.1006
8 -5.8587 8.4156
9 -8.6401 -8.3579
7 -2.1888 4.1006
10 9.8470 -3.1805
3 9.8470 -3.1805
3 9.8470 -3.1805
4 6.0583 -6.0651
4 3.8678 -9.2838
6 -1.0189 0.9501
6 11.5184 9.0068
10 4.8975 -2.6793
7 -6.4820 4.1006
4 -1.9064 -7.2148
7 4.9601 -0.4244
9 2.7221 -9.6743
9 2.7221 -9.6743
8 -5.8587 8.4156
10 9.8470 -3.1805
6 -4.7828 0.9735
5 6.1914 4.6382
2 -1.9710 -8.7075
4 3.8678 -9.2838
10 10.2639 -2.2432
7 -2.1888 4.1006
10 3.8402 2.0556
9 2.7221 -9.6743
5 6.1914 4.6382
5 -0.4415 -2.8408
7 -2.1888 6.0566
9 2.7221 -9.6743
5 -2.2954 -7.5539
6 8.9957 0.2814
2 2.3713 -4.6802
6 9.3785 -0.0277
2 2.3713 -4.6802
7 -0.2717 7.7929
5 6.1914 4.6382
7 3.8484 -3.4716
5 6.1914 4.6382
9 2.7221 -9.6743
4 3.8678 -9.2838
8 -8.7346 8.4156
3 9.8470 -3.1805
7 -2.1888 4.1006
6 8.4624 9.0068
8 -5.8587 13.1492
10 9.8470 -3.1805
2 2.3713 -4.6802
5 6.1914 4.6382
8 5.0342 -2.9582
3 0.1944 1.7248
9 2.7221 -9.6743
10 -3.0778 0.1819
3 9.8470 -3.1805
4 -1.5219 6.0555
