10 100
K -5.971683 0.585698 4.063379
Z 1 -5.971683 0.585698 -6.955279 0.766082
Z 2 -6.968001 4.525038 -7.937475 4.279843
Z 1 -2.723552 4.586751 -4.526367 0.451563
K 5.882078 -1.946650 4.640959
P 7.665748 9.106754 10.557738 12.888991
P 9.594772 -5.452491 10.661887 -3.691350
Z 3 4.871232 3.697889 8.626798 8.240950
Z 4 -3.444444 -0.516101 -4.434538 -0.375690
P 8.433335 0.349055 12.370323 3.851163
2 -5.971683 0.585698
9 -5.971683 0.585698
4 9.145123 -3.237966
7 -4.852388 6.766985
1 -5.971683 0.585698
2 -5.971683 0.585698
6 -7.935052 7.418805
3 -8.864417 2.633371
10 12.370323 3.851163
1 -5.971683 0.585698
5 5.882078 -1.946650
7 9.594772 -5.452491
4 -5.971683 0.585698
9 -6.178376 -0.871785
1 -5.971683 0.585698
1 -5.971683 0.585698
5 5.882078 -1.946650
4 -0.351250 4.478951
8 6.492698 6.873937
3 -5.971683 0.585698
7 9.594772 -3.691350
8 -7.964320 8.464378
6 4.059743 -4.894942
8 -3.494640 -6.617548
1 7.803907 5.914670
1 -5.971683 0.585698
1 -5.334682 -5.536857
2 -5.971683 0.585698
7 0.911496 -6.074738
8 -5.971683 0.585698
6 10.557738 9.106754
3 -5.852963 -4.301524
4 0.088348 -8.277583
2 -9.984478 2.164944
4 -5.971683 0.585698
7 9.594772 -3.691350
5 5.882078 -1.946650
9 5.797707 6.733884
3 -4.811165 -8.035429
9 5.261777 -6.921326
7 9.594772 -3.691350
6 7.665748 12.888991
10 12.370323 3.851163
2 -5.971683 0.585698
3 -7.964320 8.464378
4 -2.469529 -4.367283
5 5.882078 -1.946650
9 -7.639059 7.031171
3 -7.964320 8.464378
5 5.882078 -1.946650
6 7.665748 9.106754
4 -8.959549 -7.473688
10 8.433335 0.349055
10 12.370323 3.851163
3 -7.964320 8.464378
4 -7.259495 1.228297
10 8.433335 3.851163
2 -5.971683 0.585698
9 -3.444444 -0.516101
5 5.882078 -1.946650
8 3.628456 -7.297050
4 -4.903467 0.098495
4 -5.971683 0.585698
8 11.966950 -8.012003
4 9.702280 -6.017611
9 -3.444444 -0.516101
5 5.882078 -1.946650
5 2.282332 4.975468
10 12.370323 0.349055
4 -3.444444 -0.516101
2 -5.971683 0.585698
7 9.594772 -5.452491
8 11.966950 -8.012003
5 0.534664 -3.836914
6 -1.843763 -0.192505
6 -2.240114 -0.510538
5 -8.436214 -7.314810
1 -5.971683 0.585698
5 5.882078 -1.946650
7 10.661887 -3.691350
5 5.882078 -1.946650
7 6.388135 -7.819962
1 -5.971683 0.585698
9 -5.971683 0.585698
5 5.882078 -1.946650
8 -7.964320 8.464378
7 10.661887 -5.452491
7 -9.705879 -3.454961
6 -4.027982 -5.852321
10 8.433335 0.349055
10 8.433335 0.349055
2 -5.971683 0.585698
4 -3.444444 -0.516101
4 -5.971683 0.585698
4 -3.444444 -0.516101
2 -5.971683 0.585698
5 5.882078 -1.946650
6 7.665748 9.106754
2 -5.971683 0.585698
10 8.433335 0.349055
