10 100
K -2.962115 8.673459 4.780900
K -6.267734 7.819508 3.403608
K -9.447576 3.015411 2.080610
Z 1 -7.342636 6.758245 -6.942039 5.841990
K 3.849402 6.082365 1.931795
P 9.296605 9.579136 14.257910 10.898744
Z 5 -0.493608 3.408160 -9.451365 -7.626100
K -0.447021 3.713480 1.656255
P 7.308883 -6.003822 11.758214 -1.122445
P 3.445165 -0.237545 6.636291 3.284691
4 -11.723156 4.843030
5 4.902519 2.420640
5 3.849402 6.082365
10 1.345971 0.124519
5 3.849402 6.082365
4 9.836207 -9.850637
7 -9.321892 7.487382
8 -0.447021 3.713480
3 -9.447576 3.015411
10 3.445165 -0.237545
10 -1.312069 -8.771673
3 6.460612 5.451603
5 3.849402 6.082365
10 3.445165 3.284691
7 1.812868 7.549168
10 3.445165 3.284691
2 -6.267734 7.819508
3 8.233074 -3.398927
7 1.230954 8.208056
8 -0.447021 3.713480
10 1.355355 3.997944
10 3.445165 -0.237545
6 -4.485952 -1.283056
4 -2.962115 8.673459
4 -11.723156 4.843030
9 -8.170179 -1.592836
5 3.849402 6.082365
1 -2.962115 8.673459
8 -0.447021 3.713480
3 -9.447576 3.015411
3 -9.447576 3.015411
1 -5.523738 4.572542
6 7.448204 3.411045
2 -6.267734 7.819508
1 -6.311235 -6.792914
2 -6.267734 7.819508
4 -7.995573 -4.625136
8 -6.567416 4.945194
4 -11.723156 4.843030
10 3.445165 3.284691
7 -4.936566 -6.001713
1 -2.962115 8.673459
9 11.758214 -6.003822
7 3.849402 6.082365
10 3.445165 -0.237545
7 3.849402 6.082365
6 9.296605 9.579136
3 -9.447576 3.015411
7 3.622443 6.380244
8 -4.211917 9.291182
8 -0.447021 3.713480
3 -9.447576 3.015411
4 -2.962115 8.673459
2 5.985123 -4.393775
3 -9.447576 3.015411
9 11.758214 -6.003822
8 -0.447021 3.713480
10 3.445165 -0.237545
10 3.445165 3.284691
7 -8.747011 5.440596
2 -4.313048 4.720796
10 6.636291 -0.237545
9 -8.564881 -1.015130
5 3.849402 6.082365
8 -0.447021 3.713480
2 -6.267734 7.819508
4 1.060759 9.591227
3 -9.447576 3.015411
9 -8.500246 -2.840253
10 3.445165 -0.237545
1 1.687294 -7.614737
10 3.445165 -0.237545
3 -9.447576 3.015411
2 0.841811 1.763708
4 -11.723156 4.843030
1 -2.962115 8.673459
5 3.865453 -8.251266
9 -3.959842 -7.551033
3 -9.447576 3.015411
3 -9.447576 3.015411
4 7.321464 -3.533472
10 2.817273 -0.995804
8 2.789242 -4.082356
2 -6.267734 7.819508
10 -4.326263 3.758599
1 -7.331485 -7.247527
5 3.849402 6.082365
9 7.308883 -1.122445
4 9.136044 8.783513
10 5.436172 -1.510760
7 1.230954 8.208056
7 3.849402 6.082365
9 7.308883 -6.003822
2 -6.267734 7.819508
4 -11.723156 4.843030
6 3.034493 -4.528444
8 4.192788 -5.923900
6 3.743425 -9.687261
8 -6.420537 -7.641594
2 9.880244 9.709709
