10 100
K 2.724998 -3.889829 4.943942
K 8.387710 9.836259 3.163041
Z 2 9.667868 -3.679250 1.450331 -1.596260
Z 2 11.255321 8.501480 11.677314 9.408079
K 9.943563 -6.110955 3.563603
K -0.307799 -6.304926 4.356618
Z 1 2.876991 1.051776 1.877464 1.082520
K -3.536496 7.332009 1.434024
P 8.357091 9.225766 11.215460 11.304303
P -1.580340 5.573733 -0.357963 7.608660
10 -0.357963 7.608660
9 8.357091 11.304303
6 -0.307799 -6.304926
5 9.943563 -6.110955
6 8.319618 -4.020967
9 8.357091 11.304303
9 2.158198 1.470154
4 8.387710 9.836259
3 8.387710 9.836259
5 9.943563 -6.110955
10 -1.580340 5.573733
8 -3.536496 7.332009
6 -4.593463 7.036048
1 2.724998 -3.889829
3 -0.422038 3.844991
10 -0.357963 7.608660
9 8.357091 11.304303
4 14.122933 7.166701
10 -1.580340 7.608660
8 -3.536496 7.332009
9 11.215460 11.304303
10 -0.357963 5.573733
3 8.387710 9.836259
8 7.676882 -6.025311
10 -0.357963 5.573733
8 -3.536496 7.332009
2 8.387710 9.836259
1 -2.119639 0.034267
8 -3.536496 7.332009
2 8.387710 9.836259
5 9.943563 -6.110955
6 -0.307799 -6.304926
10 -0.429466 -9.496256
6 -0.307799 -6.304926
1 -0.836451 7.037826
8 2.795553 7.639576
4 -0.517833 -5.265979
3 8.387710 9.836259
9 11.215460 9.225766
1 2.724998 -3.889829
6 -9.569488 -8.531206
10 -1.580340 5.573733
3 -6.460622 6.674440
4 14.122933 7.166701
9 8.357091 11.304303
9 8.357091 11.304303
2 8.387710 9.836259
3 2.104105 -14.952993
9 -2.845565 -9.950886
4 -8.837570 -6.178801
6 -0.307799 -6.304926
2 8.387710 9.836259
4 -2.590674 6.595593
5 9.943563 -6.110955
8 -3.536496 7.332009
1 2.724998 -3.889829
8 -3.536496 7.332009
4 0.324500 3.499434
3 -7.781780 -5.739594
9 3.872047 7.173858
3 8.387710 9.836259
8 -3.536496 7.332009
9 8.357091 11.304303
5 -2.265744 -4.340606
9 11.215460 11.304303
4 8.387710 9.836259
6 -6.497268 1.124652
2 9.469218 2.070805
6 9.057003 9.237500
3 2.104105 -14.952993
9 1.880756 -6.308563
9 11.215460 9.225766
10 5.611384 -1.997394
3 2.104105 -14.952993
8 -3.536496 7.332009
7 3.028984 5.993382
10 -1.580340 5.573733
1 2.724998 -3.889829
3 -5.694744 -5.830676
1 2.724998 -3.889829
3 2.104105 -14.952993
1 -6.876085 3.248869
9 -6.466551 -1.236293
7 9.992995 2.160934
3 8.387710 9.836259
6 -0.307799 -6.304926
8 -3.536496 7.332009
1 0.113826 -0.450066
6 -0.307799 -6.304926
3 8.387710 9.836259
9 5.859160 9.462843
3 2.104105 -14.952993
6 -0.307799 -6.304926
1 2.724998 -3.889829
6 -0.307799 -6.304926
4 -0.733239 -6.032001
5 3.786343 -1.193928
2 8.387710 9.836259
6 -3.472197 3.816947
4 8.387710 9.836259
