10 100
K 0.006655 -4.093561 3.703105
P 0.298396 5.365127 2.527974 9.012465
P 3.583662 -7.667662 5.621989 -5.356841
Z 3 9.568526 6.890332 1.262545 -8.396233
P 7.015889 -8.546273 10.492291 -6.643165
P -9.509454 0.781420 -5.702391 4.898244
P -8.981935 1.656826 -6.812108 3.368842
K 0.714613 4.319462 1.439292
K -8.016676 9.114890 4.773307
K -1.813972 -1.647864 1.662047
2 -2.444747 0.380804
1 -8.043834 2.281315
4 -0.305332 -3.879281
10 -1.813972 -1.647864
8 0.714613 4.319462
2 0.298396 5.365127
1 0.006655 -4.093561
5 10.492291 -6.643165
1 0.006655 -4.093561
1 4.768447 2.492667
9 -6.148548 -6.233105
8 0.714613 4.319462
8 -7.808194 -2.614957
8 -2.947056 1.862872
3 3.583662 -5.356841
10 -1.813972 -1.647864
3 3.583662 -7.667662
9 0.098209 -9.587991
9 -0.997470 9.189407
2 5.193215 -8.998794
1 -0.564150 6.934353
3 5.621989 -5.356841
7 -6.812108 3.368842
9 -5.010354 -3.359159
9 -8.016676 9.114890
8 1.875509 -1.756312
3 5.621989 -5.356841
4 3.583662 -7.667662
8 0.714613 4.319462
7 -8.981935 3.368842
2 2.527974 9.012465
1 0.006655 -4.093561
3 3.583662 -5.356841
6 1.779028 -0.851542
10 -1.813972 -1.647864
9 6.292293 6.726267
4 8.535393 7.395422
10 -1.813972 -1.647864
7 -6.812108 3.368842
6 -9.509454 4.898244
9 8.255603 1.584339
6 -5.702391 0.781420
2 2.527974 5.365127
2 0.298396 9.012465
4 2.549626 -4.794995
10 -1.813972 -1.647864
1 0.006655 -4.093561
4 3.583662 -5.356841
7 2.915250 7.844666
8 0.714613 4.319462
8 0.714613 4.319462
10 -1.813972 -1.647864
2 2.527974 9.012465
6 -5.702391 4.898244
10 8.372896 8.297283
9 7.287043 -2.934404
9 -8.016676 9.114890
10 -1.813972 -1.647864
10 -1.813972 -1.647864
10 -4.698236 8.697829
7 -6.812108 1.656826
8 0.714613 4.319462
9 0.553791 -3.302902
9 3.016461 -2.139729
2 0.298396 9.012465
6 -9.509454 0.781420
10 -1.813972 -1.647864
5 10.492291 -6.643165
9 -8.016676 9.114890
4 -4.537294 2.348104
2 -2.075494 -8.117579
3 3.583662 -5.356841
10 -1.813972 -1.647864
7 -4.709783 7.045054
5 10.492291 -6.643165
5 7.015889 -6.643165
3 3.583662 -5.356841
3 5.520281 -5.243549
7 -6.812108 1.656826
3 3.583662 -5.356841
3 3.583662 -5.356841
1 0.006655 -4.093561
5 -0.196313 1.192233
5 7.015889 -8.546273
8 0.714613 4.319462
6 6.404527 5.879540
1 0.006655 -4.093561
4 2.549626 -4.794995
6 8.834777 7.375465
8 0.714613 4.319462
6 -9.509454 0.781420
10 5.633952 -6.916347
4 0.610839 -6.052373
7 0.109117 -0.254849
2 -8.029507 -4.515598
10 -1.813972 -1.647864
3 5.621989 -5.356841
5 7.015889 -6.643165
10 3.791013 2.560813
7 -0.764164 2.501046
