10 100
K -7.500339 -9.900631 1.327838
K 2.823572 0.763431 3.785240
P -9.936521 8.941235 -6.693978 12.547051
K 6.157605 7.518401 2.473665
K -8.449934 -0.065697 3.223726
K -6.880163 6.955553 4.488872
K 2.606740 -2.491191 4.100710
Z 3 4.183084 -8.032333 6.017251 4.115072
Z 8 1.145334 -5.372475 -4.127348 -6.356270
P 6.785472 5.009749 9.997999 8.788737
9 1.3097 -3.8461
6 -6.8802 6.9556
1 -7.5003 -9.9006
10 9.9980 8.7887
4 6.1576 7.5184
3 8.5446 -5.0219
10 9.2190 -7.0509
3 5.3077 -0.2733
1 -7.5003 -9.9006
8 5.9266 7.7212
7 2.6067 -2.4912
7 -6.1188 -5.7998
1 -7.5003 -9.9006
8 19.5867 4.9730
6 -6.8802 6.9556
2 2.8236 0.7634
6 -6.8802 6.9556
6 -6.8802 6.9556
3 -6.6940 8.9412
1 -7.5003 -9.9006
10 6.7855 5.0097
9 19.5867 4.9730
6 -6.8802 6.9556
5 -5.7521 -2.2607
8 20.6514 8.4181
3 -6.6940 8.9412
2 -3.0237 5.0473
5 -8.4499 -0.0657
5 -8.1295 -2.1827
6 -6.8802 6.9556
10 9.9980 5.0097
8 22.6847 4.0157
5 8.0331 -6.3066
10 9.9980 5.0097
9 -1.0048 -21.5501
5 -8.4499 -0.0657
7 3.2008 9.1357
10 6.7855 8.7887
8 -6.6940 8.9412
10 -6.2325 4.2451
10 6.7855 5.0097
9 0.2955 -24.9133
1 -7.5003 -9.9006
1 -7.5003 -9.9006
10 6.7855 5.0097
7 2.6067 -2.4912
6 -6.8802 6.9556
10 9.9980 8.7887
4 -5.1248 6.4072
2 2.8236 0.7634
7 2.6067 -2.4912
7 3.7772 -6.6751
6 -6.8802 6.9556
2 2.8236 0.7634
8 -6.0393 0.6029
1 -7.5003 -9.9006
4 6.1576 7.5184
6 -6.8802 6.9556
8 -9.9365 8.9412
9 -9.9365 8.9412
8 -6.6940 8.9412
2 2.8236 0.7634
3 -6.6940 12.5471
4 6.1576 7.5184
5 -0.5219 -0.6171
8 22.6847 4.0157
2 2.8236 0.7634
4 -1.4108 -4.2790
3 -6.6940 8.9412
1 -0.3109 3.2259
10 6.6537 -9.2446
2 2.8236 0.7634
6 5.8824 -2.8543
8 -6.6940 8.9412
9 0.2955 -24.9133
5 8.7238 -6.3468
1 7.3753 -3.6940
1 -7.5003 -9.9006
2 2.8236 0.7634
2 2.8236 0.7634
10 6.7855 8.7887
10 6.7855 8.7887
4 6.1576 7.5184
7 2.6067 -2.4912
7 2.6067 -2.4912
9 -9.9365 12.5471
3 -9.9365 12.5471
2 2.8236 0.7634
9 -8.6392 -7.4114
10 9.9980 8.7887
6 -6.8802 6.9556
1 -7.5003 -9.9006
4 6.1576 7.5184
5 9.3608 -6.5046
1 -7.5003 -9.9006
3 -9.9365 12.5471
8 -2.0333 -5.0339
5 8.8689 -1.5432
7 5.8699 8.1602
6 -6.8802 6.9556
