10 100
P 2.398678 2.012526 4.821579 4.044118
K -1.398183 0.874926 3.028610
P 7.563032 0.788713 11.128542 5.651630
Z 1 3.798058 -8.602904 -1.864466 8.745866
Z 3 -7.294153 -0.283950 -6.661232 6.701899
K -5.161535 -6.530654 1.814980
Z 2 -1.398183 0.874926 -0.647611 0.214137
Z 4 4.821579 2.012526 4.321670 1.146448
K 9.035592 -1.376323 2.522154
Z 1 2.398678 4.044118 1.401745 4.122373
5 -24.350090 8.866011
8 -7.423059 -6.956541
2 -1.398183 0.874926
9 9.035592 -1.376323
9 9.035592 -1.376323
8 -1.334472 0.794051
8 -5.052318 -0.970862
3 7.563032 0.788713
7 -5.915955 -1.036253
1 2.398678 2.012526
9 9.035592 -1.376323
3 7.563032 0.788713
1 2.398678 2.012526
10 9.374714 -1.303861
8 2.398678 2.012526
9 -1.770279 -2.461345
9 -5.964156 5.236804
4 5.437008 -3.098242
6 -5.161535 -6.530654
1 4.821579 4.044118
9 9.035592 -1.376323
5 -24.350090 8.866011
4 -1.334472 0.794051
3 7.563032 5.651630
2 -1.398183 0.874926
3 7.218991 -5.949858
9 9.035592 -1.376323
6 -5.161535 -6.530654
4 2.398678 2.012526
9 1.618589 7.958869
4 -3.290839 -0.635314
5 11.128542 5.651630
7 -1.398183 0.874926
2 7.637231 -9.613966
1 6.224395 -9.496888
5 -20.842639 8.225197
1 2.398678 2.012526
4 -2.532987 2.434455
1 4.821579 4.044118
5 7.563032 5.651630
2 -5.790732 1.948596
4 2.398678 2.012526
6 -5.161535 -6.530654
4 1.238925 2.595648
4 -3.290839 -0.635314
10 -9.031535 2.478439
6 -5.161535 -6.530654
8 -3.116829 -4.687232
10 2.398678 4.044118
3 -5.254146 0.640177
3 7.563032 0.788713
7 -1.398183 0.874926
8 4.821579 2.012526
1 1.393365 4.130686
8 -3.290839 -0.635314
1 4.821579 2.012526
2 -1.398183 0.874926
2 -1.398183 0.874926
2 0.437507 -2.511658
6 -5.161535 -6.530654
4 4.821579 4.044118
4 -2.595498 -4.436999
1 3.039622 -0.944032
9 9.035592 -1.376323
3 7.563032 5.651630
2 -1.398183 0.874926
8 4.821579 2.012526
4 0.725904 4.944150
4 1.050530 0.449783
1 2.398678 4.044118
3 -1.835102 9.438621
7 -1.398183 0.874926
2 2.740403 7.925626
5 -24.350090 8.866011
6 -5.161535 -6.530654
2 -1.398183 0.874926
9 9.035592 -1.376323
1 4.821579 2.012526
6 -5.161535 -6.530654
2 -1.398183 0.874926
1 5.332079 7.368779
2 -1.398183 0.874926
2 -1.398183 0.874926
7 -1.398183 0.874926
5 11.128542 5.651630
1 4.821579 4.044118
3 3.921488 8.237532
10 5.108896 5.672778
7 -1.398183 0.874926
10 2.715670 6.050827
2 -1.398183 0.874926
9 9.035592 -1.376323
7 1.586053 -1.674283
7 2.750655 0.336915
3 7.563032 0.788713
8 -2.532987 2.434455
7 -1.398183 0.874926
3 11.128542 5.651630
3 11.128542 0.788713
8 8.606372 -6.553905
