10 100
K -5.848920 -9.331088 3.430991
Z 1 -3.921052 -12.169226 -3.093845 -11.607328
K -7.044205 -5.409668 4.187392
P -2.602182 0.144923 2.102753 1.715386
K 0.239680 -9.132963 1.268855
Z 2 -9.871980 -1.651313 -2.167683 8.038518
P 1.131554 8.592502 5.504381 12.438369
Z 1 -8.460268 9.512754 -9.081870 -9.433980
P -1.604016 -9.152103 2.749780 -7.233134
P -3.036608 8.628905 0.880584 11.362472
6 -4.1672 -2.1872
7 1.1316 12.4384
9 -1.6040 -7.2331
3 -9.9431 -0.3529
7 1.1316 8.5925
5 0.2397 -9.1330
3 8.6906 -2.2143
3 -7.0442 -5.4097
10 4.5262 -3.3900
10 -4.5853 2.8300
5 0.2397 -9.1330
9 -1.6040 -9.1521
8 -5.8489 -9.3311
4 -2.6022 1.7154
9 2.7498 -9.1521
1 -5.8489 -9.3311
5 0.2397 -9.1330
6 -9.4415 -8.0939
6 -7.9474 5.0830
5 -1.6957 4.7477
3 -7.0442 -5.4097
9 -1.6040 -9.1521
4 2.1028 0.1449
9 2.7498 -9.1521
5 0.2397 -9.1330
2 -1.9932 -15.0074
3 8.8992 2.7954
8 0.7298 -4.4883
7 5.5044 8.5925
3 -7.0442 -5.4097
5 0.2397 -9.1330
7 8.0720 3.2506
6 -24.6600 3.0148
9 2.7498 -7.2331
6 -24.6600 3.0148
6 -4.4096 -2.2268
8 -5.8489 -9.3311
8 -5.8489 -9.3311
9 -4.2999 -4.6955
8 -5.8489 -9.3311
2 -1.9932 -15.0074
3 -7.0442 -5.4097
4 -2.6022 0.1449
8 -5.8489 -9.3311
4 -2.6022 1.7154
8 -5.1781 4.5500
3 -7.0442 -5.4097
4 -6.6217 7.4545
5 4.1579 8.0733
5 7.6744 -9.6326
8 -5.8489 -9.3311
7 1.1316 12.4384
7 5.5044 12.4384
10 -3.0366 11.3625
5 -5.6356 4.8332
10 -3.0366 8.6289
2 -5.8489 -9.3311
4 2.1028 0.1449
8 6.2200 -6.8683
4 -1.7505 -8.4335
6 -1.9932 -15.0074
7 1.8221 2.6190
2 -5.8489 -9.3311
5 0.2397 -9.1330
8 -4.6138 -3.3138
8 -12.3011 -9.1194
7 5.0396 8.8587
3 -6.1084 4.7661
5 -1.4084 0.4151
7 5.5044 12.4384
3 -9.9979 3.8135
7 -9.9170 -7.3476
6 -1.9932 -15.0074
7 5.5044 12.4384
4 2.3905 -1.8235
5 5.5616 -2.2480
8 -12.3011 -9.1194
3 -7.0442 -5.4097
10 -7.9269 -3.9597
5 0.2397 -9.1330
4 -2.6022 0.1449
3 -7.0442 -5.4097
3 -7.0442 -5.4097
1 -5.8489 -9.3311
1 -5.8489 -9.3311
7 1.1316 12.4384
8 -12.3011 -9.1194
4 -2.6022 1.7154
9 1.1788 7.7303
7 1.1316 8.5925
4 -2.6022 1.7154
3 -7.0442 -5.4097
1 -4.7338 -9.5161
1 -5.8489 -9.3311
8 -12.3011 -9.1194
5 -7.6853 1.8035
4 -7.2919 1.2837
6 5.3829 6.2095
6 -5.8489 -9.3311
9 9.6959 4.4121
