10 100
K -7.920435 2.726908 2.229182
K -0.710206 -1.432759 4.802377
P 6.058397 -3.967615 8.443235 0.601613
K -9.540034 -3.338931 4.192318
Z 2 -5.442567 -0.615703 -5.612703 -1.601124
P -9.403604 -4.843050 -6.390220 -2.497653
P 3.288474 8.610042 4.743473 10.063629
Z 2 -5.226605 -3.065230 -4.886675 -4.005681
K 8.390337 -5.969220 3.911127
P 1.971839 9.964221 4.809145 14.606385
6 -6.3902 -2.4977
8 -0.7102 -1.4328
8 3.1357 0.2023
5 7.1052 8.6498
2 -8.0319 8.9169
7 3.2885 10.0636
9 0.5637 -1.9670
6 -1.5088 1.9478
7 3.1201 0.3345
4 -9.5400 -3.3389
4 -9.5400 -3.3389
2 -0.7102 -1.4328
9 8.3903 -5.9692
7 3.2885 10.0636
9 -0.3784 -4.6477
9 4.6512 8.8753
3 6.0584 -3.9676
5 -0.7102 -1.4328
1 -0.9230 0.7094
5 5.6575 6.0071
10 9.8657 -3.4452
7 3.2885 8.6100
8 -9.7430 -4.6977
10 -0.9975 8.1779
6 -9.4036 -2.4977
7 3.2885 8.6100
8 -0.7102 -1.4328
10 1.9718 14.6064
3 6.0584 0.6016
5 -0.7102 -1.4328
10 4.8091 9.9642
2 -0.7102 -1.4328
10 1.9718 9.9642
7 3.1292 -7.3555
10 4.8091 14.6064
8 -9.7430 -4.6977
8 -9.7430 -4.6977
1 -7.9204 2.7269
2 -0.7102 -1.4328
2 -0.7102 -1.4328
10 7.1972 6.7044
8 -5.1647 6.9500
7 4.7435 10.0636
10 1.9718 9.9642
2 -3.9584 -8.8961
3 8.4432 0.6016
8 -9.7430 -4.6977
6 -9.4036 -4.8430
8 -9.7430 -4.6977
1 -7.9204 2.7269
8 -0.7102 -1.4328
1 -7.2581 -1.1835
5 4.8221 4.9872
10 -7.5239 0.3255
8 -9.7430 -4.6977
3 -8.0199 7.3845
7 -1.4579 -7.2060
9 8.3903 -5.9692
9 8.3903 -5.9692
4 -7.9321 5.7751
5 -2.2234 -2.1106
1 -7.9204 2.7269
4 -9.5400 -3.3389
3 3.1632 4.8760
10 2.1891 -8.5144
8 4.8489 -2.8482
9 8.3903 -5.9692
8 -0.6374 -1.3443
4 -9.5400 -3.3389
10 8.4284 -3.6391
8 -0.7102 -1.4328
2 -0.7102 -1.4328
2 6.7472 -1.8080
8 -0.7102 -1.4328
6 -9.4036 -4.8430
9 0.7952 -6.7777
1 -6.6457 -6.3100
6 2.2805 6.6945
3 6.0584 -3.9676
10 4.8091 9.9642
3 6.0584 -3.9676
6 1.9450 2.1445
2 -0.7102 -1.4328
9 8.3903 -5.9692
1 -7.9204 2.7269
4 -6.1258 -2.3355
9 3.4257 8.4465
10 4.8091 14.6064
2 3.5026 -2.0882
10 4.8091 9.9642
4 -9.5400 -3.3389
10 4.8091 14.6064
5 -10.1749 0.2014
1 8.2527 2.4061
4 -9.5400 -3.3389
4 -9.5400 -3.3389
1 -7.9204 2.7269
3 6.1818 7.1802
5 -7.8888 3.8285
7 -1.4777 3.5023
