10 100
P 5.918344 8.225326 10.066768 11.439624
P 8.113000 -9.922941 11.985358 -8.129487
Z 1 4.651627 3.041229 7.428112 -8.813200
Z 3 -7.580756 6.537538 7.056739 -2.662400
K -2.802741 -2.780441 3.193610
Z 4 2.587846 -1.263246 -2.528338 1.100177
P -8.395061 -1.077969 -3.909878 3.794325
K 4.411412 -6.545811 1.749558
K -2.209163 8.290821 1.599055
Z 7 -8.395061 -1.077969 -7.439326 -0.783737
5 -2.802741 -2.780441
5 -2.802741 -2.780441
10 -8.395061 3.794325
4 5.918344 11.439624
8 4.411412 -6.545811
10 -5.654815 -5.106653
2 11.985358 -9.922941
8 4.411412 -6.545811
4 1.463843 -3.482958
7 1.038244 -0.397670
3 -3.929771 8.161424
5 -2.802741 -2.780441
1 5.918344 8.225326
1 10.066768 11.439624
6 -6.107151 3.723015
9 -8.363640 9.216862
3 -2.502398 5.281438
9 -2.209163 8.290821
6 -3.697512 6.645829
9 -7.066022 -8.553422
7 -8.395061 -1.077969
10 -8.395061 3.794325
1 5.918344 8.225326
2 3.686894 0.249543
5 -2.802741 -2.780441
3 -7.276815 -0.527398
8 4.411412 -6.545811
8 4.411412 -6.545811
6 3.179586 9.729361
7 -5.845188 -2.570627
9 -2.209163 8.290821
1 -4.958363 5.633239
6 -2.477866 -9.950236
10 -7.791489 8.189081
1 -4.527955 4.707865
10 -2.168624 7.787025
1 5.918344 11.439624
2 9.779451 3.293525
2 3.608928 4.637964
10 -5.654815 -5.106653
10 -5.654815 -5.106653
2 8.113000 -8.129487
3 1.214557 7.123628
7 -8.395061 -1.077969
2 -0.389093 0.016404
2 3.634459 2.012356
2 -3.444317 -9.730039
4 10.066768 8.225326
5 4.806013 -1.517005
1 5.918344 8.225326
1 10.066768 8.225326
3 8.812356 4.027020
7 -3.909878 3.794325
10 -1.516416 7.841238
9 -2.209163 8.290821
2 8.113000 -9.922941
1 -7.364964 8.452351
1 5.918344 11.439624
9 -2.209163 8.290821
5 3.114852 1.501516
9 -7.176129 1.233240
6 -7.508819 -1.604637
10 -8.395061 3.794325
3 10.066768 8.225326
6 10.066768 11.439624
7 -8.395061 -1.077969
10 9.623559 2.145729
4 -3.929771 8.161424
5 -2.802741 -2.780441
4 -8.371096 1.521223
6 6.696681 7.536280
1 0.028041 -7.645281
1 5.918344 11.439624
2 -1.239426 0.015152
6 0.211406 -13.108912
10 -4.686461 1.444560
2 11.985358 -8.129487
3 -2.502398 5.281438
4 -3.247632 -6.358134
10 -3.909878 -1.077969
2 8.113000 -8.129487
5 -2.802741 -2.780441
5 5.018772 9.050535
6 10.066768 11.439624
10 -8.395061 3.794325
2 -8.300670 -4.199347
8 -8.998305 -2.784253
1 10.066768 11.439624
1 5.918344 8.225326
6 -3.929771 8.161424
3 10.066768 11.439624
5 -2.802741 -2.780441
6 -3.247632 -6.358134
1 10.066768 8.225326
1 9.700968 -5.897543
3 10.066768 8.225326
8 4.411412 -6.545811
8 4.411412 -6.545811
4 1.380590 3.520911
6 -4.712867 1.497024
