10 100
P 8.897872 -5.500669 13.307160 -1.993903
K -0.995511 -3.071840 4.533565
P 0.431373 8.738300 3.713101 13.059846
Z 2 -0.995511 -3.071840 -0.890026 -4.066261
P 6.779415 2.354071 10.588817 4.181137
Z 4 -0.995511 -3.071840 -0.037961 -2.783573
P -1.660008 -0.561912 3.126660 2.983402
K 4.075410 -1.330243 1.430095
Z 5 1.195173 4.409263 1.878744 -9.738024
P -7.862192 9.564549 -5.106677 12.071799
4 -0.995511 -3.071840
5 5.102564 2.796708
7 3.126660 -0.561912
4 0.789312 -1.857375
9 -1.343860 -9.321144
10 -5.106677 12.071799
3 3.713101 13.059846
1 13.307160 -5.500669
8 4.075410 -1.330243
4 0.702915 -4.147291
5 10.588817 2.354071
4 -0.995511 -3.071840
4 -0.995511 -3.071840
5 6.584001 1.624726
10 2.157104 8.399321
5 10.588817 4.181137
5 6.779415 4.181137
1 8.897872 -5.500669
6 6.757009 -9.047882
8 4.075410 -1.330243
6 -0.995511 -3.071840
2 1.299603 5.050696
5 10.588817 2.354071
8 4.075410 -1.330243
4 -3.735312 4.826884
4 -0.995511 -3.071840
5 6.779415 2.354071
6 -0.995511 -3.071840
5 10.588817 2.354071
6 -0.995511 -3.071840
3 9.811746 -3.012978
7 3.126660 2.983402
3 4.945706 -9.620891
9 10.588817 2.354071
6 -0.995511 -3.071840
7 -3.904954 -7.935105
6 -6.269378 4.374818
4 -4.028374 8.012099
2 -0.995511 -3.071840
10 -5.106677 9.564549
7 -1.660008 -0.561912
4 -0.995511 -3.071840
1 8.897872 -5.500669
5 10.588817 4.181137
10 -7.862192 9.564549
1 8.897872 -1.993903
6 -1.579771 -5.629499
9 10.588817 2.354071
9 10.588817 2.354071
2 -0.995511 -3.071840
4 -0.995511 -3.071840
1 13.307160 -1.993903
1 8.897872 -1.993903
2 -0.995511 -3.071840
8 -6.011799 9.084698
10 -7.862192 12.071799
10 -0.633426 0.084972
7 -1.660008 2.983402
5 0.414674 -0.566642
2 -0.995511 -3.071840
10 4.705499 2.593979
9 -6.838890 -6.684856
5 6.779415 4.181137
9 -6.169056 1.964746
8 3.947644 -5.915052
2 -3.784039 -6.450554
1 8.897872 -1.993903
10 7.574293 8.288212
1 8.897872 -5.500669
8 3.063597 9.234170
1 13.307160 -1.993903
9 -4.164912 1.825261
5 10.588817 2.354071
10 3.644776 -2.726703
10 -2.313042 -9.236278
7 0.332936 -9.373317
2 -9.154112 -9.879766
6 -0.995511 -3.071840
1 -3.779206 -4.009647
7 -1.660008 2.983402
8 4.075410 -1.330243
8 4.075410 -1.330243
10 -5.106677 12.071799
6 -3.830429 -5.267545
2 -0.995511 -3.071840
10 -5.106677 12.071799
6 -0.995511 -3.071840
7 3.126660 2.983402
4 -0.995511 -3.071840
8 4.075410 -1.330243
2 7.871589 9.840643
4 7.116347 0.239459
10 -7.862192 12.071799
7 3.126660 -0.561912
10 -5.106677 9.564549
9 6.779415 2.354071
9 -4.341062 3.643815
9 -8.132718 3.276546
7 9.838483 -1.433416
5 6.779415 4.181137
