10 100
K -1.409402 8.799379 1.736107
K 8.355308 -9.344660 4.115935
P 2.702966 2.205842 4.687795 3.318270
P 1.355899 -0.858905 2.633440 3.020009
Z 2 -8.991087 8.252426 -5.170828 -0.316775
K -0.761898 -2.142733 2.836449
Z 6 6.235947 8.587949 -9.306171 -0.347015
P -7.027289 2.904533 -5.387390 6.678737
K 5.808619 4.314992 3.584944
K -8.111610 -9.237194 2.799283
4 3.9549 5.5336
7 -0.7619 -2.1427
7 -0.7619 -2.1427
3 4.6878 3.3183
4 5.0883 -6.1367
3 4.6878 2.2058
8 -7.0273 2.9045
5 8.3553 -9.3447
8 -5.3874 6.6787
3 2.7030 2.2058
10 -8.1116 -9.2372
9 -7.7928 -5.7082
8 -7.0273 2.9045
4 5.4479 3.2541
4 2.6334 3.0200
3 4.6878 3.3183
10 -8.1116 -9.2372
3 2.7030 2.2058
6 -0.7619 -2.1427
1 -1.4094 8.7994
1 -3.0910 -8.0897
9 8.6115 1.7670
8 -5.3874 6.6787
2 8.3553 -9.3447
3 -3.5915 -6.4736
8 -5.3874 2.9045
9 2.4454 4.7731
10 -8.1116 -9.2372
7 -0.7619 -2.1427
4 2.0844 9.0545
1 -1.4094 8.7994
4 -6.5740 2.1415
8 -7.0273 2.9045
7 -6.5585 7.9403
5 8.3553 -9.3447
6 3.7212 5.8742
9 5.8086 4.3150
7 5.8267 -4.0156
1 -1.4094 8.7994
2 8.3553 -9.3447
6 -0.7619 -2.1427
7 -6.5585 7.9403
9 -8.7539 0.8607
6 -0.7619 -2.1427
7 -7.9557 2.2345
10 1.6571 -6.9881
9 5.8086 4.3150
10 -8.1116 -9.2372
4 6.5397 4.1556
2 1.4460 6.2535
7 -0.7619 -2.1427
2 8.3553 -9.3447
6 -0.7619 -2.1427
3 4.6878 3.3183
3 2.7030 2.2058
5 -7.4969 -16.4118
7 -0.7619 -2.1427
6 -0.7619 -2.1427
9 5.8086 4.3150
4 1.3559 -0.8589
3 -5.8893 5.5889
1 -1.4094 8.7994
8 8.0199 5.4458
10 -8.1116 -9.2372
8 -5.3874 6.6787
10 -8.1116 -9.2372
5 8.3553 -9.3447
3 4.6878 2.2058
4 1.3559 3.0200
5 8.3553 -9.3447
10 -8.1116 -9.2372
1 -1.4094 8.7994
10 -8.1116 -9.2372
8 -5.3874 6.6787
9 5.8086 4.3150
7 -0.7619 -2.1427
8 6.2632 -2.0751
6 -0.7619 -2.1427
3 2.7030 3.3183
9 5.8086 4.3150
6 -0.7619 -2.1427
1 -1.4094 8.7994
4 2.6334 3.0200
10 -8.1116 -9.2372
6 -0.7619 -2.1427
4 1.3559 -0.8589
3 4.6878 2.2058
8 -5.3874 2.9045
2 8.3553 -9.3447
1 -1.4094 8.7994
4 2.6334 3.0200
1 -8.2297 1.8098
6 -0.7619 -2.1427
1 -1.4094 8.7994
8 -7.0273 6.6787
4 2.6334 -0.8589
5 -7.4969 -16.4118
6 -0.7619 -2.1427
7 -0.7619 -2.1427
1 -9.9404 2.4704
