10 100
K -5.180182 7.761303 3.373510
Z 1 -7.949191 5.834348 -7.377989 5.013538
K -6.920108 3.833184 2.768859
P 8.374455 5.218554 12.284886 6.304497
P -6.186237 -3.171486 -2.319090 -1.584962
Z 4 12.284886 5.218554 13.284541 5.192314
K 0.235247 -5.079043 1.996658
P -0.108783 -7.333352 4.889650 -4.634335
K -3.460083 5.539271 4.414407
Z 4 6.559849 8.519349 4.815306 -7.913037
9 9.5111 8.7591
10 4.0926 5.6731
4 -6.9138 -9.0495
8 4.8896 -4.6343
4 2.7208 -2.9066
1 -5.1802 7.7613
7 0.2352 -5.0790
9 -3.4601 5.5393
10 12.2849 6.3045
9 6.7713 7.2750
6 2.9831 -5.1700
8 -0.1088 -4.6343
5 -2.3191 -3.1715
9 -3.4601 5.5393
10 -3.5019 1.4668
10 0.2694 6.4942
8 6.4801 7.0669
3 -6.9201 3.8332
8 2.7078 -2.2533
9 -3.4601 5.5393
9 -3.4601 5.5393
1 -5.1802 7.7613
3 -6.9201 3.8332
6 12.2849 6.3045
8 -0.1088 -7.3334
6 -2.5774 -3.9971
4 8.3745 6.3045
3 -6.6089 -6.8309
10 0.2694 6.4942
10 4.0926 5.6731
9 -1.1732 -4.8041
8 -1.7682 -5.2344
4 8.3745 5.2186
4 3.9134 0.0335
9 -3.4601 5.5393
1 -5.1802 7.7613
4 -6.1897 -2.0738
8 -0.1088 -4.6343
2 -5.1802 7.7613
10 0.2694 6.4942
2 -10.7182 3.9074
5 -1.0578 1.0242
3 2.1896 -3.4802
7 0.2352 -5.0790
4 12.2849 5.2186
5 -2.3191 -3.1715
9 -3.4601 5.5393
8 3.2580 7.9399
5 -6.1862 -3.1715
9 4.8238 -6.8188
6 12.2849 5.2186
6 12.2849 6.3045
2 -10.7182 3.9074
9 -3.4601 5.5393
1 -5.1802 7.7613
7 0.2352 -5.0790
1 -5.1802 7.7613
4 12.2849 6.3045
6 12.2849 5.2186
5 -2.3191 -1.5850
7 0.2352 -5.0790
1 -5.1802 7.7613
4 12.2849 5.2186
3 -6.9201 3.8332
1 -5.1802 7.7613
8 4.8896 -4.6343
4 6.2172 3.5961
6 8.3745 6.3045
9 -3.4601 5.5393
1 -5.1802 7.7613
9 -8.0344 -8.1070
5 -2.3191 -1.5850
4 8.3745 5.2186
4 8.3745 6.3045
10 8.3745 5.2186
8 7.3979 8.0446
4 1.0409 6.2065
1 -5.1802 7.7613
6 -2.5506 6.4487
8 -0.1088 -7.3334
8 -0.7365 -6.3320
5 -6.1862 -3.1715
3 -6.9201 3.8332
3 -6.9201 3.8332
8 2.7041 -0.5299
2 9.6673 -2.4727
7 0.2352 -5.0790
3 -6.9201 3.8332
3 8.3132 -8.1441
3 -5.0991 5.1539
6 12.2279 4.1341
5 -6.1862 -1.5850
2 -5.1802 7.7613
5 -6.1862 -3.1715
9 -3.4601 5.5393
1 3.2242 9.9588
9 -3.4601 5.5393
1 -5.1802 7.7613
10 12.2849 6.3045
2 -5.1802 7.7613
