10 100
P -2.767514 4.581008 0.228023 7.627386
Z 1 3.298967 2.695433 -1.895056 -8.467161
Z 2 8.453322 -0.793691 1.123797 -6.877221
Z 1 1.759968 -0.207881 -4.424402 0.003553
P -2.213487 0.232971 0.120831 2.373078
K -6.218683 9.525574 1.068682
Z 3 -0.951414 4.548685 3.269000 -5.421694
Z 3 5.514075 -8.632490 -0.854232 7.858339
P -5.846356 -7.063208 -1.033931 -5.195460
Z 7 3.839212 -9.131775 -3.847345 -3.998830
2 -5.7907 -9.3830
2 6.7192 1.5606
9 6.8110 -9.1984
4 0.2280 7.6274
9 -1.0339 -5.1955
6 5.4574 7.2082
10 6.9723 -0.0609
6 -6.2187 9.5256
1 -4.2839 2.3027
10 -6.7191 5.7871
6 -9.3772 -8.0182
4 -2.7675 7.6274
2 -2.7675 7.6274
7 1.0465 -19.1377
3 14.6634 -13.3737
4 -6.5245 -6.1225
6 -6.2187 9.5256
6 2.0639 -6.2442
8 -8.6295 0.9885
9 -6.9603 0.3009
8 1.9261 -18.2925
6 -6.2187 9.5256
7 0.2896 5.8751
4 -2.7675 7.6274
2 -1.7758 1.2384
1 0.2280 7.6274
7 -3.9828 5.8450
3 3.4318 -5.8105
6 -6.2187 9.5256
5 -2.2135 2.3731
6 -6.2187 9.5256
1 0.2280 4.5810
9 -1.0339 -5.1955
7 4.0559 1.6858
9 -5.8464 -5.1955
2 0.2280 7.6274
10 -1.3240 6.6071
1 0.2280 4.5810
6 -6.2187 9.5256
2 -7.7938 8.9058
9 -1.0339 -7.0632
10 -1.7956 3.7244
10 -1.2789 1.4717
7 -2.7675 7.6274
4 -2.7168 -1.2637
9 -1.0339 -5.1955
10 0.6424 2.2693
4 -3.0840 -4.6764
2 -2.7675 4.5810
1 -2.7675 4.5810
10 0.2896 5.8751
3 7.4164 1.1383
2 0.2280 4.5810
6 -3.2324 -5.7855
8 -9.8473 5.3006
6 -6.2187 9.5256
3 -5.0481 1.7429
7 -2.7675 4.5810
3 0.2280 7.6274
1 0.2280 4.5810
8 0.2280 7.6274
7 8.1069 -2.3970
8 -5.0794 6.4825
2 10.9789 1.2311
6 -4.1427 8.1576
3 -6.9582 4.6348
4 -2.7675 4.5810
4 -3.0840 -4.6764
2 -4.7364 -4.3347
6 -6.2187 9.5256
10 11.6692 -12.8125
1 -2.7675 4.5810
1 -9.5996 0.1792
7 -7.9684 9.1683
8 -4.5011 5.0554
7 0.2280 7.6274
6 -6.2187 9.5256
3 -0.4261 8.0636
6 0.1510 -0.5864
2 -2.7675 7.6274
9 -1.0339 -5.1955
3 -8.7596 6.0127
6 -6.2187 9.5256
1 -2.7675 4.5810
6 -6.2187 9.5256
5 0.1208 2.3731
2 9.0497 3.5226
10 -5.6174 -2.9110
6 -6.2187 9.5256
1 0.2280 7.6274
4 -3.2921 -7.7156
7 5.2917 -4.7246
9 -1.0339 -5.1955
4 -0.0955 -4.8810
7 -5.6921 -3.2916
9 2.8349 5.9963
2 6.7192 1.5606
2 1.6777 -4.9868
4 1.3629 1.1490
8 2.7652 6.7176
