10 100
P 7.312823 0.197969 9.824188 2.788663
P 1.714602 -2.507177 4.848872 -1.277904
Z 2 -7.685053 -4.555096 7.596871 -7.231301
Z 1 -0.637516 8.880620 -2.258593 6.263235
Z 1 -1.545551 7.281117 -3.298206 -0.096595
P -0.181264 -5.815103 1.645027 -0.852977
P -1.561222 6.250487 -0.082551 10.704470
Z 5 1.355133 -3.501027 -5.006122 -7.301495
Z 6 -1.420351 7.390915 -7.842097 9.172482
Z 2 4.848872 -1.277904 3.854392 -1.382831
6 -2.0851 -7.1379
5 -11.4779 7.2526
3 3.2707 4.9116
7 5.3213 -4.0305
6 6.4645 -5.3010
6 -0.1813 -0.8530
3 4.8489 -2.5072
5 -12.6431 4.9387
3 9.2631 8.4805
6 -0.1813 -5.8151
1 9.3396 -7.6834
1 -1.3518 -8.7542
8 7.3128 2.7887
1 8.4858 3.7417
5 -14.8861 6.0682
8 4.6743 -22.4082
3 4.8489 -2.5072
8 2.0846 -22.3376
1 9.8242 0.1980
10 8.2900 -0.4859
10 -2.5013 5.1847
7 9.9468 -7.1436
9 8.4299 1.6624
6 1.6450 -0.8530
3 2.3104 -6.1883
8 9.7171 -1.2356
6 1.6450 -0.8530
6 7.7920 5.1970
5 -13.7210 8.3821
2 4.8489 -1.2779
8 -7.0671 9.2761
2 4.8489 -2.5072
10 0.5527 -0.4656
6 1.6450 -0.8530
7 -0.0826 6.2505
9 -1.6679 -0.5574
4 -2.1851 1.0310
3 2.9893 -11.8966
5 6.2789 1.0208
1 9.8242 2.7887
9 1.6450 -5.8151
7 -1.2166 1.3439
4 -7.5485 0.8276
2 -8.0555 8.1699
4 -8.4722 9.7339
5 -12.6431 4.9387
8 -13.7210 8.3821
1 7.3128 2.7887
2 4.8489 -1.2779
1 7.2151 7.2769
5 9.8242 0.1980
2 5.6574 8.0220
7 0.1171 -2.1358
9 8.0106 17.1301
7 -0.0826 6.2505
2 1.7146 -2.5072
7 4.2549 -7.4516
1 9.8242 0.1980
8 -14.8861 6.0682
6 1.6450 -0.8530
4 4.7435 -7.7471
8 -11.4779 7.2526
4 7.3128 0.1980
9 -0.1813 -5.8151
2 -1.9654 6.2864
2 4.8489 -2.5072
2 -8.5373 6.3856
2 1.7146 -2.5072
8 10.9072 0.9758
6 1.6450 -5.8151
10 1.7836 -1.9320
10 1.5271 -0.7298
7 -7.5805 -1.3667
2 7.1223 -5.7701
8 2.0846 -22.3376
6 -3.9240 4.7902
6 1.6450 -5.8151
10 4.8489 -2.5072
5 7.3128 0.1980
2 4.8489 -1.2779
7 -1.7376 -0.7336
4 9.8242 0.1980
1 -7.8076 -2.2405
6 -0.1813 -5.8151
5 -14.8861 6.0682
1 7.3128 2.7887
2 1.7146 -2.5072
10 4.8489 -2.5072
1 9.8242 2.7887
8 2.1530 -19.8271
8 5.9317 0.3295
3 8.3552 1.5794
4 7.3128 2.7887
7 -1.5612 6.2505
10 1.7146 -2.5072
9 1.6450 -5.8151
9 -4.2781 -3.9866
5 -0.3601 -0.7286
9 6.4454 18.0710
1 9.8242 0.1980
