10 100
P 5.781056 2.339097 7.333832 3.973326
K -5.510702 0.930240 4.807213
P 7.348731 -5.021809 8.803766 -3.237192
K 7.349628 -1.015202 2.177569
K -8.286881 6.857351 3.928518
Z 4 7.349628 -1.015202 7.198159 -2.003663
P 6.062459 4.830384 8.270327 9.324694
Z 4 5.400745 -1.986622 5.846848 -2.881604
Z 3 8.803766 -5.021809 8.436885 -5.952077
Z 9 -2.927053 -9.473921 -6.355009 3.966326
1 7.333832 2.339097
5 7.014801 -9.696920
5 6.643474 8.739087
9 9.867101 -6.015008
4 7.349628 -1.015202
6 7.349628 -1.015202
10 8.803766 -5.021809
3 7.348731 -3.237192
5 -6.343435 4.729403
10 -17.508961 -12.003819
3 7.348731 -3.237192
2 -5.510702 0.930240
6 7.349628 -1.015202
6 -7.025818 -7.373905
2 -5.510702 0.930240
8 -5.027056 0.199628
7 6.062459 9.324694
2 -5.510702 0.930240
3 -0.512187 -4.801868
9 8.803766 -3.237192
2 -5.510702 0.930240
1 5.781056 3.973326
4 4.958560 -7.303133
2 -5.510702 0.930240
4 7.349628 -1.015202
10 -16.211943 -9.617487
1 7.680957 -5.243600
10 10.021936 -3.717616
10 10.021936 -3.717616
6 7.349628 -1.015202
10 -15.814958 -12.565257
5 -8.286881 6.857351
3 2.559248 -9.917930
2 -5.510702 0.930240
3 8.803766 -3.237192
3 7.348731 -3.237192
3 -9.616881 -4.388033
1 5.781056 3.973326
10 -1.844094 9.000984
5 -8.286881 6.857351
9 0.359348 -5.370076
3 7.348731 -3.237192
2 -2.976730 0.104986
2 -5.510702 0.930240
7 6.062459 4.830384
7 8.270327 9.324694
9 -6.138037 8.445224
9 7.348731 -5.021809
4 1.957118 -0.724040
10 8.803766 -3.237192
6 7.349628 -1.015202
1 7.333832 2.339097
8 3.451862 -2.958043
6 7.349628 -1.015202
7 6.733645 -7.425314
2 6.248454 -0.476664
1 5.781056 3.973326
6 7.349628 -1.015202
6 7.349628 -1.015202
8 7.349628 -1.015202
8 -2.825549 4.678309
7 -6.413278 -1.354775
10 7.348731 -5.021809
7 6.062459 9.324694
2 -5.510702 0.930240
3 -6.078624 6.635928
4 7.349628 -1.015202
6 7.349628 -1.015202
8 3.451862 -2.958043
1 4.276593 7.402900
7 8.974048 -4.628313
2 -9.814264 -1.960667
7 8.270327 9.324694
5 -8.286881 6.857351
5 -8.286881 6.857351
8 7.349628 -1.015202
2 1.528330 2.539686
10 6.477000 5.836387
10 6.322900 1.621488
1 5.569961 6.602086
5 -8.286881 6.857351
1 -2.180310 7.270704
6 7.349628 -1.015202
3 7.348731 -5.021809
8 3.451862 -2.958043
4 7.349628 -1.015202
6 7.349628 -1.015202
4 7.349628 -1.015202
7 -9.471449 9.781856
5 -8.286881 6.857351
1 5.781056 3.973326
9 8.803766 -3.237192
1 5.781056 3.973326
8 -7.030466 -0.920403
7 3.530338 9.159811
9 8.803766 -3.237192
2 -5.510702 0.930240
10 2.107367 4.367868
7 -5.118916 -4.252838
3 -6.570867 -9.983983
