10 100
P -0.205383 7.596474 1.920331 9.638575
Z 1 -0.205383 9.638575 0.697435 9.208552
Z 1 4.312768 2.927202 0.932300 1.539277
P -4.464262 -8.367330 -0.139769 -4.102351
Z 2 6.020234 4.263827 -7.912304 -9.174063
Z 1 -1.052934 -1.866736 3.114817 -6.733096
K -6.644538 3.869233 4.330216
K -6.085463 -2.249426 2.649072
Z 2 8.888240 -0.159033 6.157926 -1.129718
K 8.455152 -7.543936 1.907420
4 -0.1398 -4.1024
10 8.4552 -7.5439
8 -6.0855 -2.2494
5 -0.2054 9.6386
3 -0.2054 7.5965
9 8.0172 -11.3725
5 1.1342 7.9880
2 1.1342 7.9880
7 -6.7259 -1.7452
3 -0.2054 7.5965
7 -6.6445 3.8692
8 -6.0855 -2.2494
5 1.1342 7.9880
6 1.9203 9.6386
9 1.9203 7.5965
4 -4.4643 -8.3673
7 -2.9800 -1.7299
10 8.4552 -7.5439
7 -6.6445 3.8692
4 -4.4643 -4.1024
4 -0.1398 -8.3673
1 -7.3450 -5.5536
6 1.9203 9.6386
4 -7.5050 -8.0275
1 1.9203 7.5965
9 10.0623 -13.4953
6 -12.8786 -3.0358
7 -7.1920 -9.4351
4 4.6274 1.0672
7 -6.6445 3.8692
2 -0.2054 7.5965
7 1.6282 1.0508
3 1.9203 7.5965
8 -6.0855 -2.2494
4 -3.7627 -1.5739
5 -9.5349 8.2984
7 -6.6445 3.8692
3 4.3792 -3.5698
8 -6.0855 -2.2494
7 0.9227 2.8040
8 -6.0855 -2.2494
8 -6.0855 -2.2494
5 11.1665 -2.1519
9 9.6689 -12.1563
10 3.3196 3.1196
2 1.9203 7.5965
4 -0.1398 -8.3673
7 -6.6445 3.8692
4 -4.4643 -8.3673
5 1.1342 7.9880
4 -4.4643 -4.1024
7 -6.6445 3.8692
4 -4.4643 -4.1024
10 -5.4744 1.6858
10 8.4552 -7.5439
1 -0.2054 9.6386
9 -0.2054 9.6386
6 -12.8786 -3.0358
5 9.1258 -2.0781
4 -0.1398 -8.3673
3 5.8141 -5.0228
4 7.1443 1.3730
5 5.8707 -6.3251
2 9.8743 4.1017
4 -4.4643 -4.1024
6 8.1320 -3.8825
8 -6.0855 -2.2494
9 1.3802 10.9254
6 1.9203 9.6386
2 -0.2054 9.6386
10 -9.5569 6.2583
2 2.7198 9.2749
7 -6.6445 3.8692
10 8.4552 -7.5439
4 -0.1398 -8.3673
10 8.4552 -7.5439
4 9.6131 6.6731
2 -9.1233 -7.0217
10 3.7106 -4.1892
4 -0.1398 -4.1024
5 -7.9957 -0.3860
4 -0.9842 -9.8215
10 8.4552 -7.5439
8 -6.0855 -2.2494
10 8.4552 -7.5439
6 -12.8786 -3.0358
5 10.9088 0.7845
8 -6.0855 -2.2494
9 10.0623 -13.4953
6 -10.8608 -3.3498
4 -0.1398 -8.3673
10 0.4275 8.0783
4 -4.4643 -8.3673
7 -6.6445 3.8692
4 -4.4643 -4.1024
4 -0.1398 -4.1024
9 1.3802 10.9254
5 9.1258 -2.0781
10 7.9761 8.6284
7 -6.6445 3.8692
