10 100
P -0.583233 -7.013060 3.009290 -3.784042
Z 1 -7.452307 -2.231985 -3.513125 4.505643
Z 1 8.417425 8.815671 -1.647682 0.410023
P 8.493022 -2.290710 10.442654 -0.504443
K 1.202568 -8.436641 3.327640
K -0.836169 2.396224 3.170717
K -6.713854 -5.898171 4.118102
Z 1 -6.674244 -6.644479 1.094175 -3.388339
K -8.877961 -0.855387 1.872217
P 4.918634 -8.845039 8.924718 -4.295695
9 9.2561 -6.4822
8 -0.5832 -3.7840
6 -0.8362 2.3962
4 8.4930 -2.2907
2 3.0093 -7.0131
8 -0.3641 -4.3069
10 0.2310 6.2997
7 -6.7139 -5.8982
5 -7.6264 2.1058
7 -6.7139 -5.8982
9 -8.8780 -0.8554
9 -8.8780 -0.8554
3 -5.5848 2.2050
10 4.9186 -8.8450
3 -0.5832 -7.0131
6 -8.3710 1.4255
8 6.6326 -5.2814
1 -4.6235 0.7450
1 3.0093 -3.7840
8 -0.5832 -7.0131
1 -0.5832 -7.0131
7 -6.7139 -5.8982
2 -0.5832 -3.7840
7 -6.3423 4.4322
4 8.4930 -0.5044
1 -8.8315 -4.8528
1 1.2413 -1.0798
3 -4.3627 -3.7152
7 -6.7139 -5.8982
1 3.0093 -7.0131
8 -0.1476 0.5186
6 -9.1915 -5.9162
1 -0.5832 -7.0131
3 -5.5848 2.2050
7 -6.7139 -5.8982
10 4.9186 -8.8450
10 8.9247 -8.8450
4 8.4930 -0.5044
6 -0.8362 2.3962
6 -0.8362 2.3962
3 -0.5832 -7.0131
2 -13.9364 6.1233
10 4.9186 -4.2957
3 0.2191 -5.1983
8 -0.5832 -3.7840
10 8.9247 -8.8450
8 -1.4332 1.2811
1 3.0093 -7.0131
9 -8.8780 -0.8554
4 8.4930 -2.2907
9 -4.4342 2.2965
8 -0.5832 -3.7840
7 -9.2114 -2.4529
2 0.3245 6.5367
7 -6.9122 -3.2932
4 0.0679 -7.1074
4 -8.0666 1.2863
6 -0.8362 2.3962
2 7.2980 1.0316
10 8.9247 -4.2957
2 3.0093 -7.0131
7 -6.7139 -5.8982
5 -0.1080 5.8014
10 8.9247 -4.2957
7 -6.7139 -5.8982
1 -0.5832 -3.7840
9 -8.8780 -0.8554
7 -6.7139 -5.8982
9 -8.8780 -0.8554
8 3.0093 -7.0131
5 8.1885 9.7243
3 0.5079 7.4446
4 8.4930 -2.2907
5 1.2026 -8.4366
4 -0.5072 -7.4653
6 4.0752 7.6749
6 -0.8362 2.3962
6 -0.8362 2.3962
4 10.4427 -2.2907
5 1.2026 -8.4366
2 -6.5330 -2.8905
4 6.9948 3.3436
6 -0.8362 2.3962
8 3.0093 -3.7840
7 -6.7139 -5.8982
7 -6.7139 -5.8982
7 -6.7139 -5.8982
5 1.8545 -1.0493
4 8.4930 -0.5044
3 -5.9743 -2.2820
2 2.5051 7.7313
5 1.2026 -8.4366
3 3.0093 -7.0131
9 -8.8780 -0.8554
3 -1.5404 -9.0019
6 -0.8362 2.3962
2 -1.5626 -6.8896
10 8.9247 -4.2957
2 -14.9881 1.4088
5 1.2026 -8.4366
