10 100
K -8.268973 -8.400638 2.827175
P -8.507711 1.446874 -5.568091 5.539411
Z 1 -5.525708 -9.084318 -5.283884 -8.113998
Z 2 -8.507711 1.446874 -8.388350 0.454023
P -7.842361 -9.947923 -5.324752 -7.742000
Z 4 9.249269 -4.767665 1.231631 5.226284
P 4.806138 7.626523 8.873594 9.468950
Z 7 9.351884 -5.817124 -7.587385 6.011385
Z 8 -6.483922 -7.216396 4.023214 -9.024110
Z 5 -5.324752 -7.742000 -4.916651 -8.654937
8 -6.716592 6.452095
9 -5.873297 1.778227
6 1.371793 2.312797
4 8.876401 4.363397
10 -5.324752 -9.947923
3 -8.268973 -8.400638
2 -5.568091 1.446874
7 4.806138 9.468950
10 7.870256 -2.502009
5 -5.324752 -7.742000
1 -8.268973 -8.400638
8 4.806138 7.626523
10 -5.324752 -9.947923
10 -5.324752 -9.947923
5 -5.324752 -9.947923
8 -5.163551 -10.633243
10 -3.603196 4.438120
6 -11.363570 0.750139
3 -8.268973 -8.400638
8 4.806138 9.468950
6 -9.477706 5.422797
8 -3.768986 8.100141
9 -3.433865 -9.998636
10 -7.842361 -9.947923
9 2.414323 -28.074855
6 -8.507711 1.446874
4 -1.814529 -4.110012
8 8.873594 7.626523
2 -5.568091 1.446874
7 8.873594 9.468950
3 -2.782444 -9.767999
8 -3.433865 -9.998636
10 -5.324752 -7.742000
6 8.013515 -2.694343
4 -0.422357 -2.153164
7 4.806138 7.626523
6 7.032981 13.914383
5 -7.842361 -9.947923
9 8.873594 7.626523
3 -8.268973 -8.400638
8 -5.163551 -10.633243
6 -12.333564 4.726062
2 -8.507711 5.539411
10 -5.324752 -7.742000
10 -9.920796 -7.212021
1 -8.268973 -8.400638
5 -5.324752 -9.947923
6 -5.568091 1.446874
5 -5.324752 -7.742000
4 -8.507711 1.446874
2 0.454018 -2.707981
9 -3.433865 -9.998636
8 -3.433865 -9.998636
5 -5.324752 -9.947923
7 8.873594 9.468950
5 -0.887060 2.441783
10 -0.594422 -5.602198
1 -8.268973 -8.400638
10 -7.842361 -9.947923
4 -0.584233 -3.598967
7 4.806138 7.626523
6 -5.568091 5.539411
1 -0.373668 6.562395
1 -8.268973 -8.400638
1 -8.268973 -8.400638
8 -9.226753 3.084101
2 7.062844 -4.810295
6 6.593194 -1.684342
5 -1.477369 -8.423993
6 7.032981 13.914383
7 8.873594 7.626523
6 -5.568091 1.446874
1 -7.461297 8.525976
1 -8.268973 -8.400638
4 -5.568091 5.539411
1 -8.268973 -8.400638
10 -5.324752 -7.742000
5 7.852765 -2.647724
6 7.032981 13.914383
6 3.037816 14.801801
7 -0.196081 -4.408878
2 -5.568091 5.539411
3 -2.782444 -9.767999
1 8.668260 7.121042
1 -8.268973 -8.400638
10 -2.002017 -7.337177
7 -0.365663 -4.290271
8 8.873594 9.468950
5 -7.112778 7.113778
3 -2.782444 -9.767999
5 -7.842361 -9.947923
10 -5.324752 -9.947923
9 -1.419263 -26.715510
10 -1.570930 9.089948
4 -8.507711 5.539411
8 -5.163551 -10.633243
2 7.928665 7.702236
10 -2.002017 -7.337177
6 8.591700 -2.210609
1 -8.268973 -8.400638
