10 100
K 7.997511 3.297956 2.044070
Z 1 8.845502 5.157830 7.935614 5.572684
P 0.214159 7.993334 3.792295 12.617977
Z 1 9.414952 4.770736 8.694439 5.464176
K 2.616408 -3.033493 1.882807
K 9.934985 -5.332417 2.929901
P 9.440033 1.390287 14.189815 6.216458
Z 6 0.344451 6.458219 -4.657242 5.666554
K 2.552994 8.930975 1.797986
K 7.126452 -0.206241 2.172188
9 2.552994 8.930975
3 -7.881130 6.654648
2 7.997511 3.297956
5 2.616408 -3.033493
7 1.154614 -8.289469
2 7.997511 3.297956
2 7.997511 3.297956
7 -4.260168 -5.080576
1 -1.863165 9.997454
10 7.126452 -0.206241
8 9.934985 -5.332417
9 8.026462 -8.629058
3 8.921661 -5.089299
2 7.997511 3.297956
10 7.126452 -0.206241
10 7.126452 -0.206241
5 2.616408 -3.033493
4 7.997511 3.297956
4 10.832394 6.243516
7 9.440033 6.216458
4 3.857551 6.176818
2 9.693492 7.017704
4 10.832394 6.243516
8 6.308994 9.189160
4 10.832394 6.243516
8 -2.622278 -9.703583
5 -2.730742 8.045410
10 -4.806693 4.093487
10 7.126452 -0.206241
6 9.934985 -5.332417
4 7.997511 3.297956
2 7.997511 3.297956
7 9.867765 -9.131686
6 9.934985 -5.332417
8 9.934985 -5.332417
1 7.997511 3.297956
8 9.934985 -5.332417
3 0.214159 7.993334
9 2.552994 8.930975
6 9.934985 -5.332417
9 2.552994 8.930975
10 7.126452 -0.206241
9 2.552994 8.930975
10 -7.498485 -9.194509
5 9.823686 -1.511143
8 5.824992 20.634294
6 9.934985 -5.332417
9 2.552994 8.930975
5 2.616408 -3.033493
8 5.824992 20.634294
4 10.832394 6.243516
5 2.616408 -3.033493
6 9.934985 -5.332417
4 7.997511 3.297956
10 8.982221 3.211645
8 5.824992 20.634294
4 7.997511 3.297956
10 7.126452 -0.206241
2 7.997511 3.297956
4 7.997511 3.297956
9 2.552994 8.930975
2 4.430814 0.126815
1 7.997511 3.297956
9 2.552994 8.930975
6 9.934985 -5.332417
7 -2.791860 -3.924166
3 0.214159 12.617977
9 2.552994 8.930975
9 2.552994 8.930975
7 14.189815 6.216458
10 7.126452 -0.206241
8 9.934985 -5.332417
3 -4.542815 -2.654586
4 10.832394 6.243516
8 5.823002 -9.179648
2 9.693492 7.017704
7 14.189815 6.216458
10 7.126452 -0.206241
7 9.440033 6.216458
1 -2.944208 -0.531608
3 3.792295 7.993334
3 9.557670 -4.259589
8 9.934985 -5.332417
2 6.248281 4.698840
8 9.934985 -5.332417
6 9.917034 -6.192846
5 2.616408 -3.033493
6 9.934985 -5.332417
9 2.552994 8.930975
10 7.126452 -0.206241
8 3.570454 9.910853
8 -3.076428 9.755137
8 9.934985 -5.332417
1 7.997511 3.297956
9 2.552994 8.930975
3 0.214159 7.993334
10 7.126452 -0.206241
8 9.934985 -5.332417
8 9.934985 -5.332417
2 7.997511 3.297956
