10 100
P -2.204695 -9.555984 -0.974461 -7.840998
P -6.972829 -7.776447 -4.322588 -3.756310
P -9.591569 7.916846 -7.745081 9.206784
Z 3 -6.510299 -8.082344 -9.782486 -8.488743
K -4.074835 2.002165 2.075862
Z 5 -4.074835 2.002165 -3.324057 2.662720
Z 5 -2.224323 2.188355 -2.945419 9.372124
P -9.118621 2.019702 -7.199026 3.760625
K -6.631740 1.014452 1.498241
Z 1 8.166869 -7.267089 -7.371970 -9.739057
9 -6.631740 1.014452
4 -7.154349 5.653040
3 8.935229 8.722740
10 6.921976 4.028830
4 -3.478252 -25.148255
9 -6.631740 1.014452
1 -2.204695 -9.555984
2 -3.581224 -2.154950
1 -2.204695 -9.555984
10 -9.851215 -1.570189
3 -1.058896 7.132810
7 -4.074835 2.002165
2 -6.972829 -7.776447
9 -6.631740 1.014452
6 -7.389720 6.581978
4 -3.793800 -23.897507
10 0.484450 5.338141
8 -7.199026 2.019702
7 -0.373724 2.373677
1 -2.204695 -9.555984
9 4.240829 -0.591775
3 -9.591569 7.916846
10 -8.215907 -5.728101
6 -4.074835 2.002165
7 -3.634399 -9.819345
7 6.703106 3.841843
9 9.330875 -7.301770
3 -9.591569 9.206784
3 9.957772 1.545435
8 -9.118621 2.019702
2 -4.322588 -3.756310
6 -4.074835 2.002165
2 8.481364 -9.664565
9 -5.340466 -0.414346
10 8.554734 0.943446
2 -6.972829 -7.776447
4 -5.641611 8.421039
1 -3.301075 8.162973
3 -6.646197 8.134808
8 -0.277063 0.027402
9 -6.631740 1.014452
2 -4.322588 -7.776447
2 -6.972829 -7.776447
4 -5.584189 -24.349201
8 -6.176172 0.188481
7 7.011552 8.489025
8 -7.110501 -1.830819
6 -4.074835 2.002165
2 -7.589703 2.986175
6 -4.074835 2.002165
1 -0.974461 -7.840998
9 4.054095 9.980837
8 7.195064 -9.788781
8 -7.199026 3.760625
3 -9.591569 9.206784
3 -7.745081 9.206784
10 -2.402971 -8.309619
2 -6.972829 -7.776447
8 -9.118621 3.760625
8 -9.118621 3.760625
9 -6.631740 1.014452
2 -6.972829 -3.756310
3 -9.591569 7.916846
4 -5.268641 -25.599949
6 -4.074835 2.002165
3 -9.591569 9.206784
8 -7.199026 2.019702
1 -0.974461 -7.840998
4 -5.268641 -25.599949
1 -2.204695 -9.555984
1 -0.974461 -9.555984
1 9.205721 7.005800
5 -4.074835 2.002165
8 -7.199026 3.760625
10 -0.974461 -9.555984
7 -8.526611 5.792395
7 -9.524092 -5.109639
8 -7.199026 3.760625
10 -2.204695 -9.555984
9 0.474171 6.407345
4 -0.075581 -2.098698
5 -4.074835 2.002165
10 -2.204695 -7.840998
5 -4.074835 2.002165
5 -4.074835 2.002165
10 -1.870788 -9.939945
8 -9.118621 3.760625
5 -4.074835 2.002165
9 -6.631740 1.014452
3 -1.329719 -0.677416
3 -7.745081 9.206784
9 7.110856 1.582485
8 -3.112144 1.681705
4 -7.745081 9.206784
4 -5.916817 -6.155548
2 -6.972829 -7.776447
4 -7.745081 9.206784
4 -3.478252 -25.148255
3 -7.745081 7.916846
8 -4.166787 0.365864
