10 100
K -0.896538 -2.780309 2.358575
K -0.005055 -8.984848 4.725978
Z 2 -2.792319 1.695712 -6.269531 -7.841239
K -3.890944 -5.147877 3.170072
K 4.866576 3.285030 4.748598
Z 1 7.797570 5.323914 9.665733 8.748576
P 2.677164 9.171784 5.701583 12.819704
P 6.553611 8.473541 11.290716 10.195647
Z 1 -4.674764 6.702409 6.856616 3.929078
K -0.214598 2.117519 2.136725
5 -3.3194 4.4963
2 -0.0051 -8.9848
6 7.4937 5.0928
3 -1.8666 -0.9791
6 -0.8965 -2.7803
9 -0.8965 -2.7803
9 3.0021 13.4301
3 8.5087 -8.2796
7 2.7493 4.1604
4 -3.8909 -5.1479
1 -0.8965 -2.7803
8 6.5536 10.1956
2 6.9028 -0.9139
3 -11.8000 -4.6844
6 -0.8965 -2.7803
7 2.6772 9.1718
4 2.0142 -7.0754
4 -3.8909 -5.1479
5 4.8666 3.2850
1 -0.8965 -2.7803
5 4.8666 3.2850
5 4.8666 3.2850
10 -0.2146 2.1175
8 11.2907 10.1956
4 -7.5428 4.1144
1 3.6993 -7.1497
4 -3.8909 -5.1479
1 -0.8965 -2.7803
3 -0.0051 -8.9848
7 5.7016 9.1718
4 -3.8909 -5.1479
1 9.3118 6.1686
3 -0.0051 -8.9848
5 -1.8889 2.9083
2 -0.0051 -8.9848
4 -2.3331 5.3419
4 6.3094 4.7443
1 -0.8965 -2.7803
1 0.7924 1.1009
3 -11.8000 -4.6844
4 -3.8909 -5.1479
1 -0.8965 -2.7803
9 3.0021 13.4301
5 4.8666 3.2850
10 -0.2146 2.1175
10 -0.7943 4.3339
5 4.8666 3.2850
8 11.2907 10.1956
6 -2.1743 -4.6824
2 -0.0051 -8.9848
8 -2.9189 -9.9894
9 -0.8965 -2.7803
4 -3.8909 -5.1479
7 5.7016 12.8197
7 5.7016 12.8197
6 -2.0698 1.7096
3 -0.0051 -8.9848
7 2.6772 12.8197
7 5.7016 12.8197
8 6.5536 10.1956
10 -0.2146 2.1175
2 -0.0051 -8.9848
1 -0.8965 -2.7803
5 4.8666 3.2850
2 -5.1266 0.8966
9 -0.8965 -2.7803
5 4.8666 3.2850
5 4.8666 3.2850
7 5.7016 12.8197
10 -0.2146 2.1175
2 -0.0051 -8.9848
8 6.5536 8.4735
1 -0.8965 -2.7803
4 -3.8909 -5.1479
5 4.8666 3.2850
6 5.6900 -6.3733
1 -0.8965 -2.7803
1 -8.5303 8.0412
3 0.4426 -3.0327
4 -3.8909 -5.1479
5 4.8666 3.2850
7 4.5578 -1.1571
5 4.6028 -0.9736
10 -8.7491 -5.9266
4 -3.8909 -5.1479
2 -0.0051 -8.9848
6 -0.8965 -2.7803
1 8.3323 -2.4876
6 -0.8965 -2.7803
7 2.6772 12.8197
7 2.6772 12.8197
2 1.4571 6.8284
3 3.7855 -7.2733
4 -3.8909 -5.1479
3 7.1221 -7.5049
9 3.0044 -0.4645
2 1.9426 -7.9229
7 -0.3123 4.4604
1 6.7320 -5.1983
7 2.6772 9.1718
