10 100
P -2.472363 -8.889627 2.084677 -6.088389
K 3.924478 4.037073 4.946881
P -7.287079 7.008358 -3.195418 9.647967
K -1.072212 6.367623 2.516385
P 9.974520 -3.323699 11.921656 1.377673
P 6.375233 -6.057071 7.726280 -3.556426
K -4.454149 -6.748494 2.625723
P -3.272229 -2.205590 1.560439 -0.187755
P 4.183008 1.808145 6.553946 6.101377
P -7.146756 -3.188092 -3.608286 1.098805
8 1.560439 -0.187755
6 6.375233 -3.556426
4 -1.072212 6.367623
1 6.701437 -0.882745
4 -1.072212 6.367623
8 1.560439 -2.205590
4 -1.072212 6.367623
2 -8.986727 -5.333254
7 -1.645401 -9.982345
2 3.924478 4.037073
9 7.068536 -2.130594
2 3.924478 4.037073
2 3.924478 4.037073
5 11.921656 -3.323699
2 -4.394420 2.310230
7 -4.454149 -6.748494
5 3.770620 -9.568368
4 -1.072212 6.367623
10 -3.608286 1.098805
2 3.924478 4.037073
1 -7.399482 5.277680
10 -3.608286 -3.188092
3 -7.287079 7.008358
10 3.154473 7.355301
7 -4.454149 -6.748494
9 -0.234566 9.303826
4 -4.322052 -3.293581
10 -3.608286 1.098805
10 -7.146756 1.098805
5 9.974520 1.377673
8 4.198293 5.957180
3 -3.195418 7.008358
5 9.974520 1.377673
4 -1.072212 6.367623
9 4.183008 6.101377
4 -1.072212 6.367623
7 -4.454149 -6.748494
3 -3.195418 7.008358
10 -7.146756 1.098805
3 -7.287079 9.647967
6 7.726280 -6.057071
4 -9.229203 -9.720487
4 -1.072212 6.367623
2 3.924478 4.037073
3 -3.195418 7.008358
10 -3.608286 1.098805
8 -3.272229 -0.187755
9 -6.918379 -5.689358
4 -1.072212 6.367623
9 1.640709 -2.893173
5 7.971568 -9.361482
10 -0.074861 -4.170869
7 -4.858964 8.486573
6 6.375233 -3.556426
1 1.482709 -6.331533
3 -7.287079 7.008358
2 3.924478 4.037073
3 -7.287079 7.008358
9 8.355224 9.509838
6 6.375233 -3.556426
3 -5.638045 -1.136076
2 3.924478 4.037073
9 2.548005 -2.961073
4 -1.072212 6.367623
7 -4.454149 -6.748494
10 -7.146756 1.098805
3 -3.195418 7.008358
5 2.718399 -5.147366
5 9.974520 1.377673
5 11.921656 -3.323699
4 -1.072212 6.367623
4 -1.072212 6.367623
7 -4.454149 -6.748494
2 -6.434955 -0.461420
9 1.056203 -2.893870
2 3.924478 4.037073
2 -3.427710 5.964907
4 4.657683 8.059489
3 -8.805101 0.630358
5 11.921656 1.377673
7 -4.454149 -6.748494
4 -1.072212 6.367623
6 -3.285979 -8.700123
10 -3.608286 1.098805
10 -7.146756 1.098805
8 1.560439 -0.187755
9 4.183008 1.808145
7 -4.454149 -6.748494
5 11.921656 -3.323699
9 4.183008 1.808145
5 11.921656 1.377673
9 6.553946 6.101377
7 -9.273227 2.606006
10 6.151803 9.070159
10 -3.608286 1.098805
3 6.040417 0.909798
3 -4.682836 7.901752
3 -7.287079 9.647967
10 -3.499764 -8.126416
9 6.553946 6.101377
