10 100
P 5.188677 8.371134 9.699096 9.867289
P -2.985534 7.172573 -0.957810 8.472347
K 7.992581 -4.324881 4.962131
P 3.404730 -8.414597 6.205383 -4.727996
K -9.142813 4.691701 2.928860
P -7.519456 -1.232208 -3.018561 1.790025
Z 4 3.067466 5.371737 8.540940 -7.553976
P 4.250993 1.811635 6.364753 6.343948
K 3.389345 1.994979 1.140798
K -0.928893 2.300272 2.246389
6 -7.5195 1.7900
1 -4.5469 3.9803
6 -3.0186 1.7900
10 -0.9289 2.3003
8 6.3648 6.3439
4 -9.6605 -6.2184
7 -4.7194 3.0480
4 6.2054 -8.4146
1 9.6991 9.8673
8 6.3648 1.8116
7 -6.3574 0.6428
4 6.2054 -8.4146
6 -7.9486 -9.8375
3 -9.6084 0.5401
3 7.9926 -4.3249
8 4.2510 1.8116
3 7.9926 -4.3249
3 -0.2798 -4.2117
1 5.1887 8.3711
7 1.8066 -7.6552
4 8.1106 1.1990
2 -0.5163 -5.7993
8 6.3648 6.3439
10 -0.9289 2.3003
5 -9.8442 8.1904
1 9.3861 4.0632
9 0.4574 -8.1500
2 -0.9578 7.1726
7 8.1368 -3.9101
10 -0.9289 2.3003
2 -2.9855 7.1726
5 -9.1428 4.6917
6 -7.5195 -1.2322
1 5.1887 9.8673
5 7.6929 6.5463
9 -6.8621 2.3018
2 -0.9578 7.1726
8 4.2510 1.8116
10 -0.9289 2.3003
3 -2.6476 -4.2698
3 7.9926 -4.3249
3 7.9926 -4.3249
10 -0.9289 2.3003
9 3.3893 1.9950
10 -0.9289 2.3003
10 -0.9289 2.3003
10 -0.9289 2.3003
10 -0.9289 2.3003
5 -9.1428 4.6917
4 6.2054 -4.7280
2 2.4458 6.2379
3 1.8873 -6.9077
7 4.9943 9.6293
5 0.6942 -0.7647
7 12.7333 -4.4644
8 -8.0529 -3.2855
2 -2.9855 8.4723
5 -9.1428 4.6917
6 -4.3225 0.3959
4 3.4047 -4.7280
4 6.2054 -8.4146
6 -0.7478 -5.3816
8 6.3648 6.3439
6 -7.5195 -1.2322
3 -5.7841 1.6276
6 -3.0186 1.7900
3 7.9926 -4.3249
7 3.4047 -8.4146
7 3.4047 -4.7280
9 6.6523 8.5609
2 -8.9719 3.5032
7 -4.7811 9.2217
8 4.2510 1.8116
1 5.1887 9.8673
8 6.3648 1.8116
1 9.6991 8.3711
5 -9.1428 4.6917
5 -9.1428 4.6917
5 -9.1428 4.6917
10 -0.9289 2.3003
5 -9.1428 4.6917
10 -0.9289 2.3003
7 8.1368 -3.9101
10 -0.5528 -9.7514
1 5.1887 8.3711
9 3.3893 1.9950
3 7.9926 -4.3249
10 -0.9289 2.3003
3 7.9926 -4.3249
7 6.2054 -4.7280
6 -9.3456 -3.4600
1 9.6991 9.8673
3 -6.8797 9.0309
7 3.4047 -8.4146
9 3.3893 1.9950
8 4.2510 6.3439
5 -5.3055 7.8596
4 3.4614 -7.4541
4 3.4047 -4.7280
6 -7.5195 -1.2322
