10 100
K 2.161252 9.136894 3.603676
Z 1 6.299741 4.844193 0.049497 -2.032240
Z 1 2.161252 9.136894 2.900518 9.810306
P -1.206252 0.442703 0.505295 3.685292
K 7.082836 3.277869 3.926801
P 9.718405 8.700541 13.596711 10.782087
K -6.114602 2.328810 4.299501
P -0.303680 -1.728575 3.645369 -0.313739
P -0.540874 -3.720653 3.975741 0.160825
P -8.176460 7.626889 -4.316272 11.421274
8 -0.303680 -0.313739
9 -0.540874 -3.720653
4 -1.206252 0.442703
7 -6.114602 2.328810
6 9.718405 8.700541
8 -0.303680 -1.728575
8 0.068706 -4.885332
4 0.505295 3.685292
6 9.718405 10.782087
2 -4.225296 3.860673
4 -1.206252 3.685292
3 2.161252 9.136894
6 -5.906127 2.917298
4 -1.206252 0.442703
6 -0.952822 9.023594
2 1.356056 -0.791219
7 -6.114602 2.328810
3 2.161252 9.136894
6 9.650711 -9.449073
1 -2.718502 -7.669766
4 0.505295 3.685292
10 -8.176460 11.421274
8 -6.005115 -3.800916
6 13.596711 10.782087
8 -0.303680 -0.313739
4 4.684062 -5.536460
5 7.082836 3.277869
9 -0.540874 -3.720653
5 7.082836 3.277869
6 13.596711 8.700541
8 3.115010 6.208435
2 -8.237118 3.793021
4 -1.206252 0.442703
1 2.161252 9.136894
1 2.161252 9.136894
9 3.975741 0.160825
1 2.161252 9.136894
9 3.975741 -3.720653
2 10.966894 1.133120
9 3.975741 0.160825
7 -6.114602 2.328810
1 2.161252 9.136894
6 9.800595 -9.783101
9 3.975741 -3.720653
3 2.161252 9.136894
6 13.596711 8.700541
9 -0.540874 -3.720653
2 7.060114 -6.896497
1 2.161252 9.136894
9 3.975741 -3.720653
3 2.161252 9.136894
2 10.966894 1.133120
7 -2.893465 -3.809535
2 2.161252 9.136894
5 7.082836 3.277869
3 0.373025 -6.337830
8 3.645369 -0.313739
2 -8.608878 -1.641981
10 -8.176460 11.421274
7 9.642727 1.375306
10 -4.316272 11.421274
8 3.645369 -0.313739
7 -6.114602 2.328810
6 13.596711 10.782087
9 -0.540874 -3.720653
1 2.161252 9.136894
10 -4.316272 11.421274
1 2.161252 9.136894
10 6.390271 0.152198
2 2.161252 9.136894
4 -1.206252 3.685292
7 -6.114602 2.328810
8 -0.303680 -1.728575
2 10.966894 1.133120
3 5.295555 -2.655651
8 3.645369 -1.728575
1 3.157774 9.043923
7 -6.114602 2.328810
4 -1.206252 3.685292
8 -0.303680 -0.313739
3 9.949458 -7.198434
5 -3.879521 -9.115393
4 -1.206252 3.685292
1 0.473194 -6.011698
10 7.324751 0.479980
10 -4.316272 11.421274
10 8.375621 3.393776
7 -6.114602 2.328810
8 3.645369 -0.313739
8 -0.303680 -1.728575
4 0.505295 0.442703
7 -6.114602 2.328810
1 2.161252 9.136894
1 2.161252 9.136894
5 9.924157 -9.260909
3 2.161252 9.136894
1 -5.328931 -0.452818
5 7.082836 3.277869
2 10.966894 1.133120
4 -8.956690 -6.869607
