10 100
P 9.706500 5.559710 11.615143 9.363367
P -7.116445 3.037823 -5.303219 7.697130
Z 2 -6.231973 -3.239583 3.936890 -0.968374
K 7.347602 -5.999645 4.729439
K 0.868852 4.607974 4.287252
P -9.960206 -1.460984 -8.007704 3.372577
P 0.030412 -7.523998 1.303925 -5.006658
P -7.788375 -5.417039 -3.588597 -3.729200
P 7.292772 1.741601 11.283225 6.436457
K -8.930520 1.343248 2.821003
6 -9.960206 3.372577
9 -5.489470 0.631071
4 0.464606 -1.329418
2 -7.116445 3.037823
5 2.094010 2.574569
5 0.868852 4.607974
2 -6.023390 7.267623
7 -3.464450 -7.646874
8 -7.788375 -5.417039
3 7.362801 -4.134068
9 11.283225 1.741601
6 -9.960206 -1.460984
5 0.868852 4.607974
4 -5.374416 -0.112797
1 9.706500 5.559710
9 11.283225 1.741601
1 11.615143 5.559710
8 -6.220632 -3.929318
9 11.283225 6.436457
5 0.868852 4.607974
9 11.283225 1.741601
9 -2.527853 1.920019
9 11.283225 6.436457
9 7.292772 1.741601
3 -5.303219 3.037823
7 0.030412 -5.006658
8 -7.788375 -5.417039
9 7.292772 6.436457
7 1.303925 -7.523998
10 -8.930520 1.343248
10 9.671159 -1.417942
2 -5.303219 7.697130
6 -8.007704 -1.460984
1 1.800195 8.853797
3 -2.720605 -8.525292
8 -3.588597 -3.729200
7 1.303925 -7.523998
5 0.868852 4.607974
7 0.030412 -5.006658
8 -3.588597 -3.729200
4 7.347602 -5.999645
1 9.706500 9.363367
4 7.347602 -5.999645
10 -8.930520 1.343248
3 -7.116445 3.037823
9 7.292772 1.741601
9 7.472073 -8.112003
10 -8.930520 1.343248
10 -8.930520 1.343248
9 7.292772 1.741601
3 3.426835 8.660630
7 0.030412 -5.006658
10 -8.930520 1.343248
8 -3.588597 -3.729200
9 7.292772 1.741601
5 9.702178 -5.692444
10 3.289251 5.760585
5 0.868852 4.607974
10 -8.930520 1.343248
1 5.359812 5.279433
10 -9.015626 7.583118
6 -8.007704 -1.460984
2 -7.116445 3.037823
2 -5.303219 3.037823
8 -7.124120 -3.518741
10 -8.930520 1.343248
10 -8.930520 1.343248
1 8.723474 9.546121
6 -9.960206 -1.460984
9 8.177564 8.376480
5 0.868852 4.607974
8 2.287630 -0.825581
4 7.347602 -5.999645
8 2.965228 0.785964
8 -7.788375 -3.729200
4 4.681388 5.116894
8 -3.588597 -5.417039
6 -9.960206 3.372577
4 7.292881 8.501828
4 7.347602 -5.999645
5 0.868852 4.607974
3 -7.116445 3.037823
1 -4.999974 2.115164
9 11.283225 1.741601
8 -7.788375 -5.417039
8 -0.447560 -2.765102
7 -2.204933 -9.878488
7 4.420150 2.192358
2 -5.303219 7.697130
10 -8.930520 1.343248
8 -3.588597 -3.729200
7 -9.839981 -8.779022
8 -3.588597 -5.417039
1 -7.196070 6.965401
8 -3.588597 -3.729200
7 1.303925 -5.006658
2 -5.303219 3.037823
9 9.043719 9.510310
10 -8.930520 1.343248
9 11.283225 1.741601
