10 100
P 4.004832 -1.021602 8.158735 0.443582
K 3.948261 8.667632 3.677325
Z 2 2.574586 5.256512 3.502195 4.882960
K -5.118994 5.458237 3.426847
K -5.268760 6.724094 2.170835
K -8.876187 3.642237 3.368634
Z 1 -4.372510 -2.895491 4.561890 9.405961
K 3.862491 -6.609980 2.113206
Z 2 3.948261 8.667632 2.973082 8.889047
P 9.245784 0.234178 11.574144 3.335900
2 3.948261 8.667632
10 11.574144 3.335900
1 2.441236 -9.802964
1 9.761036 4.083181
9 3.948261 8.667632
1 4.004832 -1.021602
9 3.948261 8.667632
8 3.862491 -6.609980
6 -6.677712 -7.031582
4 -9.845770 -1.615718
3 6.959164 2.460163
9 3.948261 8.667632
1 4.004832 0.443582
6 -8.876187 3.642237
6 -8.876187 3.642237
2 3.948261 8.667632
8 3.862491 -6.609980
3 1.200911 1.845393
8 5.020004 -9.866823
3 -3.841185 6.262258
8 1.618804 -1.183577
4 -4.677021 6.586155
8 3.862491 -6.609980
8 3.862491 -6.609980
2 3.948261 8.667632
2 3.948261 8.667632
4 -5.118994 5.458237
4 -5.118994 5.458237
3 2.886784 1.702908
6 2.128624 1.772890
7 -4.510724 8.812268
8 3.862491 -6.609980
2 3.948261 8.667632
7 -5.181922 5.650629
3 3.948261 8.667632
2 3.948261 8.667632
10 -7.086632 -9.701634
8 3.862491 -6.609980
10 9.245784 3.335900
10 9.245784 3.335900
4 -5.118994 5.458237
10 9.245784 3.335900
6 -8.876187 3.642237
7 -8.268000 5.304798
4 -5.118994 5.458237
4 -5.118994 5.458237
4 -0.696809 -2.261572
4 -5.118994 5.458237
2 4.409787 -8.835480
8 3.862491 -6.609980
6 -8.876187 3.642237
5 -5.268760 6.724094
4 -5.118994 5.458237
3 7.300090 -8.094775
5 -3.855350 -9.183624
9 3.948261 8.667632
7 8.107865 3.630102
3 1.200911 1.845393
9 3.948261 8.667632
6 -8.876187 3.642237
7 1.455093 6.735168
5 -5.268760 6.724094
5 -3.461998 -5.864883
2 3.948261 8.667632
6 -8.876187 3.642237
4 -5.118994 5.458237
4 -5.118994 5.458237
10 9.368718 -3.780376
7 -3.788600 6.103860
3 1.200911 1.845393
10 9.245784 3.335900
3 5.321587 -9.547062
1 7.397893 4.663848
5 1.551350 0.259493
7 -5.181922 5.650629
3 1.200911 1.845393
4 -5.118994 5.458237
2 -0.758207 -0.346510
10 7.686123 -1.274272
5 -5.268760 6.724094
7 -2.631796 -3.556440
7 -3.670508 -7.972207
7 4.004832 0.443582
8 3.862491 -6.609980
4 -5.118994 5.458237
7 2.433466 3.559691
5 -5.268760 6.724094
1 1.307497 -3.135051
9 3.948261 8.667632
2 3.948261 8.667632
3 3.948261 8.667632
5 -5.268760 6.724094
9 -2.298655 -3.440854
1 4.004832 -1.021602
1 4.004832 -1.021602
5 -5.268760 6.724094
5 -5.268760 6.724094
3 2.535665 0.852810
6 -8.876187 3.642237
9 3.948261 8.667632
