10 100
P 9.123915 -1.184814 14.093168 2.251452
Z 1 7.107602 -6.669483 2.190794 -8.629053
P 6.317901 5.680833 7.926040 8.839707
K -3.390894 -9.710469 2.838084
K 3.894120 1.238224 2.476724
P 2.256881 8.693691 5.599103 12.762019
Z 2 15.950740 -5.845696 14.954398 -5.931151
P -6.666672 -3.497075 -1.977572 -0.102784
P 6.360132 4.412427 8.064664 6.557297
P 3.584850 -6.681762 6.700103 -5.478289
4 -3.3909 -9.7105
6 -4.7413 -6.6172
1 14.0932 2.2515
10 -9.6754 1.3818
6 0.9978 6.0745
7 -9.1427 -9.1545
5 8.3194 -5.6118
2 5.1504 -3.5527
5 3.8941 1.2382
7 1.4497 -6.6043
3 -6.3139 -9.5078
3 5.5010 4.6424
2 9.1239 -1.1848
3 6.3179 8.8397
4 -3.3909 -9.7105
8 -1.9776 -0.1028
5 -3.8385 -5.5237
10 6.7001 -5.4783
3 6.3179 8.8397
5 3.8941 1.2382
4 -3.3909 -9.7105
5 -9.6222 9.5812
3 2.4237 -9.9928
5 2.3145 -4.7472
3 7.9260 8.8397
3 6.3179 8.8397
5 6.0186 6.1996
3 -3.3582 6.6959
5 3.8941 1.2382
3 7.9260 5.6808
3 6.3179 8.8397
9 6.3601 6.5573
2 15.9507 -5.8457
9 -7.0093 -2.6370
6 2.2569 8.6937
10 3.5849 -6.6818
8 -1.9776 -0.1028
7 12.3437 -9.2637
10 6.7001 -5.4783
10 6.7001 -5.4783
6 5.5991 8.6937
1 9.1239 -1.1848
2 7.4948 6.9415
2 14.0932 -1.1848
4 -3.3909 -9.7105
3 7.9260 5.6808
9 8.0647 6.5573
3 6.3179 5.6808
3 6.3179 8.8397
8 -6.6667 -3.4971
6 2.2569 12.7620
4 6.1398 0.5200
9 6.3601 4.4124
4 -3.3909 -9.7105
6 2.2569 8.6937
6 2.2569 12.7620
4 -9.2955 3.5804
10 8.9066 6.0764
6 5.5991 8.6937
2 -4.8016 5.9565
9 6.3601 6.5573
1 9.1239 -1.1848
7 0.7944 3.7346
9 8.0647 6.5573
8 -6.6667 -0.1028
10 -8.6387 -4.6640
10 3.5849 -5.4783
9 -0.8110 -1.9939
4 -9.1701 -6.6573
1 14.0932 -1.1848
5 3.8941 1.2382
8 -6.6667 -3.4971
4 -3.3909 -9.7105
10 3.5849 -5.4783
1 14.0932 2.2515
9 8.0647 6.5573
7 15.4991 -14.1409
10 6.7001 -6.6818
4 -3.3909 -9.7105
5 3.8941 1.2382
6 0.2336 5.0479
4 -3.3909 -9.7105
10 3.5849 -6.6818
7 15.4991 -14.1409
3 7.9260 5.6808
9 6.3601 6.5573
10 -7.8691 -1.2651
4 -3.3909 -9.7105
5 7.6071 1.7209
4 -9.1770 2.4495
8 -1.9776 -0.1028
3 7.9260 8.8397
3 7.9260 5.6808
4 -3.3909 -9.7105
8 -8.0882 -2.0241
5 -6.6142 7.7532
1 4.1196 3.1248
9 8.0647 6.5573
9 8.0647 6.5573
3 -8.1407 -2.6896
