10 100
K 8.481961 5.559358 4.138889
K -5.074085 8.075236 1.442824
K -0.429644 -8.476082 2.124740
P 5.086208 6.980486 7.896534 8.169914
P 7.897459 4.490961 11.708083 8.013054
P 0.967408 2.591562 5.441114 4.224602
Z 4 -9.612085 2.973907 -6.913440 -5.478653
P -3.173737 -6.709992 -1.659772 -1.966098
Z 2 -6.070721 7.031943 -5.347631 6.341190
Z 4 -1.241458 -2.643412 2.787893 1.680717
9 -4.3332 -0.0756
10 7.7144 7.1502
8 -1.6598 -6.7100
6 -9.8466 3.1729
1 -8.5356 -1.4107
2 -5.0741 8.0752
1 8.4820 5.5594
7 5.0862 8.1699
4 5.0862 6.9805
7 -24.6020 -1.3086
6 -9.6601 2.7101
2 -5.0741 8.0752
4 5.0862 6.9805
7 7.8965 8.1699
5 7.8975 8.0131
10 5.0862 8.1699
2 -5.0741 8.0752
10 8.9008 7.2341
4 6.5238 -2.2389
5 11.7081 8.0131
9 -7.0674 5.9887
9 -7.0674 5.9887
7 -4.8600 5.7403
3 -0.4296 -8.4761
3 -0.4296 -8.4761
5 11.7081 8.0131
9 -7.0674 5.9887
10 7.8965 6.9805
2 -5.0741 8.0752
8 2.2678 -0.8875
7 -1.5011 3.1676
6 1.6127 0.2906
1 8.4820 5.5594
2 -5.0741 8.0752
5 11.7081 8.0131
4 5.0862 6.9805
8 -1.6598 -1.9661
7 -3.6885 1.3155
4 7.8965 8.1699
1 8.4820 5.5594
10 5.0862 8.1699
8 5.3929 -2.1528
2 -5.0741 8.0752
3 -0.4296 -8.4761
10 5.9817 0.8989
9 -7.0674 5.9887
6 -2.4844 -4.3620
9 3.8293 2.7123
6 0.9674 2.5916
7 5.0862 8.1699
6 -9.4094 -3.6587
1 8.4820 5.5594
3 -0.4296 -8.4761
4 8.7536 -4.7495
8 -1.6598 -1.9661
3 -0.4296 -8.4761
7 -24.6020 -1.3086
4 7.8965 8.1699
5 -1.6556 1.3334
9 -5.0741 8.0752
6 5.4411 4.2246
10 7.7144 7.1502
8 -8.4054 -8.2980
1 8.4820 5.5594
6 5.4411 4.2246
4 5.0862 8.1699
7 -2.4164 9.5284
8 -0.8278 -2.9659
2 1.9048 -2.9456
10 7.7144 7.1502
3 -8.4722 1.4398
10 -2.9680 -1.9685
2 -5.0741 8.0752
6 2.6534 -8.7934
8 2.1056 2.1399
1 -4.0934 5.1997
4 7.8965 8.1699
10 7.8965 8.1699
6 5.4411 2.5916
1 8.4820 5.5594
10 -2.6129 -3.5186
1 8.4820 5.5594
7 7.8965 8.1699
3 -0.4296 -8.4761
4 -8.0551 3.8810
6 5.4411 4.2246
6 3.4471 -5.2337
6 0.9674 4.2246
7 5.0862 8.1699
7 -0.5560 1.1526
4 5.0862 8.1699
2 -5.0741 8.0752
9 -2.9090 -1.7177
6 5.4411 4.2246
6 0.9674 2.5916
1 8.4820 5.5594
3 -0.4444 -0.1505
8 -1.6598 -6.7100
10 4.3299 9.4110
10 -0.7412 6.8157
