10 100
P -3.805323 4.717837 -2.086813 7.293203
K 3.076684 2.977291 3.705592
P 8.912716 -7.206311 12.490257 -2.761697
Z 1 -0.433320 9.131025 -1.134615 -3.926387
Z 4 8.720747 -1.754180 -0.965667 2.180625
K -5.255930 -7.593660 1.711767
Z 5 7.106498 2.997079 -2.873089 0.194389
K 6.156830 -3.880035 1.083690
Z 5 1.849474 -5.854329 -5.500075 -5.585652
P 5.961284 -1.981406 7.390656 -0.510271
1 -2.086813 4.717837
4 -3.805323 4.717837
8 6.156830 -3.880035
6 -5.255930 -7.593660
3 -3.325141 -1.349596
4 -2.086813 7.293203
10 6.459860 -8.476465
2 3.076684 2.977291
2 -6.521298 -9.271859
8 6.156830 -3.880035
8 6.156830 -3.880035
7 2.121476 -1.627408
1 -2.086813 4.717837
3 12.490257 -7.206311
5 8.078120 7.759548
3 -7.549595 -9.000504
1 -3.805323 7.293203
4 0.737973 4.566122
9 -2.848249 -16.110862
7 1.975893 3.740806
10 5.961284 -1.981406
10 6.765974 -3.515338
2 3.076684 2.977291
2 5.285915 -7.558784
10 5.961284 -1.981406
4 0.737973 4.566122
8 6.156830 -3.880035
6 -5.255930 -7.593660
10 5.961284 -1.981406
8 6.156830 -3.880035
2 0.149111 8.517918
10 7.390656 -1.981406
1 -3.805323 7.293203
1 -3.805323 4.717837
7 -1.493466 3.344374
9 -5.691580 -10.468550
3 -0.486706 -8.240027
4 -3.805323 7.293203
1 -2.086813 7.293203
3 12.490257 -2.761697
8 7.666137 -0.169926
3 8.912716 -2.761697
9 -0.347878 -9.781933
5 -0.055233 -1.776767
2 3.076684 2.977291
1 -3.805323 7.293203
4 -2.086813 7.293203
3 8.912716 -7.206311
4 -9.570107 -5.505357
7 -5.334537 -0.701804
4 2.093764 -8.275403
1 4.460100 -8.906239
2 3.076684 2.977291
2 3.076684 2.977291
9 9.741916 2.070676
9 -5.334537 -0.701804
1 -3.805323 4.717837
8 1.773894 -6.860281
10 7.390656 -1.981406
5 3.848975 -0.386763
6 0.595460 -9.755633
8 6.156830 -3.880035
1 -2.086813 4.717837
1 -3.805323 4.717837
7 -2.086813 7.293203
5 -6.045270 2.298734
7 0.737973 4.566122
10 -6.447804 2.108541
9 -8.195198 9.322196
7 -2.946877 -0.962847
4 -3.805323 7.293203
9 -1.408196 -0.717159
9 -7.511417 9.212364
5 -0.310247 3.716848
1 1.008099 -2.661857
3 12.490257 -2.761697
1 -2.086813 7.293203
4 0.737973 4.566122
9 9.563915 8.869850
8 6.156830 -3.880035
3 -2.972746 5.950327
10 5.961284 -1.981406
8 -8.623485 -6.718161
4 1.013816 7.126672
9 -5.334537 -0.701804
6 7.286109 0.415634
6 -8.305188 -6.945896
10 7.390656 -0.510271
2 3.076684 2.977291
8 6.156830 -3.880035
2 7.695987 5.331401
9 -0.347878 -9.781933
7 4.054600 -3.700700
5 6.611286 2.463030
1 -2.086813 4.717837
2 3.076684 2.977291
2 3.076684 2.977291
8 -3.285692 1.496725
6 -5.255930 -7.593660
4 1.013816 7.126672
