10 100
P 5.017584 7.867277 6.475599 12.161598
Z 1 5.017584 12.161598 4.146414 11.670617
Z 1 2.609822 -8.814022 -2.694319 -5.283238
K 2.360769 2.203313 3.675504
K -8.412312 6.635710 4.685196
K 3.841249 2.246358 4.874897
Z 3 -7.833716 -0.462484 -0.919450 8.772397
K 5.370365 -9.806058 3.416980
Z 5 -5.861412 10.565592 -6.700199 11.110051
Z 6 3.841249 2.246358 3.895169 3.244904
1 6.475599 7.867277
6 3.841249 2.246358
3 5.017584 7.867277
10 -9.061901 -7.223145
2 5.017584 12.161598
1 8.037516 -2.735793
6 3.841249 2.246358
6 3.841249 2.246358
4 2.360769 2.203313
3 -11.850246 -17.472516
8 5.370365 -9.806058
6 3.841249 2.246358
4 -9.898128 -7.160060
8 5.370365 -9.806058
5 -8.412312 6.635710
10 3.841249 2.246358
2 6.475599 7.867277
2 5.017584 12.161598
6 3.841249 2.246358
9 -5.542690 1.287386
5 -6.525670 -0.706757
5 -8.412312 6.635710
10 3.841249 2.246358
9 -3.310513 14.495474
6 3.841249 2.246358
4 2.360769 2.203313
3 6.475599 12.161598
5 9.569292 7.398094
3 6.475599 7.867277
3 6.475599 7.867277
5 -9.199902 -3.731326
8 -1.779237 -6.171204
10 3.841249 2.246358
4 4.663231 5.177319
7 0.250289 16.822561
7 0.660842 15.423543
3 -11.850246 -17.472516
8 5.370365 -9.806058
7 -24.473563 -8.945113
6 -4.433099 7.072035
7 5.017584 7.867277
2 5.017584 12.161598
5 -8.412312 6.635710
2 5.017584 12.161598
8 -8.504457 -8.574077
1 6.475599 12.161598
10 -4.867277 -3.143454
1 0.779067 6.457563
9 0.243829 0.429781
8 5.370365 -9.806058
3 -4.098654 1.505513
6 3.841249 2.246358
2 6.956042 -2.294044
6 -3.970602 -3.894294
6 3.841249 2.246358
7 0.250289 16.822561
2 5.017584 7.867277
2 5.772655 13.408865
1 5.017584 12.161598
3 -11.287606 -18.817596
7 -3.479217 8.685050
3 -0.039642 -2.853986
7 5.017584 12.161598
8 5.370365 -9.806058
3 -11.850246 -17.472516
10 3.841249 2.246358
4 2.360769 2.203313
5 -8.412312 6.635710
3 0.423459 -8.162904
6 3.841249 2.246358
7 -3.459716 14.214333
7 -11.287606 -18.817596
4 2.360769 2.203313
5 -8.412312 6.635710
2 6.475599 12.161598
4 2.360769 2.203313
5 -7.295812 -5.868363
4 2.360769 2.203313
6 -9.357987 -3.860110
2 5.017584 12.161598
7 0.250289 16.822561
4 7.940149 -4.634389
1 5.017584 7.867277
10 3.841249 2.246358
7 -23.499033 -13.374254
4 2.360769 2.203313
8 5.370365 -9.806058
1 5.017584 7.867277
4 2.360769 2.203313
5 -8.412312 6.635710
10 3.841249 2.246358
6 3.841249 2.246358
10 3.841249 2.246358
1 -7.702107 0.435202
6 3.841249 2.246358
9 6.017220 -8.575161
3 -11.850246 -17.472516
7 -3.870269 15.613352
7 5.017584 7.867277
2 6.475599 7.867277
