10 100
P 6.721070 -6.238645 10.955611 -2.771057
P 5.081227 2.179158 7.099282 6.592787
P 9.071380 -6.198768 12.906991 -3.996067
K 0.050247 -2.757711 2.651671
P 5.252746 2.006761 8.999424 3.953819
K 3.511721 -5.622416 2.303104
P 1.289241 -2.203053 6.075389 0.765109
Z 5 3.178529 -6.709818 -4.657541 -7.980035
K 3.624938 1.397761 1.046461
P -8.562446 7.809763 -3.786509 11.263754
3 9.0714 -6.1988
8 7.9001 -14.3248
6 2.8731 -9.7447
3 9.0714 -6.1988
4 0.0502 -2.7577
10 -8.5624 11.2638
9 3.6249 1.3978
4 0.0502 -2.7577
7 6.0754 0.7651
10 -8.5624 11.2638
6 3.5117 -5.6224
4 6.8379 4.8813
10 -8.5624 11.2638
4 0.0502 -2.7577
9 3.6249 1.3978
10 -8.5624 7.8098
8 1.6667 7.6207
7 6.0754 -2.2031
1 -9.3237 1.4873
7 6.0754 -2.2031
4 0.0502 -2.7577
10 3.3317 4.8276
1 6.7211 -6.2386
3 12.9070 -3.9961
9 -1.1882 -2.0425
8 8.5151 -16.1722
7 1.2892 0.7651
6 3.5117 -5.6224
8 -4.8790 1.6813
5 8.9994 2.0068
3 12.9070 -3.9961
10 -8.5624 7.8098
7 -7.0043 2.5430
1 -5.3022 1.6303
1 -5.7879 0.0649
1 6.7211 -2.7711
10 -8.5624 11.2638
9 3.6249 1.3978
8 8.4388 -7.5337
4 6.8253 8.1562
2 5.0812 2.1792
7 6.0754 -2.2031
3 9.0714 -3.9961
8 11.4549 -13.1412
5 5.2527 2.0068
8 -4.3316 -8.2394
10 -8.5624 11.2638
1 6.7211 -2.7711
1 10.9556 -2.7711
5 -5.3628 -1.8203
6 3.5117 -5.6224
3 9.0714 -3.9961
1 6.7211 -2.7711
5 -9.5392 -3.1472
7 6.0754 0.7651
6 3.5117 -5.6224
8 7.9001 -14.3248
6 7.3740 -0.0867
2 7.0993 6.5928
8 8.9994 2.0068
10 -3.7865 11.2638
10 8.1451 2.6724
7 1.2892 0.7651
1 -0.8421 4.4429
8 8.9994 3.9538
1 6.4336 1.5770
1 10.9556 -2.7711
9 9.9352 4.1818
7 1.2892 -2.2031
4 0.0502 -2.7577
10 0.2127 3.4264
8 -3.3660 -4.2451
2 4.4644 -8.7971
7 6.0754 -2.2031
5 5.2527 2.0068
5 4.3907 -0.1482
9 3.6249 1.3978
1 10.9556 -6.2386
6 3.5117 -5.6224
9 3.6249 1.3978
5 8.9994 2.0068
4 -9.9001 -0.7841
5 8.4814 9.0219
3 12.9070 -6.1988
4 0.0502 -2.7577
9 3.6249 1.3978
3 9.0714 -3.9961
8 5.2527 2.0068
4 -3.1502 0.4822
7 5.0405 -9.7890
4 -5.5624 -9.5186
2 5.0812 6.5928
5 8.9994 3.9538
9 6.7103 -1.1341
5 8.9435 -8.5876
3 -4.4752 5.5858
8 7.9001 -14.3248
9 3.6249 1.3978
5 8.8452 2.4453
3 5.7410 5.6880
