10 100
K 7.697699 -2.357496 4.028797
Z 1 7.697699 -2.357496 7.275649 -1.450923
K -4.028513 6.397474 4.818648
P 9.233472 -8.869179 12.646631 -6.926725
Z 2 4.642481 0.268689 3.990628 -0.489656
P -1.877908 2.143038 2.359219 4.789611
Z 1 7.697699 -2.357496 7.593780 -3.352082
P -2.566823 9.560824 -1.177029 12.018507
Z 4 5.557325 -4.203133 -0.714807 5.648815
K 9.956033 5.448209 1.294673
5 5.928674 -1.068392
8 -2.566823 9.560824
6 -1.877908 4.789611
7 7.697699 -2.357496
3 6.597923 -0.266006
9 12.646631 -8.869179
9 6.784971 -12.600938
5 -9.483858 -4.764018
6 9.716351 3.580780
6 -1.877908 4.789611
8 4.335607 3.887874
4 12.646631 -6.926725
2 3.033792 -2.470452
9 12.646631 -6.926725
6 2.359219 4.789611
1 7.697699 -2.357496
1 7.697699 -2.357496
3 -3.077184 -7.414049
8 -1.177029 9.560824
5 2.735480 -0.490904
9 12.646631 -8.869179
1 7.697699 -2.357496
10 8.698937 9.152410
2 7.697699 -2.357496
4 -9.141630 -6.519168
7 7.697699 -2.357496
7 6.545474 1.257302
8 -1.177029 9.560824
4 12.646631 -8.869179
4 9.233472 -6.926725
2 -6.679577 -1.982693
4 12.646631 -8.869179
8 -2.566823 9.560824
5 1.587263 2.894873
8 -2.566823 12.018507
6 -3.151725 5.193263
4 -2.046539 4.733706
9 12.646631 -8.869179
8 -2.566823 9.560824
4 12.646631 -6.926725
5 -4.217222 -1.360467
8 -1.177029 12.018507
2 7.697699 -2.357496
2 7.697699 -2.357496
5 3.899921 -6.554183
7 -1.357882 -5.758654
6 2.359219 2.143038
4 12.646631 -8.869179
2 7.697699 -2.357496
6 -6.120196 -3.173721
7 7.697699 -2.357496
10 9.956033 5.448209
8 -1.177029 9.560824
1 -5.620595 7.772621
8 -1.177029 9.560824
1 7.697699 -2.357496
7 7.697699 -2.357496
7 -1.267515 -3.051527
8 -1.177029 12.018507
8 1.753386 -0.368343
7 -0.243095 3.831998
2 -7.639978 -7.375639
5 7.697699 -2.357496
1 7.697699 -2.357496
2 7.697699 -2.357496
3 -4.028513 6.397474
7 7.697699 -2.357496
7 7.697699 -2.357496
8 7.654422 0.023800
10 9.956033 5.448209
5 7.697699 -2.357496
9 1.659035 -7.974882
4 12.646631 -6.926725
8 -1.177029 9.560824
10 9.956033 5.448209
1 7.697699 -2.357496
9 6.784971 -12.600938
4 12.646631 -6.926725
5 1.853150 -9.286679
10 8.948479 8.340777
9 9.233472 -8.869179
2 -8.678955 -1.684557
7 9.651811 6.763311
8 -1.177029 12.018507
8 -2.830000 -8.056559
4 -3.187733 7.019864
3 -1.547702 -4.575272
7 6.013723 -8.894931
10 9.956033 5.448209
5 1.587263 2.894873
8 -1.177029 12.018507
7 7.857158 -7.076879
3 -4.028513 6.397474
4 9.233472 -6.926725
5 -2.711475 -0.345075
4 12.646631 -6.926725
10 9.956033 5.448209
2 7.697699 -2.357496
5 7.697699 -2.357496
1 7.697699 -2.357496
