10 100
K -9.059739 -2.275352 3.272993
P -0.133063 -0.081260 2.806593 3.851692
P 2.265582 7.533109 6.637838 8.655156
Z 3 5.125079 -3.293676 -3.592899 2.674787
P 3.308178 1.502080 6.133812 6.415313
P 5.539626 3.718910 7.449997 6.357974
K -2.171728 -7.534978 1.852533
P -5.336931 -5.379616 -2.482146 -1.056990
K -6.888112 -7.433672 1.823820
P -8.598647 4.847453 -4.338864 7.581535
2 0.412874 -8.360349
8 -2.482146 -1.056990
7 1.755453 -3.491391
5 6.133812 1.502080
3 -8.822215 -6.397315
10 -8.598647 4.847453
1 -9.059739 -2.275352
8 -2.482146 -5.379616
3 9.323698 -1.727202
7 -2.171728 -7.534978
4 -6.002886 -4.544428
1 -9.059739 -2.275352
5 3.308178 1.502080
1 -8.514002 6.158919
6 5.539626 6.357974
3 -1.800961 8.434184
1 -9.059739 -2.275352
9 -6.888112 -7.433672
10 -4.338864 7.581535
6 7.157772 -4.999421
8 6.454312 -9.756002
8 -2.482146 -1.056990
8 -2.482146 -1.056990
8 -5.336931 -1.056990
7 8.085420 2.574703
5 -5.782349 9.795905
5 -5.407022 -1.062508
2 2.806593 -0.081260
6 7.449997 3.718910
6 5.539626 6.357974
5 3.308178 6.415313
7 -2.171728 -7.534978
9 -7.950900 -6.104567
6 7.449997 3.718910
2 -0.133063 3.851692
2 2.806593 3.851692
6 1.703005 -5.419919
5 6.133812 6.415313
1 9.494632 8.008560
3 6.637838 8.655156
6 7.449997 6.357974
9 -6.860322 5.613207
3 6.637838 8.655156
6 5.539626 6.357974
9 -9.393373 -2.681396
10 -8.598647 7.581535
2 -0.133063 3.851692
2 -0.425680 -8.683803
3 2.265582 7.533109
9 -6.888112 -7.433672
9 -6.888112 -7.433672
4 3.731687 -4.916152
9 -6.888112 -7.433672
3 2.265582 8.655156
6 5.539626 6.357974
7 -9.099176 9.310355
10 -4.760147 -4.079586
7 -2.171728 -7.534978
10 -4.338864 4.847453
2 -0.133063 -0.081260
4 -6.002886 -4.544428
1 -9.059739 -2.275352
9 -6.888112 -7.433672
9 -7.476419 7.401158
4 6.637838 7.533109
5 7.388244 8.372411
10 -8.598647 4.847453
7 -2.171728 -7.534978
2 2.806593 -0.081260
7 -2.171728 -7.534978
3 6.637838 7.533109
4 6.637838 8.655156
5 -2.544409 -5.698845
10 -4.338864 7.581535
9 -6.888112 -7.433672
8 -5.336931 -5.379616
5 4.576287 6.042112
3 2.265582 8.655156
7 -2.171728 -7.534978
3 1.728158 4.788434
9 -0.906030 -6.361333
7 -2.171728 -7.534978
5 6.133812 1.502080
2 2.490556 -1.074927
1 -9.059739 -2.275352
7 -2.171728 -7.534978
4 -6.002886 -4.544428
8 -2.482146 -5.379616
9 -6.888112 -7.433672
10 -8.598647 7.581535
4 2.265582 7.533109
8 -9.050443 1.311991
10 -2.394615 -0.675917
5 3.308178 6.415313
6 7.449997 3.718910
4 7.550505 2.091412
2 -0.133063 -0.081260
8 4.490781 -9.026680
6 5.539626 3.718910
7 -9.687344 0.658617
