10 100
P -7.980226 6.949007 -6.061243 9.893804
Z 1 -6.061243 6.949007 -6.336023 5.987500
P 3.290064 -3.856556 4.790864 -1.995463
P 9.873631 1.118542 12.568564 4.220604
Z 2 -9.235270 0.764758 3.001642 1.673652
Z 4 -4.558192 9.410746 -9.059804 2.378118
Z 4 12.568564 4.220604 13.116754 5.056958
P 8.361686 -0.680570 11.956770 1.767964
P 4.176876 -3.414440 7.913942 -0.117887
P 3.704671 6.548775 7.953762 10.138681
7 12.568564 4.220604
2 -3.458418 -3.938065
3 9.720653 -0.476085
4 9.873631 1.118542
4 12.568564 4.220604
6 -18.131240 19.044568
4 -2.551720 2.032074
4 -8.875559 4.484849
7 10.799302 0.511809
6 -18.131240 19.044568
7 13.643774 1.749454
8 -4.703117 -5.677493
2 -6.061243 6.949007
6 -0.714338 7.323872
6 6.435294 -9.840946
1 -7.980226 9.893804
2 -6.061243 6.949007
6 -16.442585 22.790751
4 12.568564 1.118542
6 -9.385758 2.576565
5 -4.747395 -7.795202
10 3.704671 10.138681
6 12.568564 4.220604
3 3.290064 -3.856556
7 13.643774 1.749454
3 -6.153954 4.136809
7 12.568564 1.118542
10 7.953762 6.548775
10 -7.765793 5.321411
1 -6.061243 6.949007
4 12.568564 4.220604
5 -4.859441 -6.627741
1 -7.980226 9.893804
6 12.568564 4.220604
9 7.913942 -0.117887
8 11.956770 1.767964
10 3.704671 6.548775
8 -1.216185 2.726786
3 -6.457512 9.195915
1 -7.980226 6.949007
5 -5.182443 -4.882719
3 4.790864 -1.995463
4 12.568564 4.220604
7 -7.906980 4.023161
10 3.367550 7.667044
10 3.990337 -9.805495
2 -6.061243 6.949007
2 -2.491293 -9.752746
5 -3.720924 -3.639153
4 0.875752 9.870908
8 8.361686 1.767964
7 9.873631 4.220604
6 -5.321395 -4.332348
1 -7.980226 6.949007
10 -0.954647 -2.196275
8 8.361686 -0.680570
2 -4.505193 9.449115
6 -15.314194 20.343427
10 -7.651545 1.953980
4 -1.906356 -0.099513
2 -6.061243 9.893804
2 -2.875993 8.435112
1 -6.061243 6.949007
2 -7.980226 9.893804
8 11.956770 1.767964
8 8.361686 -0.680570
7 10.799302 0.511809
10 7.953762 10.138681
10 -7.853564 3.895281
4 12.568564 4.220604
10 3.704671 10.138681
6 3.871161 6.001639
5 -5.182443 -4.882719
7 12.568564 4.220604
6 -16.442585 22.790751
8 1.966189 5.517413
8 -2.296331 -9.219094
7 12.568564 4.220604
1 -1.245278 3.222461
2 -2.875993 8.435112
9 7.913942 -0.117887
10 3.704671 10.138681
9 4.176876 -3.414440
8 -6.410668 -3.022665
2 2.903536 -0.247428
10 3.095355 2.981942
6 -15.314194 20.343427
10 3.704671 10.138681
2 -6.061243 9.893804
7 10.799302 0.511809
2 -6.061243 9.893804
6 -4.289685 8.185518
4 8.809638 2.847504
9 7.913942 -0.117887
9 5.232424 -3.183742
5 -4.432043 5.935004
1 -6.061243 9.893804
8 11.956770 1.767964
1 -7.980226 6.949007
5 -6.061243 6.949007
