10 100
P -4.484965 7.516772 -0.119983 11.298906
Z 1 6.444454 3.943054 1.655834 9.512141
K 4.505935 -4.979514 4.874960
Z 3 4.505935 -4.979514 5.224893 -5.674568
Z 4 6.018150 -8.690998 -2.831280 3.905432
P 0.118345 0.706937 2.771062 4.452824
K 6.169980 -9.372454 1.250436
P 0.996385 2.950981 3.955497 5.910223
Z 7 6.169980 -9.372454 5.475117 -8.653311
P 0.856516 9.939935 3.859217 11.820802
9 6.169980 -9.372454
8 3.955497 2.950981
3 4.505935 -4.979514
1 -0.119983 7.516772
3 4.505935 -4.979514
10 -0.884841 7.850963
6 0.118345 0.706937
6 0.118345 0.706937
7 6.169980 -9.372454
1 -4.484965 11.298906
5 3.039324 -6.009859
4 -3.583944 9.428576
8 3.955497 2.950981
4 4.505935 -4.979514
1 -4.484965 11.298906
3 -5.696490 5.354066
4 -9.256444 3.237705
3 0.611477 3.107123
2 0.155354 11.535656
2 -0.350146 -4.892590
6 0.118345 0.706937
7 -2.219757 2.149321
5 -3.189107 2.617182
9 6.936247 -9.169059
2 4.548882 15.284591
6 0.118345 0.706937
8 3.955497 2.950981
3 4.505935 -4.979514
2 0.809454 15.851350
7 6.169980 -9.372454
2 4.548882 15.284591
10 3.859217 11.820802
5 -5.445174 -0.796402
1 1.096798 5.581606
4 8.211903 -3.759688
3 4.505935 -4.979514
8 1.993012 3.836696
7 6.169980 -9.372454
4 4.505935 -4.979514
10 -5.846169 1.692296
6 -6.885200 -6.414265
9 6.169980 -9.372454
6 4.565436 8.517233
7 6.169980 -9.372454
3 4.505935 -4.979514
1 -0.119983 7.516772
4 -4.597901 0.495455
4 -5.300806 -3.958266
5 4.505935 -4.979514
5 3.039324 -6.009859
1 -4.484965 11.298906
10 3.859217 9.939935
6 2.771062 4.452824
4 4.505935 -4.979514
7 6.169980 -9.372454
8 3.955497 5.910223
6 4.649110 -1.653680
9 6.169980 -9.372454
4 4.505935 -4.979514
1 -0.119983 7.516772
7 6.169980 -9.372454
9 6.169980 -9.372454
6 2.771062 4.452824
1 -0.119983 11.298906
2 -4.484965 11.298906
1 -0.644675 1.158372
4 4.505935 -4.979514
2 -4.484965 11.298906
3 -6.950201 0.942037
7 6.169980 -9.372454
9 4.614964 -0.978525
7 6.169980 -9.372454
5 4.505935 -4.979514
2 -4.977152 -1.179398
10 3.859217 11.820802
8 -9.823129 0.777681
8 3.955497 2.950981
6 -2.402144 -3.397690
6 -0.045792 -3.436336
10 0.856516 11.820802
3 8.344725 -5.628803
7 6.169980 -9.372454
4 4.505935 -4.979514
8 -9.570220 -8.715003
1 -0.119983 7.516772
4 4.505935 -4.979514
3 -6.710758 -2.558442
10 0.856516 9.939935
1 -7.291075 -5.365538
5 -4.515221 8.091948
5 -7.611136 7.770499
5 5.548480 -0.460734
9 -4.506194 0.668591
5 3.039324 -6.009859
10 -3.369409 8.947410
1 -4.484965 7.516772
7 6.169980 -9.372454
3 4.505935 -4.979514
2 4.548882 15.284591
2 4.548882 15.284591
