10 100
K 9.457880 -0.035617 4.657519
K 2.199103 3.427851 3.478523
P 3.881516 -4.650254 8.853574 -0.762132
K -1.550156 -9.176475 4.697900
Z 2 2.199103 3.427851 1.199580 3.458744
Z 3 8.853574 -0.762132 8.416025 -1.661327
P 2.803051 4.328839 4.348360 6.396767
P -8.032839 -9.909172 -4.233057 -6.936721
K 2.311543 0.737251 3.775905
K -0.175948 1.318814 1.734596
3 3.8815 -4.6503
2 1.1204 0.2134
2 5.9345 9.3603
1 -4.1825 4.3977
10 -0.1759 1.3188
6 8.8536 -4.6503
8 6.9811 8.1087
7 7.7308 6.7786
4 3.4520 7.7401
9 2.3115 0.7373
8 -8.0328 -6.9367
3 -7.5649 7.5202
10 -0.1759 1.3188
7 9.1032 -2.8835
3 8.8536 -0.7621
1 -8.4095 1.0688
8 1.2097 8.6505
4 -1.5502 -9.1765
4 1.2034 -8.3755
5 5.0545 -7.0178
5 2.1991 3.4279
3 3.8815 -4.6503
8 -8.0328 -6.9367
9 -0.3333 8.9044
6 8.8536 -0.7621
7 2.8031 6.3968
4 -1.5502 -9.1765
7 8.9155 8.9174
9 2.3115 0.7373
8 -8.0328 -6.9367
1 9.4579 -0.0356
4 -1.5502 -9.1765
4 -7.0970 -1.8936
10 -0.1759 1.3188
6 8.8536 -4.6503
1 -1.1770 2.1249
2 2.1991 3.4279
8 -4.2331 -6.9367
8 -4.2331 -9.9092
8 -8.0328 -9.9092
1 -3.1298 8.2336
3 -7.8682 2.0068
3 -4.8921 -4.8928
1 9.4579 -0.0356
7 2.8031 6.3968
2 8.2792 4.5210
4 -1.5502 -9.1765
1 6.2116 8.5956
7 3.1861 7.6313
1 0.8246 9.8677
10 -0.1759 1.3188
7 2.8031 4.3288
6 8.8536 -4.6503
8 -8.0328 -6.9367
3 -6.0694 -0.9147
6 4.1615 -3.1872
1 9.4579 -0.0356
2 2.1991 3.4279
8 -8.0328 -9.9092
9 -7.6793 1.6973
9 2.3115 0.7373
1 9.4579 -0.0356
1 9.4579 -0.0356
7 4.3484 4.3288
10 -0.1759 1.3188
9 2.3115 0.7373
5 2.1991 3.4279
8 5.5720 -0.9742
7 4.3484 4.3288
3 8.8536 -0.7621
7 -2.4151 -8.5323
3 8.8536 -0.7621
3 -7.4191 -3.8217
7 4.3484 6.3968
4 -4.6202 4.2053
10 -0.1759 1.3188
10 -0.4233 -2.8343
3 8.8536 -4.6503
7 2.8031 6.3968
7 8.9562 1.5220
5 7.2010 2.9961
10 -0.1759 1.3188
2 -5.7320 -8.9107
6 5.7941 -3.1615
8 -4.2331 -9.9092
4 5.9268 -9.7049
1 9.4579 -0.0356
7 4.3484 6.3968
6 8.8536 -4.6503
5 2.1991 3.4279
9 -4.2742 -7.6123
6 5.7941 -3.1615
4 -1.5502 -9.1765
2 2.1991 3.4279
4 -4.8788 8.9282
2 -1.7789 3.1343
9 8.5135 8.6322
2 2.1991 3.4279
7 9.5360 0.6562
8 -4.2331 -9.9092
