10 100
K 4.942956 -7.881037 2.626659
P -1.592857 2.630480 2.346616 6.500716
K -9.938742 -1.106036 2.702659
Z 3 -4.670176 8.923457 -6.234701 -7.528572
P 8.775975 4.669458 12.261854 6.288102
P -5.454798 4.228756 -4.122870 7.756395
P 7.234837 -2.994646 8.303566 -0.836140
P 2.294745 -5.813560 5.871564 -1.243874
P 5.509269 5.581995 8.912514 6.716965
P -8.238945 9.063474 -3.536852 12.048941
6 -4.1229 4.2288
8 2.2947 -1.2439
7 7.2348 -2.9946
3 -9.5334 -6.7582
9 5.5093 6.7170
2 2.3466 6.5007
7 7.2348 -2.9946
1 4.9430 -7.8810
7 8.3036 -2.9946
7 8.3036 -0.8361
9 -0.4868 -9.7754
6 -4.1229 7.7564
6 -4.1229 7.7564
3 1.8094 -7.0661
3 -9.9387 -1.1060
6 -5.4548 4.2288
6 -5.8426 -0.6878
3 -9.9387 -1.1060
2 -2.7268 1.3228
5 5.8650 -1.4620
8 2.2947 -1.2439
5 8.7760 4.6695
2 -1.5232 -5.8871
3 -9.9387 -1.1060
3 -9.9387 -1.1060
9 -6.6194 -4.8108
10 -8.2389 12.0489
6 -1.2340 8.2228
10 -8.2389 9.0635
6 -5.4548 7.7564
8 5.8716 -5.8136
8 -6.2020 -6.9758
8 5.8716 -5.8136
6 -5.4548 7.7564
3 -6.6199 7.9669
10 -8.2389 12.0489
2 2.3466 2.6305
1 -6.9009 2.7459
4 -0.3224 8.0349
6 -5.4548 7.7564
8 5.8716 -5.8136
4 -1.3865 -1.9193
9 1.4974 2.0324
9 -4.8471 5.2222
1 -5.1750 -4.1299
9 -2.3609 4.1695
1 4.9430 -7.8810
8 2.2947 -5.8136
7 7.3089 -4.6510
10 -3.5369 12.0489
6 -5.4548 7.7564
2 2.3466 2.6305
5 8.7760 6.2881
5 -0.2219 9.6893
8 2.9904 -1.7685
10 -8.2389 12.0489
1 -4.2598 -0.6470
6 -7.5977 4.6638
1 -0.5221 -2.7641
6 -4.1229 7.7564
5 8.7760 4.6695
2 -1.5929 2.6305
3 -9.9387 -1.1060
10 9.1476 -0.9313
5 12.2619 4.6695
3 -9.9387 -1.1060
3 -9.9387 -1.1060
1 8.7444 8.7386
7 7.2348 -0.8361
7 8.3036 -2.9946
1 4.9430 -7.8810
2 2.3466 6.5007
5 2.5200 -5.7785
10 2.5683 7.1080
6 -7.1923 6.5103
3 5.0375 2.0864
4 -9.9387 -1.1060
10 -7.3216 9.8440
8 9.2825 -9.0936
3 -9.9387 -1.1060
8 5.8716 -5.8136
6 -4.1229 7.7564
4 -1.3865 -1.9193
9 8.9125 6.7170
8 2.2947 -5.8136
3 -2.1256 -3.0093
9 5.5093 6.7170
9 -3.1543 -5.2414
8 2.2947 -5.8136
1 5.9188 2.1136
9 5.5093 6.7170
7 -2.0891 9.3147
4 9.0355 1.4328
3 -9.9387 -1.1060
5 -7.2426 -9.4943
1 4.9430 -7.8810
3 -9.9387 -1.1060
4 -1.3865 -1.9193
8 -9.0894 7.2940
1 4.9430 -7.8810
