10 100
K 3.949455 -2.136030 2.352266
Z 1 1.185283 -8.201843 -1.367625 -1.332526
Z 2 7.435998 6.968550 -2.991136 -8.452917
K -1.777040 -0.980431 3.620140
P 3.603044 5.460550 6.994703 9.903462
K -5.823232 4.736083 1.668453
P 6.203090 -5.680490 10.897644 -2.805841
K -9.245456 0.701052 2.496236
P 8.303005 5.227156 11.605937 7.018575
Z 4 -1.777040 -0.980431 -1.188405 -1.788830
6 -9.199127 -2.787127
4 -1.777040 -0.980431
2 -9.410010 8.040697
10 7.053477 -3.172114
7 6.203090 -5.680490
2 2.709990 -4.419385
1 -7.361602 2.386868
3 0.285554 0.341295
10 -1.777040 -0.980431
6 -5.823232 4.736083
7 5.633038 -6.644435
6 4.371120 -2.407007
2 -4.869449 -5.413480
5 7.212423 -5.499482
10 -1.777040 -0.980431
5 3.603044 9.903462
5 -9.130227 8.175150
1 9.893524 -7.258687
2 9.240189 -2.321629
6 -5.823232 4.736083
4 -1.777040 -0.980431
1 3.949455 -2.136030
2 -8.925719 -1.187099
2 3.949455 -2.136030
3 9.785500 -3.150508
9 8.303005 7.018575
4 -1.777040 -0.980431
6 -5.823232 4.736083
8 -9.245456 0.701052
3 -2.049449 7.052081
1 3.949455 -2.136030
6 -5.823232 4.736083
7 -7.119952 7.631435
5 6.994703 5.460550
8 3.237695 4.850851
8 -9.245456 0.701052
3 0.285554 0.341295
6 4.124856 -7.465410
8 -9.245456 0.701052
1 3.949455 -2.136030
6 -5.823232 4.736083
10 -1.777040 -0.980431
8 8.894465 -5.768562
8 -9.245456 0.701052
9 8.303005 7.018575
2 -4.869449 -5.413480
7 10.897644 -2.805841
7 6.203090 -2.805841
9 -1.010032 -4.584283
9 8.303005 5.227156
5 6.994703 9.903462
10 -1.777040 -0.980431
4 1.030363 -0.790371
10 -0.993204 -0.309018
6 -5.823232 4.736083
4 -1.777040 -0.980431
3 0.529246 -9.063776
9 8.663411 -4.846093
2 3.949455 -2.136030
2 3.949455 -2.136030
10 -1.777040 -0.980431
3 -9.793993 -5.702097
10 -1.777040 -0.980431
6 -5.823232 4.736083
2 6.701752 7.590068
1 4.862454 -8.094391
3 0.285554 0.341295
8 -9.245456 0.701052
7 10.897644 -2.805841
6 -5.823232 4.736083
2 0.008090 9.394030
2 3.949455 -2.136030
1 3.949455 -2.136030
10 -1.777040 -0.980431
6 -5.823232 4.736083
8 -9.245456 0.701052
4 -1.777040 -0.980431
1 3.949455 -2.136030
5 6.994703 9.903462
2 3.949455 -2.136030
5 6.994703 5.460550
6 -5.823232 4.736083
7 10.897644 -2.805841
7 6.203090 -2.805841
2 -4.869449 -5.413480
4 -1.777040 -0.980431
9 -7.917969 5.705056
3 5.247073 5.940124
1 3.949455 -2.136030
5 6.994703 5.460550
10 -1.777040 -0.980431
8 -9.245456 0.701052
5 2.749415 -7.921388
7 6.269531 5.334065
10 -1.777040 -0.980431
9 11.605937 5.227156
9 8.452931 -9.529179
5 6.994703 5.460550
6 4.649758 -8.395599
5 6.994703 9.903462
