10 100
K -8.593463 3.399919 1.537640
Z 1 -8.967389 1.908439 -7.997408 1.665257
Z 1 5.120060 3.853425 -3.763179 -8.321971
P 5.919831 -6.307444 10.358599 -3.789935
K -8.061597 -8.362868 1.285594
P 2.064229 0.207697 4.772112 4.363511
Z 6 4.772112 0.207697 3.835135 0.557086
Z 2 -9.052912 -1.093393 -8.070659 -0.905830
P 0.532806 -2.431280 5.370427 0.775710
Z 7 2.064229 0.207697 2.896787 -0.346241
5 -8.061597 -8.362868
8 -8.593463 3.399919
7 4.772112 0.207697
8 -6.970152 -5.101267
8 2.083460 5.127205
10 7.858029 -4.322188
4 5.919831 -3.789935
1 -8.593463 3.399919
2 -8.593463 3.399919
8 -8.764509 -2.603743
9 5.370427 -2.431280
8 -8.593463 3.399919
10 0.684299 -1.087004
8 -9.341315 0.416958
8 -9.186409 0.845063
1 -8.593463 3.399919
4 -2.381922 5.052158
7 1.410236 6.353174
1 -8.593463 3.399919
6 2.064229 0.207697
1 -8.593463 3.399919
9 0.532806 0.775710
4 10.358599 -3.789935
7 5.852186 -2.142077
5 -8.061597 -8.362868
6 8.391792 -9.671200
10 -1.768971 -1.397722
3 -8.593463 3.399919
5 -8.061597 -8.362868
4 10.358599 -6.307444
1 -8.593463 3.399919
10 0.684299 -1.087004
8 -6.970152 -5.101267
8 -9.341315 0.416958
9 -0.831633 3.682923
2 -8.593463 3.399919
7 2.725347 1.980655
8 -3.521953 6.088973
10 9.875110 2.941549
9 5.370427 -2.431280
2 -8.593463 3.399919
5 -8.061597 -8.362868
2 -8.593463 3.399919
8 -8.593463 3.399919
10 -1.768971 -1.397722
8 -8.593463 3.399919
2 -9.313910 6.910260
4 -6.435921 -3.116166
2 -3.577922 9.194784
4 5.919831 -3.789935
4 -8.021415 9.646072
1 -8.593463 3.399919
9 5.109323 2.881350
10 4.772112 0.207697
3 -1.728213 -0.375134
3 8.873650 -9.344185
5 -8.061597 -8.362868
8 -5.435793 -8.343050
2 -9.341315 0.416958
9 5.370427 -2.431280
6 2.064229 4.363511
7 2.064229 4.363511
1 -8.593463 3.399919
6 4.772112 0.207697
4 -8.234314 -6.695803
6 -8.580571 -6.243834
3 -8.593463 3.399919
4 4.108902 6.576168
4 7.988366 -0.602270
10 2.530509 2.636207
9 0.532806 0.775710
7 2.064229 0.207697
7 2.725347 1.980655
3 -8.593463 3.399919
7 0.004370 -1.160535
5 -8.061597 -8.362868
6 2.064229 0.207697
5 -8.065886 -3.253818
5 -6.387376 -7.009426
8 -9.341315 0.416958
8 -8.764509 -2.603743
2 -9.341315 0.416958
6 -0.313003 3.525899
9 4.872125 -6.574919
6 2.064229 0.207697
4 10.358599 -3.789935
5 -7.244500 6.197583
6 -2.141296 9.153314
5 0.445172 0.747476
4 10.358599 -3.789935
8 -8.593463 3.399919
9 0.532806 -2.431280
6 4.863529 5.155783
5 -8.061597 -8.362868
2 -8.593463 3.399919
6 -0.273215 -9.394674
4 2.638588 4.272824
9 0.532806 0.775710
8 -8.764509 -2.603743
5 -8.061597 -8.362868
