10 100
K 5.783217 -9.966084 3.992688
K 4.008169 1.910790 4.457723
Z 2 6.504817 7.294103 1.761515 3.205167
K 8.411544 4.760548 3.356069
Z 3 8.796094 6.717719 8.634388 -5.279317
P -5.786370 -6.316189 -2.488302 -1.650863
K -7.115416 -3.840216 3.190786
K 3.301689 -8.558406 3.868500
P 8.473716 9.685530 12.149691 11.778713
K 4.972085 0.058605 2.773066
6 -1.5236 7.1052
2 -5.1663 3.6457
2 9.5681 -9.6939
10 4.9721 0.0586
10 4.9721 0.0586
2 4.0082 1.9108
2 6.5348 7.2943
7 -2.2174 -6.8881
6 -5.7864 -6.3162
2 4.0082 1.9108
2 4.0082 1.9108
5 16.7473 5.4033
10 4.9721 0.0586
5 4.0082 1.9108
8 0.2239 4.7710
10 4.9721 0.0586
3 4.0082 1.9108
3 0.8124 5.6180
9 12.1497 9.6855
4 8.4115 4.7605
5 4.0082 1.9108
6 -5.7864 -1.6509
3 0.8124 5.6180
5 4.0082 1.9108
5 -0.4992 4.3777
3 4.0082 1.9108
6 -2.4883 -6.3162
7 -7.1154 -3.8402
2 4.0082 1.9108
8 3.3017 -8.5584
9 8.4737 9.6855
2 4.0082 1.9108
7 -9.4532 -3.9185
4 8.4115 4.7605
2 4.0082 1.9108
4 6.4090 4.6706
4 8.4115 4.7605
1 2.0081 -4.1396
3 0.8124 5.6180
10 4.9721 0.0586
8 3.3017 -8.5584
6 -2.4883 -6.3162
4 8.4115 4.7605
5 -7.7825 -1.3551
10 4.6895 2.5595
8 3.3017 -8.5584
10 4.9721 0.0586
3 0.8124 5.6180
10 8.0270 -3.9186
2 4.0082 1.9108
1 1.7451 5.6031
5 13.4527 1.7835
1 5.7832 -9.9661
9 9.6315 6.1638
10 4.9721 0.0586
3 7.6620 5.6200
3 -7.9462 7.9611
1 5.7832 -9.9661
9 8.4737 9.6855
2 4.0082 1.9108
9 12.1497 9.6855
9 7.2035 7.1022
2 -7.2847 -0.0193
6 -2.4883 -6.3162
2 4.0082 1.9108
4 8.4115 4.7605
7 -0.2984 8.7117
5 4.5365 3.7174
1 5.7832 -9.9661
2 -2.8088 -1.3342
5 4.0082 1.9108
7 -7.1154 -3.8402
3 0.8124 5.6180
8 -5.0337 6.4375
4 8.4115 4.7605
9 8.4737 9.6855
3 0.8124 5.6180
7 0.8044 -5.4314
6 -2.4883 -6.3162
6 -4.3607 -5.1278
3 4.0082 1.9108
3 -9.0032 0.6760
2 4.0082 1.9108
2 4.0082 1.9108
8 2.1940 8.7005
6 -5.7864 -6.3162
7 -7.1154 -3.8402
9 -3.0566 5.3904
6 -1.4349 -1.2725
1 5.7832 -9.9661
5 0.8124 5.6180
10 4.9721 0.0586
5 13.4527 1.7835
5 -7.6442 1.9676
4 2.5166 -0.6005
1 5.7832 -9.9661
1 -4.9412 8.9634
10 4.9721 0.0586
1 -6.1877 -7.8116
6 -2.4883 -1.6509
