10 100
K 8.143110 9.000483 2.693796
Z 1 4.491625 -3.586411 -8.752096 6.108502
Z 1 9.850630 11.083969 9.077192 11.717840
P 4.012392 0.829698 6.102394 2.456311
K -0.196782 3.207577 3.479023
P 4.803093 -1.430548 9.101065 3.399752
P -2.161881 3.812971 -0.249848 7.034881
P 1.004830 -7.535001 2.740711 -2.593724
Z 3 8.143110 9.000483 7.594664 8.164297
K 5.953882 -5.777736 4.897573
8 1.0048 -2.5937
3 8.1431 9.0005
4 3.0163 -7.6446
10 0.1276 3.8550
10 5.9539 -5.7777
9 -7.5060 9.8211
4 8.5199 1.8143
7 -2.1619 7.0349
5 -0.1968 3.2076
4 6.1024 0.8297
4 2.8493 4.8656
3 3.3275 -6.9791
10 5.9539 -5.7777
2 8.1431 9.0005
7 7.8632 -1.8867
6 3.3225 -3.1519
9 -5.8548 5.5710
2 -6.4151 -4.6066
10 5.9539 -5.7777
2 8.1431 9.0005
6 -8.0224 -0.9957
8 -1.0072 5.2461
6 9.1011 3.3998
3 11.5582 13.1675
10 5.9539 -5.7777
3 8.1431 9.0005
3 11.5582 13.1675
4 1.8263 1.9217
7 -2.1619 3.8130
2 8.1431 9.0005
2 -6.8772 -0.4111
9 7.8435 -1.9636
4 6.1024 2.4563
5 -0.1968 3.2076
8 2.7407 -2.5937
5 -0.1968 3.2076
7 -2.1619 7.0349
5 -0.1968 3.2076
2 -6.4034 -10.8708
9 10.6045 13.7930
7 -0.2498 7.0349
5 1.1903 -8.0566
6 4.8031 3.3998
5 -0.1968 3.2076
6 9.5118 -3.3822
10 5.9539 -5.7777
3 6.4116 -5.2275
6 4.8031 -1.4305
2 3.0116 4.6301
10 5.9539 -5.7777
1 -9.7088 6.0947
10 5.9539 -5.7777
7 -0.2498 3.8130
8 2.7407 -2.5937
9 -7.3028 4.6542
8 2.1126 -3.8132
3 11.5582 13.1675
1 8.1431 9.0005
8 3.9121 9.6495
5 9.3652 -1.6421
8 1.0048 -2.5937
7 -0.2498 3.8130
8 1.0048 -7.5350
3 -3.1001 6.2575
6 9.1011 -1.4305
7 0.1436 0.1138
6 -2.1502 -9.5680
6 9.1011 -1.4305
2 -4.7245 8.7415
2 -6.4034 -10.8708
3 8.1431 9.0005
2 -6.4034 -10.8708
5 -0.1968 3.2076
10 9.1884 -9.1775
5 5.5941 -2.0348
6 4.8031 3.3998
3 11.5582 13.1675
6 1.9256 9.2059
5 -0.1968 3.2076
10 5.9539 -5.7777
4 -2.4291 -6.2818
9 8.1431 9.0005
9 -9.9526 -3.2856
8 1.0048 -7.5350
8 2.7407 -7.5350
4 4.0124 2.4563
5 -0.1968 3.2076
7 -3.8836 -6.3900
4 6.1024 0.8297
1 -5.6526 -3.6911
8 -6.3706 4.7639
1 8.1431 9.0005
10 5.9539 -5.7777
5 5.8063 4.9234
4 6.1024 0.8297
6 9.1011 -1.4305
5 -0.1968 3.2076
5 -0.1968 3.2076
8 5.1420 -8.5101
5 0.5846 3.0547
