10 100
P -1.770655 -1.922856 1.171014 0.402215
K -7.215047 -8.386813 3.535094
K 5.933363 7.794955 4.448436
Z 1 7.135999 -5.776515 7.514420 9.408752
P -3.727052 -0.384787 -1.323383 2.709174
K -1.919327 -7.988598 4.141629
P 9.179816 8.800098 13.390747 10.849448
P 4.029424 9.891558 5.142269 12.902381
P 2.762715 -7.780755 4.903388 -5.184934
K 1.096720 -4.290212 3.368985
8 4.029424 12.902381
6 -1.919327 -7.988598
4 13.285528 -2.224753
8 4.029424 12.902381
4 -1.770655 0.402215
1 -1.770655 -1.922856
7 9.179816 8.800098
10 1.096720 -4.290212
7 4.364209 -5.039524
7 8.658209 9.433570
1 1.171014 0.402215
7 13.390747 10.849448
1 -9.509660 -4.986638
5 -3.727052 -0.384787
2 -7.215047 -8.386813
9 1.362975 -5.839829
7 9.179816 8.800098
8 4.029424 12.902381
1 -7.816870 3.161907
8 5.142269 9.891558
10 1.096720 -4.290212
4 2.388195 7.644698
1 1.171014 0.402215
10 1.096720 -4.290212
6 -4.717534 8.376848
5 -3.727052 2.709174
5 -1.803592 6.410664
3 5.933363 7.794955
8 5.142269 12.902381
7 9.179816 10.849448
6 -2.530924 9.556176
8 5.066511 1.307854
8 4.029424 12.902381
9 8.858716 0.634401
10 1.096720 -4.290212
10 1.096720 -4.290212
2 9.041891 -6.261921
10 1.096720 -4.290212
2 -7.215047 -8.386813
1 1.171014 0.402215
2 -7.215047 -8.386813
1 1.171014 -1.922856
6 -1.919327 -7.988598
8 5.142269 12.902381
9 4.903388 -7.780755
7 9.179816 8.800098
1 -3.669815 -6.426792
8 5.142269 9.891558
3 5.933363 7.794955
10 1.096720 -4.290212
7 8.165044 -8.131391
2 -7.215047 -8.386813
10 1.096720 -4.290212
4 -1.770655 -1.922856
5 -1.323383 -0.384787
9 -7.219968 -0.766041
10 1.096720 -4.290212
1 6.236079 9.113308
8 6.439057 -3.170182
2 -7.215047 -8.386813
1 7.341576 3.775633
7 -1.133862 2.174982
6 -1.919327 -7.988598
4 4.803001 6.968783
6 -1.919327 -7.988598
7 -8.411811 9.287126
2 9.803705 3.398140
10 1.096720 -4.290212
5 -3.727052 2.709174
2 -7.215047 -8.386813
5 -3.823128 3.523005
10 -9.722561 -7.106969
4 1.171014 0.402215
7 -4.361481 -5.522959
4 16.223546 -2.371277
2 -7.215047 -8.386813
4 13.401339 0.097432
9 0.055532 9.446320
9 4.903388 -5.184934
2 -7.215047 -8.386813
10 1.096720 -4.290212
1 -7.330700 8.433595
7 9.179816 10.849448
8 1.776280 -9.403638
7 -7.436875 -3.017240
5 -1.015928 0.948711
7 4.082665 4.779593
5 -1.323383 -0.384787
10 1.096720 -4.290212
1 -1.770655 0.402215
8 3.885625 7.259108
10 1.096720 -4.290212
5 -3.727052 -0.384787
7 9.179816 10.849448
9 4.903388 -7.780755
1 1.171014 -1.922856
3 5.933363 7.794955
6 -1.919327 -7.988598
8 5.142269 12.902381
8 -2.555651 1.163591
