10 100
K 6.312781 -2.104099 1.404374
K 7.441291 -1.405201 1.044616
Z 1 6.312781 -2.104099 5.312786 -2.107332
P -3.286356 0.572608 -0.674357 2.533262
K -9.937380 2.032780 4.473682
K -4.059298 2.168839 2.179942
K -5.477984 -1.602900 2.916835
K -1.198823 -6.963787 2.894285
Z 3 6.346795 -4.251849 9.131267 -5.495136
P -7.897834 4.643902 -6.121293 7.564784
10 -6.121293 4.643902
5 -9.937380 2.032780
3 5.236893 3.597492
2 7.441291 -1.405201
10 -7.897834 7.564784
2 7.441291 -1.405201
10 -1.763803 -3.238353
2 4.596846 -2.797244
3 8.907790 2.414796
6 -4.059298 2.168839
6 -6.535641 -3.217124
5 8.680729 -5.250861
10 -7.897834 7.564784
5 -9.937380 2.032780
8 -4.355915 -3.951645
9 -7.825193 3.306084
9 6.312781 -2.104099
4 5.896822 4.912817
4 -3.286356 0.572608
4 -0.674357 2.533262
9 6.312781 -2.104099
6 -4.059298 2.168839
7 -5.477984 -1.602900
4 -2.321973 4.484731
10 -6.121293 7.564784
2 8.544430 -1.229632
7 -5.477984 -1.602900
1 6.312781 -2.104099
5 -9.937380 2.032780
7 1.121406 9.610438
10 -7.897834 4.643902
4 -0.674357 2.533262
3 6.312781 -2.104099
1 1.892183 3.551409
9 2.691686 2.771711
3 8.224563 -9.450660
5 9.569327 -3.252131
8 -1.198823 -6.963787
8 -1.198823 -6.963787
3 6.312781 -2.104099
5 -9.937380 2.032780
8 -1.198823 -6.963787
2 7.441291 -1.405201
9 9.041230 6.096414
8 -6.006136 -9.911893
1 6.312781 -2.104099
10 3.084575 7.486361
6 2.344130 9.737146
4 -2.221364 -1.391491
3 6.312781 -2.104099
2 7.441291 -1.405201
4 6.601030 8.412379
1 6.312781 -2.104099
10 -0.557385 6.228975
3 6.312781 -2.104099
4 -3.286356 2.533262
8 -0.094691 5.867915
7 -7.485704 -5.435939
5 -9.937380 2.032780
3 6.312781 -2.104099
4 -3.286356 2.533262
2 7.441291 -1.405201
10 -7.897834 4.643902
7 7.394947 1.512791
8 -1.198823 -6.963787
5 1.774917 2.223663
4 -3.286356 2.533262
9 6.545329 2.033492
7 0.274649 -3.648682
3 6.312781 -2.104099
6 -4.059298 2.168839
5 -9.937380 2.032780
2 7.441291 -1.405201
3 6.312781 -2.104099
2 7.441291 -1.405201
8 7.242178 4.601832
4 -0.674357 0.572608
3 6.312781 -2.104099
7 5.640504 -5.147610
7 -0.997475 6.236717
8 -1.198823 -6.963787
10 -6.121293 7.564784
7 -5.477984 -1.602900
5 -9.937380 2.032780
3 6.312781 -2.104099
1 6.312781 -2.104099
1 2.139144 -1.207090
2 7.441291 -1.405201
8 -1.198823 -6.963787
4 -9.353233 9.879963
10 -7.897834 4.643902
10 -8.164913 8.409496
10 -5.735395 -5.603411
7 -5.477984 -1.602900
3 -0.603295 7.780539
3 6.312781 -2.104099
6 0.991029 9.319761
7 -4.152880 0.844881
9 -3.345809 4.195249
1 6.312781 -2.104099
