10 100
K 6.145981 0.862196 3.865306
K -6.219218 1.851654 2.749843
K -2.566509 -8.707708 3.793815
P 7.887129 -7.634724 10.200128 -5.484491
P 3.724471 -8.291447 8.247663 -6.642599
P 7.861071 -9.492062 9.630536 -6.859162
Z 1 3.108713 -1.528535 3.727224 -2.314312
K -1.858498 -1.349853 1.422505
P 1.206861 7.549772 2.378840 10.459014
Z 2 -5.919235 -0.881778 -4.925203 -0.772687
6 7.8611 -6.8592
4 7.8871 -7.6347
7 -0.0880 3.5520
6 -1.6432 2.6637
5 8.2477 -8.2914
7 0.7548 3.8818
1 6.1460 0.8622
7 -8.8099 9.7859
4 7.8871 -5.4845
6 9.6305 -6.8592
8 7.3577 4.3467
9 1.2069 7.5498
7 0.0714 -3.9193
10 -5.6193 -3.6152
7 6.1460 0.8622
5 3.7245 -8.2914
3 -2.5665 -8.7077
3 -2.5665 -8.7077
4 0.7123 -8.5968
10 -5.6193 -3.6152
6 7.8611 -6.8592
9 1.5560 3.3048
6 7.8611 -6.8592
2 -8.6984 -1.0653
2 -5.9775 -6.1344
7 -5.4783 -7.4127
5 3.7245 -6.6426
3 -0.6167 6.3984
1 6.1460 0.8622
6 9.6305 -6.8592
10 -6.2192 1.8517
4 -0.5381 -6.8193
4 7.8871 -5.4845
8 -4.4395 0.9039
2 -6.2192 1.8517
2 -6.2192 1.8517
6 7.8611 -6.8592
5 7.3565 -3.0640
9 1.2069 10.4590
5 8.2477 -6.6426
4 10.2001 -7.6347
8 -1.8585 -1.3499
5 3.7245 -8.2914
10 -5.6193 -3.6152
4 10.2001 -7.6347
3 -2.5665 -8.7077
3 -2.5665 -8.7077
6 9.9180 -0.2799
6 7.8611 -6.8592
4 -1.8594 -7.7710
7 -4.9846 7.8479
7 0.0714 -3.9193
8 -1.8585 -1.3499
6 9.6305 -6.8592
7 -4.7128 0.1975
2 -5.8640 -9.1412
7 -4.4330 7.2832
8 -1.8585 -1.3499
9 1.2069 10.4590
2 -6.2192 1.8517
7 6.1460 0.8622
8 -1.8585 -1.3499
6 9.6305 -6.8592
9 2.3788 7.5498
10 -5.2344 -4.8548
1 4.8138 2.0791
2 -6.2192 1.8517
7 -9.7445 -9.5455
2 -4.1916 3.3856
6 7.8611 -6.8592
7 0.0714 -3.9193
7 -2.6573 7.0753
10 -4.2967 -5.3859
3 -6.8203 -2.1325
9 1.2069 10.4590
7 0.0714 -3.9193
10 -6.2192 1.8517
2 -6.2192 1.8517
2 -6.2192 1.8517
6 9.6305 -9.4921
5 8.2477 -6.6426
6 7.8611 -9.4921
5 3.7245 -8.2914
5 8.2477 -8.2914
4 10.2001 -5.4845
9 9.7938 -7.3503
9 1.2069 10.4590
8 4.5778 -8.1282
3 -2.5665 -8.7077
2 -6.2192 1.8517
8 -1.8585 -1.3499
9 -3.5001 -5.0954
3 0.6391 3.1460
9 2.3788 7.5498
4 7.8871 -7.6347
7 2.1046 4.2806
7 0.0714 -3.9193
2 -6.2192 1.8517
1 6.1460 0.8622
10 8.2746 9.3761
