10 100
P -6.252149 -8.239095 -3.065492 -3.542256
Z 1 4.330440 -7.141257 -2.594044 2.193723
P 9.061736 4.675301 12.197724 5.948266
Z 1 -6.252149 -8.239095 -7.090164 -7.693448
Z 2 -3.065492 -8.239095 -3.512118 -9.133815
P 4.318671 -0.320992 5.532680 0.978515
P 8.019421 5.912361 9.550892 7.336785
Z 1 -8.678237 6.914203 -4.144908 8.199313
Z 4 -6.252149 -8.239095 -5.253944 -8.298979
Z 2 -3.309004 -0.045526 -2.524789 -2.629323
7 9.5509 5.9124
3 -6.3764 -1.7683
7 9.5509 7.3368
6 4.3187 -0.3210
8 -11.8528 22.7587
4 -10.5475 -10.1391
1 -6.2521 -8.2391
3 12.1977 4.6753
2 -6.2521 -3.5423
7 6.2340 2.1631
5 4.0416 1.8012
9 -6.2521 -8.2391
4 -9.2584 -13.0534
8 -3.0655 -8.2391
4 -6.2521 -8.2391
4 -10.5475 -10.1391
4 -6.2521 -8.2391
4 -6.2521 -3.5423
5 7.9558 -1.6636
9 -4.7686 -4.0006
1 -6.2521 -3.5423
2 -6.2521 -8.2391
9 -6.2521 -8.2391
4 2.1648 -9.2637
9 -1.4331 3.5429
5 0.6382 2.1757
8 -0.1482 -2.5436
1 -6.2521 -8.2391
10 8.7663 -2.7256
7 8.0194 7.3368
8 -12.1005 17.0883
4 -1.1207 -9.8355
4 -3.0655 -8.2391
1 -3.0655 -8.2391
4 -3.0655 -3.5423
5 3.9565 4.0303
9 4.3256 -7.3292
1 -8.5743 7.6663
2 3.9565 4.0303
6 4.3187 -0.3210
5 -1.2709 7.5208
5 2.5198 4.7475
3 9.0617 5.9483
8 -12.1005 17.0883
8 -3.0655 -8.2391
7 8.4182 -9.9577
5 -6.2521 -8.2391
2 3.9565 4.0303
9 9.4002 6.5943
10 -14.5934 -4.3267
8 -5.0167 3.2498
2 8.7100 -6.1648
10 -1.5679 -3.0877
2 -7.4963 9.8908
8 1.9182 -4.0853
2 -3.0655 -3.5423
3 4.6709 0.5712
1 -6.2521 -3.5423
3 9.0617 5.9483
1 -7.0868 -9.5322
3 -8.9782 -5.4875
5 -3.0655 -8.2391
4 -6.2521 -8.2391
4 -6.2521 -8.2391
4 3.4830 -6.9833
4 4.3824 -0.3683
8 -9.3879 18.7606
4 -9.2584 -13.0534
5 -7.0839 3.0802
2 -6.2521 -3.5423
5 2.5198 4.7475
7 9.5509 5.9124
3 -6.7768 -5.0068
3 12.1977 5.9483
2 -6.2521 -8.2391
2 7.5268 -0.3819
2 8.4514 2.6676
9 -7.7962 1.9397
7 9.5509 7.3368
6 5.5327 -0.3210
8 -12.1005 17.0883
6 -9.5140 -3.0362
6 0.2038 8.6971
9 -5.2098 -9.0333
1 -6.2521 -8.2391
10 0.9550 8.2823
3 12.1977 4.6753
10 7.5268 -0.3819
10 -7.8605 6.7388
9 -2.9882 7.8998
10 -11.6143 -0.6956
5 0.6382 2.1757
9 -6.2521 -8.2391
8 -3.0655 -3.5423
4 -3.0655 -8.2391
1 -6.2521 -8.2391
1 -6.2521 -8.2391
10 1.0427 -6.9922
8 -3.0655 -3.5423
7 0.7008 -8.4316
