10 100
P -0.689628 8.125745 4.169485 10.115679
P 9.299122 -9.715177 14.181737 -5.283639
K 2.988491 -4.527661 3.737672
K -3.936982 2.566006 2.900448
Z 1 4.169485 10.115679 4.974034 9.521793
K -0.240115 4.987549 1.199396
P -5.484727 -7.354607 -2.407736 -5.275654
K -7.301497 -5.753183 4.874440
Z 8 -7.908122 -4.349406 5.485334 3.993161
K -1.944452 -2.323443 3.538802
1 -5.224353 0.379417
10 -1.944452 -2.323443
10 -1.944452 -2.323443
6 -0.240115 4.987549
6 -0.240115 4.987549
4 -3.936982 2.566006
7 9.774043 -6.135579
9 -8.900580 -3.185958
1 -0.689628 10.115679
2 8.215711 -3.526306
5 2.737993 14.759149
6 -0.240115 4.987549
7 -2.407736 -5.275654
7 -3.448548 -9.694362
3 2.988491 -4.527661
4 -3.936982 2.566006
10 -1.944452 -2.323443
10 -1.944452 -2.323443
1 -7.230533 -1.102968
9 -8.900580 -3.185958
2 14.181737 -9.715177
7 -8.710247 2.404569
7 -2.407736 -5.275654
10 -1.944452 -2.323443
2 9.299122 -9.715177
7 -5.484727 -7.354607
6 -0.240115 4.987549
3 2.988491 -4.527661
8 -7.301497 -5.753183
6 -0.240115 4.987549
1 -0.689628 10.115679
8 -7.301497 -5.753183
4 -3.936982 2.566006
9 -8.900580 -3.185958
10 -4.777434 -1.224095
9 -9.078214 0.498516
8 -7.301497 -5.753183
7 -5.484727 -5.275654
6 -0.240115 4.987549
3 2.988491 -4.527661
10 9.918035 -6.309762
3 2.988491 -4.527661
10 1.077067 -1.947212
8 -7.301497 -5.753183
4 5.452130 -0.537861
8 -7.301497 -5.753183
2 -3.641644 8.993352
7 4.665373 9.228438
2 9.299122 -9.715177
3 2.988491 -4.527661
10 3.026260 -2.276301
10 -1.944452 -2.323443
1 4.169485 8.125745
3 2.988491 -4.527661
9 -7.301497 -5.753183
9 -2.699736 -3.482082
9 -8.900580 -3.185958
2 9.299122 -5.283639
7 5.653134 2.201172
3 2.988491 -4.527661
9 -8.900580 -3.185958
10 -2.813795 -3.644304
1 8.712499 0.267220
9 -7.301497 -5.753183
5 2.737993 14.759149
3 2.988491 -4.527661
3 -8.077032 6.065214
6 9.968137 -4.292956
4 -3.936982 2.566006
8 -7.301497 -5.753183
6 -0.240115 4.987549
5 4.169485 10.115679
1 -8.207141 -3.615208
3 -4.300460 -2.925969
6 -0.240115 4.987549
1 4.169485 8.125745
3 7.046247 -8.420641
4 -3.936982 2.566006
3 2.988491 -4.527661
3 2.988491 -4.527661
6 -2.946306 -0.195327
2 -4.119568 1.870466
9 6.365650 -4.361093
7 -5.484727 -7.354607
4 -3.936982 2.566006
5 2.122766 6.067560
2 7.261058 5.257820
6 -0.240115 4.987549
6 -0.240115 4.987549
2 2.171850 1.573328
8 -7.301497 -5.753183
7 -2.637780 -8.999820
3 2.988491 -4.527661
6 -0.240115 4.987549
4 -0.406909 -6.607189
2 14.181737 -5.283639
4 -3.936982 2.566006
10 -1.944452 -2.323443
1 4.169485 10.115679
7 -2.407736 -7.354607
