3 900
K 1 1 1
Z 1 1 0 1 2
Z 2 1 1 0 1
3 -1.0000000000 -1.0000000000
3 -1.0000000000 -0.9000000000
3 -1.0000000000 -0.8000000000
3 -1.0000000000 -0.7000000000
3 -1.0000000000 -0.6000000000
3 -1.0000000000 -0.5000000000
3 -1.0000000000 -0.4000000000
3 -1.0000000000 -0.3000000000
3 -1.0000000000 -0.2000000000
3 -1.0000000000 -0.1000000000
3 -1.0000000000 -0.0000000000
3 -1.0000000000 0.1000000000
3 -1.0000000000 0.2000000000
3 -1.0000000000 0.3000000000
3 -1.0000000000 0.4000000000
3 -1.0000000000 0.5000000000
3 -1.0000000000 0.6000000000
3 -1.0000000000 0.7000000000
3 -1.0000000000 0.8000000000
3 -1.0000000000 0.9000000000
3 -1.0000000000 1.0000000000
3 -1.0000000000 1.1000000000
3 -1.0000000000 1.2000000000
3 -1.0000000000 1.3000000000
3 -1.0000000000 1.4000000000
3 -1.0000000000 1.5000000000
3 -1.0000000000 1.6000000000
3 -1.0000000000 1.7000000000
3 -1.0000000000 1.8000000000
3 -1.0000000000 1.9000000000
3 -0.9000000000 -1.0000000000
3 -0.9000000000 -0.9000000000
3 -0.9000000000 -0.8000000000
3 -0.9000000000 -0.7000000000
3 -0.9000000000 -0.6000000000
3 -0.9000000000 -0.5000000000
3 -0.9000000000 -0.4000000000
3 -0.9000000000 -0.3000000000
3 -0.9000000000 -0.2000000000
3 -0.9000000000 -0.1000000000
3 -0.9000000000 -0.0000000000
3 -0.9000000000 0.1000000000
3 -0.9000000000 0.2000000000
3 -0.9000000000 0.3000000000
3 -0.9000000000 0.4000000000
3 -0.9000000000 0.5000000000
3 -0.9000000000 0.6000000000
3 -0.9000000000 0.7000000000
3 -0.9000000000 0.8000000000
3 -0.9000000000 0.9000000000
3 -0.9000000000 1.0000000000
3 -0.9000000000 1.1000000000
3 -0.9000000000 1.2000000000
3 -0.9000000000 1.3000000000
3 -0.9000000000 1.4000000000
3 -0.9000000000 1.5000000000
3 -0.9000000000 1.6000000000
3 -0.9000000000 1.7000000000
3 -0.9000000000 1.8000000000
3 -0.9000000000 1.9000000000
3 -0.8000000000 -1.0000000000
3 -0.8000000000 -0.9000000000
3 -0.8000000000 -0.8000000000
3 -0.8000000000 -0.7000000000
3 -0.8000000000 -0.6000000000
3 -0.8000000000 -0.5000000000
3 -0.8000000000 -0.4000000000
3 -0.8000000000 -0.3000000000
3 -0.8000000000 -0.2000000000
3 -0.8000000000 -0.1000000000
3 -0.8000000000 -0.0000000000
3 -0.8000000000 0.1000000000
3 -0.8000000000 0.2000000000
3 -0.8000000000 0.3000000000
3 -0.8000000000 0.4000000000
3 -0.8000000000 0.5000000000
3 -0.8000000000 0.6000000000
3 -0.8000000000 0.7000000000
3 -0.8000000000 0.8000000000
3 -0.8000000000 0.9000000000
3 -0.8000000000 1.0000000000
3 -0.8000000000 1.1000000000
3 -0.8000000000 1.2000000000
3 -0.8000000000 1.3000000000
3 -0.8000000000 1.4000000000
3 -0.8000000000 1.5000000000
3 -0.8000000000 1.6000000000
3 -0.8000000000 1.7000000000
3 -0.8000000000 1.8000000000
3 -0.8000000000 1.9000000000
3 -0.7000000000 -1.0000000000
3 -0.7000000000 -0.9000000000
3 -0.7000000000 -0.8000000000
3 -0.7000000000 -0.7000000000
3 -0.7000000000 -0.6000000000
3 -0.7000000000 -0.5000000000
3 -0.7000000000 -0.4000000000
3 -0.7000000000 -0.3000000000
3 -0.7000000000 -0.2000000000
3 -0.7000000000 -0.1000000000
3 -0.7000000000 -0.0000000000
3 -0.7000000000 0.1000000000
3 -0.7000000000 0.2000000000
3 -0.7000000000 0.3000000000
3 -0.7000000000 0.4000000000
3 -0.7000000000 0.5000000000
3 -0.7000000000 0.6000000000
3 -0.7000000000 0.7000000000
3 -0.7000000000 0.8000000000
3 -0.7000000000 0.9000000000
3 -0.7000000000 1.0000000000
3 -0.7000000000 1.1000000000
3 -0.7000000000 1.2000000000
3 -0.7000000000 1.3000000000
3 -0.7000000000 1.4000000000
3 -0.7000000000 1.5000000000
3 -0.7000000000 1.6000000000
3 -0.7000000000 1.7000000000
3 -0.7000000000 1.8000000000
3 -0.7000000000 1.9000000000
3 -0.6000000000 -1.0000000000
3 -0.6000000000 -0.9000000000
3 -0.6000000000 -0.8000000000
3 -0.6000000000 -0.7000000000
3 -0.6000000000 -0.6000000000
3 -0.6000000000 -0.5000000000
3 -0.6000000000 -0.4000000000
3 -0.6000000000 -0.3000000000
3 -0.6000000000 -0.2000000000
3 -0.6000000000 -0.1000000000
3 -0.6000000000 -0.0000000000
3 -0.6000000000 0.1000000000
3 -0.6000000000 0.2000000000
3 -0.6000000000 0.3000000000
3 -0.6000000000 0.4000000000
3 -0.6000000000 0.5000000000
3 -0.6000000000 0.6000000000
3 -0.6000000000 0.7000000000
3 -0.6000000000 0.8000000000
3 -0.6000000000 0.9000000000
3 -0.6000000000 1.0000000000
3 -0.6000000000 1.1000000000
3 -0.6000000000 1.2000000000
3 -0.6000000000 1.3000000000
3 -0.6000000000 1.4000000000
3 -0.6000000000 1.5000000000
3 -0.6000000000 1.6000000000
3 -0.6000000000 1.7000000000
3 -0.6000000000 1.8000000000
3 -0.6000000000 1.9000000000
3 -0.5000000000 -1.0000000000
3 -0.5000000000 -0.9000000000
3 -0.5000000000 -0.8000000000
3 -0.5000000000 -0.7000000000
3 -0.5000000000 -0.6000000000
3 -0.5000000000 -0.5000000000
3 -0.5000000000 -0.4000000000
3 -0.5000000000 -0.3000000000
3 -0.5000000000 -0.2000000000
3 -0.5000000000 -0.1000000000
3 -0.5000000000 -0.0000000000
3 -0.5000000000 0.1000000000
3 -0.5000000000 0.2000000000
3 -0.5000000000 0.3000000000
3 -0.5000000000 0.4000000000
3 -0.5000000000 0.5000000000
3 -0.5000000000 0.6000000000
3 -0.5000000000 0.7000000000
3 -0.5000000000 0.8000000000
3 -0.5000000000 0.9000000000
3 -0.5000000000 1.0000000000
3 -0.5000000000 1.1000000000
3 -0.5000000000 1.2000000000
3 -0.5000000000 1.3000000000
3 -0.5000000000 1.4000000000
3 -0.5000000000 1.5000000000
3 -0.5000000000 1.6000000000
3 -0.5000000000 1.7000000000
3 -0.5000000000 1.8000000000
3 -0.5000000000 1.9000000000
3 -0.4000000000 -1.0000000000
3 -0.4000000000 -0.9000000000
3 -0.4000000000 -0.8000000000
3 -0.4000000000 -0.7000000000
3 -0.4000000000 -0.6000000000
3 -0.4000000000 -0.5000000000
3 -0.4000000000 -0.4000000000
3 -0.4000000000 -0.3000000000
3 -0.4000000000 -0.2000000000
3 -0.4000000000 -0.1000000000
3 -0.4000000000 -0.0000000000
3 -0.4000000000 0.1000000000
3 -0.4000000000 0.2000000000
3 -0.4000000000 0.3000000000
3 -0.4000000000 0.4000000000
3 -0.4000000000 0.5000000000
3 -0.4000000000 0.6000000000
3 -0.4000000000 0.7000000000
3 -0.4000000000 0.8000000000
3 -0.4000000000 0.9000000000
3 -0.4000000000 1.0000000000
3 -0.4000000000 1.1000000000
3 -0.4000000000 1.2000000000
3 -0.4000000000 1.3000000000
3 -0.4000000000 1.4000000000
3 -0.4000000000 1.5000000000
3 -0.4000000000 1.6000000000
3 -0.4000000000 1.7000000000
3 -0.4000000000 1.8000000000
3 -0.4000000000 1.9000000000
3 -0.3000000000 -1.0000000000
3 -0.3000000000 -0.9000000000
3 -0.3000000000 -0.8000000000
3 -0.3000000000 -0.7000000000
3 -0.3000000000 -0.6000000000
3 -0.3000000000 -0.5000000000
3 -0.3000000000 -0.4000000000
3 -0.3000000000 -0.3000000000
3 -0.3000000000 -0.2000000000
3 -0.3000000000 -0.1000000000
3 -0.3000000000 -0.0000000000
3 -0.3000000000 0.1000000000
3 -0.3000000000 0.2000000000
3 -0.3000000000 0.3000000000
3 -0.3000000000 0.4000000000
3 -0.3000000000 0.5000000000
3 -0.3000000000 0.6000000000
3 -0.3000000000 0.7000000000
3 -0.3000000000 0.8000000000
3 -0.3000000000 0.9000000000
3 -0.3000000000 1.0000000000
3 -0.3000000000 1.1000000000
3 -0.3000000000 1.2000000000
3 -0.3000000000 1.3000000000
3 -0.3000000000 1.4000000000
3 -0.3000000000 1.5000000000
3 -0.3000000000 1.6000000000
3 -0.3000000000 1.7000000000
3 -0.3000000000 1.8000000000
3 -0.3000000000 1.9000000000
3 -0.2000000000 -1.0000000000
3 -0.2000000000 -0.9000000000
3 -0.2000000000 -0.8000000000
3 -0.2000000000 -0.7000000000
3 -0.2000000000 -0.6000000000
3 -0.2000000000 -0.5000000000
3 -0.2000000000 -0.4000000000
3 -0.2000000000 -0.3000000000
3 -0.2000000000 -0.2000000000
3 -0.2000000000 -0.1000000000
3 -0.2000000000 -0.0000000000
3 -0.2000000000 0.1000000000
3 -0.2000000000 0.2000000000
3 -0.2000000000 0.3000000000
3 -0.2000000000 0.4000000000
3 -0.2000000000 0.5000000000
3 -0.2000000000 0.6000000000
3 -0.2000000000 0.7000000000
3 -0.2000000000 0.8000000000
3 -0.2000000000 0.9000000000
3 -0.2000000000 1.0000000000
3 -0.2000000000 1.1000000000
3 -0.2000000000 1.2000000000
3 -0.2000000000 1.3000000000
3 -0.2000000000 1.4000000000
3 -0.2000000000 1.5000000000
3 -0.2000000000 1.6000000000
3 -0.2000000000 1.7000000000
3 -0.2000000000 1.8000000000
3 -0.2000000000 1.9000000000
3 -0.1000000000 -1.0000000000
3 -0.1000000000 -0.9000000000
3 -0.1000000000 -0.8000000000
3 -0.1000000000 -0.7000000000
3 -0.1000000000 -0.6000000000
3 -0.1000000000 -0.5000000000
3 -0.1000000000 -0.4000000000
3 -0.1000000000 -0.3000000000
3 -0.1000000000 -0.2000000000
3 -0.1000000000 -0.1000000000
3 -0.1000000000 -0.0000000000
3 -0.1000000000 0.1000000000
3 -0.1000000000 0.2000000000
3 -0.1000000000 0.3000000000
3 -0.1000000000 0.4000000000
3 -0.1000000000 0.5000000000
3 -0.1000000000 0.6000000000
3 -0.1000000000 0.7000000000
3 -0.1000000000 0.8000000000
3 -0.1000000000 0.9000000000
3 -0.1000000000 1.0000000000
3 -0.1000000000 1.1000000000
3 -0.1000000000 1.2000000000
3 -0.1000000000 1.3000000000
3 -0.1000000000 1.4000000000
3 -0.1000000000 1.5000000000
3 -0.1000000000 1.6000000000
3 -0.1000000000 1.7000000000
3 -0.1000000000 1.8000000000
3 -0.1000000000 1.9000000000
3 -0.0000000000 -1.0000000000
3 -0.0000000000 -0.9000000000
3 -0.0000000000 -0.8000000000
3 -0.0000000000 -0.7000000000
3 -0.0000000000 -0.6000000000
3 -0.0000000000 -0.5000000000
3 -0.0000000000 -0.4000000000
3 -0.0000000000 -0.3000000000
3 -0.0000000000 -0.2000000000
3 -0.0000000000 -0.1000000000
3 -0.0000000000 -0.0000000000
3 -0.0000000000 0.1000000000
3 -0.0000000000 0.2000000000
3 -0.0000000000 0.3000000000
3 -0.0000000000 0.4000000000
3 -0.0000000000 0.5000000000
3 -0.0000000000 0.6000000000
3 -0.0000000000 0.7000000000
3 -0.0000000000 0.8000000000
3 -0.0000000000 0.9000000000
3 -0.0000000000 1.0000000000
3 -0.0000000000 1.1000000000
3 -0.0000000000 1.2000000000
3 -0.0000000000 1.3000000000
3 -0.0000000000 1.4000000000
3 -0.0000000000 1.5000000000
3 -0.0000000000 1.6000000000
3 -0.0000000000 1.7000000000
3 -0.0000000000 1.8000000000
3 -0.0000000000 1.9000000000
3 0.1000000000 -1.0000000000
3 0.1000000000 -0.9000000000
3 0.1000000000 -0.8000000000
3 0.1000000000 -0.7000000000
3 0.1000000000 -0.6000000000
3 0.1000000000 -0.5000000000
3 0.1000000000 -0.4000000000
3 0.1000000000 -0.3000000000
3 0.1000000000 -0.2000000000
3 0.1000000000 -0.1000000000
3 0.1000000000 -0.0000000000
3 0.1000000000 0.1000000000
3 0.1000000000 0.2000000000
3 0.1000000000 0.3000000000
3 0.1000000000 0.4000000000
3 0.1000000000 0.5000000000
3 0.1000000000 0.6000000000
3 0.1000000000 0.7000000000
3 0.1000000000 0.8000000000
3 0.1000000000 0.9000000000
3 0.1000000000 1.0000000000
3 0.1000000000 1.1000000000
3 0.1000000000 1.2000000000
3 0.1000000000 1.3000000000
3 0.1000000000 1.4000000000
3 0.1000000000 1.5000000000
3 0.1000000000 1.6000000000
3 0.1000000000 1.7000000000
3 0.1000000000 1.8000000000
3 0.1000000000 1.9000000000
3 0.2000000000 -1.0000000000
3 0.2000000000 -0.9000000000
3 0.2000000000 -0.8000000000
3 0.2000000000 -0.7000000000
3 0.2000000000 -0.6000000000
3 0.2000000000 -0.5000000000
3 0.2000000000 -0.4000000000
3 0.2000000000 -0.3000000000
3 0.2000000000 -0.2000000000
3 0.2000000000 -0.1000000000
3 0.2000000000 -0.0000000000
3 0.2000000000 0.1000000000
3 0.2000000000 0.2000000000
3 0.2000000000 0.3000000000
3 0.2000000000 0.4000000000
3 0.2000000000 0.5000000000
3 0.2000000000 0.6000000000
3 0.2000000000 0.7000000000
3 0.2000000000 0.8000000000
3 0.2000000000 0.9000000000
3 0.2000000000 1.0000000000
3 0.2000000000 1.1000000000
3 0.2000000000 1.2000000000
3 0.2000000000 1.3000000000
3 0.2000000000 1.4000000000
3 0.2000000000 1.5000000000
3 0.2000000000 1.6000000000
3 0.2000000000 1.7000000000
3 0.2000000000 1.8000000000
3 0.2000000000 1.9000000000
3 0.3000000000 -1.0000000000
3 0.3000000000 -0.9000000000
3 0.3000000000 -0.8000000000
3 0.3000000000 -0.7000000000
3 0.3000000000 -0.6000000000
3 0.3000000000 -0.5000000000
3 0.3000000000 -0.4000000000
3 0.3000000000 -0.3000000000
3 0.3000000000 -0.2000000000
3 0.3000000000 -0.1000000000
3 0.3000000000 -0.0000000000
3 0.3000000000 0.1000000000
3 0.3000000000 0.2000000000
3 0.3000000000 0.3000000000
3 0.3000000000 0.4000000000
3 0.3000000000 0.5000000000
3 0.3000000000 0.6000000000
3 0.3000000000 0.7000000000
3 0.3000000000 0.8000000000
3 0.3000000000 0.9000000000
3 0.3000000000 1.0000000000
3 0.3000000000 1.1000000000
3 0.3000000000 1.2000000000
3 0.3000000000 1.3000000000
3 0.3000000000 1.4000000000
3 0.3000000000 1.5000000000
3 0.3000000000 1.6000000000
3 0.3000000000 1.7000000000
3 0.3000000000 1.8000000000
3 0.3000000000 1.9000000000
3 0.4000000000 -1.0000000000
3 0.4000000000 -0.9000000000
3 0.4000000000 -0.8000000000
3 0.4000000000 -0.7000000000
3 0.4000000000 -0.6000000000
3 0.4000000000 -0.5000000000
3 0.4000000000 -0.4000000000
3 0.4000000000 -0.3000000000
3 0.4000000000 -0.2000000000
3 0.4000000000 -0.1000000000
3 0.4000000000 -0.0000000000
3 0.4000000000 0.1000000000
3 0.4000000000 0.2000000000
3 0.4000000000 0.3000000000
3 0.4000000000 0.4000000000
3 0.4000000000 0.5000000000
3 0.4000000000 0.6000000000
3 0.4000000000 0.7000000000
3 0.4000000000 0.8000000000
3 0.4000000000 0.9000000000
3 0.4000000000 1.0000000000
3 0.4000000000 1.1000000000
3 0.4000000000 1.2000000000
3 0.4000000000 1.3000000000
3 0.4000000000 1.4000000000
3 0.4000000000 1.5000000000
3 0.4000000000 1.6000000000
3 0.4000000000 1.7000000000
3 0.4000000000 1.8000000000
3 0.4000000000 1.9000000000
3 0.5000000000 -1.0000000000
3 0.5000000000 -0.9000000000
3 0.5000000000 -0.8000000000
3 0.5000000000 -0.7000000000
3 0.5000000000 -0.6000000000
3 0.5000000000 -0.5000000000
3 0.5000000000 -0.4000000000
3 0.5000000000 -0.3000000000
3 0.5000000000 -0.2000000000
3 0.5000000000 -0.1000000000
3 0.5000000000 -0.0000000000
3 0.5000000000 0.1000000000
3 0.5000000000 0.2000000000
3 0.5000000000 0.3000000000
3 0.5000000000 0.4000000000
3 0.5000000000 0.5000000000
3 0.5000000000 0.6000000000
3 0.5000000000 0.7000000000
3 0.5000000000 0.8000000000
3 0.5000000000 0.9000000000
3 0.5000000000 1.0000000000
3 0.5000000000 1.1000000000
3 0.5000000000 1.2000000000
3 0.5000000000 1.3000000000
3 0.5000000000 1.4000000000
3 0.5000000000 1.5000000000
3 0.5000000000 1.6000000000
3 0.5000000000 1.7000000000
3 0.5000000000 1.8000000000
3 0.5000000000 1.9000000000
3 0.6000000000 -1.0000000000
3 0.6000000000 -0.9000000000
3 0.6000000000 -0.8000000000
3 0.6000000000 -0.7000000000
3 0.6000000000 -0.6000000000
3 0.6000000000 -0.5000000000
3 0.6000000000 -0.4000000000
3 0.6000000000 -0.3000000000
3 0.6000000000 -0.2000000000
3 0.6000000000 -0.1000000000
3 0.6000000000 -0.0000000000
3 0.6000000000 0.1000000000
3 0.6000000000 0.2000000000
3 0.6000000000 0.3000000000
3 0.6000000000 0.4000000000
3 0.6000000000 0.5000000000
3 0.6000000000 0.6000000000
3 0.6000000000 0.7000000000
3 0.6000000000 0.8000000000
3 0.6000000000 0.9000000000
3 0.6000000000 1.0000000000
3 0.6000000000 1.1000000000
3 0.6000000000 1.2000000000
3 0.6000000000 1.3000000000
3 0.6000000000 1.4000000000
3 0.6000000000 1.5000000000
3 0.6000000000 1.6000000000
3 0.6000000000 1.7000000000
3 0.6000000000 1.8000000000
3 0.6000000000 1.9000000000
3 0.7000000000 -1.0000000000
3 0.7000000000 -0.9000000000
3 0.7000000000 -0.8000000000
3 0.7000000000 -0.7000000000
3 0.7000000000 -0.6000000000
3 0.7000000000 -0.5000000000
3 0.7000000000 -0.4000000000
3 0.7000000000 -0.3000000000
3 0.7000000000 -0.2000000000
3 0.7000000000 -0.1000000000
3 0.7000000000 -0.0000000000
3 0.7000000000 0.1000000000
3 0.7000000000 0.2000000000
3 0.7000000000 0.3000000000
3 0.7000000000 0.4000000000
3 0.7000000000 0.5000000000
3 0.7000000000 0.6000000000
3 0.7000000000 0.7000000000
3 0.7000000000 0.8000000000
3 0.7000000000 0.9000000000
3 0.7000000000 1.0000000000
3 0.7000000000 1.1000000000
3 0.7000000000 1.2000000000
3 0.7000000000 1.3000000000
3 0.7000000000 1.4000000000
3 0.7000000000 1.5000000000
3 0.7000000000 1.6000000000
3 0.7000000000 1.7000000000
3 0.7000000000 1.8000000000
3 0.7000000000 1.9000000000
3 0.8000000000 -1.0000000000
3 0.8000000000 -0.9000000000
3 0.8000000000 -0.8000000000
3 0.8000000000 -0.7000000000
3 0.8000000000 -0.6000000000
3 0.8000000000 -0.5000000000
3 0.8000000000 -0.4000000000
3 0.8000000000 -0.3000000000
3 0.8000000000 -0.2000000000
3 0.8000000000 -0.1000000000
3 0.8000000000 -0.0000000000
3 0.8000000000 0.1000000000
3 0.8000000000 0.2000000000
3 0.8000000000 0.3000000000
3 0.8000000000 0.4000000000
3 0.8000000000 0.5000000000
3 0.8000000000 0.6000000000
3 0.8000000000 0.7000000000
3 0.8000000000 0.8000000000
3 0.8000000000 0.9000000000
3 0.8000000000 1.0000000000
3 0.8000000000 1.1000000000
3 0.8000000000 1.2000000000
3 0.8000000000 1.3000000000
3 0.8000000000 1.4000000000
3 0.8000000000 1.5000000000
3 0.8000000000 1.6000000000
3 0.8000000000 1.7000000000
3 0.8000000000 1.8000000000
3 0.8000000000 1.9000000000
3 0.9000000000 -1.0000000000
3 0.9000000000 -0.9000000000
3 0.9000000000 -0.8000000000
3 0.9000000000 -0.7000000000
3 0.9000000000 -0.6000000000
3 0.9000000000 -0.5000000000
3 0.9000000000 -0.4000000000
3 0.9000000000 -0.3000000000
3 0.9000000000 -0.2000000000
3 0.9000000000 -0.1000000000
3 0.9000000000 -0.0000000000
3 0.9000000000 0.1000000000
3 0.9000000000 0.2000000000
3 0.9000000000 0.3000000000
3 0.9000000000 0.4000000000
3 0.9000000000 0.5000000000
3 0.9000000000 0.6000000000
3 0.9000000000 0.7000000000
3 0.9000000000 0.8000000000
3 0.9000000000 0.9000000000
3 0.9000000000 1.0000000000
3 0.9000000000 1.1000000000
3 0.9000000000 1.2000000000
3 0.9000000000 1.3000000000
3 0.9000000000 1.4000000000
3 0.9000000000 1.5000000000
3 0.9000000000 1.6000000000
3 0.9000000000 1.7000000000
3 0.9000000000 1.8000000000
3 0.9000000000 1.9000000000
3 1.0000000000 -1.0000000000
3 1.0000000000 -0.9000000000
3 1.0000000000 -0.8000000000
3 1.0000000000 -0.7000000000
3 1.0000000000 -0.6000000000
3 1.0000000000 -0.5000000000
3 1.0000000000 -0.4000000000
3 1.0000000000 -0.3000000000
3 1.0000000000 -0.2000000000
3 1.0000000000 -0.1000000000
3 1.0000000000 -0.0000000000
3 1.0000000000 0.1000000000
3 1.0000000000 0.2000000000
3 1.0000000000 0.3000000000
3 1.0000000000 0.4000000000
3 1.0000000000 0.5000000000
3 1.0000000000 0.6000000000
3 1.0000000000 0.7000000000
3 1.0000000000 0.8000000000
3 1.0000000000 0.9000000000
3 1.0000000000 1.0000000000
3 1.0000000000 1.1000000000
3 1.0000000000 1.2000000000
3 1.0000000000 1.3000000000
3 1.0000000000 1.4000000000
3 1.0000000000 1.5000000000
3 1.0000000000 1.6000000000
3 1.0000000000 1.7000000000
3 1.0000000000 1.8000000000
3 1.0000000000 1.9000000000
3 1.1000000000 -1.0000000000
3 1.1000000000 -0.9000000000
3 1.1000000000 -0.8000000000
3 1.1000000000 -0.7000000000
3 1.1000000000 -0.6000000000
3 1.1000000000 -0.5000000000
3 1.1000000000 -0.4000000000
3 1.1000000000 -0.3000000000
3 1.1000000000 -0.2000000000
3 1.1000000000 -0.1000000000
3 1.1000000000 -0.0000000000
3 1.1000000000 0.1000000000
3 1.1000000000 0.2000000000
3 1.1000000000 0.3000000000
3 1.1000000000 0.4000000000
3 1.1000000000 0.5000000000
3 1.1000000000 0.6000000000
3 1.1000000000 0.7000000000
3 1.1000000000 0.8000000000
3 1.1000000000 0.9000000000
3 1.1000000000 1.0000000000
3 1.1000000000 1.1000000000
3 1.1000000000 1.2000000000
3 1.1000000000 1.3000000000
3 1.1000000000 1.4000000000
3 1.1000000000 1.5000000000
3 1.1000000000 1.6000000000
3 1.1000000000 1.7000000000
3 1.1000000000 1.8000000000
3 1.1000000000 1.9000000000
3 1.2000000000 -1.0000000000
3 1.2000000000 -0.9000000000
3 1.2000000000 -0.8000000000
3 1.2000000000 -0.7000000000
3 1.2000000000 -0.6000000000
3 1.2000000000 -0.5000000000
3 1.2000000000 -0.4000000000
3 1.2000000000 -0.3000000000
3 1.2000000000 -0.2000000000
3 1.2000000000 -0.1000000000
3 1.2000000000 -0.0000000000
3 1.2000000000 0.1000000000
3 1.2000000000 0.2000000000
3 1.2000000000 0.3000000000
3 1.2000000000 0.4000000000
3 1.2000000000 0.5000000000
3 1.2000000000 0.6000000000
3 1.2000000000 0.7000000000
3 1.2000000000 0.8000000000
3 1.2000000000 0.9000000000
3 1.2000000000 1.0000000000
3 1.2000000000 1.1000000000
3 1.2000000000 1.2000000000
3 1.2000000000 1.3000000000
3 1.2000000000 1.4000000000
3 1.2000000000 1.5000000000
3 1.2000000000 1.6000000000
3 1.2000000000 1.7000000000
3 1.2000000000 1.8000000000
3 1.2000000000 1.9000000000
3 1.3000000000 -1.0000000000
3 1.3000000000 -0.9000000000
3 1.3000000000 -0.8000000000
3 1.3000000000 -0.7000000000
3 1.3000000000 -0.6000000000
3 1.3000000000 -0.5000000000
3 1.3000000000 -0.4000000000
3 1.3000000000 -0.3000000000
3 1.3000000000 -0.2000000000
3 1.3000000000 -0.1000000000
3 1.3000000000 -0.0000000000
3 1.3000000000 0.1000000000
3 1.3000000000 0.2000000000
3 1.3000000000 0.3000000000
3 1.3000000000 0.4000000000
3 1.3000000000 0.5000000000
3 1.3000000000 0.6000000000
3 1.3000000000 0.7000000000
3 1.3000000000 0.8000000000
3 1.3000000000 0.9000000000
3 1.3000000000 1.0000000000
3 1.3000000000 1.1000000000
3 1.3000000000 1.2000000000
3 1.3000000000 1.3000000000
3 1.3000000000 1.4000000000
3 1.3000000000 1.5000000000
3 1.3000000000 1.6000000000
3 1.3000000000 1.7000000000
3 1.3000000000 1.8000000000
3 1.3000000000 1.9000000000
3 1.4000000000 -1.0000000000
3 1.4000000000 -0.9000000000
3 1.4000000000 -0.8000000000
3 1.4000000000 -0.7000000000
3 1.4000000000 -0.6000000000
3 1.4000000000 -0.5000000000
3 1.4000000000 -0.4000000000
3 1.4000000000 -0.3000000000
3 1.4000000000 -0.2000000000
3 1.4000000000 -0.1000000000
3 1.4000000000 -0.0000000000
3 1.4000000000 0.1000000000
3 1.4000000000 0.2000000000
3 1.4000000000 0.3000000000
3 1.4000000000 0.4000000000
3 1.4000000000 0.5000000000
3 1.4000000000 0.6000000000
3 1.4000000000 0.7000000000
3 1.4000000000 0.8000000000
3 1.4000000000 0.9000000000
3 1.4000000000 1.0000000000
3 1.4000000000 1.1000000000
3 1.4000000000 1.2000000000
3 1.4000000000 1.3000000000
3 1.4000000000 1.4000000000
3 1.4000000000 1.5000000000
3 1.4000000000 1.6000000000
3 1.4000000000 1.7000000000
3 1.4000000000 1.8000000000
3 1.4000000000 1.9000000000
3 1.5000000000 -1.0000000000
3 1.5000000000 -0.9000000000
3 1.5000000000 -0.8000000000
3 1.5000000000 -0.7000000000
3 1.5000000000 -0.6000000000
3 1.5000000000 -0.5000000000
3 1.5000000000 -0.4000000000
3 1.5000000000 -0.3000000000
3 1.5000000000 -0.2000000000
3 1.5000000000 -0.1000000000
3 1.5000000000 -0.0000000000
3 1.5000000000 0.1000000000
3 1.5000000000 0.2000000000
3 1.5000000000 0.3000000000
3 1.5000000000 0.4000000000
3 1.5000000000 0.5000000000
3 1.5000000000 0.6000000000
3 1.5000000000 0.7000000000
3 1.5000000000 0.8000000000
3 1.5000000000 0.9000000000
3 1.5000000000 1.0000000000
3 1.5000000000 1.1000000000
3 1.5000000000 1.2000000000
3 1.5000000000 1.3000000000
3 1.5000000000 1.4000000000
3 1.5000000000 1.5000000000
3 1.5000000000 1.6000000000
3 1.5000000000 1.7000000000
3 1.5000000000 1.8000000000
3 1.5000000000 1.9000000000
3 1.6000000000 -1.0000000000
3 1.6000000000 -0.9000000000
3 1.6000000000 -0.8000000000
3 1.6000000000 -0.7000000000
3 1.6000000000 -0.6000000000
3 1.6000000000 -0.5000000000
3 1.6000000000 -0.4000000000
3 1.6000000000 -0.3000000000
3 1.6000000000 -0.2000000000
3 1.6000000000 -0.1000000000
3 1.6000000000 -0.0000000000
3 1.6000000000 0.1000000000
3 1.6000000000 0.2000000000
3 1.6000000000 0.3000000000
3 1.6000000000 0.4000000000
3 1.6000000000 0.5000000000
3 1.6000000000 0.6000000000
3 1.6000000000 0.7000000000
3 1.6000000000 0.8000000000
3 1.6000000000 0.9000000000
3 1.6000000000 1.0000000000
3 1.6000000000 1.1000000000
3 1.6000000000 1.2000000000
3 1.6000000000 1.3000000000
3 1.6000000000 1.4000000000
3 1.6000000000 1.5000000000
3 1.6000000000 1.6000000000
3 1.6000000000 1.7000000000
3 1.6000000000 1.8000000000
3 1.6000000000 1.9000000000
3 1.7000000000 -1.0000000000
3 1.7000000000 -0.9000000000
3 1.7000000000 -0.8000000000
3 1.7000000000 -0.7000000000
3 1.7000000000 -0.6000000000
3 1.7000000000 -0.5000000000
3 1.7000000000 -0.4000000000
3 1.7000000000 -0.3000000000
3 1.7000000000 -0.2000000000
3 1.7000000000 -0.1000000000
3 1.7000000000 -0.0000000000
3 1.7000000000 0.1000000000
3 1.7000000000 0.2000000000
3 1.7000000000 0.3000000000
3 1.7000000000 0.4000000000
3 1.7000000000 0.5000000000
3 1.7000000000 0.6000000000
3 1.7000000000 0.7000000000
3 1.7000000000 0.8000000000
3 1.7000000000 0.9000000000
3 1.7000000000 1.0000000000
3 1.7000000000 1.1000000000
3 1.7000000000 1.2000000000
3 1.7000000000 1.3000000000
3 1.7000000000 1.4000000000
3 1.7000000000 1.5000000000
3 1.7000000000 1.6000000000
3 1.7000000000 1.7000000000
3 1.7000000000 1.8000000000
3 1.7000000000 1.9000000000
3 1.8000000000 -1.0000000000
3 1.8000000000 -0.9000000000
3 1.8000000000 -0.8000000000
3 1.8000000000 -0.7000000000
3 1.8000000000 -0.6000000000
3 1.8000000000 -0.5000000000
3 1.8000000000 -0.4000000000
3 1.8000000000 -0.3000000000
3 1.8000000000 -0.2000000000
3 1.8000000000 -0.1000000000
3 1.8000000000 -0.0000000000
3 1.8000000000 0.1000000000
3 1.8000000000 0.2000000000
3 1.8000000000 0.3000000000
3 1.8000000000 0.4000000000
3 1.8000000000 0.5000000000
3 1.8000000000 0.6000000000
3 1.8000000000 0.7000000000
3 1.8000000000 0.8000000000
3 1.8000000000 0.9000000000
3 1.8000000000 1.0000000000
3 1.8000000000 1.1000000000
3 1.8000000000 1.2000000000
3 1.8000000000 1.3000000000
3 1.8000000000 1.4000000000
3 1.8000000000 1.5000000000
3 1.8000000000 1.6000000000
3 1.8000000000 1.7000000000
3 1.8000000000 1.8000000000
3 1.8000000000 1.9000000000
3 1.9000000000 -1.0000000000
3 1.9000000000 -0.9000000000
3 1.9000000000 -0.8000000000
3 1.9000000000 -0.7000000000
3 1.9000000000 -0.6000000000
3 1.9000000000 -0.5000000000
3 1.9000000000 -0.4000000000
3 1.9000000000 -0.3000000000
3 1.9000000000 -0.2000000000
3 1.9000000000 -0.1000000000
3 1.9000000000 -0.0000000000
3 1.9000000000 0.1000000000
3 1.9000000000 0.2000000000
3 1.9000000000 0.3000000000
3 1.9000000000 0.4000000000
3 1.9000000000 0.5000000000
3 1.9000000000 0.6000000000
3 1.9000000000 0.7000000000
3 1.9000000000 0.8000000000
3 1.9000000000 0.9000000000
3 1.9000000000 1.0000000000
3 1.9000000000 1.1000000000
3 1.9000000000 1.2000000000
3 1.9000000000 1.3000000000
3 1.9000000000 1.4000000000
3 1.9000000000 1.5000000000
3 1.9000000000 1.6000000000
3 1.9000000000 1.7000000000
3 1.9000000000 1.8000000000
3 1.9000000000 1.9000000000
